movie,21bridgesmovie,47metersdown,abeautifuldaymovie,abominablemovie,adastramovie,adogsjourneymovie,aftermathmovie,aftermovie,ahiddenlifefilm,alitamovie,angelhasfallen,angrybirdsmovie,annabellemovie,annamovie,apollo11movie,arcticdogsmovie,arcticmovie,artofracingmovie,avengers,beachbummovie,bernadettefilm,blackandbluemovie,blackchristmas,blindedbythelightmovie,bombshellmovie,booksmart,breakthroughmovie,brianbanksmovie,brightburnmovie,brittanyrunsmov,captainmarvelofficial,captivestatemovie,catsmovie,charliesangels,childsplaymovie,clarathefilm,coldpursuitmovie,countdown,currentwarmovie,darkwatersmovie,detectivepikachumovie,disneyaladdin,disneyfrozen,disneymaleficent,doctorsleepmovie,dolemiteismyname,dontletgomovie,doramovie,downtonabbey_official,dumbo,escaperoom,everybodyknowsmovie,fastandfuriousmovie,fightingwmyfam,fivefeetapartfilm,fordvferrari,freaksthefilm,geminimanmovie,glassmovie,gloriabellmovie,godzillamovie,goldfinchmovie,goodboysmovie,goodliarmovie,gretafilm,halathemovie,happydeathdaymovie,harrietfilm,hellboymovie,hersmellmovie,highlifemovie,highstrungmovie,honeyboymovie,hotelmumbaifilm,httydragon,hustlemovie,hustlersmovie,isntitromantic,itmovieofficial,jayandsilentbob,johnwickmovie,jojorabbitmovie,jokermovie,judythefilm,jumanjimovie,justmercyfilm,knivesout,lalloronamovie,lastblackmansf,lastchristmasthemovie,latenightmovie,lighthousemovie,lionking,littlethemovie,littlewomenmovie,littlewoodsfilm,longshotmovie,lordsofchaosmovie,lucyintheskyfilm,mamovie2019,marriagestory,meettheaddams,meninblack,midsommarmovie,midwaymovie,missbalamovie,missinglinkfilm,motherlessbklyn,onceinhollywood,onthebasisofsex,overcomermovie,peanutbutterfalcon,petsematarymovie,piercingmovie,playingwithfire,playmobilthemovie,pomsmovie,queenandslim,rambomovie,readyornotfilm,richardjewellfilm,rocketmanmovie,scarystoriesmovie,secretlifeofpets,serenityfilm,shaftmovie,shazammovie,spidermanmovie,spiesindisguise,starwars,stormboymovie,stubermovie,taosdfilm,teenspiritmov,terminator,theaeronautsmov,thebestofenemies,thedeaddontdie,thefarewell,thehighwaymen,thehummingbirdprojectfilm,theintrudermovie,theirishmanfilm,thekitchenmovie,thelegomovie,themustangfilm,thenightingalefilm,theprodigymovie,thesunisalsoastar,theupsidefilm,tolkienmovie,toystory,triplefrontier,uglydolls,uncutgems,underthesilverlake,usmovie,wavesmovie,whatmenwant,wonderparkmovie,wrinklestheclown,xmenmovies,yardiefilm,yesterdaymovie,zombieland
21bridgesmovie,1.0000001,0.9482341,0.9719191,0.9546293,0.93953997,0.9523071,0.96020937,0.97525406,0.98342246,0.91730195,0.94602245,0.9485009,0.9688277,0.9699525,0.96735364,0.9523,0.95617557,0.961847,0.96631855,0.9531472,0.9523352,0.96385515,0.9621231,0.951831,0.93365544,0.85610425,0.91590476,0.95572877,0.96294516,0.9472719,0.94398165,0.9604695,0.93074167,0.9597444,0.88800377,0.8695227,0.96431607,0.95984197,0.96268594,0.942422,0.9685758,0.9542477,0.9499175,0.9570452,0.96208596,0.9327706,0.9598168,0.95221335,0.95917124,0.9617591,0.9724633,0.972935,0.96366847,0.9497857,0.9379096,0.93802553,0.96628815,0.95021135,0.94751656,0.9797772,0.95549625,0.9505508,0.953476,0.97182196,0.94661087,0.9396776,0.94089466,0.9720661,0.94588846,0.9320046,0.9769405,0.59363264,0.9434957,0.9686902,0.902366,0.92236567,0.8145816,0.97437024,0.9544781,0.9539706,0.9450343,0.95893896,0.9723999,0.93972504,0.96765953,0.94536084,0.95147353,0.9654033,0.9625773,0.9553867,0.95045364,0.9769405,0.9551918,0.9601714,0.960317,0.9726679,0.9512289,0.9677558,0.95820075,0.9460707,0.9372418,0.9544847,0.94456244,0.97170025,0.8924592,0.97218233,0.9637741,0.9579987,0.9553693,0.9496028,0.95826596,0.51235014,0.96102524,0.87926346,0.9568102,0.9713473,0.9919053,0.95173144,0.96551013,0.94816107,0.97317934,0.956907,0.9721536,0.9542494,0.955557,0.94499254,0.95919555,0.9378537,0.9206058,0.8833381,0.945503,0.9282886,0.9708206,0.9344573,0.95981705,0.9534419,0.9727741,0.9594192,0.97792786,0.95745885,0.98342246,0.9684636,0.9448697,0.95493877,0.92279804,0.9603154,0.932425,0.9399901,0.9657582,0.9411473,0.9690236,0.96712387,0.9769703,0.93795466,0.95792466,0.9717332,0.95125145,0.9560131,0.978632,0.94988126,0.98342246,0.943904,0.9572223,0.9698496,0.97114795
47metersdown,0.9482341,0.9999999,0.9047499,0.91483873,0.933901,0.90997404,0.9185007,0.9285451,0.949424,0.9086872,0.9323146,0.9042321,0.9177047,0.9264788,0.9199894,0.94996476,0.92121464,0.9345695,0.9233424,0.92482555,0.91773176,0.92719615,0.9363198,0.93236136,0.91355073,0.84573835,0.90003806,0.93885577,0.9082034,0.94035304,0.9111374,0.9216857,0.87779385,0.9200812,0.88233554,0.85544264,0.93088394,0.90263057,0.9416749,0.89871174,0.91267586,0.938927,0.89150476,0.9197515,0.92002535,0.93869627,0.9311614,0.9430398,0.94960916,0.92551255,0.91845393,0.9277341,0.9421402,0.9274585,0.88893783,0.93586826,0.94391453,0.9351453,0.9342286,0.9415504,0.9216949,0.9234406,0.93513435,0.9072353,0.9244434,0.89017123,0.9010937,0.91215885,0.9375959,0.914714,0.93293816,0.57964545,0.92911214,0.9364333,0.8772377,0.85646266,0.7954172,0.9094789,0.94551456,0.9227152,0.89681584,0.8928348,0.92153764,0.90909326,0.9231363,0.92927486,0.9097189,0.9419813,0.93800896,0.9171139,0.9070412,0.93293816,0.9285349,0.909652,0.9145767,0.94724214,0.9286777,0.91956705,0.9159597,0.9139302,0.9304707,0.9381356,0.88464653,0.9294717,0.90772426,0.91174316,0.9075868,0.9221644,0.9157839,0.9017398,0.92683816,0.4893535,0.90702134,0.900674,0.9416799,0.9247444,0.9423318,0.92173636,0.94844306,0.90604687,0.94500726,0.9112053,0.9408283,0.9191789,0.9243967,0.9112792,0.9620418,0.8830556,0.9140097,0.81312037,0.9351103,0.9153381,0.942877,0.89421016,0.91732407,0.9407139,0.9090888,0.92626846,0.9350012,0.91463,0.949424,0.9300567,0.9307381,0.90198886,0.87729084,0.9055267,0.8868496,0.9291168,0.93806833,0.9374882,0.921942,0.89933294,0.931231,0.88467723,0.92532533,0.93617517,0.93524295,0.9050765,0.9378594,0.88263917,0.949424,0.9243343,0.9415939,0.94288194,0.9333907
abeautifuldaymovie,0.9719191,0.9047499,1.0,0.9611739,0.9162739,0.9601359,0.9557876,0.96335465,0.97315365,0.9150391,0.9359626,0.94957906,0.9543705,0.9583848,0.95187443,0.9315287,0.9433575,0.9364107,0.9467681,0.93390447,0.93729234,0.96559674,0.9651578,0.9438405,0.91775274,0.8580389,0.879824,0.9280187,0.981401,0.9327923,0.9259261,0.94910395,0.9376428,0.9566632,0.88597614,0.8578237,0.95578325,0.95692,0.9427852,0.91535366,0.95848566,0.95054895,0.959784,0.95596266,0.9563618,0.912828,0.9635934,0.94181913,0.93130094,0.9685465,0.9880625,0.95614034,0.93477345,0.95652974,0.93215543,0.91316915,0.93764263,0.9406377,0.9385898,0.9620864,0.932101,0.94627213,0.92914796,0.9616157,0.94379705,0.93372905,0.9525561,0.9556735,0.9240355,0.9192864,0.971907,0.59906924,0.9281095,0.9519095,0.9271452,0.90592605,0.83096266,0.95859337,0.9379231,0.93879855,0.9318739,0.95506793,0.9525923,0.9497099,0.9715209,0.91367775,0.9221494,0.9520149,0.9453358,0.96249896,0.9364242,0.971907,0.9396815,0.9502627,0.9786898,0.94954115,0.91344196,0.9614015,0.9549481,0.9450818,0.92043936,0.93376946,0.9586285,0.9680178,0.9045188,0.98660946,0.9527517,0.94717723,0.95367247,0.92422277,0.9427736,0.53863686,0.95979536,0.84536904,0.9228995,0.95120054,0.9603999,0.94464034,0.96468914,0.9556559,0.9301253,0.947896,0.9563922,0.96759105,0.93392324,0.9406449,0.93175316,0.9473902,0.90511596,0.91430235,0.93476236,0.9171057,0.9601942,0.91451466,0.96307117,0.94176114,0.9479258,0.9398219,0.9739485,0.94321066,0.97315365,0.96976864,0.9280615,0.9503891,0.9398608,0.9451164,0.91794986,0.9250182,0.9462869,0.90448046,0.964382,0.98637956,0.94168526,0.9041201,0.94238484,0.9667986,0.94688547,0.9546184,0.95604837,0.93934995,0.97315365,0.924528,0.94931424,0.96371895,0.9744456
abominablemovie,0.9546293,0.91483873,0.9611739,1.0,0.9100216,0.955942,0.9453046,0.9565784,0.9648668,0.9212014,0.9508287,0.93986785,0.94781697,0.9355519,0.923427,0.9149569,0.94692045,0.9193161,0.94074565,0.9411707,0.9160779,0.94891983,0.9628896,0.94598997,0.92178917,0.8180941,0.86522067,0.9456728,0.93729913,0.91023326,0.9243598,0.951226,0.9133302,0.923204,0.90038776,0.872638,0.9539944,0.95631915,0.94429666,0.9124146,0.9364389,0.94267184,0.9373445,0.9443738,0.9432793,0.92877465,0.96086764,0.9435828,0.9407525,0.95502675,0.9522676,0.94609267,0.9215263,0.96949345,0.9423265,0.90593964,0.92758816,0.9436176,0.94543356,0.94243014,0.92238706,0.93555856,0.90571976,0.9279866,0.9416896,0.91990495,0.9200106,0.9372586,0.9184762,0.93494636,0.95032024,0.57489526,0.9243244,0.94142205,0.92013294,0.8746184,0.78532547,0.9443591,0.9468263,0.94283473,0.9342569,0.9548556,0.9246392,0.93530846,0.95788085,0.9295407,0.9169597,0.9456479,0.9406816,0.94536054,0.938793,0.95032024,0.93591183,0.9329816,0.9709412,0.93961024,0.9058696,0.96259546,0.9267068,0.9248781,0.9323384,0.9281492,0.93340325,0.96319,0.9165084,0.9568082,0.94902563,0.9416877,0.9285941,0.9285264,0.9306309,0.5307315,0.962999,0.85468,0.9184518,0.9443149,0.9482255,0.932012,0.9552841,0.935934,0.933574,0.95620006,0.9481248,0.96014416,0.921965,0.9125948,0.9275521,0.92494684,0.904109,0.9183798,0.9494044,0.901987,0.95431787,0.9130434,0.94895047,0.9184893,0.9086517,0.92773443,0.95651525,0.9548709,0.9648668,0.953708,0.9439926,0.9482261,0.9219898,0.9371865,0.90298533,0.93651474,0.9405238,0.9024715,0.95365787,0.96098787,0.94140553,0.9030665,0.93076617,0.9524395,0.9341164,0.94539386,0.9509367,0.9289961,0.9648668,0.92652714,0.9389324,0.9578817,0.9598724
adastramovie,0.93953997,0.933901,0.9162739,0.9100216,0.9999999,0.9062889,0.9271162,0.9317174,0.9637486,0.9394977,0.94152355,0.9389669,0.9142719,0.9429188,0.9456311,0.9499613,0.95848584,0.98291254,0.9330625,0.9420736,0.9003848,0.95679146,0.9348713,0.9321911,0.9267045,0.83301026,0.9534196,0.96324944,0.9119349,0.89865184,0.9117522,0.89321953,0.91410303,0.9110324,0.8820096,0.9280662,0.9547189,0.9065281,0.95444256,0.9335011,0.94186324,0.9419425,0.9301259,0.9288089,0.94432193,0.9613336,0.92902905,0.9309274,0.94503367,0.92794484,0.9242692,0.9380524,0.9354953,0.9183835,0.8824542,0.96750057,0.950887,0.9542861,0.9194858,0.95912546,0.9292859,0.9369358,0.94327694,0.95004094,0.9064828,0.92968905,0.9371385,0.9271799,0.9346563,0.9074313,0.9502198,0.57269466,0.8837345,0.9488892,0.8846285,0.89520985,0.8278919,0.9242342,0.9494035,0.93824553,0.9102201,0.8988421,0.94988686,0.92554086,0.9387728,0.9485542,0.950907,0.93831134,0.9626438,0.93249243,0.9230793,0.9502198,0.93879765,0.9355466,0.9187176,0.9660743,0.92792255,0.91729784,0.9379331,0.92839813,0.9508591,0.93716997,0.94342726,0.9501659,0.8953408,0.9259032,0.96058416,0.95554537,0.8914948,0.91962373,0.96210754,0.50776,0.9290639,0.9027625,0.9242264,0.9597957,0.93562806,0.947468,0.95093834,0.899473,0.9482146,0.94290465,0.92836577,0.91713923,0.9452953,0.93698215,0.9551103,0.9305207,0.9562498,0.85977066,0.954449,0.9745328,0.9673716,0.91849416,0.93220437,0.90211344,0.9065273,0.9227886,0.95698935,0.9543523,0.9637486,0.9332289,0.9468419,0.9429654,0.89967096,0.9278996,0.9286184,0.92038894,0.9666371,0.91425127,0.93021274,0.9315888,0.9625911,0.89420766,0.92501664,0.94372225,0.93026984,0.9248483,0.9525812,0.9179198,0.9637486,0.96556884,0.96323097,0.9354049,0.9422853
adogsjourneymovie,0.9523071,0.90997404,0.9601359,0.955942,0.9062889,0.99999976,0.92669463,0.9344014,0.9495947,0.8775813,0.922295,0.9383428,0.9525269,0.93871886,0.9209089,0.91014695,0.92417264,0.9271412,0.90794337,0.9256368,0.917133,0.95013225,0.95764977,0.93236893,0.9105875,0.7911585,0.8772882,0.93445337,0.9334768,0.9023853,0.8925227,0.95193094,0.9238941,0.9168574,0.8746116,0.8456737,0.9234872,0.95360214,0.9329351,0.8951195,0.90984297,0.9384489,0.94883597,0.936147,0.9527873,0.912378,0.9501827,0.9336949,0.9334676,0.94714266,0.95039934,0.94170755,0.92711735,0.9487278,0.9222489,0.89781535,0.9176333,0.94360393,0.9134276,0.9590171,0.90426385,0.9103887,0.93099624,0.9367818,0.91751134,0.90673316,0.90154386,0.93755203,0.9024513,0.9326771,0.9629329,0.52749115,0.9139461,0.93172747,0.8949963,0.8489393,0.8144858,0.93115646,0.9255536,0.919769,0.8930282,0.9497483,0.9163019,0.9066037,0.9487594,0.9064262,0.9151821,0.9378981,0.94033164,0.92696816,0.90494525,0.9629329,0.9333206,0.9131359,0.9454179,0.9513756,0.8873413,0.9471131,0.910798,0.91361326,0.909889,0.92192894,0.9329296,0.9670554,0.86787736,0.95705837,0.91900855,0.92617565,0.9380565,0.9205308,0.9203155,0.45978335,0.9557151,0.8404374,0.9183227,0.92942166,0.9486328,0.9300479,0.93418133,0.90746534,0.91560835,0.9488167,0.9471086,0.9823503,0.91285014,0.9001889,0.92292184,0.9128413,0.9044488,0.88446546,0.91578317,0.90443754,0.9509431,0.8848599,0.9544229,0.9091743,0.9096375,0.92983687,0.95734704,0.9273525,0.9495947,0.9548191,0.92623734,0.92884165,0.90089005,0.9419535,0.8966983,0.9138023,0.92218924,0.9149432,0.93083215,0.96446586,0.92241055,0.8954848,0.94640356,0.94686896,0.9329647,0.95457965,0.9484487,0.92278653,0.9495947,0.9132746,0.93113303,0.95951813,0.9441046
aftermathmovie,0.96020937,0.9185007,0.9557876,0.9453046,0.9271162,0.92669463,1.0,0.9531753,0.9808911,0.93879384,0.94557065,0.9131692,0.95899737,0.9710259,0.9741332,0.9626402,0.95527273,0.9375795,0.9523006,0.93685925,0.94774795,0.94207585,0.97178197,0.97084713,0.9480608,0.83853555,0.9028906,0.92888534,0.94865584,0.9146323,0.96206534,0.9477077,0.9493368,0.9406095,0.91219664,0.88920873,0.95652556,0.9465047,0.9458505,0.9275219,0.95293486,0.98115975,0.95140815,0.97039413,0.95976293,0.9166905,0.96995866,0.94682086,0.92935073,0.9813643,0.9524688,0.9582559,0.9566082,0.94244874,0.92008775,0.9283227,0.9530095,0.95313597,0.9484924,0.95018774,0.9632736,0.94541806,0.9506941,0.96525764,0.93492025,0.9433459,0.9514108,0.9549043,0.9397712,0.9193228,0.9642956,0.6410128,0.9492032,0.9509033,0.93006736,0.9257013,0.8633287,0.9513609,0.9487004,0.93846995,0.95705336,0.9523016,0.9627959,0.95266986,0.95097303,0.93328565,0.9328065,0.9700808,0.9491744,0.9723419,0.95146316,0.9642956,0.9417585,0.96550906,0.9464135,0.95936865,0.9485887,0.96093315,0.98520076,0.96077394,0.92805475,0.95067567,0.95232505,0.96182495,0.9428296,0.94814837,0.9602196,0.971179,0.944212,0.9195738,0.9656984,0.5643726,0.96127576,0.90472966,0.96211493,0.9572593,0.9576997,0.95947343,0.96696573,0.98710704,0.9507389,0.9518756,0.96707904,0.9486008,0.97135943,0.96331036,0.9565752,0.93821293,0.909199,0.918243,0.93189055,0.91922504,0.9553321,0.91998225,0.9575669,0.928828,0.9411923,0.9383563,0.95713454,0.9439136,0.9808911,0.956988,0.94665134,0.9474972,0.91067827,0.93759644,0.9275627,0.95780545,0.97450143,0.8970596,0.9853607,0.9637579,0.9620028,0.9079367,0.95355,0.95855355,0.9603128,0.9360037,0.95291,0.9492395,0.9808911,0.96226746,0.955495,0.9612816,0.956071
aftermovie,0.97525406,0.9285451,0.96335465,0.9565784,0.9317174,0.9344014,0.9531753,1.0,0.97419614,0.9213401,0.94989,0.9480675,0.95033145,0.9658648,0.9453206,0.9531162,0.946041,0.9462764,0.95893496,0.94507205,0.9368192,0.95105535,0.96225303,0.9387115,0.9169237,0.8506453,0.90471756,0.9431372,0.95664364,0.9357508,0.9341908,0.93849254,0.918428,0.955327,0.8990455,0.8832877,0.9585573,0.94498307,0.9604348,0.93593615,0.962772,0.9468458,0.9422737,0.9459167,0.9301028,0.93343145,0.96466327,0.95342547,0.9381201,0.95433015,0.95658904,0.9578767,0.94497234,0.9435379,0.93547064,0.9296278,0.9478177,0.94160795,0.939857,0.95634025,0.94036967,0.9400782,0.9292226,0.96442324,0.93718374,0.91761196,0.9474904,0.95284677,0.9312846,0.9269026,0.9586832,0.60151774,0.9372738,0.9575449,0.92221934,0.90665454,0.84441185,0.96498114,0.95586765,0.9437085,0.9486707,0.9443025,0.95591414,0.9540186,0.9604601,0.93200314,0.94888836,0.95596695,0.95022804,0.95480627,0.9497952,0.9586832,0.94203526,0.9440354,0.9584869,0.95505214,0.939688,0.96947265,0.9415556,0.95691675,0.93602663,0.9395775,0.94336486,0.96222013,0.904831,0.95226634,0.9675563,0.9616006,0.9423544,0.9416309,0.95112544,0.5152377,0.94284064,0.88317597,0.93607616,0.9645428,0.9663526,0.9428849,0.9627763,0.9365442,0.9575811,0.94413424,0.9547188,0.94724077,0.93673104,0.93605995,0.9529218,0.9273798,0.9176246,0.8951103,0.94409853,0.93882513,0.9610577,0.932935,0.94566274,0.93603665,0.94597197,0.94285583,0.9654384,0.9526259,0.97419614,0.95082295,0.9449009,0.94720167,0.92621166,0.94698507,0.9269763,0.9445003,0.96172047,0.90001553,0.9661548,0.95927924,0.9619367,0.887862,0.9398306,0.9551409,0.9419898,0.9429135,0.96278447,0.9415447,0.97419614,0.9370708,0.9441462,0.9631205,0.95869136
ahiddenlifefilm,0.98342246,0.949424,0.97315365,0.9648668,0.9637486,0.9495947,0.9808911,0.97419614,0.99999994,0.95474654,0.9714488,0.95334506,0.97058797,0.9830855,0.981026,0.9734091,0.9774775,0.97121024,0.973161,0.9618795,0.9546742,0.97050595,0.98189956,0.9770772,0.96224564,0.881224,0.93026614,0.9718265,0.96231425,0.94667995,0.96448,0.9610567,0.9516244,0.95588595,0.9200468,0.9045725,0.9814131,0.960697,0.97675276,0.9527122,0.9740295,0.98184305,0.96194255,0.9735909,0.97594506,0.95574236,0.9783761,0.9704785,0.9639209,0.98106426,0.97326946,0.9806814,0.97059053,0.967364,0.9462141,0.9609091,0.9761342,0.97359526,0.96395105,0.9787549,0.9677151,0.9742336,0.9632116,0.97590107,0.95763177,0.95846385,0.9688291,0.9740906,0.95919955,0.94238305,0.98197323,0.62241936,0.95741373,0.9799508,0.93748623,0.9311323,0.85136145,0.970172,0.9728314,0.9687651,0.96202916,0.95979995,0.97775245,0.96864295,0.97387457,0.9578331,0.9649934,0.9815675,0.97264105,0.9821671,0.9717014,0.98197323,0.97034085,0.9803498,0.9692103,0.9775925,0.9643783,0.9712399,0.97800314,0.9693205,0.95787615,0.9734135,0.9617638,0.98150766,0.93511903,0.9713501,0.9833185,0.9813457,0.9566159,0.9460241,0.9832885,0.5543614,0.97438747,0.91839784,0.9682841,0.9797723,0.97754353,0.97725165,0.9866277,0.96733475,0.9765677,0.9713002,0.97807324,0.96605617,0.97844076,0.9744328,0.9780038,0.9636296,0.94551635,0.9122332,0.9693207,0.94995236,0.9821218,0.9499196,0.9748729,0.95549214,0.95533967,0.96318847,0.9831747,0.9702004,0.99999994,0.97362655,0.9617154,0.9675116,0.9338882,0.9667288,0.9553058,0.96416026,0.98709637,0.9352787,0.984914,0.9794794,0.98074704,0.92842686,0.96545696,0.98144436,0.97706467,0.9568183,0.9784492,0.9601478,0.99999994,0.97239816,0.98017496,0.9821347,0.97818184
alitamovie,0.91730195,0.9086872,0.9150391,0.9212014,0.9394977,0.8775813,0.93879384,0.9213401,0.95474654,0.9999999,0.9503821,0.9027926,0.9030744,0.9362782,0.92972547,0.9427159,0.9356544,0.9225416,0.94664973,0.92377156,0.9037731,0.94360954,0.9523843,0.9169516,0.92289174,0.8784746,0.88045377,0.9242922,0.9131962,0.8827919,0.9312308,0.88759166,0.90383893,0.90094835,0.898594,0.90493774,0.9553077,0.88746816,0.9311548,0.8916209,0.92465585,0.93318117,0.90637773,0.9258458,0.92337275,0.9469561,0.95465106,0.9269898,0.9105512,0.93351674,0.91664606,0.9290257,0.9332612,0.93228424,0.8812696,0.9476657,0.9333355,0.9339773,0.91931325,0.9071107,0.92005306,0.9382702,0.9022861,0.9251676,0.9325664,0.90203243,0.93653184,0.92428607,0.896656,0.87633157,0.90891504,0.6442032,0.911107,0.9252146,0.93408203,0.91129845,0.8184763,0.9302967,0.94736964,0.9273378,0.925489,0.8884203,0.92663884,0.9590486,0.92714137,0.934854,0.8987284,0.9348375,0.9242958,0.94797987,0.9374305,0.90891504,0.9255627,0.94598573,0.9382951,0.9212318,0.9109927,0.9215965,0.9338599,0.9439186,0.9405276,0.93186957,0.9167779,0.91599756,0.95743334,0.9073737,0.9540813,0.93974775,0.8903868,0.88399094,0.93640107,0.62543565,0.9327106,0.91270244,0.9152995,0.9329683,0.8964613,0.9300824,0.95388705,0.93339527,0.9329947,0.9401416,0.91508573,0.9148303,0.93217635,0.9367308,0.9326302,0.91185266,0.91071934,0.9159361,0.93831486,0.9211797,0.9404809,0.90367985,0.91698086,0.8745217,0.8850548,0.9122422,0.9190187,0.933591,0.95474654,0.9251008,0.9275376,0.9354543,0.9141412,0.89658755,0.92300415,0.9235322,0.9570842,0.8496214,0.9448649,0.92287105,0.92386836,0.8555269,0.89652914,0.91892034,0.94444174,0.88214916,0.9380485,0.91171825,0.95474654,0.9570357,0.94004315,0.94066226,0.93547136
angelhasfallen,0.94602245,0.9323146,0.9359626,0.9508287,0.94152355,0.922295,0.94557065,0.94989,0.9714488,0.9503821,1.0000001,0.93731326,0.92835045,0.94909626,0.94019544,0.9441285,0.95951104,0.9355775,0.9697023,0.9444257,0.9334884,0.9368187,0.96853614,0.94758815,0.95372504,0.8604619,0.88846815,0.9545101,0.9229033,0.9259661,0.94735813,0.93558246,0.91353977,0.924229,0.8925657,0.8763777,0.9683396,0.9084169,0.95296025,0.9423767,0.9421332,0.9520693,0.91920197,0.93038875,0.9331182,0.9470836,0.96624476,0.93718284,0.9431195,0.943007,0.9362828,0.9505148,0.93836063,0.95230526,0.9193171,0.9316234,0.9502061,0.9576773,0.95389843,0.9443705,0.9264156,0.9587871,0.9299572,0.92474145,0.931079,0.91897976,0.9384938,0.93321365,0.9572082,0.92511517,0.94421077,0.6194,0.9315396,0.96169,0.92311704,0.8831539,0.82464254,0.9319711,0.9551752,0.9256961,0.94116986,0.91934675,0.9324883,0.93522817,0.943737,0.95111567,0.9480136,0.9592888,0.94887733,0.9543016,0.9372391,0.94421077,0.9447453,0.9495396,0.94793725,0.94824314,0.9609657,0.938669,0.9409938,0.94640285,0.9403936,0.9516803,0.91452956,0.9569264,0.93067014,0.93347234,0.96360457,0.944084,0.91459066,0.935209,0.9433742,0.546562,0.9298159,0.89877826,0.9272725,0.95270056,0.92662317,0.94177735,0.96683145,0.9295869,0.94225067,0.9461936,0.9593996,0.9417679,0.9512253,0.9496785,0.96780163,0.9283725,0.9236257,0.8933162,0.9662969,0.9187874,0.9565127,0.90238106,0.9405132,0.92971766,0.8999471,0.9301652,0.95195127,0.94791484,0.9714488,0.94929326,0.9329486,0.93074536,0.8984166,0.9304852,0.907831,0.9324111,0.95988166,0.9178804,0.95501804,0.94337195,0.93673795,0.8717719,0.92485607,0.94748026,0.95276636,0.9357602,0.94251585,0.8996518,0.9714488,0.9465924,0.9608254,0.95965415,0.94522524
angrybirdsmovie,0.9485009,0.9042321,0.94957906,0.93986785,0.9389669,0.9383428,0.9131692,0.9480675,0.95334506,0.9027926,0.93731326,0.9999999,0.92132026,0.9439685,0.9146473,0.9070235,0.93072975,0.9313232,0.9250771,0.9220258,0.9187997,0.94337463,0.9432037,0.9179426,0.91678035,0.8207466,0.9085554,0.9355984,0.9414854,0.92215335,0.9037972,0.91664225,0.90835625,0.9360463,0.8787344,0.8644683,0.9383874,0.9201532,0.9451742,0.91730666,0.94237417,0.9192072,0.9370982,0.9121234,0.9369208,0.91439915,0.9435836,0.9423405,0.91704315,0.9193972,0.95220053,0.9388601,0.91791946,0.9320798,0.90552986,0.91678417,0.932873,0.93549436,0.9310854,0.94926363,0.9043855,0.94308525,0.9243382,0.94004405,0.9041148,0.9112554,0.9221742,0.9292527,0.91687495,0.91144675,0.9497196,0.5944392,0.89822066,0.9522865,0.8991065,0.88425255,0.810641,0.93378854,0.9417877,0.943087,0.9127755,0.9192241,0.920042,0.9382157,0.9481347,0.93162435,0.92830217,0.9349347,0.9444963,0.915176,0.92454535,0.9497196,0.9322383,0.93244594,0.9573878,0.92730844,0.9170882,0.9306199,0.91173893,0.9230668,0.9070054,0.92431563,0.93563145,0.9620784,0.8708362,0.9527245,0.94632405,0.92005056,0.92170703,0.9248299,0.9344958,0.5364131,0.92967004,0.85180587,0.90495473,0.9372218,0.94143176,0.9395971,0.9341986,0.8956701,0.9247423,0.9425368,0.9354715,0.9406373,0.9147896,0.9144676,0.9311393,0.93259007,0.9230037,0.8623295,0.9548464,0.9360565,0.95012784,0.9087338,0.92212385,0.916163,0.92199767,0.92310077,0.96184087,0.9307006,0.95334506,0.94519436,0.9026907,0.9285275,0.9237704,0.92830616,0.9024269,0.9008041,0.928273,0.91990876,0.9325268,0.94558847,0.92967826,0.88825285,0.9231827,0.9551883,0.9297485,0.948207,0.94513816,0.9054359,0.95334506,0.93045074,0.9418575,0.9374442,0.95844406
annabellemovie,0.9688277,0.9177047,0.9543705,0.94781697,0.9142719,0.9525269,0.95899737,0.95033145,0.97058797,0.9030744,0.92835045,0.92132026,0.9999998,0.9534241,0.9635573,0.9348311,0.95442533,0.93895316,0.9321767,0.9457077,0.9326386,0.9479435,0.9530391,0.95530504,0.9283355,0.8172071,0.8945131,0.93591446,0.9378984,0.9227269,0.93061376,0.9623641,0.9199746,0.9249159,0.90901583,0.84935397,0.94026405,0.9720509,0.9473742,0.9412599,0.94721776,0.95822716,0.9443144,0.96223783,0.95591164,0.9080081,0.95683,0.9345038,0.9357671,0.9689027,0.9540722,0.9688386,0.9561315,0.9299036,0.9392358,0.91825575,0.9395714,0.9314733,0.91861475,0.96349084,0.9605688,0.92534924,0.9405004,0.96362096,0.9435467,0.93276614,0.91850257,0.96937376,0.92308086,0.9296927,0.9684479,0.59158015,0.93396103,0.9364591,0.90495825,0.9077189,0.83807546,0.95200944,0.92955166,0.9347108,0.9464442,0.9576976,0.9623378,0.9298871,0.9574176,0.929304,0.94471675,0.97420806,0.9471038,0.9453965,0.94070834,0.9684479,0.9369113,0.948422,0.93848324,0.9581906,0.939636,0.9665352,0.9500194,0.9251482,0.90646654,0.9508584,0.94283384,0.9616801,0.88326955,0.9578008,0.9522697,0.9571436,0.9413865,0.92143434,0.9572926,0.559954,0.9530055,0.8724154,0.9502357,0.9531399,0.97159326,0.94507205,0.9526107,0.947273,0.9448382,0.94022286,0.9528724,0.95528084,0.96599257,0.9310701,0.94915396,0.944232,0.9104041,0.884225,0.92026275,0.9049348,0.9512734,0.93063927,0.9503037,0.925012,0.9508512,0.94724756,0.9610847,0.9362086,0.97058797,0.9484835,0.92276496,0.9371575,0.9073251,0.9583808,0.91589206,0.941549,0.9502211,0.9174459,0.95804673,0.9576142,0.9602472,0.920101,0.9520987,0.9586312,0.9323045,0.94869286,0.95278054,0.94944054,0.97058797,0.93740803,0.9407425,0.9541161,0.95573825
annamovie,0.9699525,0.9264788,0.9583848,0.9355519,0.9429188,0.93871886,0.9710259,0.9658648,0.9830855,0.9362782,0.94909626,0.9439685,0.9534241,0.9999999,0.96556383,0.9614187,0.95680904,0.9516624,0.95010495,0.9397956,0.9474634,0.94777405,0.97656727,0.9528609,0.93575084,0.8432627,0.9246786,0.9444444,0.93715125,0.9241049,0.94014645,0.9388375,0.94635177,0.9426028,0.89345574,0.87702185,0.95882255,0.9410792,0.957775,0.9290251,0.95941156,0.9627585,0.95406324,0.9502697,0.9659968,0.9347777,0.966867,0.9589206,0.9321093,0.96203035,0.94872445,0.96310925,0.97361207,0.946773,0.9246597,0.94908935,0.961902,0.9556237,0.9349084,0.9568504,0.95773673,0.9527126,0.95272154,0.97429895,0.91742325,0.93755525,0.9504609,0.9731395,0.93723106,0.9134779,0.96093255,0.60935235,0.95235044,0.9570697,0.9390253,0.90923816,0.84050804,0.956586,0.95701283,0.9510171,0.95895535,0.9323634,0.9622095,0.9626558,0.9552896,0.95018506,0.9428042,0.9672848,0.9451503,0.9593866,0.9653562,0.96093255,0.94820124,0.9635725,0.9437159,0.9629429,0.9473008,0.95941794,0.9696753,0.9812305,0.9301397,0.9555456,0.9457954,0.96236223,0.9210484,0.9430255,0.96252745,0.9725661,0.9387651,0.9146704,0.97506064,0.52909946,0.96738106,0.9010702,0.9630158,0.97154105,0.96749103,0.9691653,0.96421313,0.9563917,0.9711811,0.95295566,0.96718925,0.953199,0.9615056,0.9527282,0.9689308,0.9421365,0.92358726,0.8939997,0.9541549,0.9417992,0.96638054,0.9423268,0.96211135,0.92430943,0.9532396,0.952435,0.962448,0.931512,0.9830855,0.94409865,0.93570507,0.95691735,0.907376,0.95019174,0.9395463,0.9538668,0.97626585,0.9176403,0.9761756,0.9730676,0.96673876,0.89642996,0.9607185,0.9602505,0.9716719,0.94787264,0.9674143,0.9601076,0.9830855,0.95722085,0.96455693,0.97062576,0.95557183
apollo11movie,0.96735364,0.9199894,0.95187443,0.923427,0.9456311,0.9209089,0.9741332,0.9453206,0.981026,0.92972547,0.94019544,0.9146473,0.9635573,0.96556383,0.99999994,0.9536406,0.96447694,0.9598576,0.95389086,0.9523738,0.9416924,0.9454538,0.9526675,0.9692289,0.94495386,0.87268186,0.91942686,0.9496042,0.9409183,0.92418605,0.9554796,0.93992215,0.9492603,0.9355351,0.89532864,0.8712731,0.96412015,0.94533736,0.9565373,0.94535744,0.958126,0.96038914,0.9450392,0.95634246,0.96758705,0.9200331,0.9511831,0.9351214,0.944287,0.9624822,0.95118535,0.9605505,0.9524809,0.92756844,0.91182065,0.93898547,0.9600905,0.94837207,0.9354496,0.96542317,0.9605553,0.9445242,0.95392114,0.971159,0.9266638,0.9474158,0.9484147,0.95654374,0.949992,0.9220399,0.96919376,0.61904997,0.92946917,0.96308005,0.9007555,0.9244034,0.8466452,0.95453936,0.93550783,0.9308911,0.9371406,0.952572,0.9737422,0.9301352,0.9487117,0.9373157,0.95447886,0.96286684,0.9510995,0.97438884,0.9404249,0.96919376,0.94629496,0.96723473,0.9359764,0.97518796,0.9574623,0.9499374,0.9832647,0.9437517,0.92782897,0.9525576,0.9449429,0.95699096,0.90873724,0.95166206,0.9649185,0.96265525,0.93335646,0.9306003,0.97167933,0.5563702,0.9520609,0.89764065,0.95678866,0.9604596,0.96317804,0.96154654,0.96466887,0.9583441,0.95784765,0.9506403,0.9702372,0.93526745,0.9830286,0.97347265,0.9585899,0.9455744,0.92251265,0.88616216,0.9297,0.9251249,0.9600786,0.9223351,0.9546951,0.93928874,0.94426477,0.9468188,0.962252,0.9413789,0.981026,0.94683653,0.93153864,0.94220245,0.90479034,0.94523543,0.9411242,0.93945795,0.9725749,0.91644293,0.9661224,0.95853025,0.9694109,0.9339825,0.95513874,0.9594541,0.95769244,0.9372932,0.9552742,0.94280714,0.981026,0.95282674,0.9635474,0.95560724,0.9538105
arcticdogsmovie,0.9523,0.94996476,0.9315287,0.9149569,0.9499613,0.91014695,0.9626402,0.9531162,0.9734091,0.9427159,0.9441285,0.9070235,0.9348311,0.9614187,0.9536406,1.0000002,0.95010096,0.95638824,0.9493446,0.94599324,0.9317874,0.9471053,0.95547175,0.94869375,0.9372565,0.8742797,0.9170974,0.9505845,0.9352269,0.9178684,0.93938476,0.9285981,0.92609346,0.9364054,0.90297043,0.8921614,0.9563878,0.9125584,0.94304216,0.9165102,0.9405692,0.9734885,0.9306823,0.9642005,0.9365478,0.9582284,0.95461434,0.9437473,0.9419639,0.96573174,0.9424478,0.9488379,0.9624187,0.93381315,0.9065617,0.9436208,0.9594851,0.95393276,0.94204855,0.94249797,0.94954574,0.95080274,0.9637797,0.9516578,0.93755925,0.9084623,0.9573459,0.9406969,0.9391773,0.9062079,0.9448001,0.59536344,0.9370489,0.9554855,0.9100211,0.91109455,0.8473916,0.9387495,0.96404374,0.9498539,0.92589605,0.9185456,0.96176547,0.9562039,0.93585193,0.9309572,0.9379073,0.9572103,0.944262,0.96285605,0.9447865,0.9448001,0.9606982,0.95204806,0.92779624,0.9599168,0.9500012,0.93975675,0.95138127,0.94920516,0.9488076,0.96421415,0.9287211,0.9421352,0.91971064,0.93291223,0.95098627,0.9637004,0.9480253,0.8997887,0.9578334,0.5045674,0.93735373,0.9297789,0.966303,0.95334333,0.94500613,0.9435457,0.9647377,0.9464232,0.96252936,0.9467888,0.951301,0.93659717,0.9518159,0.959256,0.97040856,0.9294024,0.9078879,0.8896736,0.9366626,0.93484646,0.9582436,0.93314034,0.9525732,0.92655075,0.92253065,0.93072426,0.93912137,0.947521,0.9734091,0.9495786,0.9487115,0.92954063,0.89746374,0.92432153,0.9233439,0.94875294,0.9673584,0.9031166,0.9560583,0.9405296,0.95661217,0.8840816,0.93791324,0.94604546,0.95768726,0.9081754,0.95807976,0.9403643,0.9734091,0.9596974,0.9608468,0.96118563,0.9476176
arcticmovie,0.95617557,0.92121464,0.9433575,0.94692045,0.95848584,0.92417264,0.95527273,0.946041,0.9774775,0.9356544,0.95951104,0.93072975,0.95442533,0.95680904,0.96447694,0.95010096,1.0000002,0.9586796,0.95378107,0.96035475,0.9184917,0.95941913,0.95352757,0.9557163,0.94057566,0.82738054,0.8875247,0.9710766,0.9334393,0.8922422,0.93904585,0.9324939,0.92895764,0.9148035,0.8717386,0.8814225,0.97129446,0.93008083,0.9445279,0.9528267,0.9586463,0.9571878,0.93064076,0.9587375,0.96238136,0.9545595,0.94975954,0.91382486,0.9475362,0.96119964,0.94792473,0.94740695,0.9443165,0.9326695,0.9082453,0.9319721,0.9454658,0.9435912,0.9467543,0.957586,0.96204877,0.96049416,0.94522095,0.95245105,0.9161305,0.93128717,0.9388861,0.9464113,0.95307714,0.91058344,0.95666134,0.574553,0.9022542,0.9527313,0.9054941,0.89394283,0.8095682,0.9399642,0.9385007,0.9349458,0.942613,0.92943877,0.9591929,0.9346148,0.95009565,0.9616053,0.95093924,0.9678823,0.9520153,0.95264184,0.94496393,0.95666134,0.95815516,0.95302564,0.93221205,0.96441543,0.9514383,0.9412123,0.9655671,0.934795,0.94290185,0.95698303,0.9478336,0.95554936,0.908851,0.949168,0.97023976,0.96356773,0.91173303,0.92040944,0.95332366,0.54055756,0.9479495,0.8757485,0.9314457,0.96733814,0.9515434,0.943911,0.9667751,0.9404801,0.9531917,0.9448306,0.953261,0.92857766,0.96235466,0.9551737,0.9707631,0.9555891,0.91668236,0.9042527,0.95928144,0.9344089,0.9808635,0.95222306,0.94924986,0.9099378,0.9121737,0.91465205,0.9578729,0.95689595,0.9774775,0.9465254,0.93345094,0.9466558,0.901266,0.9457867,0.91794693,0.92734915,0.9689081,0.92668694,0.95209634,0.9608296,0.967404,0.9078074,0.9288075,0.9481769,0.9354402,0.93250686,0.9521369,0.937895,0.9774775,0.9537336,0.9707543,0.94838965,0.9554083
artofracingmovie,0.961847,0.9345695,0.9364107,0.9193161,0.98291254,0.9271412,0.9375795,0.9462764,0.97121024,0.9225416,0.9355775,0.9313232,0.93895316,0.9516624,0.9598576,0.95638824,0.9586796,1.0000001,0.9440915,0.94736314,0.9138739,0.96835303,0.9411795,0.9407241,0.92606866,0.8557698,0.9526919,0.96857417,0.9235045,0.9096397,0.9134078,0.9151897,0.92753565,0.91994196,0.8720718,0.892052,0.9585891,0.9334543,0.9612241,0.93184114,0.9501933,0.9485784,0.95361066,0.9523559,0.95835274,0.9559643,0.93068725,0.9333373,0.95839775,0.9483529,0.9442237,0.95282704,0.95707804,0.933829,0.9024279,0.9639666,0.9645864,0.94782656,0.9091035,0.9699974,0.93984014,0.9345289,0.9503032,0.9663463,0.9218849,0.9367372,0.93309575,0.9474972,0.9415912,0.9184295,0.9621354,0.5683167,0.8960499,0.953626,0.8853191,0.9035946,0.8155634,0.94558877,0.94308275,0.94620186,0.91875464,0.9235908,0.9641678,0.92830104,0.95896786,0.94100755,0.96003616,0.9436903,0.96218044,0.94362277,0.9330046,0.9621354,0.9491914,0.94102305,0.9299727,0.9765294,0.93118125,0.9355963,0.9454719,0.93313205,0.94935846,0.9464953,0.9433221,0.9564063,0.8849837,0.9490805,0.96454626,0.96232355,0.9159386,0.9258219,0.96596086,0.47743842,0.94573236,0.88552934,0.938005,0.9693037,0.9611483,0.9527688,0.9568208,0.91939545,0.9625826,0.9442713,0.9400291,0.9285407,0.9506152,0.93717206,0.9513905,0.94651794,0.95218605,0.88026,0.94320494,0.9566224,0.97257644,0.93504083,0.9506634,0.9199789,0.935753,0.9448692,0.9678597,0.9604449,0.97121024,0.94247466,0.9488526,0.94997036,0.8944883,0.94516957,0.9342887,0.92233294,0.97173214,0.93359584,0.94249195,0.9494309,0.9745729,0.9206509,0.94148666,0.9558859,0.9362686,0.9339563,0.96333253,0.9402144,0.97121024,0.95520455,0.96207774,0.94610804,0.954305
avengers,0.96631855,0.9233424,0.9467681,0.94074565,0.9330625,0.90794337,0.9523006,0.95893496,0.973161,0.94664973,0.9697023,0.9250771,0.9321767,0.95010495,0.95389086,0.9493446,0.95378107,0.9440915,0.99999994,0.9404234,0.9221556,0.9521098,0.9548154,0.94094115,0.9424503,0.88338935,0.8939816,0.94796926,0.94826186,0.9277542,0.9658417,0.9266277,0.91361433,0.9313165,0.8704586,0.87890947,0.97857285,0.91387045,0.9416384,0.9400113,0.95819473,0.94635576,0.9275785,0.94396317,0.9345114,0.9413146,0.95175403,0.9263072,0.9482699,0.951221,0.9532408,0.9563536,0.9405297,0.940048,0.92383444,0.93632,0.96490693,0.9431079,0.9446798,0.94725674,0.9476147,0.953066,0.92858195,0.94421893,0.9400365,0.931662,0.9481533,0.9449467,0.94499415,0.90522194,0.947394,0.59798163,0.93886,0.9655862,0.90089923,0.93472916,0.8003952,0.96252304,0.94786704,0.9315636,0.94523317,0.9363805,0.9522199,0.943628,0.94839704,0.94340223,0.94323385,0.95398366,0.94777745,0.9617462,0.95257694,0.947394,0.94711477,0.9614509,0.9533526,0.9494491,0.9591932,0.9365249,0.95158094,0.935471,0.9522783,0.9417122,0.92847186,0.95192003,0.9164586,0.9489167,0.97392327,0.9519485,0.9358503,0.94420445,0.943566,0.5210346,0.933343,0.87809604,0.92896706,0.96090466,0.9419094,0.92807454,0.9660055,0.9470842,0.9549319,0.9423192,0.95693153,0.9299936,0.9527352,0.95336986,0.9509466,0.9398877,0.9071149,0.9085343,0.94787693,0.9138991,0.9557091,0.9159791,0.93447685,0.93624574,0.9199897,0.9295526,0.9504744,0.96096,0.973161,0.96395856,0.9459631,0.946186,0.91730475,0.94130725,0.9213137,0.921921,0.96473217,0.9030132,0.95913136,0.94408655,0.9557118,0.8804323,0.9330742,0.9516148,0.945486,0.9219212,0.9506254,0.91430473,0.973161,0.94028664,0.95635724,0.9509324,0.9544699
beachbummovie,0.9531472,0.92482555,0.93390447,0.9411707,0.9420736,0.9256368,0.93685925,0.94507205,0.9618795,0.92377156,0.9444257,0.9220258,0.9457077,0.9397956,0.9523738,0.94599324,0.96035475,0.94736314,0.9404234,1.0,0.89645123,0.95183355,0.9317931,0.92256856,0.91102344,0.83759177,0.8901159,0.9568379,0.9184119,0.909986,0.91558,0.9392513,0.89607,0.90658224,0.89633435,0.8608458,0.9699972,0.93846023,0.9361733,0.9394035,0.94539654,0.9319593,0.9296283,0.9478517,0.93122387,0.95013857,0.9397437,0.9132316,0.9579621,0.93994904,0.9305396,0.9526198,0.9232312,0.93226695,0.9381764,0.90693843,0.9325119,0.9351576,0.926762,0.94471055,0.93529403,0.9353348,0.93753374,0.9401732,0.9368922,0.9034015,0.9236837,0.9359499,0.930107,0.943642,0.9420336,0.57610434,0.8890499,0.94605345,0.8713466,0.89718115,0.77953625,0.9394601,0.9440359,0.9274054,0.8972313,0.94164145,0.9463978,0.913645,0.93395424,0.94309765,0.94276035,0.9407023,0.93733454,0.94002616,0.9232221,0.9420336,0.940946,0.92522883,0.93792015,0.95904166,0.93604666,0.95780534,0.9302026,0.9045991,0.94891393,0.9429904,0.91233605,0.9467267,0.87908274,0.9367723,0.9557897,0.9473595,0.91106886,0.93319005,0.93314075,0.5324298,0.9387822,0.8768804,0.9259926,0.95508367,0.947276,0.9131376,0.9325399,0.9132057,0.9434495,0.95234114,0.94863564,0.9280166,0.94859564,0.92532104,0.94475704,0.9122075,0.89799607,0.88885635,0.9318634,0.9237435,0.9513155,0.9058595,0.9327594,0.912301,0.90079904,0.93624,0.93818384,0.9523459,0.9618795,0.9292196,0.93269926,0.9311687,0.93112326,0.9383864,0.882694,0.9285329,0.95035285,0.89759517,0.94173926,0.9341153,0.9467645,0.8989293,0.92429847,0.9402529,0.91404796,0.9295591,0.94222426,0.923412,0.9618795,0.9285823,0.9488362,0.9412833,0.93489444
bernadettefilm,0.9523352,0.91773176,0.93729234,0.9160779,0.9003848,0.917133,0.94774795,0.9368192,0.9546742,0.9037731,0.9334884,0.9187997,0.9326386,0.9474634,0.9416924,0.9317874,0.9184917,0.9138739,0.9221556,0.89645123,0.99999994,0.90810394,0.95595014,0.94572145,0.9263785,0.85089135,0.87558484,0.911939,0.9334097,0.91642237,0.9366565,0.9440866,0.94665754,0.9564531,0.8755072,0.82418805,0.920985,0.91149664,0.9469773,0.8866124,0.92831725,0.94233346,0.9058901,0.92215645,0.94589835,0.88833374,0.96480757,0.9446587,0.9143413,0.93595725,0.9377019,0.93944883,0.94739485,0.93207705,0.8757576,0.89854485,0.9263255,0.9239859,0.9479742,0.94073427,0.9184809,0.93666315,0.9473022,0.9384772,0.90599513,0.88172334,0.9227752,0.9270556,0.9262487,0.89910895,0.94337523,0.63902533,0.9292631,0.94159883,0.9242985,0.86561453,0.86986244,0.918846,0.93339705,0.90944976,0.9181296,0.9251218,0.9421243,0.92472315,0.92008907,0.9120387,0.9078799,0.93734634,0.9259346,0.933695,0.90988946,0.94337523,0.9351218,0.9505706,0.9256967,0.9261784,0.933812,0.93728465,0.94037056,0.9478632,0.88009685,0.9463663,0.90206105,0.9392827,0.91033757,0.928621,0.9211258,0.9086455,0.939965,0.8835374,0.93813246,0.5388105,0.9339128,0.8925412,0.94226265,0.9189905,0.94457614,0.9476044,0.94431174,0.93641144,0.9432636,0.93026936,0.957991,0.9417755,0.9294915,0.9479998,0.9357645,0.9003595,0.88382846,0.85512316,0.91532916,0.89367276,0.93898374,0.8905999,0.9314757,0.9267577,0.94611245,0.92598426,0.940223,0.91380537,0.9546742,0.93505406,0.8932094,0.8959322,0.8732399,0.90242827,0.9045964,0.91089284,0.93043303,0.90582824,0.94222695,0.93909985,0.92993873,0.92326427,0.92304695,0.9279738,0.95586073,0.9180726,0.9535063,0.9035833,0.9546742,0.9411578,0.9447645,0.96766376,0.93589413
