movie,21bridgesmovie,47metersdown,abeautifuldaymovie,abominablemovie,adastramovie,adogsjourneymovie,aftermathmovie,aftermovie,ahiddenlifefilm,alitamovie,angelhasfallen,angrybirdsmovie,annabellemovie,annamovie,apollo11movie,arcticdogsmovie,arcticmovie,artofracingmovie,avengers,beachbummovie,bernadettefilm,blackandbluemovie,blackchristmas,blindedbythelightmovie,bombshellmovie,booksmart,breakthroughmovie,brianbanksmovie,brightburnmovie,brittanyrunsmov,captainmarvelofficial,captivestatemovie,catsmovie,charliesangels,childsplaymovie,clarathefilm,coldpursuitmovie,countdown,currentwarmovie,darkwatersmovie,detectivepikachumovie,disneyaladdin,disneyfrozen,disneymaleficent,doctorsleepmovie,dolemiteismyname,dontletgomovie,doramovie,downtonabbey_official,dumbo,escaperoom,everybodyknowsmovie,fastandfuriousmovie,fightingwmyfam,fivefeetapartfilm,fordvferrari,freaksthefilm,geminimanmovie,glassmovie,gloriabellmovie,godzillamovie,goldfinchmovie,goodboysmovie,goodliarmovie,gretafilm,halathemovie,happydeathdaymovie,harrietfilm,hellboymovie,hersmellmovie,highlifemovie,highstrungmovie,honeyboymovie,hotelmumbaifilm,httydragon,hustlemovie,hustlersmovie,isntitromantic,itmovieofficial,jayandsilentbob,johnwickmovie,jojorabbitmovie,jokermovie,judythefilm,jumanjimovie,justmercyfilm,knivesout,lalloronamovie,lastblackmansf,lastchristmasthemovie,latenightmovie,lighthousemovie,lionking,littlethemovie,littlewomenmovie,littlewoodsfilm,longshotmovie,lordsofchaosmovie,lucyintheskyfilm,mamovie2019,marriagestory,meettheaddams,meninblack,midsommarmovie,midwaymovie,missbalamovie,missinglinkfilm,motherlessbklyn,onceinhollywood,onthebasisofsex,overcomermovie,peanutbutterfalcon,petsematarymovie,piercingmovie,playingwithfire,playmobilthemovie,pomsmovie,queenandslim,rambomovie,readyornotfilm,richardjewellfilm,rocketmanmovie,scarystoriesmovie,secretlifeofpets,serenityfilm,shaftmovie,shazammovie,spidermanmovie,spiesindisguise,starwars,stormboymovie,stubermovie,taosdfilm,teenspiritmov,terminator,theaeronautsmov,thebestofenemies,thedeaddontdie,thefarewell,thehighwaymen,thehummingbirdprojectfilm,theintrudermovie,theirishmanfilm,thekitchenmovie,thelegomovie,themustangfilm,thenightingalefilm,theprodigymovie,thesunisalsoastar,theupsidefilm,tolkienmovie,toystory,triplefrontier,uglydolls,uncutgems,underthesilverlake,usmovie,wavesmovie,whatmenwant,wonderparkmovie,wrinklestheclown,xmenmovies,yardiefilm,yesterdaymovie,zombieland
21bridgesmovie,1.0000002,0.96253127,0.9845031,0.9182014,0.9630768,0.77249867,0.99604,0.9900913,0.99443716,0.9785283,0.96192896,0.6327477,0.96717644,0.98099494,0.98750836,0.97787607,0.9853907,0.9588384,0.9889062,0.9891775,0.981407,0.8926277,0.9879931,0.98624504,0.9861023,0.45542353,0.87226033,0.97265106,0.92716986,0.9784934,0.9686689,0.9450784,0.9606983,0.66685665,0.66335016,0.45549732,0.99175185,0.9137235,0.9816941,0.91712546,0.9391871,0.9709515,0.8215448,0.969509,0.9800769,0.92911977,0.985651,0.98456675,0.84596187,0.97782207,0.91115135,0.9849872,0.9340043,0.9486427,0.88811815,0.9536418,0.88410884,0.9859662,0.9883983,0.98847574,0.9782429,0.9724974,0.9601671,0.96183336,0.9625903,0.8625397,0.96844774,0.9856966,0.95216143,0.7131567,0.9911409,0.27354503,0.7718222,0.9939601,0.76827866,0.96590656,0.46807986,0.9830761,0.9866145,0.8942306,0.9213631,0.9386108,0.98214453,0.9523567,0.7696921,0.97933716,0.9142876,0.98999,0.9590862,0.9905752,0.9403256,0.9911409,0.8178688,0.9701764,0.92629683,0.9768928,0.9580812,0.9803076,0.9871505,0.8878056,0.9446599,0.96487606,0.8229047,0.99102,0.92673826,0.93859595,0.9954966,0.9294028,0.7550818,0.9622003,0.9939098,0.2782544,0.98310834,0.45144492,0.935626,0.9949001,0.99647284,0.78356147,0.98870593,0.9949543,0.95417744,0.992526,0.99155784,0.75031775,0.98631424,0.9946519,0.98993915,0.72370344,0.9813356,0.68558,0.9896584,0.97371656,0.9897869,0.8516388,0.9811501,0.98300683,0.994071,0.9708364,0.99398845,0.9819829,0.99443716,0.92057574,0.9444041,0.88856226,0.79606974,0.9829327,0.8139545,0.8359313,0.95634955,0.9435338,0.9848694,0.96643454,0.9818289,0.95720303,0.9495671,0.9890351,0.9805,0.9894464,0.97983146,0.97369415,0.99443716,0.9778882,0.9925358,0.9912701,0.7553334
47metersdown,0.96253127,1.0,0.9403042,0.8393111,0.9662553,0.69608206,0.95697486,0.9543088,0.95992154,0.98569655,0.97434425,0.52039033,0.9136194,0.9266792,0.9520033,0.94025123,0.93021286,0.95506257,0.937227,0.9515324,0.9846644,0.8422205,0.96753764,0.97395027,0.9709794,0.4495651,0.9134416,0.9574164,0.83180183,0.92768955,0.9174864,0.90308833,0.9038504,0.5185281,0.666091,0.45421335,0.9455813,0.8165397,0.95899725,0.8744966,0.88689566,0.9626348,0.8914969,0.9794429,0.9747319,0.9707143,0.9729472,0.937223,0.76348656,0.97452205,0.8174523,0.9314824,0.9247697,0.96313256,0.787983,0.9456607,0.84921676,0.9437253,0.9405835,0.9740383,0.9184474,0.91740745,0.96600455,0.90648544,0.91274416,0.80713063,0.89694124,0.9289449,0.9642025,0.68662757,0.9697136,0.071948536,0.64039516,0.97530764,0.7194488,0.90244716,0.2974295,0.93459404,0.97215194,0.7944589,0.9210918,0.8568148,0.92851084,0.92289835,0.6678153,0.9369372,0.918198,0.97615165,0.9390702,0.9534325,0.8900484,0.9697136,0.8703828,0.9273111,0.8428198,0.9427924,0.97602165,0.94266146,0.9362626,0.799986,0.9676505,0.9343093,0.7441349,0.9613976,0.8765596,0.8508781,0.96163756,0.9016788,0.6651794,0.9168623,0.96558374,0.19426474,0.973581,0.45294932,0.95132416,0.97467965,0.95448077,0.7477475,0.96474165,0.9626922,0.8927875,0.9529454,0.9614074,0.6682855,0.9637012,0.9677473,0.9704316,0.6241423,0.9728427,0.72006047,0.95789796,0.95326656,0.9311761,0.71326137,0.95726717,0.9500662,0.95719486,0.94508916,0.9689215,0.98059165,0.95992154,0.8322317,0.98220205,0.8559891,0.6588012,0.94763064,0.7815395,0.8003699,0.93556535,0.85180986,0.94324476,0.9841756,0.9779809,0.8657311,0.96738154,0.9654125,0.9604623,0.9430004,0.963362,0.96465766,0.95992154,0.9213791,0.96179026,0.958726,0.6472019
abeautifuldaymovie,0.9845031,0.9403042,1.0,0.9319816,0.91796327,0.7867433,0.9883753,0.9925651,0.9863013,0.9670958,0.9381754,0.7281656,0.9901381,0.978752,0.96909475,0.99661267,0.991096,0.9168917,0.9863681,0.9764082,0.9586587,0.92108434,0.98997086,0.97902805,0.97458017,0.44521984,0.79886574,0.9694999,0.9661522,0.985558,0.96293294,0.9857749,0.96107036,0.7430617,0.62076014,0.44270143,0.9866004,0.93829256,0.9826068,0.93872374,0.9417999,0.9664555,0.76930076,0.94225806,0.97260016,0.88121134,0.98777336,0.99569756,0.90402246,0.95772547,0.95876825,0.9984975,0.9477527,0.9165983,0.92135006,0.90452063,0.90213037,0.9911015,0.9701973,0.9677573,0.99487126,0.96332604,0.94533515,0.95502454,0.9896312,0.8787686,0.9814974,0.994817,0.9464186,0.7169689,0.97457737,0.2846658,0.7881635,0.97872365,0.7626434,0.95726156,0.48113766,0.9817965,0.9595471,0.929614,0.9073702,0.9531569,0.9877775,0.9379703,0.8469507,0.9811145,0.8829728,0.987915,0.9473433,0.9887876,0.9676267,0.97457737,0.7475337,0.944955,0.9634109,0.9620581,0.94145536,0.98361826,0.9890939,0.9219494,0.907152,0.9801805,0.8701495,0.9825919,0.9599836,0.9756515,0.98726624,0.9338901,0.83062774,0.95171744,0.97984767,0.29618946,0.97580063,0.43904075,0.8900938,0.97274184,0.9899031,0.77735627,0.9766361,0.9828657,0.96403396,0.98346424,0.9919415,0.77382195,0.97264254,0.9664609,0.9829951,0.8059773,0.9619286,0.6143093,0.9807521,0.93100244,0.98950136,0.8739863,0.9765825,0.9703367,0.97017956,0.9939692,0.98705816,0.96435684,0.9863013,0.9561587,0.91205615,0.90154284,0.84352386,0.98017806,0.8161904,0.82962817,0.9493392,0.9544254,0.98643684,0.9408043,0.94517004,0.93987346,0.93732244,0.9712547,0.98446053,0.98634344,0.9515576,0.94850373,0.9863013,0.967952,0.987203,0.9927248,0.8357336
abominablemovie,0.9182014,0.8393111,0.9319816,1.0,0.8227302,0.66316986,0.9149271,0.90748656,0.9085349,0.8606684,0.8767112,0.7411622,0.9187849,0.889602,0.8852793,0.9271439,0.94571656,0.82511276,0.94001013,0.8925841,0.89450717,0.95139104,0.915443,0.883123,0.9060578,0.55017126,0.7127636,0.9385134,0.933677,0.9035718,0.86228126,0.90699226,0.91963685,0.8103193,0.72890335,0.5610915,0.9250888,0.9184915,0.9005696,0.80023754,0.82355607,0.9146978,0.72925615,0.8839686,0.9152941,0.82461613,0.9188862,0.93083817,0.8971731,0.89249563,0.91856647,0.9292569,0.9407109,0.774121,0.8899667,0.8025517,0.89721704,0.9374711,0.8965793,0.88937026,0.92817163,0.8934462,0.9256681,0.84363073,0.9405244,0.9036529,0.9606697,0.9255707,0.831712,0.8313603,0.90657175,0.36719167,0.7625499,0.90559494,0.8719917,0.9363498,0.6048428,0.94669086,0.9027749,0.89707077,0.8987981,0.93686,0.89272594,0.9224329,0.8067312,0.9141797,0.85487,0.9017833,0.8993287,0.9079016,0.89316636,0.90657175,0.7146601,0.8935468,0.9060368,0.9052063,0.87190783,0.9307549,0.918312,0.94965833,0.8713097,0.92767847,0.83127046,0.89303404,0.85516626,0.92994756,0.9147302,0.79097,0.8098306,0.89090455,0.9021768,0.25762704,0.92361665,0.5530048,0.8313216,0.9021013,0.9135587,0.8600299,0.9019099,0.9010161,0.8507218,0.93130505,0.9049742,0.6450246,0.8661475,0.89655024,0.9279136,0.7820161,0.85893667,0.6611042,0.9276107,0.8818143,0.9430438,0.8602662,0.9159123,0.8742519,0.9274073,0.9108545,0.92270184,0.887866,0.9085349,0.93087107,0.8277058,0.7990848,0.74707466,0.9150579,0.844898,0.8905563,0.83047724,0.8899252,0.9260175,0.8577213,0.8769631,0.87803537,0.8577133,0.90633535,0.9413729,0.9434834,0.88360834,0.86305094,0.9085349,0.87085164,0.89977604,0.92055875,0.83089787
adastramovie,0.9630768,0.9662553,0.91796327,0.8227302,1.0,0.69938546,0.9600576,0.94913137,0.9677712,0.97393733,0.94552857,0.42830467,0.88301384,0.9449961,0.9756463,0.9065411,0.9231979,0.9949929,0.9327632,0.9713156,0.973548,0.76945657,0.94806623,0.9702623,0.9603826,0.39684522,0.96241605,0.9353742,0.8020498,0.92526025,0.93569356,0.8644274,0.86277544,0.45234278,0.61017036,0.39234653,0.9548432,0.7802193,0.9355751,0.86454856,0.9118897,0.93059886,0.86243147,0.9708847,0.96329266,0.9642285,0.9480245,0.91047204,0.68180364,0.97317994,0.78171176,0.91828257,0.8673683,0.97457105,0.7424149,0.9949074,0.7907414,0.9331054,0.9651188,0.982596,0.91265017,0.9271896,0.94227606,0.92942864,0.88781786,0.75394934,0.89684755,0.9259671,0.96164405,0.6205522,0.9792573,0.15758406,0.6672861,0.9763888,0.66743153,0.9126235,0.3284721,0.9171843,0.9677422,0.7554494,0.85912156,0.81773233,0.9364015,0.9050697,0.58456117,0.9471067,0.90506774,0.95941734,0.93981504,0.9579504,0.8528624,0.9792573,0.87750685,0.93325824,0.8190854,0.92964077,0.9652694,0.93759036,0.9439881,0.7487075,0.9403476,0.89116716,0.68173,0.96737766,0.8350781,0.82359445,0.96558607,0.89177585,0.5777762,0.89329237,0.9763421,0.26348463,0.9449918,0.39117116,0.9655832,0.9702327,0.95764756,0.6887271,0.97241986,0.9703941,0.91445297,0.95167744,0.9527194,0.6702931,0.97251815,0.9726187,0.94213235,0.5353041,0.97126526,0.7043835,0.9637303,0.9707319,0.9302453,0.72542083,0.94405955,0.96282375,0.9541193,0.90658796,0.96547043,0.96822053,0.9677712,0.79012656,0.9378605,0.8267796,0.67026705,0.9407632,0.73026496,0.72750527,0.937913,0.8475434,0.92123115,0.97785825,0.9900913,0.894872,0.96249014,0.96960646,0.9238113,0.9424383,0.96588576,0.9590281,0.9677712,0.915941,0.9642453,0.93991816,0.5650942
adogsjourneymovie,0.77249867,0.69608206,0.7867433,0.66316986,0.69938546,0.99999994,0.7791525,0.8045014,0.7606201,0.7501952,0.65974176,0.52221966,0.8098568,0.8221825,0.76437384,0.781794,0.7792799,0.7351646,0.7326196,0.75489384,0.68117416,0.60342014,0.7707016,0.7411758,0.7245835,0.29028192,0.5676509,0.6564217,0.7788931,0.8514231,0.7882265,0.7808894,0.7994022,0.5414041,0.32609797,0.26117113,0.749699,0.7965747,0.72655463,0.9181849,0.88376266,0.6433277,0.35356623,0.6320748,0.68143994,0.54607385,0.7456627,0.7942634,0.7506067,0.65913886,0.76250494,0.8073869,0.6657267,0.79562426,0.82657355,0.7296684,0.56903666,0.7488588,0.8190026,0.7187132,0.774633,0.84466136,0.63483065,0.88008386,0.728632,0.56537414,0.77087605,0.8156406,0.70178616,0.22542869,0.72296035,0.1637903,0.8268595,0.7302572,0.356748,0.7256912,0.2766855,0.7595377,0.763628,0.8339751,0.586788,0.8170698,0.8256534,0.6333087,0.76934385,0.741656,0.5507891,0.7648366,0.63501734,0.7681561,0.828256,0.72296035,0.3490585,0.7387985,0.76437515,0.7782213,0.6107346,0.6925522,0.7535966,0.7556326,0.5696737,0.75650454,0.8510806,0.80366004,0.82421684,0.7914187,0.7452389,0.911045,0.6378024,0.8592992,0.74842846,0.41000488,0.7230164,0.26530108,0.58805513,0.76652396,0.7861565,0.33359078,0.71824414,0.78162754,0.8677578,0.75860006,0.78587824,0.995251,0.79139173,0.7711597,0.7259557,0.63972276,0.78113276,0.14018627,0.7131326,0.7561552,0.7613566,0.82437694,0.7635113,0.8238476,0.7424573,0.76456606,0.7442465,0.695804,0.7606201,0.72715104,0.6742249,0.850265,0.91416395,0.7972335,0.6128827,0.50693876,0.87408465,0.8733819,0.7620451,0.6633188,0.68120193,0.726309,0.61721134,0.6841981,0.7056131,0.7191822,0.7711206,0.78090113,0.7606201,0.8516518,0.75655496,0.7968857,0.64421475
aftermathmovie,0.99604,0.95697486,0.9883753,0.9149271,0.9600576,0.7791525,0.99999994,0.99292016,0.9980233,0.9791167,0.95986253,0.63020617,0.9733125,0.9853972,0.99447364,0.9822713,0.98545516,0.95556694,0.98937464,0.99560297,0.97925216,0.87962824,0.9877483,0.99150217,0.9817549,0.46391886,0.8682604,0.964666,0.93399376,0.98225886,0.9788015,0.9561849,0.9459593,0.6691344,0.6470915,0.45746726,0.9949423,0.90838253,0.9867387,0.9235667,0.9447721,0.97115844,0.8098085,0.96649176,0.9830399,0.91687316,0.9850966,0.98315156,0.8447234,0.9798815,0.91712743,0.9891185,0.922405,0.950985,0.8839862,0.9537944,0.890185,0.9891515,0.9884885,0.9912187,0.9861702,0.96517926,0.9497808,0.9607349,0.965315,0.8640149,0.9736278,0.9895783,0.96552336,0.70100534,0.99289346,0.27454934,0.7972984,0.9945368,0.7585564,0.9707756,0.47270593,0.9729672,0.9748115,0.9009694,0.90544635,0.9323802,0.98688966,0.9559822,0.772319,0.98964316,0.9167136,0.99193645,0.9533128,0.9964024,0.940643,0.99289346,0.81131715,0.97276044,0.93083286,0.97858715,0.9604078,0.9848291,0.9939672,0.8810559,0.9304301,0.9551658,0.8324132,0.9939794,0.926687,0.94302607,0.9970619,0.92879725,0.7650751,0.9461414,0.9945123,0.33399525,0.98396325,0.45498988,0.9360996,0.9913692,0.99776196,0.76651096,0.9920881,0.99851435,0.96734536,0.9966741,0.9934918,0.7602536,0.98913735,0.98631716,0.98623383,0.72917324,0.9803814,0.65518534,0.9927617,0.9671863,0.9914112,0.86212486,0.98826075,0.99085534,0.9846546,0.97317696,0.995664,0.9783327,0.9980233,0.9208811,0.9263262,0.8715499,0.8122407,0.98243195,0.8109294,0.82114774,0.9547388,0.9431816,0.98935664,0.96514136,0.975755,0.9494031,0.95737195,0.98916197,0.9782513,0.9924278,0.9816817,0.9767339,0.9980233,0.97537047,0.99609065,0.9908583,0.7612986
aftermovie,0.9900913,0.9543088,0.9925651,0.90748656,0.94913137,0.8045014,0.99292016,1.0,0.9938374,0.98512954,0.94186455,0.66017336,0.97504914,0.98943585,0.98217195,0.98888457,0.98272914,0.9518481,0.9777858,0.9876402,0.9665947,0.87935215,0.99379915,0.9870493,0.9862382,0.4386872,0.83904594,0.9669668,0.93843985,0.99447346,0.970736,0.973067,0.949837,0.6680128,0.6059309,0.4310133,0.989456,0.90957904,0.97443056,0.95260036,0.958417,0.9601821,0.78274906,0.9535982,0.9774768,0.900748,0.9897123,0.9845015,0.8629534,0.96730244,0.9287001,0.9944699,0.92969257,0.95199645,0.8886186,0.9398859,0.87538815,0.9871977,0.9849816,0.9784688,0.98690003,0.9730537,0.9481657,0.97660047,0.97701424,0.8440055,0.9734581,0.99161285,0.96220917,0.6674312,0.9842761,0.23545912,0.7831437,0.9864868,0.7202493,0.9497943,0.43188518,0.9774525,0.97598565,0.8993672,0.8939639,0.93166983,0.99526787,0.9280513,0.8005515,0.9870647,0.8821578,0.99111116,0.9487529,0.9915158,0.9568771,0.9842761,0.7618426,0.9484436,0.9442402,0.9667441,0.94993424,0.97946274,0.98694026,0.8956205,0.9135448,0.9698302,0.8529305,0.99516755,0.9565727,0.9533586,0.99236804,0.9565297,0.78255457,0.9547251,0.9899821,0.32539934,0.9742722,0.42926994,0.9056922,0.98427254,0.99692243,0.73761785,0.98332965,0.9937557,0.97806805,0.98441744,0.9956114,0.78958285,0.9884142,0.9779588,0.97905695,0.7492997,0.97816956,0.6142192,0.98347974,0.9539873,0.9843194,0.8491846,0.97848123,0.9869005,0.9756244,0.98653096,0.9912933,0.97370183,0.9938374,0.9217154,0.925999,0.91638964,0.8316696,0.99118984,0.8114745,0.7951124,0.9751519,0.95079964,0.9769281,0.9594721,0.96245414,0.9362098,0.943642,0.9757912,0.97684044,0.980272,0.9667556,0.9654231,0.9938374,0.9694814,0.99285656,0.9938231,0.77646285
ahiddenlifefilm,0.99443716,0.95992154,0.9863013,0.9085349,0.9677712,0.7606201,0.9980233,0.9938374,0.99999994,0.9842563,0.9565231,0.623792,0.9668264,0.9871649,0.99463516,0.9788973,0.9837072,0.9644455,0.98707044,0.99742633,0.9811738,0.8737794,0.9888365,0.9948658,0.9855376,0.43446466,0.8783126,0.971188,0.9240251,0.98008555,0.97725016,0.9563597,0.9344622,0.6491042,0.6237415,0.42848864,0.9966213,0.8939038,0.98369306,0.9227955,0.9473193,0.97048974,0.816175,0.9702685,0.987287,0.9258022,0.9869456,0.9787902,0.8282662,0.9834955,0.9106522,0.9865746,0.9247742,0.9534972,0.8665929,0.95963705,0.8791507,0.9890266,0.98813915,0.9936396,0.985436,0.96509904,0.955928,0.9621596,0.9688681,0.85103846,0.9698376,0.98770267,0.97209877,0.69452274,0.9964746,0.26251638,0.76962274,0.9967964,0.74302936,0.96276283,0.4492533,0.9713486,0.975578,0.8807603,0.8994124,0.9149183,0.9883046,0.94674635,0.75631815,0.9920452,0.91253966,0.99319834,0.9635361,0.99779266,0.9372457,0.9964746,0.8154395,0.96298355,0.9287625,0.9675463,0.9686847,0.98731565,0.9948174,0.8683332,0.93208295,0.95666313,0.8089421,0.9953705,0.92529696,0.93688965,0.9992889,0.92772967,0.74954545,0.93796444,0.99840856,0.31485173,0.9800332,0.4259158,0.93946135,0.98850226,0.99737716,0.7581377,0.9961757,0.9982168,0.96688443,0.9919324,0.99476296,0.7426955,0.99164134,0.9851659,0.98315436,0.71587515,0.9817846,0.66177905,0.99558246,0.9627864,0.98843044,0.84216774,0.9833426,0.98760587,0.98119223,0.9749592,0.9973607,0.9824842,0.99999994,0.9115387,0.9266415,0.87605375,0.79809,0.98137105,0.794108,0.80201906,0.95689344,0.9323748,0.9808203,0.97071517,0.9801,0.9465995,0.96612155,0.99181163,0.9763631,0.9913739,0.9751262,0.9694591,0.99999994,0.96532124,0.9987532,0.9879557,0.74723357
alitamovie,0.9785283,0.98569655,0.9670958,0.8606684,0.97393733,0.7501952,0.9791167,0.98512954,0.9842563,1.0000001,0.95800644,0.5626534,0.9376136,0.96460885,0.97571266,0.9654866,0.9522121,0.97071785,0.9532822,0.9797328,0.9800999,0.8395407,0.9878362,0.98851603,0.9885681,0.44442767,0.89214927,0.96580315,0.87442124,0.96871877,0.94836205,0.940579,0.91578496,0.5566076,0.622276,0.43950713,0.971339,0.841798,0.9646826,0.9233517,0.9309058,0.9634816,0.8501562,0.9762362,0.9843211,0.94678694,0.9878556,0.9562866,0.7967471,0.9807386,0.8630061,0.96475035,0.9180706,0.97507775,0.8143028,0.9592216,0.8543159,0.965816,0.96782905,0.9837393,0.9536077,0.9449011,0.96148026,0.9528572,0.94666135,0.8054629,0.93643516,0.9606903,0.9786177,0.6573361,0.98493713,0.13333179,0.7031399,0.9871859,0.6982042,0.9245482,0.34574232,0.9551059,0.9792493,0.82673556,0.89654,0.8789907,0.9697179,0.92155796,0.71201223,0.9713741,0.8970663,0.9877997,0.9458751,0.9775535,0.91667813,0.98493713,0.8213609,0.9342852,0.8880866,0.95622176,0.97328913,0.96721363,0.9647031,0.8326451,0.94387275,0.9481242,0.7915429,0.9861194,0.9207114,0.8947256,0.98317134,0.94192487,0.7072823,0.928252,0.9853905,0.2838203,0.97342443,0.43907183,0.9340998,0.9842544,0.98168206,0.72475433,0.98052937,0.9859291,0.9474644,0.97038364,0.9826737,0.72919655,0.98498535,0.974117,0.9727086,0.66119903,0.9816722,0.66105115,0.9753397,0.9610183,0.95544827,0.75901353,0.9688318,0.97850466,0.9660442,0.9694829,0.98564035,0.9829323,0.9842563,0.8609447,0.96036637,0.89469546,0.7384561,0.97938275,0.7992668,0.77496344,0.96942514,0.8948437,0.9561411,0.98737335,0.9794168,0.8987896,0.96577036,0.976009,0.9692815,0.96116513,0.9697655,0.9719693,0.9842563,0.9410718,0.9838922,0.9798931,0.68668157
angelhasfallen,0.96192896,0.97434425,0.9381754,0.8767112,0.94552857,0.65974176,0.95986253,0.94186455,0.9565231,0.95800644,0.99999994,0.560684,0.9263513,0.92377895,0.95385253,0.9451548,0.93343395,0.9293018,0.9578731,0.9492334,0.9904186,0.8732053,0.945962,0.96828276,0.96603924,0.5232339,0.8941361,0.94912064,0.8644992,0.91608167,0.9400086,0.9001745,0.9138538,0.5945477,0.73885036,0.5200013,0.9557252,0.85852414,0.97219104,0.8301326,0.8555365,0.98027843,0.8951977,0.9800828,0.974159,0.95908,0.953356,0.9328001,0.77488637,0.97947,0.8432624,0.9310505,0.9172844,0.9349752,0.8204142,0.9271923,0.9203191,0.96004915,0.9381343,0.97281045,0.9282457,0.9061893,0.9504982,0.8751621,0.9112958,0.9029096,0.8992857,0.9239841,0.96023476,0.7605969,0.96511275,0.108267374,0.72258365,0.97157633,0.8075488,0.9150349,0.36840716,0.9227743,0.96028215,0.841479,0.96447694,0.8774374,0.91687256,0.9693302,0.69270974,0.9501111,0.9805749,0.96507835,0.9490207,0.94797754,0.89471716,0.96511275,0.9082894,0.97373927,0.86902684,0.96183646,0.9768892,0.94300944,0.94125843,0.8377601,0.9731858,0.91927,0.7665567,0.9514579,0.8654558,0.86987984,0.9589952,0.8500277,0.7298473,0.9031435,0.95782685,0.29609576,0.9888962,0.5204863,0.97580194,0.9757636,0.9534582,0.81845045,0.9668115,0.9601658,0.88181216,0.9665398,0.9546576,0.63139975,0.955389,0.96543324,0.98244166,0.6828219,0.9678502,0.7944754,0.96463627,0.95295745,0.95296746,0.78063196,0.9787129,0.9444751,0.9696913,0.9278617,0.9629763,0.98494285,0.9565231,0.87141174,0.9470419,0.78861904,0.66518164,0.93396866,0.8121443,0.8761912,0.8908312,0.87566674,0.9637681,0.96532243,0.9694464,0.8740883,0.95946914,0.9738735,0.96451414,0.95801216,0.9760222,0.9727827,0.9565231,0.926217,0.9577387,0.9444507,0.70119387
angrybirdsmovie,0.6327477,0.52039033,0.7281656,0.7411622,0.42830467,0.52221966,0.63020617,0.66017336,0.623792,0.5626534,0.560684,0.99999994,0.7653105,0.6524129,0.55923474,0.7376952,0.714878,0.43551806,0.6995789,0.587451,0.5643487,0.84797966,0.64977956,0.60613126,0.6249357,0.19706617,0.22491287,0.67066294,0.84666497,0.6698427,0.6326337,0.7830323,0.7479345,0.9435721,0.3382523,0.2079704,0.6598986,0.84459525,0.66992915,0.65423816,0.611246,0.6487793,0.32954276,0.52677006,0.6017895,0.42632073,0.6487541,0.7362149,0.87188995,0.55473113,0.8799591,0.72325057,0.7340671,0.43600813,0.85279775,0.39475304,0.7259166,0.7054881,0.5938224,0.5585726,0.73621845,0.66017413,0.5911652,0.61139536,0.7807488,0.7695336,0.70039314,0.70405596,0.53889877,0.6313366,0.58173555,0.389936,0.5831254,0.59666544,0.6253076,0.60853386,0.48308566,0.70347416,0.57543594,0.81839603,0.6707171,0.76778454,0.67728275,0.60080785,0.93887347,0.6442038,0.516537,0.63903254,0.6533226,0.6412988,0.788269,0.58173555,0.2743354,0.5838467,0.8509727,0.5921445,0.54803646,0.66609216,0.6721081,0.841212,0.5163851,0.76481247,0.7417795,0.61140794,0.7927775,0.8428423,0.63598263,0.5990035,0.91787606,0.67270875,0.6055273,0.09047317,0.629538,0.19881688,0.4338829,0.5824364,0.6475012,0.66215616,0.60846233,0.6012143,0.63642204,0.62422276,0.66711015,0.53938377,0.59088755,0.58676016,0.667636,0.96679133,0.57484335,0.35695451,0.6271872,0.47165564,0.7045618,0.7570612,0.6230283,0.5597423,0.6251308,0.74123275,0.6260029,0.603826,0.623792,0.8721251,0.507159,0.67959386,0.75038016,0.63174486,0.55679715,0.6751422,0.5688583,0.7510536,0.680989,0.4980749,0.5088502,0.67205435,0.5289693,0.60449517,0.6893923,0.67058444,0.51931745,0.51539207,0.623792,0.6583882,0.6390795,0.66303235,0.9679517
annabellemovie,0.96717644,0.9136194,0.9901381,0.9187849,0.88301384,0.8098568,0.9733125,0.97504914,0.9668264,0.9376136,0.9263513,0.7653105,1.0000001,0.97261935,0.95050734,0.98869175,0.98578614,0.88462526,0.9803588,0.95344394,0.93772864,0.92133975,0.9639852,0.9633052,0.94619024,0.4007983,0.76300365,0.93868566,0.976547,0.97190547,0.96723896,0.98411334,0.9584071,0.77904123,0.58012486,0.39334646,0.9736343,0.9645158,0.97849226,0.9392734,0.94162375,0.9436423,0.70849794,0.905514,0.94503665,0.83676714,0.96103394,0.98978007,0.9076166,0.92672145,0.9708897,0.9892695,0.9369997,0.89685774,0.9543772,0.8748134,0.89683,0.9842322,0.9591235,0.9458681,0.9898577,0.9617437,0.9075882,0.94124836,0.9758764,0.89757687,0.95944774,0.98792166,0.9290697,0.68531615,0.9496558,0.26960766,0.8210242,0.95679015,0.7401838,0.93238676,0.4520036,0.9573115,0.9348822,0.96162164,0.8988873,0.95540214,0.976333,0.9198256,0.88570416,0.96423686,0.8754499,0.9742787,0.9344443,0.9742574,0.9848011,0.9496558,0.7109352,0.9444211,0.9756735,0.9454507,0.9127038,0.9553056,0.9771025,0.9278439,0.8690745,0.9713184,0.87974375,0.9684396,0.95936567,0.98249066,0.9666388,0.9228082,0.8582077,0.9510522,0.9588494,0.3095804,0.96339494,0.39112997,0.8702486,0.9522284,0.97268224,0.74876934,0.958821,0.96414,0.95736074,0.96716917,0.98177135,0.80169034,0.961056,0.951997,0.9706947,0.85332656,0.95421356,0.580971,0.96101516,0.90009594,0.9837015,0.9174392,0.97127324,0.95381284,0.9512599,0.9800233,0.9650923,0.9470884,0.9668264,0.9701788,0.87423205,0.88379794,0.8783698,0.95135117,0.77476203,0.8214145,0.930571,0.96912706,0.9804899,0.8985156,0.91177887,0.9232059,0.91088206,0.9479678,0.9618985,0.9713586,0.93531644,0.93161064,0.9668264,0.97173893,0.9714571,0.9725035,0.87147844
annamovie,0.98099494,0.9266792,0.978752,0.889602,0.9449961,0.8221825,0.9853972,0.98943585,0.9871649,0.96460885,0.92377895,0.6524129,0.97261935,1.0,0.9812825,0.97097164,0.9807758,0.9543625,0.97489446,0.98191845,0.95168334,0.85107005,0.96976626,0.98008424,0.9660502,0.35333174,0.8430166,0.94163567,0.9321461,0.9865442,0.9868749,0.960373,0.9305636,0.6585037,0.53214973,0.3382916,0.98898876,0.91468143,0.9642437,0.9566348,0.9781028,0.9305763,0.7245923,0.925743,0.9567353,0.8722001,0.9632006,0.97168887,0.8243572,0.9468522,0.92398435,0.984817,0.90650135,0.949475,0.8940215,0.9458922,0.8399672,0.9826928,0.9928898,0.97048205,0.9844278,0.9856543,0.9165242,0.98312247,0.96195203,0.8329131,0.95556617,0.9893493,0.9552691,0.6067065,0.97484094,0.24085212,0.8062929,0.9754851,0.6681927,0.92994106,0.39537832,0.9544636,0.96215546,0.9026978,0.8636556,0.91153085,0.9957058,0.9013733,0.7937397,0.98254925,0.8718844,0.9798814,0.9522855,0.98726106,0.96261704,0.97484094,0.7394936,0.9496511,0.9488459,0.94435513,0.93123657,0.95780265,0.98513484,0.8769301,0.8762747,0.9534215,0.8229361,0.9933593,0.9442671,0.9485419,0.9832141,0.95073646,0.76048833,0.94952464,0.9852566,0.34598565,0.9550701,0.33777988,0.90280145,0.969515,0.98900104,0.68304634,0.9796363,0.9864017,0.9859234,0.9715482,0.99083745,0.8118665,0.9909965,0.9751254,0.9609813,0.74780685,0.9802441,0.58778,0.9760988,0.9386209,0.9826827,0.8841784,0.97099465,0.9814465,0.96273685,0.9651979,0.9777667,0.963552,0.9871649,0.9144805,0.88301873,0.9025071,0.8622625,0.9683284,0.743685,0.747973,0.97003335,0.96193695,0.9615268,0.9290009,0.94804925,0.93663806,0.92921597,0.9641948,0.9457487,0.9711312,0.95576674,0.94965625,0.9871649,0.97117233,0.98783463,0.9724266,0.76604486
apollo11movie,0.98750836,0.9520033,0.96909475,0.8852793,0.9756463,0.76437384,0.99447364,0.98217195,0.99463516,0.97571266,0.95385253,0.55923474,0.95050734,0.9812825,1.0000001,0.959798,0.9694952,0.97049576,0.97697526,0.9978368,0.9767211,0.8320303,0.9735609,0.9897951,0.9713087,0.44314712,0.9020714,0.94725895,0.90007955,0.9686872,0.9798599,0.93061584,0.91195965,0.60577714,0.6233473,0.4320505,0.9890845,0.8696745,0.976108,0.90920514,0.9430146,0.95710313,0.8138721,0.965573,0.9775088,0.9222291,0.9703772,0.9608422,0.78778684,0.9802959,0.8797682,0.9713608,0.8903321,0.962255,0.8414216,0.9752172,0.8606069,0.97545135,0.988039,0.9941597,0.971481,0.95370066,0.9362924,0.95553374,0.9406923,0.83144885,0.9560243,0.975822,0.9719342,0.66393507,0.99301416,0.26401198,0.7880105,0.9918717,0.7245579,0.96321166,0.44810823,0.9497775,0.9659915,0.86494493,0.8768278,0.895684,0.977994,0.9460173,0.7117454,0.98616546,0.9180168,0.9829792,0.9467969,0.9919696,0.9122334,0.99301416,0.83195335,0.9705746,0.900491,0.9680378,0.9615578,0.97445375,0.9878904,0.8331412,0.9224238,0.9248653,0.78848976,0.99062854,0.89449584,0.9104445,0.9915865,0.9164073,0.70795363,0.9215944,0.9929887,0.35940477,0.9716282,0.43073532,0.9505076,0.9853965,0.9897858,0.72961044,0.9916535,0.9960995,0.96437925,0.9895537,0.9835774,0.7445892,0.98958904,0.9817784,0.9701995,0.6683204,0.97944486,0.65230185,0.98893327,0.9696664,0.9783605,0.8405438,0.98091197,0.99211854,0.9733045,0.94982094,0.9888991,0.9728266,0.99463516,0.8825031,0.9131507,0.84127176,0.78881866,0.96912915,0.7785134,0.78101224,0.9485279,0.92002636,0.9742742,0.9667877,0.9799246,0.94019914,0.9631479,0.98700964,0.95705384,0.98300964,0.98245966,0.97629076,0.99463516,0.9628294,0.9916342,0.97500694,0.70103675
arcticdogsmovie,0.97787607,0.94025123,0.99661267,0.9271439,0.9065411,0.781794,0.9822713,0.98888457,0.9788973,0.9654866,0.9451548,0.7376952,0.98869175,0.97097164,0.959798,0.99999994,0.9805629,0.90477747,0.9796734,0.96774125,0.9568098,0.923541,0.9854672,0.9741037,0.97670364,0.4816192,0.78143877,0.9648375,0.96779954,0.98359966,0.96024984,0.98826057,0.9641201,0.7465535,0.64263016,0.47558382,0.9800578,0.94037193,0.97993606,0.9337499,0.9273211,0.97073567,0.77633303,0.9415272,0.97030073,0.8774214,0.9840536,0.98918176,0.9118493,0.95573133,0.9603164,0.9951259,0.94409764,0.91462195,0.9216897,0.89028555,0.9238604,0.9897709,0.9602206,0.9598521,0.98970747,0.9529536,0.93966126,0.9452886,0.9867742,0.8982535,0.97265565,0.98533905,0.9472639,0.72568935,0.96573687,0.24224032,0.79915076,0.97177154,0.7740328,0.9444009,0.46642572,0.9745296,0.95640606,0.9344818,0.9228302,0.953951,0.98088926,0.9422214,0.858168,0.97938865,0.89206594,0.9826969,0.9404201,0.9787457,0.9693682,0.96573687,0.7472517,0.94749707,0.96667665,0.966609,0.9398209,0.9768759,0.9790757,0.9331727,0.90926635,0.977144,0.8902488,0.97641325,0.96904266,0.97551596,0.97987306,0.9309718,0.8571727,0.9471963,0.9705192,0.33117744,0.97873384,0.4737548,0.886213,0.97129285,0.9854132,0.7885054,0.9688718,0.97743636,0.95865005,0.97942996,0.9869047,0.7688124,0.9672999,0.9587652,0.9840403,0.82383513,0.9594778,0.6276777,0.9730663,0.92669404,0.9853389,0.8692382,0.9788613,0.96601963,0.9679952,0.99284434,0.9799365,0.965049,0.9788973,0.9584603,0.9129346,0.8976427,0.83602756,0.9798197,0.83960223,0.8479569,0.9440007,0.9563919,0.9859198,0.93897325,0.9366163,0.9235174,0.9289004,0.9653321,0.98636967,0.9785655,0.95196474,0.9525277,0.9788973,0.9629688,0.98026973,0.98831934,0.84809804
arcticmovie,0.9853907,0.93021286,0.991096,0.94571656,0.9231979,0.7792799,0.98545516,0.98272914,0.9837072,0.9522121,0.93343395,0.714878,0.98578614,0.9807758,0.9694952,0.9805629,1.0000001,0.92566496,0.99234015,0.97219473,0.9590358,0.92438203,0.9783414,0.9742866,0.96255684,0.39347488,0.8223171,0.9685663,0.95607543,0.97355014,0.9622648,0.9672691,0.9550274,0.7410022,0.6041437,0.39510387,0.9889839,0.94365466,0.97785085,0.9243026,0.94786924,0.95240736,0.75026816,0.9344792,0.96628016,0.88304096,0.9767089,0.9929648,0.8784768,0.9503347,0.9475915,0.9898664,0.95690084,0.9069527,0.9255114,0.9141769,0.87452286,0.98992443,0.97895426,0.96898305,0.99020696,0.9772653,0.9482134,0.95139706,0.9804971,0.8741569,0.97752804,0.99550194,0.9332951,0.7122081,0.9761608,0.3087363,0.77813894,0.9783038,0.75836164,0.9586847,0.4754955,0.97988135,0.9621049,0.92554295,0.9013928,0.9472458,0.9811157,0.9303596,0.82676464,0.9731112,0.8852248,0.9843856,0.9614443,0.98856443,0.9663714,0.9761608,0.75626045,0.947556,0.95460945,0.9478513,0.93701947,0.9746287,0.98973817,0.91398907,0.90262413,0.9787975,0.83059186,0.9808972,0.9320749,0.9663832,0.9850317,0.91543925,0.7911725,0.95847833,0.98182976,0.24516293,0.97046113,0.38973674,0.9017116,0.96808237,0.9842328,0.76921284,0.97889674,0.97830147,0.9521821,0.98051864,0.98884624,0.76543325,0.97078156,0.97508204,0.97876936,0.7861535,0.96285856,0.6271207,0.9839249,0.93275374,0.9921305,0.8924307,0.9727434,0.96173704,0.9722099,0.9778832,0.98540366,0.9619669,0.9837072,0.95059097,0.8987117,0.88897115,0.83745855,0.9644958,0.77315927,0.8197284,0.9396708,0.9514995,0.9785281,0.92671424,0.9486842,0.9456644,0.93730676,0.97042704,0.9718607,0.9892316,0.9481845,0.9363511,0.9837072,0.96641237,0.9841567,0.98229235,0.8172051
artofracingmovie,0.9588384,0.95506257,0.9168917,0.82511276,0.9949929,0.7351646,0.95556694,0.9518481,0.9644455,0.97071785,0.9293018,0.43551806,0.88462526,0.9543625,0.97049576,0.90477747,0.92566496,1.0000001,0.9261426,0.9653978,0.96266437,0.76080906,0.9454307,0.9649056,0.95691395,0.3647602,0.9520652,0.92988974,0.8030913,0.9344596,0.9362452,0.8699517,0.86078864,0.4465681,0.56865066,0.35657266,0.9535522,0.7862608,0.92226833,0.8870426,0.9334517,0.9109343,0.8193309,0.9536568,0.9547176,0.94492745,0.9435138,0.908126,0.68109876,0.9583997,0.78547287,0.92012,0.8702071,0.9766203,0.75077266,0.99319124,0.7655398,0.9327541,0.9725837,0.97372955,0.9126615,0.9437809,0.9359709,0.94552046,0.8895017,0.7380602,0.8971222,0.9299044,0.9563084,0.5759951,0.9733855,0.12958089,0.67864,0.96935344,0.62784946,0.8982781,0.29028523,0.9155368,0.9702153,0.76035064,0.8415081,0.81609446,0.9428179,0.8805492,0.59766996,0.94578356,0.8814089,0.95652366,0.93871194,0.95491356,0.8679363,0.9733855,0.83676255,0.9225819,0.82658195,0.9187242,0.9515232,0.9259573,0.9395395,0.75976735,0.9169098,0.8964097,0.69070643,0.97108877,0.8452665,0.8283488,0.9603622,0.9096195,0.5736027,0.90437794,0.97384083,0.2736865,0.9359713,0.35647395,0.9485499,0.96415687,0.95607793,0.6478412,0.96675456,0.96751636,0.9267212,0.9437862,0.95354456,0.70878935,0.97428477,0.9706673,0.93271506,0.5401825,0.9730334,0.66369283,0.95833004,0.9662078,0.92810285,0.7387697,0.9405888,0.96277446,0.94788355,0.90576446,0.96102566,0.96191376,0.9644455,0.7858882,0.92231154,0.8527697,0.69627565,0.94248265,0.71389174,0.69726175,0.95430166,0.8602959,0.90911454,0.9636413,0.97902167,0.8825294,0.9486219,0.95658696,0.913055,0.93397844,0.9593341,0.9510346,0.9644455,0.91365254,0.96033317,0.9367698,0.5654567
avengers,0.9889062,0.937227,0.9863681,0.94001013,0.9327632,0.7326196,0.98937464,0.9777858,0.98707044,0.9532822,0.9578731,0.6995789,0.9803588,0.97489446,0.97697526,0.9796734,0.99234015,0.9261426,1.0000002,0.9791634,0.973433,0.9252211,0.972842,0.9803078,0.9698541,0.43133864,0.8394106,0.9703334,0.95241094,0.9623968,0.97248304,0.9565439,0.9528167,0.7377322,0.6503641,0.43115795,0.9938257,0.93803495,0.9897912,0.8929823,0.9233972,0.97368467,0.79777825,0.9544239,0.975151,0.9056492,0.9731925,0.98617774,0.861182,0.9687497,0.94039226,0.98430073,0.94392085,0.9092275,0.9115259,0.92151463,0.9106792,0.99376106,0.9746788,0.97915035,0.9891006,0.9607007,0.9485925,0.93358374,0.97420496,0.9074783,0.9689367,0.9858469,0.94500154,0.7558717,0.98207754,0.3168707,0.78328425,0.9850574,0.80148894,0.96436334,0.49983293,0.97266424,0.96088177,0.9189911,0.92834955,0.93992895,0.97356474,0.95975083,0.80384624,0.9806413,0.92727154,0.9833132,0.9702577,0.98839265,0.95054364,0.98207754,0.8123608,0.9708512,0.95136046,0.9606898,0.9549334,0.9819653,0.99267715,0.9030095,0.92822486,0.96535116,0.8157501,0.9776756,0.9208233,0.9582796,0.98971885,0.8895086,0.7996373,0.94122976,0.98455256,0.27667728,0.980892,0.42643106,0.93124413,0.9760396,0.9865438,0.81338465,0.9869898,0.9820973,0.9416393,0.98831314,0.9867376,0.71530944,0.9726055,0.97859126,0.9885524,0.78219616,0.9663141,0.69707435,0.9906613,0.94052166,0.9974434,0.885942,0.9809799,0.9625368,0.98209506,0.970114,0.9869343,0.97484463,0.98707044,0.9529948,0.9056318,0.8500906,0.8060106,0.9600833,0.789433,0.85466594,0.9186465,0.94420666,0.9886419,0.9402843,0.96151316,0.9560287,0.9498591,0.98643124,0.97832084,0.99681497,0.95986605,0.9490542,0.98707044,0.9670178,0.9881142,0.97734565,0.81191665
beachbummovie,0.9891775,0.9515324,0.9764082,0.8925841,0.9713156,0.75489384,0.99560297,0.9876402,0.99742633,0.9797328,0.9492334,0.587451,0.95344394,0.98191845,0.9978368,0.96774125,0.97219473,0.9653978,0.9791634,1.0000001,0.9750267,0.845791,0.98121446,0.99060667,0.97832644,0.44782194,0.8855992,0.9576167,0.91110533,0.9739067,0.9761753,0.9418173,0.9182703,0.6256313,0.6244106,0.43889016,0.9915407,0.873412,0.977034,0.9126227,0.9407789,0.9640834,0.8196675,0.96849793,0.9816751,0.92203236,0.97806066,0.96674865,0.8072449,0.98298544,0.8940914,0.9781713,0.8973347,0.95491064,0.8447102,0.96669716,0.87070763,0.97892964,0.98451835,0.9927865,0.9779946,0.9519152,0.94275624,0.9581816,0.9546554,0.8341704,0.9652634,0.9796266,0.97090554,0.68220586,0.9941963,0.28510416,0.77745354,0.9930799,0.7353911,0.96642417,0.46955582,0.9598615,0.9659431,0.86587954,0.88026303,0.9017142,0.9833695,0.94675934,0.7277747,0.9903483,0.90982145,0.9845851,0.9495888,0.99423486,0.9152695,0.9941963,0.82230926,0.962655,0.9122615,0.9675343,0.96368694,0.9846343,0.99166614,0.8448001,0.9254635,0.9345969,0.79784393,0.99048465,0.90901846,0.922388,0.9956158,0.9199075,0.72859704,0.92055976,0.9947492,0.34923056,0.9710244,0.4366637,0.94018906,0.98480386,0.9935451,0.7466166,0.9925317,0.9968634,0.9670155,0.9900117,0.9862233,0.7360723,0.9878462,0.97853756,0.97262126,0.6856861,0.9745467,0.65352964,0.99113256,0.9645661,0.9809537,0.8332721,0.97730005,0.98986036,0.9745036,0.96137804,0.99204135,0.9735477,0.99742633,0.8941474,0.9169364,0.85458076,0.79201037,0.97684664,0.7927716,0.78748304,0.9499076,0.92152315,0.9759745,0.97095764,0.97934663,0.94851637,0.96330464,0.98985326,0.96586555,0.9864871,0.9755145,0.9706675,0.99742633,0.9604642,0.9946207,0.9810825,0.72070235
bernadettefilm,0.981407,0.9846644,0.9586587,0.89450717,0.973548,0.68117416,0.97925216,0.9665947,0.9811738,0.9800999,0.9904186,0.5643487,0.93772864,0.95168334,0.9767211,0.9568098,0.9590358,0.96266437,0.973433,0.9750267,1.0000001,0.87610537,0.97138524,0.9877534,0.9826095,0.4708297,0.91834337,0.97411245,0.87457526,0.9406404,0.9519203,0.9196425,0.9171359,0.58955765,0.6933585,0.47087795,0.97788125,0.8585622,0.9797282,0.8634909,0.89570534,0.9828961,0.88776445,0.99158025,0.99223346,0.9720581,0.9768879,0.95291555,0.77964866,0.9934418,0.8573762,0.9526378,0.9361838,0.951488,0.8217788,0.9569521,0.89296585,0.97494185,0.96436375,0.9927889,0.9505705,0.93546325,0.974616,0.9119067,0.9380483,0.8702713,0.92960954,0.9517294,0.97436893,0.74222165,0.99005795,0.15638861,0.7060346,0.99256134,0.7808293,0.9377851,0.38059217,0.9494828,0.9788107,0.8356604,0.94299,0.8816265,0.9466203,0.96153224,0.6913955,0.97007114,0.95987463,0.9850332,0.97131544,0.9748004,0.90759236,0.99005795,0.8950903,0.966798,0.8827498,0.96112305,0.9911325,0.9684664,0.9672221,0.8382469,0.9747218,0.9418501,0.7554343,0.975584,0.8797576,0.88658255,0.983147,0.88006437,0.7064993,0.9189636,0.9848289,0.2590016,0.9913465,0.46920174,0.97868866,0.9872614,0.97469044,0.7978434,0.989156,0.98088306,0.91135603,0.9801282,0.97626185,0.6551072,0.9764119,0.98300046,0.9882868,0.6675304,0.98134696,0.7631927,0.98736113,0.9667845,0.9682897,0.78267324,0.98255867,0.9635727,0.9805157,0.95047724,0.98672277,0.9952192,0.9811738,0.8757886,0.9557913,0.8289992,0.69131196,0.95670587,0.7952868,0.8405324,0.92334205,0.8844422,0.9684204,0.9836,0.9907322,0.9031208,0.9814323,0.991199,0.97533894,0.9775637,0.97991115,0.973129,0.9811738,0.9362965,0.98111284,0.9660784,0.69393593
