movie,21bridgesmovie,47metersdown,abeautifuldaymovie,abominablemovie,adastramovie,adogsjourneymovie,aftermathmovie,aftermovie,ahiddenlifefilm,alitamovie,angelhasfallen,angrybirdsmovie,annabellemovie,annamovie,apollo11movie,arcticdogsmovie,arcticmovie,artofracingmovie,avengers,beachbummovie,bernadettefilm,blackandbluemovie,blackchristmas,blindedbythelightmovie,bombshellmovie,booksmart,breakthroughmovie,brianbanksmovie,brightburnmovie,brittanyrunsmov,captainmarvelofficial,captivestatemovie,catsmovie,charliesangels,childsplaymovie,clarathefilm,coldpursuitmovie,countdown,currentwarmovie,darkwatersmovie,detectivepikachumovie,disneyaladdin,disneyfrozen,disneymaleficent,doctorsleepmovie,dolemiteismyname,dontletgomovie,doramovie,downtonabbey_official,dumbo,escaperoom,everybodyknowsmovie,fastandfuriousmovie,fightingwmyfam,fivefeetapartfilm,fordvferrari,freaksthefilm,geminimanmovie,glassmovie,gloriabellmovie,godzillamovie,goldfinchmovie,goodboysmovie,goodliarmovie,gretafilm,halathemovie,happydeathdaymovie,harrietfilm,hellboymovie,hersmellmovie,highlifemovie,highstrungmovie,honeyboymovie,hotelmumbaifilm,httydragon,hustlemovie,hustlersmovie,isntitromantic,itmovieofficial,jayandsilentbob,johnwickmovie,jojorabbitmovie,jokermovie,judythefilm,jumanjimovie,justmercyfilm,knivesout,lalloronamovie,lastblackmansf,lastchristmasthemovie,latenightmovie,lighthousemovie,lionking,littlethemovie,littlewomenmovie,littlewoodsfilm,longshotmovie,lordsofchaosmovie,lucyintheskyfilm,mamovie2019,marriagestory,meettheaddams,meninblack,midsommarmovie,midwaymovie,missbalamovie,missinglinkfilm,motherlessbklyn,onceinhollywood,onthebasisofsex,overcomermovie,peanutbutterfalcon,petsematarymovie,piercingmovie,playingwithfire,playmobilthemovie,pomsmovie,queenandslim,rambomovie,readyornotfilm,richardjewellfilm,rocketmanmovie,scarystoriesmovie,secretlifeofpets,serenityfilm,shaftmovie,shazammovie,spidermanmovie,spiesindisguise,starwars,stormboymovie,stubermovie,taosdfilm,teenspiritmov,terminator,theaeronautsmov,thebestofenemies,thedeaddontdie,thefarewell,thehighwaymen,thehummingbirdprojectfilm,theintrudermovie,theirishmanfilm,thekitchenmovie,thelegomovie,themustangfilm,thenightingalefilm,theprodigymovie,thesunisalsoastar,theupsidefilm,tolkienmovie,toystory,triplefrontier,uglydolls,uncutgems,underthesilverlake,usmovie,wavesmovie,whatmenwant,wonderparkmovie,wrinklestheclown,xmenmovies,yardiefilm,yesterdaymovie,zombieland
21bridgesmovie,1.0,0.92208785,0.96476376,0.9567081,0.97287023,0.9400225,0.9636206,0.96259606,0.9760604,0.94415736,0.9385022,0.9136714,0.9418399,0.97638786,0.9780034,0.9659039,0.98286986,0.97628284,0.9911641,0.9624628,0.95570844,0.95855427,0.9481437,0.96492404,0.94130707,0.60171616,0.9735833,0.98632425,0.95783865,0.95092,0.97858423,0.9574428,0.9071472,0.9004487,0.85878706,0.773191,0.96399486,0.9852965,0.96528035,0.9547544,0.93018216,0.94618225,0.88333684,0.95409364,0.9637796,0.944027,0.94009507,0.95279485,0.93997645,0.9540546,0.9674232,0.9611166,0.92669964,0.9514756,0.9298353,0.9507397,0.95706034,0.9633538,0.9801753,0.97192866,0.97474235,0.97806007,0.9539155,0.95452756,0.969776,0.9364346,0.94069946,0.9633515,0.92919147,0.9116361,0.96324265,0.35651165,0.8661097,0.9637672,0.9145528,0.9633893,0.59832555,0.97366637,0.975459,0.89613014,0.9284788,0.9582786,0.94201994,0.9684182,0.9420198,0.9894429,0.9262533,0.936203,0.95868516,0.95868313,0.95638674,0.96324265,0.90656465,0.93965566,0.94360936,0.96147406,0.93689036,0.96603745,0.9702536,0.9303801,0.9393303,0.9615247,0.9074612,0.9644731,0.9224828,0.9633549,0.9537767,0.95409924,0.9435641,0.90931296,0.979538,0.33241966,0.965658,0.6260606,0.958904,0.95156294,0.9937054,0.9213323,0.95480025,0.9579468,0.9471564,0.9678356,0.95278376,0.9465865,0.9598164,0.9651253,0.91900665,0.9419512,0.96760297,0.8624664,0.9634125,0.96844876,0.9724618,0.90709645,0.96340036,0.9537398,0.9822831,0.954761,0.96245426,0.9433506,0.9760604,0.9718317,0.92692804,0.9693832,0.9442821,0.9550273,0.94041985,0.89320374,0.9652292,0.9715136,0.9543081,0.9639062,0.953166,0.8490956,0.93322426,0.9700895,0.9413482,0.9580189,0.97831106,0.95548105,0.9760604,0.9333087,0.96231407,0.9572149,0.95945984
47metersdown,0.92208785,1.0000001,0.9468111,0.9501255,0.94050443,0.8940165,0.9523875,0.95666665,0.95144516,0.9453538,0.95941037,0.9563862,0.93662465,0.9527333,0.92551446,0.9639657,0.9357449,0.93601716,0.9216853,0.8977635,0.95014775,0.91373396,0.93926644,0.947321,0.91910475,0.5758259,0.9413598,0.9262639,0.9409718,0.9522006,0.91572964,0.93916756,0.93384385,0.9272214,0.8511573,0.78762776,0.92144525,0.91278845,0.95602685,0.9509565,0.95513606,0.9431569,0.90888906,0.9436387,0.93029475,0.93693316,0.9251553,0.9511831,0.93860984,0.9524571,0.9453927,0.9529872,0.9503493,0.9775589,0.94933975,0.9531954,0.9515112,0.915613,0.933389,0.9326887,0.93857896,0.96387434,0.9239224,0.9502491,0.94202036,0.9235352,0.8460026,0.9396405,0.9610932,0.880694,0.9332571,0.23391305,0.9472866,0.9561535,0.9384845,0.9196829,0.5534047,0.9058852,0.92240286,0.90980595,0.95191705,0.92159456,0.9413128,0.953178,0.9536664,0.906322,0.94709,0.9607753,0.9105419,0.9401553,0.96200246,0.9332571,0.9011493,0.92538995,0.93562084,0.9663587,0.95884925,0.96621954,0.9532239,0.9230455,0.9177522,0.9207863,0.8833886,0.94932413,0.94664943,0.94532716,0.949217,0.9313537,0.95885915,0.95252734,0.93131834,0.2418487,0.9342597,0.5702104,0.92887306,0.9672461,0.9463826,0.90056354,0.9562306,0.9296558,0.96013165,0.9119328,0.9511041,0.94158244,0.95527124,0.93277675,0.95182556,0.93719196,0.92863166,0.9200044,0.94118315,0.93395907,0.9382742,0.9412651,0.9259984,0.9390928,0.93050593,0.9502494,0.95092416,0.9210624,0.95144516,0.9338207,0.9114704,0.9328205,0.92732596,0.9515044,0.9424996,0.9111008,0.9456089,0.9557909,0.95701903,0.94717515,0.93533885,0.66111815,0.8911684,0.931302,0.93758243,0.9512122,0.92234445,0.9309124,0.95144516,0.93388486,0.9327351,0.9591814,0.9422372
abeautifuldaymovie,0.96476376,0.9468111,0.9999999,0.9553643,0.96370226,0.94856143,0.95590234,0.9710981,0.9845951,0.9796407,0.9581749,0.9262026,0.9501018,0.97354287,0.9506236,0.97334903,0.9665378,0.9726855,0.9590096,0.92791086,0.97674996,0.97501487,0.9761589,0.96169156,0.9797831,0.63040364,0.95375884,0.9771717,0.98170507,0.95305526,0.95116997,0.9375495,0.9278433,0.9362253,0.8447041,0.76686126,0.9847825,0.9538352,0.9797562,0.94477826,0.9671402,0.96356416,0.9537295,0.9829818,0.98384076,0.9786045,0.97058374,0.9768161,0.9488797,0.97881603,0.9922846,0.9681828,0.9646529,0.9552409,0.95468736,0.96452844,0.97711897,0.964401,0.9667956,0.9770621,0.97272456,0.9739166,0.9792917,0.94340444,0.9800987,0.9267994,0.9437476,0.96202254,0.9671122,0.88768655,0.97983783,0.28942838,0.9192708,0.9767925,0.9433285,0.92841613,0.55737346,0.9597586,0.96131504,0.91968167,0.9451678,0.9270846,0.94901466,0.9699732,0.9726351,0.96005476,0.9471153,0.96728957,0.9605546,0.97224075,0.9624813,0.97983783,0.9532927,0.96456045,0.98627305,0.95983744,0.97057027,0.96269536,0.9681155,0.9693752,0.9666906,0.9703117,0.9550481,0.97499096,0.9664881,0.9894528,0.9708891,0.9405456,0.98193735,0.95283514,0.97346616,0.26897338,0.9757091,0.57426095,0.9695528,0.97273874,0.97610486,0.9500183,0.9731658,0.950872,0.9565787,0.9639309,0.96902823,0.945843,0.96735096,0.96969014,0.94466066,0.98452574,0.9680025,0.9211396,0.9769249,0.97769,0.97202843,0.94727737,0.9653224,0.95478755,0.96490616,0.9616576,0.98404115,0.9575565,0.9845951,0.97599375,0.9502237,0.9395053,0.9107596,0.9676962,0.97384167,0.8964074,0.9556475,0.9762257,0.9534018,0.99500954,0.96532977,0.7758785,0.9652983,0.9771146,0.9685006,0.9839821,0.9699672,0.9717396,0.9845951,0.9325133,0.966873,0.9841292,0.99489105
abominablemovie,0.9567081,0.9501255,0.9553643,1.0,0.97916377,0.95140237,0.984111,0.9818172,0.98094225,0.9673293,0.9792288,0.9700822,0.98345304,0.9788051,0.9575355,0.98295724,0.96422845,0.9694882,0.95653594,0.93061817,0.97514033,0.9448299,0.9659517,0.98144406,0.9477153,0.6166676,0.98239857,0.9546205,0.97165096,0.93313813,0.9575483,0.983672,0.9749237,0.96361274,0.90642375,0.81501627,0.96838707,0.96157753,0.9827328,0.99042565,0.97286075,0.9888394,0.9164889,0.98167235,0.9753148,0.9642531,0.9655676,0.9780789,0.9862021,0.98214704,0.97017914,0.9905011,0.94466716,0.9670711,0.97365975,0.9427305,0.94984996,0.9737369,0.98465306,0.9759636,0.9816525,0.98512787,0.9670929,0.9869597,0.9726823,0.97885793,0.9379405,0.9829718,0.95684934,0.92570657,0.9746326,0.31870234,0.8859677,0.97381276,0.94636595,0.9700459,0.58589226,0.9722359,0.9798496,0.95252174,0.9514085,0.98464924,0.9841388,0.9740993,0.97533935,0.95271057,0.9818503,0.9760738,0.9737349,0.97942156,0.9608541,0.9746326,0.9443666,0.97129273,0.956036,0.9859034,0.9674453,0.9751731,0.98019475,0.9548828,0.9730149,0.95933276,0.9341108,0.9809255,0.95909303,0.97306037,0.96381384,0.9849302,0.9630136,0.9699868,0.9800349,0.30457234,0.9711206,0.62259465,0.96079063,0.97993547,0.9723855,0.93604475,0.9831524,0.98138255,0.9850564,0.9539064,0.9764372,0.956369,0.97753054,0.98382455,0.963732,0.9483568,0.9772371,0.91901654,0.9710761,0.9604794,0.9505725,0.94687206,0.96938545,0.92413646,0.9538509,0.9736877,0.9797731,0.9661331,0.98094225,0.96760935,0.9668451,0.97131103,0.960234,0.98831654,0.93972564,0.9413525,0.98516273,0.9638991,0.9847459,0.9585657,0.976542,0.77132577,0.9364286,0.9722374,0.97081715,0.96289015,0.9718653,0.9550738,0.98094225,0.97268194,0.97690517,0.9811892,0.95704424
adastramovie,0.97287023,0.94050443,0.96370226,0.97916377,1.0000001,0.9609356,0.98582345,0.9800108,0.98898554,0.97581327,0.9712325,0.9618505,0.9749395,0.996815,0.9876331,0.98596627,0.98083556,0.9865245,0.97764087,0.95410514,0.98328775,0.94740635,0.96925175,0.98597586,0.96320975,0.6286968,0.9863789,0.9732279,0.9756948,0.9618412,0.97436935,0.9790561,0.9535333,0.9477783,0.90493315,0.83182085,0.9649627,0.97227263,0.9724949,0.98061955,0.97148633,0.98226327,0.90291816,0.9806365,0.9784657,0.9682597,0.9638497,0.9752134,0.97821695,0.98099893,0.97818786,0.9898454,0.9484055,0.96856695,0.96511054,0.9702301,0.95860714,0.9845925,0.99371105,0.98567367,0.977496,0.9808586,0.97032255,0.9874979,0.99077225,0.9727114,0.9553064,0.9851961,0.9693632,0.9450393,0.9846096,0.36121967,0.90338826,0.98675835,0.9576409,0.98017603,0.6260589,0.97873926,0.98141444,0.94549054,0.961662,0.9782666,0.98116463,0.9723043,0.96663755,0.961891,0.967044,0.9765326,0.9836376,0.9771813,0.9675237,0.9846096,0.9330074,0.9705897,0.96114534,0.9901267,0.9650153,0.9759009,0.9900067,0.9652857,0.9696441,0.97579026,0.9368458,0.985882,0.96340305,0.9767389,0.98232186,0.98215806,0.9529325,0.9590167,0.9872988,0.3461027,0.9802027,0.6500672,0.984029,0.97714996,0.9802016,0.9442333,0.9829114,0.9815513,0.9740781,0.97305286,0.9796498,0.96428144,0.98313177,0.9873397,0.96846557,0.9600746,0.9804696,0.89346904,0.9816481,0.9780142,0.978363,0.95408,0.98470914,0.9562388,0.9627179,0.97520816,0.98494846,0.970578,0.98898554,0.9676236,0.9617094,0.9815161,0.97089034,0.9805681,0.93670046,0.93720424,0.98602813,0.9662941,0.9786463,0.96626246,0.9703746,0.8233507,0.93773854,0.9825086,0.97446144,0.978257,0.9874217,0.97168887,0.98898554,0.9801209,0.96974385,0.9770231,0.96940356
adogsjourneymovie,0.9400225,0.8940165,0.94856143,0.95140237,0.9609356,1.0,0.9574901,0.9412254,0.97034466,0.94346464,0.9567799,0.9336048,0.9397225,0.9614606,0.96311593,0.9466333,0.9537441,0.9395995,0.9367727,0.9551208,0.9556278,0.95802236,0.9594663,0.95119625,0.9626402,0.7305344,0.96425176,0.93673676,0.9672257,0.93287724,0.9441643,0.95896906,0.95229,0.94495,0.8918336,0.79661286,0.95579094,0.9332058,0.9585683,0.9446087,0.95036185,0.97016203,0.8865544,0.96432734,0.97527224,0.96979934,0.9554406,0.9606069,0.9486797,0.95455694,0.96667516,0.96882856,0.9340954,0.93904865,0.9565188,0.9392281,0.9237691,0.96856606,0.9665175,0.9719718,0.965743,0.9604234,0.94762576,0.95417506,0.9669163,0.94582206,0.94425106,0.9708345,0.9515439,0.92372257,0.9661536,0.37549755,0.88131374,0.9509637,0.92197543,0.9251024,0.62540406,0.95655143,0.9569413,0.91682965,0.9260024,0.94595516,0.93211704,0.9413595,0.9559847,0.9487083,0.95125353,0.94636685,0.9577313,0.9632408,0.94837165,0.9661536,0.9066927,0.9687363,0.95715255,0.94608116,0.94694597,0.9546458,0.9598828,0.9573049,0.94621956,0.9647152,0.92190284,0.96005094,0.93891567,0.97237927,0.9427604,0.9363585,0.93614185,0.9457068,0.9663681,0.34606725,0.9692431,0.632124,0.9707719,0.94189763,0.9527671,0.92185545,0.9641247,0.9670335,0.9438839,0.9547999,0.9707721,0.9791086,0.9510685,0.9658319,0.93878984,0.95735615,0.97611994,0.8739961,0.9616985,0.9390738,0.94998264,0.9198329,0.95643103,0.9415476,0.93945694,0.96090996,0.96948373,0.9558166,0.97034466,0.96719503,0.9275607,0.9426761,0.94451237,0.9616954,0.9213838,0.9225384,0.9481003,0.9622824,0.95139223,0.94564694,0.9829043,0.7955183,0.9259502,0.96088654,0.9612406,0.94924855,0.972858,0.9566539,0.97034466,0.9491237,0.9814277,0.9582651,0.96478647
aftermathmovie,0.9636206,0.9523875,0.95590234,0.984111,0.98582345,0.9574901,1.0,0.97887266,0.9875648,0.95941734,0.9790438,0.96229833,0.9670161,0.98577344,0.97822654,0.97999775,0.9636455,0.9719205,0.9635652,0.9449906,0.9768756,0.9403647,0.9699222,0.98338145,0.9547989,0.62734,0.9903073,0.95547336,0.9678142,0.9529499,0.96953416,0.9815407,0.9715063,0.9522146,0.8864551,0.80234045,0.9652361,0.9561494,0.9795141,0.9835177,0.9712085,0.98129344,0.9046937,0.9743905,0.9740086,0.96419376,0.96130246,0.9777663,0.9781104,0.9729295,0.9711285,0.9896993,0.9596355,0.98193413,0.9623618,0.9628135,0.96732014,0.97320765,0.9873296,0.9768323,0.97968274,0.98196745,0.9599622,0.9914463,0.9800805,0.9580765,0.92963314,0.98584104,0.9718332,0.93898535,0.97502303,0.33119982,0.88806796,0.9791463,0.9376606,0.968925,0.58323085,0.9677681,0.97889745,0.9414631,0.96673304,0.9788878,0.98024505,0.96336836,0.9716967,0.96016455,0.97760636,0.972195,0.9606977,0.97722673,0.9581818,0.97502303,0.9190075,0.9593258,0.9601634,0.98702663,0.97610873,0.9872352,0.99553126,0.9624526,0.9692932,0.96336377,0.92708915,0.9791952,0.9580757,0.9729995,0.9758399,0.97964036,0.9500811,0.96504873,0.9825941,0.31568927,0.97659665,0.6055014,0.96844727,0.9824899,0.9798142,0.9238297,0.9895268,0.9951865,0.9812756,0.9608576,0.9792969,0.96999264,0.983375,0.98067313,0.9728807,0.9511722,0.9803817,0.8860651,0.9797027,0.9542356,0.97214013,0.95172393,0.9715131,0.9530901,0.9648073,0.976296,0.98316526,0.9742539,0.9875648,0.96810013,0.949472,0.97868043,0.9577695,0.9814217,0.9358868,0.93526435,0.9884661,0.9769559,0.99412286,0.95155364,0.975036,0.7795769,0.9277569,0.9758099,0.9696053,0.96982586,0.9775292,0.9715732,0.9875648,0.9760957,0.9756771,0.9774084,0.9631311
aftermovie,0.96259606,0.95666665,0.9710981,0.9818172,0.9800108,0.9412254,0.97887266,1.0000001,0.9877034,0.98283577,0.9714394,0.94932646,0.97383785,0.98506826,0.96662766,0.98543847,0.96047854,0.9685678,0.9700323,0.9331589,0.975778,0.95347166,0.9566582,0.9823913,0.9609747,0.6205808,0.9777472,0.9586921,0.9730561,0.9407006,0.9682169,0.9677652,0.96027815,0.966763,0.8549103,0.7870183,0.9643944,0.965769,0.98361623,0.97411376,0.98457724,0.9795744,0.93634933,0.97814035,0.97558343,0.97626585,0.9485712,0.9812698,0.988096,0.97929645,0.9730972,0.98435605,0.9456639,0.96487176,0.9671089,0.97025526,0.9689629,0.9721859,0.9772247,0.9761058,0.98187375,0.98241615,0.96054965,0.97934264,0.9790091,0.96091926,0.9291109,0.9809839,0.97398096,0.8927972,0.9757301,0.29429775,0.91460526,0.99203473,0.93206453,0.96603376,0.56770915,0.97780144,0.9674661,0.9706936,0.95676416,0.9660051,0.9826172,0.96934193,0.96780604,0.96541226,0.9773837,0.98000246,0.9800115,0.9813143,0.96660864,0.9757301,0.9406786,0.97657746,0.9555212,0.986132,0.9792059,0.97966236,0.98646444,0.95489746,0.973639,0.9559376,0.9416771,0.97605467,0.96832633,0.9775086,0.98358315,0.9748832,0.9653837,0.97326297,0.97256714,0.27614486,0.97607327,0.6065865,0.96021676,0.9807344,0.9728015,0.9161479,0.9847246,0.97017896,0.9853071,0.95190704,0.9757733,0.94838005,0.9829747,0.9835349,0.9573901,0.9493966,0.9632633,0.90689653,0.9626235,0.96610874,0.9569214,0.9708746,0.9755419,0.937664,0.94490826,0.9596996,0.9808434,0.9678158,0.9877034,0.97051704,0.9779278,0.957718,0.95118415,0.98374176,0.9561032,0.9064893,0.9744406,0.970233,0.98045284,0.9700105,0.9733868,0.782618,0.9603335,0.98104703,0.973561,0.9782028,0.97794145,0.95842695,0.9877034,0.9751057,0.9721761,0.9804268,0.9698749
ahiddenlifefilm,0.9760604,0.95144516,0.9845951,0.98094225,0.98898554,0.97034466,0.9875648,0.9877034,1.0,0.9843322,0.97936547,0.94929063,0.9686247,0.9942868,0.9818869,0.9908985,0.9814552,0.98387694,0.9741225,0.9533977,0.98969513,0.9686956,0.98164445,0.98719114,0.977227,0.6571401,0.9857804,0.976875,0.9869223,0.9601526,0.97334933,0.97412527,0.96121806,0.9591163,0.8673698,0.7865738,0.9850925,0.9706332,0.9899524,0.9767153,0.9819305,0.9878188,0.93308663,0.99105376,0.9914328,0.9833757,0.97512794,0.99104893,0.9799384,0.9885607,0.99094504,0.992187,0.964624,0.97069347,0.9667539,0.9740663,0.9754388,0.9890717,0.99101317,0.9902981,0.9888229,0.9877976,0.97736704,0.98254925,0.99381894,0.9610062,0.95570314,0.98966646,0.97891265,0.91813445,0.9912859,0.30430648,0.90711904,0.9887987,0.9444844,0.9670972,0.57040805,0.98465633,0.9852618,0.95349336,0.9685244,0.96759206,0.97783184,0.97779644,0.97565407,0.9739972,0.97238684,0.97994494,0.98117083,0.9864423,0.9725961,0.9912859,0.94546545,0.9746415,0.9772574,0.9863764,0.97742796,0.98622537,0.9915121,0.9734526,0.9778541,0.9773508,0.9560991,0.98705685,0.9668981,0.99185294,0.98671633,0.97605747,0.9729931,0.96667767,0.991136,0.28489646,0.9920313,0.5924758,0.9844263,0.9823823,0.9873231,0.9449754,0.99415606,0.9863417,0.98376137,0.9790008,0.98612744,0.9695324,0.9836713,0.9914946,0.9667585,0.9735719,0.98676705,0.9033381,0.9873422,0.97886735,0.98517925,0.96741366,0.9873167,0.96199375,0.9714024,0.9811958,0.993022,0.97730815,1.0,0.98314965,0.96534353,0.9693447,0.95299906,0.98342204,0.95643896,0.9170328,0.9838972,0.9814258,0.98626655,0.98003256,0.9837578,0.7985217,0.96261656,0.99289936,0.9841088,0.9883998,0.9900158,0.98254484,1.0,0.97278845,0.98367876,0.99102587,0.98632
alitamovie,0.94415736,0.9453538,0.9796407,0.9673293,0.97581327,0.94346464,0.95941734,0.98283577,0.9843322,1.0000001,0.971898,0.94688034,0.9643498,0.98174316,0.9506784,0.98513454,0.96249443,0.9741281,0.9511322,0.91608894,0.98173845,0.9614895,0.9666,0.96580005,0.9714894,0.6260059,0.95963055,0.9568684,0.98339295,0.9421872,0.94587415,0.9525516,0.9524533,0.9693391,0.85135424,0.7938968,0.97077733,0.9461315,0.97032756,0.96107,0.9833352,0.98250526,0.9477503,0.9870161,0.98408604,0.9829119,0.9644689,0.9890643,0.9748968,0.9862554,0.98436,0.9782066,0.9476154,0.9456011,0.96412,0.9691256,0.95783955,0.9773014,0.9686811,0.9802561,0.96846414,0.9679988,0.9728254,0.9643432,0.98494047,0.96243966,0.9446889,0.96861607,0.9771885,0.87947553,0.98600537,0.2757084,0.92481667,0.9836135,0.94776267,0.9447187,0.55792165,0.9668582,0.9573934,0.96465534,0.95739716,0.93881625,0.9743185,0.96817106,0.96807265,0.9381851,0.966771,0.9810629,0.98117137,0.97108316,0.9687701,0.98600537,0.96437824,0.9738038,0.9713409,0.9753731,0.971833,0.9582209,0.972093,0.96638596,0.97423375,0.96579254,0.97275645,0.9774676,0.9762811,0.98436415,0.9802577,0.961419,0.97053605,0.96896905,0.96432984,0.26264092,0.9790385,0.58890176,0.97227544,0.9780458,0.95964164,0.9405841,0.97977763,0.95570874,0.97629946,0.9583722,0.97422016,0.93838656,0.9712507,0.98047006,0.95595425,0.96983874,0.96412367,0.9230377,0.9703503,0.98095256,0.9614388,0.9800571,0.97708464,0.9337153,0.93208396,0.95934695,0.98527855,0.9610757,0.9843322,0.96517104,0.97806025,0.93416834,0.93057835,0.9749108,0.95816106,0.894404,0.9621316,0.95522,0.96331173,0.97926056,0.96149856,0.76744896,0.96797264,0.9817866,0.98141193,0.9874117,0.9675105,0.96244663,0.9843322,0.9598532,0.95617247,0.9840931,0.9795087
angelhasfallen,0.9385022,0.95941037,0.9581749,0.9792288,0.9712325,0.9567799,0.9790438,0.9714394,0.97936547,0.971898,0.99999994,0.9634676,0.9586518,0.9761749,0.95417356,0.9793177,0.9607133,0.9546334,0.94258,0.92024356,0.97870195,0.9449078,0.9598948,0.9665878,0.9519944,0.64365923,0.9734393,0.9357288,0.970715,0.94538534,0.95142746,0.97810245,0.97957486,0.96918243,0.873213,0.795721,0.9584959,0.93436766,0.9701269,0.9787141,0.98014206,0.9830435,0.9094316,0.9748169,0.978338,0.96822,0.9548683,0.9862192,0.9722469,0.9708299,0.9695068,0.987862,0.9453151,0.96575856,0.9674269,0.9672401,0.9559375,0.9751653,0.9705341,0.9700087,0.97045577,0.9738998,0.95568126,0.98107064,0.9739175,0.9705819,0.9106925,0.9802283,0.9841148,0.9092862,0.9700593,0.28376687,0.91970134,0.9724546,0.9470114,0.94925356,0.56569195,0.9498515,0.9562547,0.95416605,0.9815944,0.9559008,0.96602046,0.9693337,0.9722986,0.9309794,0.98171544,0.97048193,0.9578228,0.9602889,0.97436315,0.9700593,0.92787963,0.9606568,0.9592512,0.98592854,0.9714101,0.9728608,0.97897285,0.9510075,0.9555331,0.95289564,0.9407,0.96771646,0.9652131,0.97074074,0.9565969,0.9643026,0.957157,0.97433937,0.9641848,0.27740386,0.9805028,0.57910264,0.9716626,0.9780111,0.9648083,0.9222881,0.98626035,0.9762214,0.98179656,0.95482886,0.9849411,0.9637826,0.972788,0.97518635,0.9620678,0.95317173,0.9684961,0.90351903,0.9699111,0.9638562,0.95489824,0.9693491,0.96983415,0.93990016,0.94492745,0.9825411,0.98034495,0.94723386,0.97936547,0.9621852,0.9485279,0.9545702,0.9455655,0.9824087,0.9397433,0.92995906,0.968731,0.97256535,0.9762189,0.9533584,0.9690226,0.72355723,0.937684,0.9692577,0.96575266,0.9663238,0.965599,0.9628785,0.97936547,0.95986575,0.9688158,0.97563934,0.9618179
angrybirdsmovie,0.9136714,0.9563862,0.9262026,0.9700822,0.9618505,0.9336048,0.96229833,0.94932646,0.94929063,0.94688034,0.9634676,0.9999998,0.96012074,0.957446,0.9306006,0.95531684,0.9320477,0.94177383,0.91553897,0.91175616,0.9419133,0.9247737,0.9437357,0.9441158,0.9240436,0.61100906,0.9585865,0.9143881,0.9561287,0.93887186,0.9154052,0.96826285,0.96948457,0.9615553,0.9409584,0.8716111,0.9227186,0.9063994,0.9461745,0.9709772,0.953617,0.97045445,0.8924452,0.9530764,0.94879633,0.9522301,0.9410196,0.9543703,0.9579873,0.95655704,0.9519058,0.9660834,0.93335384,0.9736686,0.9712595,0.9437052,0.91613066,0.9309368,0.95108825,0.9571496,0.950258,0.9642935,0.94003457,0.9694037,0.9490953,0.9629544,0.8874624,0.9518198,0.950609,0.92649746,0.9517144,0.36264342,0.9262522,0.95299774,0.9524046,0.92718303,0.65002406,0.9181522,0.9339339,0.91400385,0.92299485,0.95451725,0.9613892,0.9457231,0.96536505,0.90300226,0.9731125,0.96304137,0.9350097,0.9560506,0.95486116,0.9517144,0.9183909,0.95570034,0.94510585,0.96334153,0.96451247,0.9485354,0.96142924,0.9427746,0.94047713,0.9527952,0.9019301,0.9702664,0.9643001,0.95498294,0.94291836,0.94748133,0.932117,0.9627019,0.93973076,0.35836732,0.9315137,0.680519,0.93455136,0.9724955,0.94018275,0.90891576,0.9551208,0.94808996,0.9633437,0.9054354,0.9580932,0.9565474,0.9623687,0.9449997,0.95713663,0.94080687,0.9566454,0.93452495,0.94863284,0.93471014,0.922023,0.9259541,0.9240378,0.9164479,0.91458434,0.94539905,0.963714,0.95069677,0.94929063,0.94526005,0.93825674,0.94005483,0.9555333,0.97349524,0.93244857,0.9530433,0.95891064,0.9458822,0.9623326,0.93431664,0.95330626,0.72220767,0.8860696,0.9293576,0.95215344,0.9457625,0.93196094,0.9179428,0.94929063,0.95682365,0.94879943,0.95579296,0.941074
annabellemovie,0.9418399,0.93662465,0.9501018,0.98345304,0.9749395,0.9397225,0.9670161,0.97383785,0.9686247,0.9643498,0.9586518,0.96012074,0.99999994,0.96840477,0.94685304,0.97863144,0.9443582,0.97047436,0.94764394,0.91638243,0.9711995,0.924545,0.96357703,0.9782813,0.964831,0.55802053,0.96106595,0.9466729,0.9515215,0.91847056,0.93435436,0.95872885,0.9521322,0.9438538,0.9211477,0.82650495,0.9594641,0.9573717,0.9626824,0.969931,0.9693594,0.9782119,0.9339579,0.97656846,0.96133757,0.9614968,0.96432835,0.9638354,0.98239166,0.9807346,0.95980537,0.97943884,0.9543573,0.9543558,0.97537166,0.92682636,0.94010997,0.9587905,0.97822523,0.9717641,0.96413624,0.97485584,0.97035766,0.9741774,0.97170687,0.9638037,0.9443166,0.9704569,0.9516813,0.93310696,0.97324526,0.3279259,0.88426423,0.97695875,0.96631193,0.96314067,0.6037796,0.95562106,0.96122223,0.94062775,0.93504345,0.9737962,0.9843491,0.9648032,0.9715465,0.93283373,0.9665911,0.98630685,0.97622263,0.9741584,0.9423115,0.97324526,0.9571253,0.9756103,0.9530108,0.9736352,0.9677635,0.9592211,0.9702865,0.9650999,0.97974455,0.96236825,0.91108114,0.9822091,0.9585562,0.959868,0.9695818,0.9857703,0.96226126,0.9770515,0.9689274,0.31941363,0.9565464,0.6412919,0.9594989,0.97139174,0.95067644,0.9558232,0.9699202,0.9586862,0.96748954,0.94805074,0.958921,0.9380136,0.96213406,0.9702651,0.971367,0.9421615,0.9545914,0.93763214,0.9685758,0.95594704,0.93769884,0.93052095,0.96048474,0.9075584,0.93698186,0.96076316,0.9748825,0.96842146,0.9686247,0.94188106,0.970655,0.96798444,0.9552517,0.9819758,0.937857,0.96219283,0.9785788,0.94435894,0.9621143,0.9653013,0.9664704,0.77329,0.93323183,0.96957374,0.9634949,0.9625662,0.9577377,0.95248306,0.9686247,0.96276414,0.95756674,0.9771803,0.9505566
annamovie,0.97638786,0.9527333,0.97354287,0.9788051,0.996815,0.9614606,0.98577344,0.98506826,0.9942868,0.98174316,0.9761749,0.957446,0.96840477,0.99999994,0.98906213,0.98927087,0.9866122,0.98485875,0.9803297,0.9612459,0.98637193,0.9567413,0.97099507,0.9885008,0.9631591,0.6556519,0.988007,0.9771158,0.9824826,0.97064847,0.9783979,0.9802481,0.95654356,0.951921,0.88577986,0.8238048,0.96995664,0.97363293,0.9814197,0.9815922,0.9784226,0.9821835,0.90865946,0.9830979,0.98199475,0.9734814,0.96297026,0.9807233,0.9786845,0.9834208,0.983079,0.9914514,0.95039886,0.97127163,0.965816,0.9784327,0.96640027,0.9860161,0.9914104,0.9840787,0.9823248,0.9856644,0.969718,0.986692,0.99173754,0.9712314,0.9476985,0.9877864,0.97568953,0.9353891,0.9842656,0.3474802,0.91584206,0.9889808,0.95263875,0.9790061,0.6184655,0.98148274,0.9826804,0.95272166,0.9700994,0.9735131,0.97758013,0.9776036,0.9662347,0.9686188,0.9689135,0.97703683,0.9814143,0.9797105,0.97791284,0.9842656,0.9322359,0.9714526,0.963211,0.9926722,0.9681026,0.9838647,0.99068266,0.96406287,0.9666448,0.97389513,0.94563496,0.9841757,0.9648795,0.98250294,0.985167,0.97673345,0.9611127,0.96040046,0.98877513,0.33367836,0.98539966,0.63883895,0.98514885,0.9784163,0.9849407,0.9387243,0.9880638,0.9821461,0.97905165,0.9741677,0.98521274,0.96681684,0.98702174,0.9898827,0.966562,0.96562785,0.9804627,0.8975071,0.98065495,0.9808535,0.9835504,0.96582824,0.98681885,0.9670386,0.9664397,0.9800151,0.9852541,0.9685005,0.9942868,0.97558284,0.9607508,0.9776606,0.9673674,0.9807191,0.9451387,0.92440856,0.98387164,0.9735077,0.98222053,0.97201395,0.97453904,0.8159784,0.9455672,0.98516196,0.97944766,0.9827935,0.99077344,0.9739489,0.9942868,0.9801774,0.9752305,0.9811461,0.9763017
apollo11movie,0.9780034,0.92551446,0.9506236,0.9575355,0.9876331,0.96311593,0.97822654,0.96662766,0.9818869,0.9506784,0.95417356,0.9306006,0.94685304,0.98906213,1.0000001,0.9685153,0.9773013,0.9682718,0.98373187,0.97671705,0.97000366,0.93657446,0.95306593,0.9785641,0.9489575,0.6743725,0.9831985,0.9661818,0.9572954,0.9686742,0.9842693,0.9675215,0.9331608,0.9217729,0.87747437,0.80900335,0.95127845,0.97488385,0.9626971,0.9606146,0.9520713,0.95930403,0.8640202,0.9569427,0.9610439,0.9511726,0.9398888,0.9571805,0.95758855,0.95585597,0.9607115,0.97538024,0.93414235,0.9617577,0.9402745,0.96619135,0.9570663,0.9748633,0.98344797,0.96981335,0.9684443,0.97075075,0.94028616,0.97373265,0.9795822,0.9518011,0.9360067,0.9766686,0.9579635,0.94075,0.9644469,0.39169872,0.89058465,0.97142124,0.9302464,0.97501403,0.6416733,0.9772001,0.97386295,0.92751294,0.9529599,0.968038,0.95289505,0.9537662,0.94528854,0.9721557,0.941882,0.9525994,0.96761894,0.9618594,0.9598182,0.9644469,0.88488543,0.95178944,0.93917716,0.97746104,0.94378054,0.9790591,0.982398,0.9475812,0.94139045,0.95595044,0.9084481,0.96390575,0.93704766,0.9619636,0.9716833,0.9624287,0.93607384,0.9321692,0.9806061,0.37449554,0.9723612,0.6516081,0.9780606,0.95373535,0.9789804,0.9130242,0.9697295,0.97608453,0.95639515,0.96857077,0.97140855,0.97082984,0.9725951,0.97470903,0.9522738,0.94124335,0.9700615,0.84495085,0.96630126,0.9560065,0.98019344,0.93747586,0.97781813,0.97342974,0.96618515,0.96445334,0.96617204,0.9510021,0.9818869,0.9590818,0.929588,0.9798036,0.9657083,0.9565105,0.91470116,0.91422206,0.9695419,0.9684019,0.9682166,0.94717485,0.9660446,0.84731174,0.92026466,0.97295606,0.9625394,0.95965946,0.9869696,0.96730566,0.9818869,0.9704367,0.96621114,0.9590097,0.9564914
arcticdogsmovie,0.9659039,0.9639657,0.97334903,0.98295724,0.98596627,0.9466333,0.97999775,0.98543847,0.9908985,0.98513454,0.9793177,0.95531684,0.97863144,0.98927087,0.9685153,0.9999999,0.9788973,0.9878478,0.9652354,0.9295285,0.98940873,0.9509881,0.97394717,0.9858677,0.96750814,0.5915681,0.9749312,0.9718299,0.97379076,0.9468695,0.9546971,0.9712486,0.95285195,0.9526725,0.87049615,0.78246063,0.9732473,0.96946216,0.97891194,0.9791452,0.97896475,0.9871233,0.9382513,0.9884604,0.9792072,0.9722276,0.97034705,0.9888965,0.9814172,0.99225557,0.9807323,0.98765785,0.96228075,0.9657255,0.9671642,0.96223915,0.9634681,0.98242366,0.9854114,0.98438716,0.9783466,0.9859632,0.9764826,0.98463243,0.987879,0.9682096,0.9466305,0.9818334,0.97228783,0.90892327,0.988242,0.25560096,0.90911674,0.98743814,0.9546812,0.97132003,0.54472125,0.97288454,0.97812706,0.9563865,0.97296697,0.9681268,0.98592883,0.9854328,0.9696089,0.95138705,0.9704689,0.9847835,0.98057044,0.97522366,0.9728785,0.988242,0.9578863,0.96312386,0.9640763,0.99056995,0.971286,0.9772132,0.9825595,0.96072984,0.97456414,0.97021306,0.9432393,0.9867215,0.9605899,0.97866905,0.9842054,0.9871099,0.9743647,0.9677897,0.9805997,0.24579227,0.9839151,0.5767103,0.9781378,0.9800367,0.9767573,0.95412904,0.9885503,0.9733569,0.9870002,0.9754949,0.97376764,0.95257723,0.9716963,0.98260206,0.9676363,0.9595123,0.97162867,0.91829705,0.9822741,0.9828827,0.9769106,0.9684101,0.98331213,0.94005656,0.9602344,0.98199224,0.986601,0.96851504,0.9908985,0.96517575,0.96960986,0.9698734,0.9572321,0.98062164,0.9531365,0.92653,0.98764634,0.963971,0.98269343,0.9776331,0.96726847,0.7684766,0.9559925,0.9905466,0.97385377,0.988557,0.9736616,0.97291154,0.9908985,0.9671646,0.96533215,0.9892023,0.9709509
arcticmovie,0.98286986,0.9357449,0.9665378,0.96422845,0.98083556,0.9537441,0.9636455,0.96047854,0.9814552,0.96249443,0.9607133,0.9320477,0.9443582,0.9866122,0.9773013,0.9788973,1.0000001,0.9793978,0.97642523,0.9542143,0.972546,0.9609811,0.95834243,0.9703797,0.94152874,0.6377969,0.9741968,0.9874808,0.97511667,0.9570545,0.9684461,0.97169715,0.9231192,0.91835797,0.86791337,0.78915805,0.9609919,0.9755561,0.97166765,0.96772856,0.9479117,0.96467435,0.88573676,0.97171044,0.9732453,0.9523273,0.9532138,0.96526104,0.94932026,0.9727411,0.9766183,0.9734771,0.92908114,0.947236,0.94826293,0.95576495,0.9435846,0.97935003,0.98163974,0.9726834,0.97190297,0.9788603,0.96358794,0.9658838,0.97684526,0.96186715,0.9464413,0.97244394,0.94550025,0.91862273,0.9714456,0.31750908,0.8896989,0.967712,0.933386,0.9664236,0.5913197,0.9720913,0.9817879,0.9223059,0.9583047,0.95796996,0.94788814,0.98261917,0.94486713,0.9670419,0.9415449,0.94924235,0.96717626,0.958287,0.97729105,0.9714456,0.923347,0.9460521,0.94677824,0.97610265,0.9343447,0.96622866,0.96572244,0.93242174,0.9399687,0.96494305,0.9301016,0.96740824,0.9303912,0.9714948,0.95597655,0.95868087,0.95403266,0.9250647,0.98217887,0.29904497,0.9811755,0.6112893,0.97820437,0.9526873,0.98463416,0.9421356,0.9691338,0.96481425,0.95606697,0.9817319,0.96881366,0.955274,0.96266896,0.97742313,0.93171483,0.95875806,0.97336406,0.8769558,0.9697387,0.9821883,0.9813606,0.9363709,0.97845584,0.9559003,0.9709156,0.97994626,0.96804464,0.94085807,0.9814552,0.9738285,0.9332895,0.9694092,0.9580944,0.9615487,0.93638617,0.9037681,0.969861,0.9623852,0.96184,0.96688026,0.95588845,0.81043684,0.9320472,0.97557783,0.9516872,0.96891826,0.9836744,0.96389276,0.9814552,0.94815737,0.9654802,0.9649778,0.96453935
artofracingmovie,0.97628284,0.93601716,0.9726855,0.9694882,0.9865245,0.9395995,0.9719205,0.9685678,0.98387694,0.9741281,0.9546334,0.94177383,0.97047436,0.98485875,0.9682718,0.9878478,0.9793978,1.0,0.9717702,0.93192357,0.98010355,0.95075446,0.9756769,0.9748667,0.96768016,0.5581632,0.9660682,0.9860209,0.9681015,0.94754475,0.95453304,0.9562832,0.9246476,0.92282665,0.8846447,0.7971212,0.9781615,0.97494155,0.9663955,0.96291333,0.95269006,0.97301877,0.9292094,0.9822689,0.97580165,0.95974636,0.9747794,0.97495013,0.9600991,0.98450047,0.98237836,0.97343814,0.9599202,0.95551974,0.94883966,0.94906163,0.9604289,0.97657025,0.98623484,0.9858973,0.9713504,0.97596455,0.9845764,0.96817845,0.98655194,0.9525061,0.968984,0.96679634,0.94933236,0.92216563,0.98924416,0.32370052,0.8802336,0.9768605,0.9543004,0.96469414,0.5777456,0.97133684,0.98260933,0.92105,0.9499127,0.96104157,0.97591114,0.9772263,0.9614716,0.95522785,0.94726366,0.9689685,0.9752612,0.9688016,0.9555735,0.98924416,0.95808816,0.94965947,0.96777934,0.97366244,0.9579024,0.9591058,0.9762324,0.96403176,0.9746226,0.9795246,0.9420399,0.98624796,0.95104384,0.9750502,0.97835,0.97896767,0.96277994,0.9401458,0.9831749,0.30818227,0.97455573,0.6098168,0.9762008,0.97164303,0.9798188,0.9658972,0.9733006,0.9666078,0.9637318,0.9800273,0.9568396,0.9389482,0.9624759,0.97371966,0.9555873,0.96304303,0.97448343,0.90587246,0.9865529,0.9836542,0.9837988,0.93856853,0.97699684,0.9409929,0.9700953,0.96821034,0.98268396,0.9683472,0.98387694,0.96092993,0.95869565,0.97162163,0.94058156,0.966634,0.95158476,0.92192894,0.985537,0.9558061,0.96807015,0.97845685,0.952281,0.82073456,0.9493109,0.98676085,0.966565,0.9847793,0.9711689,0.9728071,0.98387694,0.94705385,0.9530888,0.98008245,0.97106296
avengers,0.9911641,0.9216853,0.9590096,0.95653594,0.97764087,0.9367727,0.9635652,0.9700323,0.9741225,0.9511322,0.94258,0.91553897,0.94764394,0.9803297,0.98373187,0.9652354,0.97642523,0.9717702,1.0000001,0.9650455,0.96166146,0.9488541,0.9376928,0.9652026,0.9404601,0.602681,0.9752081,0.9776537,0.9532449,0.9553475,0.9905577,0.95707273,0.91355413,0.90878415,0.8626554,0.801098,0.9551864,0.9889894,0.95834696,0.9535621,0.9393346,0.9447015,0.8727466,0.95030034,0.95872056,0.9469387,0.9270864,0.9518841,0.9472258,0.9498976,0.9608687,0.9622819,0.91814137,0.94788677,0.93729216,0.9569959,0.96025753,0.9638462,0.97681946,0.9665979,0.9677056,0.9721843,0.943597,0.95664656,0.97142196,0.95112073,0.930711,0.9617045,0.94157,0.91687506,0.9582074,0.39853492,0.88519466,0.9714394,0.92316014,0.9676672,0.6363061,0.9761832,0.96615154,0.918741,0.9356101,0.95918894,0.945012,0.9625595,0.94469875,0.97997797,0.9310549,0.94242954,0.9679027,0.9494374,0.96359646,0.9582074,0.89957446,0.9470437,0.93498373,0.96893823,0.9375552,0.966724,0.9753403,0.9314188,0.9402838,0.9485181,0.91256046,0.95775557,0.9325735,0.95864767,0.95955235,0.95558655,0.94099295,0.9204197,0.9721743,0.37721375,0.9668274,0.66323864,0.9647008,0.9518487,0.9842219,0.91036516,0.9530511,0.9568357,0.94556445,0.9627018,0.9600416,0.9445617,0.9674743,0.96916467,0.9283051,0.93651146,0.9553046,0.85627675,0.955224,0.96649015,0.96631765,0.922036,0.9694995,0.9581105,0.9653738,0.94975984,0.96031564,0.9354579,0.9741225,0.9614827,0.9356682,0.9715113,0.9469273,0.95407325,0.9346055,0.8970552,0.9588682,0.9688347,0.9518929,0.95999724,0.9475796,0.8605722,0.92902744,0.97142375,0.9450753,0.9574638,0.9794002,0.95485914,0.9741225,0.9450391,0.95439374,0.9528075,0.9566193
beachbummovie,0.9624628,0.8977635,0.92791086,0.93061817,0.95410514,0.9551208,0.9449906,0.9331589,0.9533977,0.91608894,0.92024356,0.91175616,0.91638243,0.9612459,0.97671705,0.9295285,0.9542143,0.93192357,0.9650455,1.0000002,0.92762566,0.9333728,0.92229116,0.9487241,0.9161225,0.7335875,0.96552867,0.93899256,0.9399055,0.9623526,0.96190554,0.9529146,0.9196122,0.8984369,0.8814949,0.8501892,0.9304535,0.9493042,0.9415608,0.9391317,0.9230977,0.92738825,0.82403123,0.922549,0.93679905,0.9342527,0.9072588,0.9242479,0.92658705,0.92043895,0.9375726,0.9477043,0.89537746,0.94002473,0.9238009,0.94102734,0.9184827,0.9378476,0.95608324,0.94385827,0.9549731,0.95865303,0.9081373,0.94384086,0.946521,0.93236387,0.8989107,0.9538946,0.9206427,0.93558884,0.9312146,0.4868094,0.8778874,0.9365673,0.90310687,0.94398725,0.72583425,0.9500206,0.9437223,0.88659996,0.9015406,0.9466543,0.9105546,0.9311545,0.91723794,0.9684406,0.9135482,0.9170371,0.93353975,0.94412386,0.9484581,0.9312146,0.849087,0.9409186,0.9131695,0.9391828,0.9173523,0.96090585,0.9531204,0.9221369,0.9021116,0.9411841,0.87821805,0.9402662,0.9058595,0.94162744,0.9335208,0.9194876,0.90450054,0.9002125,0.9571869,0.47201002,0.9365031,0.7310115,0.94621557,0.92124254,0.9597375,0.87312835,0.93456,0.9440975,0.9264665,0.9259475,0.94964564,0.95974004,0.9489772,0.944723,0.9157141,0.92128646,0.9480245,0.85107476,0.93182784,0.9244933,0.942354,0.8913835,0.9337409,0.9662155,0.945717,0.9354232,0.9336237,0.92741245,0.9533977,0.95272946,0.8921918,0.9503324,0.9528625,0.9349028,0.9008447,0.8942834,0.93537325,0.95368963,0.9354676,0.92471516,0.95690966,0.8606257,0.8866683,0.934111,0.942483,0.9227687,0.9636191,0.923863,0.9533977,0.9426821,0.9587252,0.9276898,0.9354586
bernadettefilm,0.95570844,0.95014775,0.97674996,0.97514033,0.98328775,0.9556278,0.9768756,0.975778,0.98969513,0.98173845,0.97870195,0.9419133,0.9711995,0.98637193,0.97000366,0.98940873,0.972546,0.98010355,0.96166146,0.92762566,1.0000001,0.9401963,0.9821815,0.9826333,0.9750461,0.6237393,0.9697786,0.9681901,0.9721909,0.95459294,0.96140045,0.95678157,0.949265,0.94435716,0.870243,0.7818727,0.9784814,0.9636366,0.97626066,0.96746767,0.9793792,0.98060346,0.9246895,0.9891465,0.97771657,0.96934265,0.97777843,0.9830993,0.97134477,0.98740697,0.9802063,0.9874453,0.9676193,0.960261,0.96230644,0.95868516,0.97438335,0.9845352,0.98306376,0.97659284,0.96614116,0.97128713,0.9720132,0.97259283,0.9903365,0.95964104,0.95045596,0.97718364,0.98067474,0.9212922,0.98288757,0.27499136,0.90703493,0.98083913,0.9648804,0.9622366,0.55155283,0.97185004,0.9746541,0.9498787,0.97622097,0.95598835,0.97294813,0.97017807,0.9778598,0.9417144,0.9590363,0.9844315,0.97746915,0.9672685,0.9620842,0.98288757,0.94386995,0.96320057,0.9731727,0.98655593,0.96279573,0.9760502,0.98022133,0.97487426,0.97320557,0.958385,0.9498872,0.97756124,0.9652768,0.9783584,0.98211354,0.9752881,0.9793007,0.96830106,0.9828991,0.2657835,0.98641706,0.5632288,0.99048847,0.97705185,0.970127,0.9623268,0.9869007,0.9759364,0.97248083,0.98038447,0.983093,0.9579862,0.97514635,0.9861324,0.9794939,0.9703539,0.9721152,0.8990217,0.9875258,0.97579354,0.9812964,0.9666128,0.9893187,0.95403814,0.96232194,0.9821571,0.98656374,0.95728683,0.98969513,0.9548005,0.95551515,0.96851736,0.93926495,0.9706303,0.93460304,0.9275981,0.97488815,0.96504486,0.97281176,0.9756937,0.9661901,0.76787084,0.9458911,0.9874736,0.97841257,0.98095936,0.97602504,0.9876836,0.98969513,0.96663684,0.9613204,0.98934317,0.97564805
