movie,21bridgesmovie,47metersdown,abeautifuldaymovie,abominablemovie,adastramovie,adogsjourneymovie,aftermathmovie,aftermovie,ahiddenlifefilm,alitamovie,angelhasfallen,angrybirdsmovie,annabellemovie,annamovie,apollo11movie,arcticdogsmovie,arcticmovie,artofracingmovie,avengers,beachbummovie,bernadettefilm,blackandbluemovie,blackchristmas,blindedbythelightmovie,bombshellmovie,booksmart,breakthroughmovie,brianbanksmovie,brightburnmovie,brittanyrunsmov,captainmarvelofficial,captivestatemovie,catsmovie,charliesangels,childsplaymovie,clarathefilm,coldpursuitmovie,countdown,currentwarmovie,darkwatersmovie,detectivepikachumovie,disneyaladdin,disneyfrozen,disneymaleficent,doctorsleepmovie,dolemiteismyname,dontletgomovie,doramovie,downtonabbey_official,dumbo,escaperoom,everybodyknowsmovie,fastandfuriousmovie,fightingwmyfam,fivefeetapartfilm,fordvferrari,freaksthefilm,geminimanmovie,glassmovie,gloriabellmovie,godzillamovie,goldfinchmovie,goodboysmovie,goodliarmovie,gretafilm,halathemovie,happydeathdaymovie,harrietfilm,hellboymovie,hersmellmovie,highlifemovie,highstrungmovie,honeyboymovie,hotelmumbaifilm,httydragon,hustlemovie,hustlersmovie,isntitromantic,itmovieofficial,jayandsilentbob,johnwickmovie,jojorabbitmovie,jokermovie,judythefilm,jumanjimovie,justmercyfilm,knivesout,lalloronamovie,lastblackmansf,lastchristmasthemovie,latenightmovie,lighthousemovie,lionking,littlethemovie,littlewomenmovie,littlewoodsfilm,longshotmovie,lordsofchaosmovie,lucyintheskyfilm,mamovie2019,marriagestory,meettheaddams,meninblack,midsommarmovie,midwaymovie,missbalamovie,missinglinkfilm,motherlessbklyn,onceinhollywood,onthebasisofsex,overcomermovie,peanutbutterfalcon,petsematarymovie,piercingmovie,playingwithfire,playmobilthemovie,pomsmovie,queenandslim,rambomovie,readyornotfilm,richardjewellfilm,rocketmanmovie,scarystoriesmovie,secretlifeofpets,serenityfilm,shaftmovie,shazammovie,spidermanmovie,spiesindisguise,starwars,stormboymovie,stubermovie,taosdfilm,teenspiritmov,terminator,theaeronautsmov,thebestofenemies,thedeaddontdie,thefarewell,thehighwaymen,thehummingbirdprojectfilm,theintrudermovie,theirishmanfilm,thekitchenmovie,thelegomovie,themustangfilm,thenightingalefilm,theprodigymovie,thesunisalsoastar,theupsidefilm,tolkienmovie,toystory,triplefrontier,uglydolls,uncutgems,underthesilverlake,usmovie,wavesmovie,whatmenwant,wonderparkmovie,wrinklestheclown,xmenmovies,yardiefilm,yesterdaymovie,zombieland
21bridgesmovie,1.0,0.9704691,0.9667467,0.9516745,0.9703749,0.9436774,0.96483207,0.9643902,0.98115456,0.9588708,0.9503333,0.9358381,0.9750324,0.95737445,0.9511511,0.95062166,0.9575286,0.9557952,0.96342355,0.9106031,0.9457196,0.9478392,0.9558245,0.9643787,0.94448197,0.62595177,0.94671696,0.9369589,0.970619,0.96412075,0.97073406,0.96048445,0.9552652,0.9460534,0.88878876,0.81793404,0.96908724,0.9729606,0.9660807,0.95437855,0.9480152,0.9657085,0.9384655,0.958927,0.97876257,0.97037643,0.95343506,0.92932224,0.9377493,0.9703547,0.97229123,0.9694483,0.9432774,0.9215493,0.9244541,0.972748,0.93083245,0.9615223,0.9688371,0.96939296,0.9336782,0.9413031,0.9630853,0.96704787,0.97124475,0.943922,0.92771363,0.9582168,0.93802667,0.904835,0.97528154,0.4347441,0.9175719,0.97434235,0.8981512,0.93579143,0.7349508,0.93917793,0.9605863,0.92099196,0.9570843,0.9563431,0.956349,0.9567157,0.9502812,0.96128505,0.9619961,0.97064966,0.9441057,0.9733905,0.9489994,0.97528154,0.9214347,0.96058196,0.94843596,0.95847887,0.9601104,0.9627993,0.9531126,0.92430514,0.9694372,0.9522181,0.9722859,0.95996183,0.9292557,0.9653759,0.97387,0.949647,0.92535347,0.95227927,0.9726586,0.46381778,0.9668046,0.64519405,0.94538176,0.9858993,0.99109393,0.9212494,0.9685486,0.9545805,0.9681216,0.95052695,0.96291035,0.9425429,0.9604548,0.9738592,0.96189374,0.92371607,0.9554482,0.84509486,0.9518346,0.97231436,0.9582957,0.93071586,0.96546674,0.95061713,0.9884462,0.9570926,0.9809927,0.93513757,0.98115456,0.9686115,0.96723944,0.95980227,0.95286626,0.97185004,0.96334904,0.935302,0.9507007,0.9677578,0.9639591,0.95293635,0.9548159,0.903276,0.9561396,0.95228744,0.92270935,0.9614577,0.9835862,0.96175224,0.98115456,0.9751978,0.97241366,0.9588728,0.92711514
47metersdown,0.9704691,1.0000001,0.9799135,0.9318767,0.96369505,0.96257645,0.9770727,0.9590538,0.97983414,0.9607994,0.93389523,0.9249086,0.985842,0.9549372,0.9465319,0.9688445,0.9764977,0.959212,0.94009227,0.89238435,0.93106574,0.9288469,0.95491403,0.95113945,0.9513221,0.6296746,0.94345105,0.9513823,0.9628224,0.95930266,0.96194357,0.9588358,0.93603325,0.94975674,0.8881722,0.79938567,0.9797503,0.9689001,0.9549165,0.9414514,0.9653184,0.946852,0.90488935,0.94546735,0.9677688,0.9477395,0.9565788,0.9420527,0.9340914,0.9558306,0.9827506,0.9750186,0.95463955,0.945316,0.9270351,0.97702605,0.9344139,0.9591754,0.9547336,0.9756139,0.9364369,0.93521214,0.9674431,0.961362,0.9755808,0.93739974,0.92473406,0.9722607,0.9311848,0.87043196,0.97974455,0.4436149,0.92121094,0.97563404,0.8701357,0.9266526,0.7049603,0.94954336,0.96352464,0.9638031,0.9153475,0.9780892,0.9470831,0.949622,0.9669271,0.94410264,0.9611515,0.982081,0.96055067,0.9679447,0.9493262,0.97974455,0.90594196,0.9380772,0.9722079,0.9507362,0.9339354,0.9649988,0.9535389,0.9224241,0.9650464,0.9388616,0.9548863,0.9717157,0.94813114,0.97618353,0.97897106,0.9548395,0.9353839,0.9390972,0.9620069,0.47674286,0.96270925,0.6288196,0.9378467,0.9659878,0.9759168,0.9108941,0.9667755,0.9629395,0.9558198,0.94969946,0.96151316,0.9612059,0.9643474,0.94523585,0.97634643,0.95389694,0.92980987,0.8359102,0.95289564,0.973208,0.97764766,0.9440511,0.9583885,0.9584528,0.9610277,0.96539015,0.9829845,0.92701954,0.97983414,0.9726857,0.9667444,0.9558204,0.9484925,0.96859807,0.952815,0.93934995,0.9474643,0.9566529,0.96983796,0.961988,0.9634452,0.85825455,0.9643861,0.96774083,0.9358936,0.9563821,0.9736703,0.96265864,0.97983414,0.9728851,0.95890534,0.9430403,0.9553272
abeautifuldaymovie,0.9667467,0.9799135,1.0,0.94153905,0.9663129,0.922707,0.97467196,0.97174144,0.9828282,0.9492536,0.94047993,0.93447423,0.98149097,0.95559525,0.96544504,0.965439,0.9665808,0.9691747,0.9460916,0.9125132,0.95312685,0.9406429,0.9501555,0.97308606,0.94297427,0.5963952,0.975491,0.94221514,0.9583386,0.9630018,0.9777991,0.96044475,0.93173504,0.94822794,0.8637183,0.7758188,0.98771095,0.959536,0.9599684,0.93946,0.95836204,0.963022,0.92834514,0.9521022,0.9669779,0.9565108,0.94220746,0.9387807,0.9342207,0.9667382,0.9803402,0.97583765,0.96395856,0.95696723,0.94386613,0.9764067,0.90534776,0.9646987,0.97262853,0.9816284,0.93745935,0.9403496,0.9643198,0.9726926,0.9710276,0.94527924,0.90774566,0.96342397,0.9461906,0.8784722,0.98547816,0.43521857,0.90925074,0.97268873,0.87728274,0.93100226,0.6877175,0.9456327,0.97038937,0.93738997,0.92363495,0.97656965,0.96274465,0.95483786,0.97214967,0.9505144,0.9542045,0.97708803,0.9566373,0.9703798,0.95516384,0.98547816,0.9299811,0.9435974,0.98070955,0.95913696,0.9418946,0.97446656,0.96141714,0.908674,0.9686861,0.9298288,0.95748776,0.97556627,0.9393036,0.97735786,0.9832934,0.9674157,0.90515095,0.9373439,0.98284674,0.45778605,0.9612002,0.60470134,0.9599417,0.9709443,0.9735587,0.9126412,0.9660778,0.95983887,0.963467,0.9554322,0.9747357,0.938188,0.9561493,0.95917886,0.9725811,0.9626695,0.9462897,0.85029304,0.964585,0.97489965,0.97736585,0.94587857,0.9652148,0.963818,0.961597,0.96427375,0.9838887,0.9345969,0.9828282,0.9800303,0.9609448,0.96546364,0.95974517,0.9753172,0.9453995,0.9207528,0.9627246,0.9445583,0.9706406,0.98158324,0.9651255,0.86928296,0.94844115,0.97867024,0.9373236,0.9746739,0.97593045,0.9645308,0.9828282,0.9708065,0.97266614,0.946166,0.9457995
abominablemovie,0.9516745,0.9318767,0.94153905,1.0,0.9615505,0.8800532,0.9344439,0.96826446,0.9667562,0.9508145,0.9485432,0.9464281,0.9594555,0.96432346,0.9786159,0.951978,0.93686205,0.9566016,0.9153377,0.93404764,0.939553,0.9640903,0.9503086,0.9398452,0.94287646,0.5902366,0.9470453,0.9350022,0.947592,0.94032717,0.9344382,0.9337616,0.9063328,0.91612256,0.8444929,0.8034563,0.9417636,0.93098277,0.9492629,0.9493765,0.9570677,0.9576192,0.9563975,0.92936015,0.96036065,0.9567161,0.94491684,0.9042862,0.93553126,0.94678694,0.94860387,0.947775,0.94684905,0.9376958,0.9465868,0.96146536,0.87024707,0.9580358,0.9605941,0.9408062,0.9678167,0.94744825,0.94698447,0.9755522,0.94693047,0.9700575,0.90969086,0.93463784,0.9612714,0.9285616,0.94472677,0.49723348,0.87853163,0.9505214,0.9331194,0.93062496,0.7473714,0.9157157,0.92294484,0.8949927,0.95905256,0.9441782,0.9771648,0.94953626,0.9581238,0.94412655,0.92581785,0.92881876,0.9259562,0.917827,0.9620434,0.94472677,0.91408956,0.93623024,0.92189634,0.9684958,0.965625,0.94458234,0.96496946,0.9174568,0.9436499,0.919142,0.9428687,0.9433302,0.9512063,0.94182813,0.94825244,0.97729045,0.8879679,0.9583638,0.95840454,0.42351985,0.94144404,0.6068377,0.92954785,0.9429181,0.9457868,0.9442245,0.9618826,0.9015429,0.9697176,0.92867106,0.97200674,0.89495593,0.94845456,0.9552934,0.9060232,0.9245596,0.9667926,0.82730865,0.9344557,0.9612671,0.94723713,0.9379859,0.94696015,0.93846214,0.9438938,0.94015276,0.94839644,0.93331885,0.9667562,0.9585267,0.9531359,0.98202646,0.9674488,0.9373129,0.9486797,0.8974352,0.9722037,0.9146554,0.93183726,0.96498495,0.932133,0.8895819,0.89770573,0.9158046,0.9253301,0.9410155,0.9628102,0.9264243,0.9667562,0.93276983,0.9459526,0.9627298,0.90751415
adastramovie,0.9703749,0.96369505,0.9663129,0.9615505,1.0000001,0.9168366,0.9639248,0.96178603,0.9815508,0.9604429,0.96626544,0.94725186,0.97491133,0.9633126,0.9662657,0.9604406,0.93749845,0.986357,0.9488487,0.93077004,0.9493745,0.95208657,0.9596177,0.9498182,0.95057607,0.6400977,0.9601316,0.9195788,0.96519864,0.96702343,0.96284956,0.9556531,0.9422993,0.9406483,0.88976896,0.81138283,0.9622282,0.95604247,0.9771142,0.96624935,0.96641874,0.97474885,0.9535864,0.9652384,0.97774386,0.9745205,0.9499548,0.9176109,0.9618657,0.97450435,0.9700152,0.9790477,0.9572389,0.9567109,0.9404992,0.9905055,0.92361754,0.9713845,0.9719356,0.9691287,0.9491785,0.95707,0.96463585,0.9799633,0.97648805,0.9592251,0.92039156,0.9709284,0.9715104,0.91066164,0.9676136,0.4457364,0.90209764,0.9620528,0.89221513,0.9571415,0.7376826,0.9303139,0.95901066,0.92016566,0.9712224,0.96486056,0.97527754,0.9425126,0.9538642,0.94368905,0.96370727,0.9665755,0.95851886,0.9654998,0.9452902,0.9676136,0.94498163,0.95028657,0.953032,0.95771366,0.9738745,0.95678645,0.96053225,0.91099256,0.97420067,0.948929,0.96403563,0.97245693,0.93662006,0.9667592,0.96296364,0.9710979,0.92700946,0.9433052,0.9745247,0.51223296,0.96460265,0.6175121,0.9491424,0.9703845,0.9617803,0.9196802,0.9665231,0.94892055,0.972751,0.97078156,0.9668638,0.9174018,0.97647434,0.95680153,0.95697,0.9359963,0.9656043,0.80085886,0.9660044,0.98829013,0.9501,0.9333909,0.97331953,0.956838,0.9633778,0.9557527,0.97858435,0.95263547,0.9815508,0.9697295,0.9860532,0.9758461,0.974025,0.9728017,0.95090866,0.94136363,0.97428215,0.9380078,0.9622119,0.9662618,0.9572699,0.8743311,0.9533942,0.951344,0.9382964,0.9552966,0.97272617,0.9605108,0.9815508,0.9694132,0.96568286,0.94579816,0.9334916
adogsjourneymovie,0.9436774,0.96257645,0.922707,0.8800532,0.9168366,1.0,0.9440159,0.917533,0.936996,0.94498354,0.9062195,0.8778933,0.9446275,0.9093372,0.8997587,0.9198024,0.9371282,0.9056993,0.92250746,0.8421658,0.8745028,0.87434316,0.9156435,0.90853727,0.9055012,0.61136395,0.88802886,0.9282281,0.92629135,0.9408474,0.94073236,0.91364044,0.9331403,0.88169926,0.8282949,0.75961405,0.9375438,0.9341328,0.9091809,0.8875651,0.9312164,0.89188313,0.8671001,0.91038775,0.9280323,0.91708773,0.926377,0.91594756,0.87342936,0.90935886,0.9372722,0.9243434,0.89458203,0.8711679,0.8782978,0.9240757,0.9049518,0.9158678,0.90546304,0.9344282,0.8939806,0.8662985,0.93042374,0.9063539,0.93369615,0.88549924,0.9046846,0.9347021,0.8702389,0.81546926,0.9415178,0.4481394,0.88464576,0.94332683,0.84042066,0.8879706,0.691292,0.9451996,0.9192184,0.9487003,0.88323075,0.922846,0.8887,0.8944358,0.91025585,0.9116729,0.93740386,0.9513314,0.91356397,0.9373553,0.8997053,0.9415178,0.8313753,0.89374995,0.9191139,0.916683,0.8751748,0.9203935,0.9053188,0.8925221,0.9289413,0.90993255,0.9283529,0.9198034,0.9045726,0.9283997,0.9322275,0.88829726,0.92319566,0.9050952,0.9161615,0.4372919,0.9081834,0.61010575,0.8731074,0.93070835,0.94142115,0.86930305,0.9174141,0.94402426,0.90349233,0.90140814,0.9107755,0.9817022,0.92596877,0.91426796,0.9314169,0.8971691,0.88189536,0.85597235,0.90334094,0.92300665,0.93380046,0.9102546,0.9085841,0.9403761,0.92238075,0.9132533,0.94492567,0.8806364,0.936996,0.9281369,0.926255,0.90677726,0.8994876,0.9220793,0.92213994,0.89302105,0.8757796,0.93467855,0.93334764,0.9033209,0.9416949,0.8642542,0.94397163,0.9293822,0.89821124,0.90397257,0.9351746,0.909499,0.936996,0.94736403,0.9126204,0.9128526,0.909809
aftermathmovie,0.96483207,0.9770727,0.97467196,0.9344439,0.9639248,0.9440159,1.0000001,0.96568274,0.98185205,0.9537574,0.9508535,0.94767153,0.98249364,0.9651301,0.94820946,0.967254,0.9583689,0.95663023,0.95522314,0.91907287,0.9348832,0.9472748,0.97499895,0.9493835,0.9411577,0.65772194,0.9590872,0.93877035,0.9485239,0.9637065,0.9622489,0.97597295,0.92726517,0.9464762,0.90279114,0.82453406,0.96989423,0.9528738,0.97650933,0.937622,0.9526159,0.9544354,0.93336606,0.9535986,0.9709916,0.9579539,0.973846,0.942482,0.9498205,0.9672686,0.9746756,0.98232156,0.95538926,0.93560034,0.9149909,0.97123814,0.9323974,0.95406157,0.95711774,0.971806,0.958111,0.91775185,0.9608203,0.9664055,0.97803265,0.9559867,0.9291133,0.9598263,0.94048434,0.91694933,0.9800973,0.4608729,0.93817866,0.9816419,0.9148784,0.9302863,0.73601073,0.9645086,0.9758189,0.9530418,0.9256686,0.98142195,0.9566898,0.94396466,0.9626363,0.9511962,0.9652497,0.98868287,0.94913536,0.97628635,0.95292825,0.9800973,0.9187028,0.94790626,0.9576011,0.9649988,0.93141305,0.9763478,0.9753555,0.9468079,0.96165395,0.9324101,0.94696224,0.9727598,0.9402567,0.97096896,0.97037697,0.95993876,0.91235334,0.95842576,0.97078687,0.51658297,0.9670364,0.6458179,0.95663303,0.9756428,0.9693225,0.927353,0.9643179,0.9877881,0.9511556,0.9579106,0.9650606,0.9526863,0.9482765,0.95556295,0.97641814,0.96586907,0.9437026,0.8215498,0.94944346,0.9720419,0.9695396,0.933384,0.95959556,0.96312314,0.9550232,0.95980984,0.98493904,0.93322414,0.98185205,0.9795988,0.95787734,0.97085154,0.94416547,0.970232,0.9434944,0.94697106,0.949297,0.94755864,0.9944749,0.97214097,0.9556255,0.8856911,0.96366036,0.96267307,0.9548811,0.9717277,0.96925664,0.9733316,0.98185205,0.9833686,0.9552044,0.9608525,0.95653874
aftermovie,0.9643902,0.9590538,0.97174144,0.96826446,0.96178603,0.917533,0.96568274,1.0,0.98756987,0.9649345,0.9505207,0.9573924,0.97409254,0.9768304,0.9805598,0.9619139,0.96476674,0.9601002,0.94698864,0.9461596,0.9722623,0.9699845,0.9615574,0.96263474,0.95114416,0.59686667,0.9627107,0.9664295,0.96384156,0.9651092,0.9665244,0.9576347,0.9224511,0.9558795,0.88694835,0.81566316,0.9772279,0.9440448,0.95819724,0.9608658,0.96238005,0.9818375,0.9584334,0.9604299,0.9793205,0.97625846,0.95744085,0.9560999,0.9307132,0.9750225,0.97571295,0.97280586,0.965766,0.9403723,0.9659706,0.9666639,0.8928625,0.9865096,0.961465,0.9653612,0.97088563,0.9402677,0.97979456,0.9858197,0.97512484,0.97965103,0.94057727,0.9661365,0.94011384,0.9272024,0.9713332,0.43517926,0.9313335,0.97776735,0.9266573,0.95153034,0.7331334,0.9450883,0.9461918,0.94565046,0.93622017,0.95700884,0.98183537,0.9783049,0.9734456,0.9715484,0.9350663,0.9620793,0.93736595,0.9554875,0.98470336,0.9713332,0.93760175,0.96267045,0.95860034,0.98077506,0.96606433,0.97264194,0.97166294,0.95104945,0.9714038,0.9508631,0.9718961,0.9696053,0.96225333,0.96869195,0.9752603,0.9768624,0.90593743,0.9798307,0.9823955,0.43904173,0.96904546,0.66595906,0.9729743,0.9631337,0.97100383,0.96124786,0.97323465,0.9510834,0.9758958,0.95717335,0.9886351,0.92966497,0.9559042,0.9797866,0.95197177,0.95743954,0.9654027,0.83841103,0.9655846,0.96622765,0.97120076,0.96015745,0.97986114,0.96436435,0.9619935,0.97249806,0.97220457,0.95647943,0.98756987,0.9815153,0.95781666,0.9797345,0.96201134,0.9617176,0.9502674,0.93488663,0.9770573,0.94285274,0.9631958,0.9799991,0.970687,0.9102011,0.91831374,0.9499904,0.94634235,0.9670176,0.9891874,0.96656185,0.98756987,0.9636233,0.9605498,0.97317874,0.9431616
ahiddenlifefilm,0.98115456,0.97983414,0.9828282,0.9667562,0.9815508,0.936996,0.98185205,0.98756987,1.0,0.97177136,0.95699966,0.9516141,0.98733246,0.9863876,0.97895855,0.96842855,0.9757411,0.9796721,0.953147,0.94675374,0.9688907,0.9701994,0.981118,0.9725346,0.97130394,0.65346193,0.97228235,0.9659614,0.9746391,0.97737455,0.97482693,0.97622395,0.95304,0.9646927,0.90511715,0.8315624,0.9882404,0.9647613,0.97450536,0.9759298,0.9731179,0.98553956,0.95369637,0.97794497,0.99193037,0.9847092,0.9754647,0.9485348,0.9617706,0.9871248,0.9885235,0.98813754,0.9790682,0.9603206,0.9554421,0.98804635,0.9392794,0.98581517,0.97411436,0.9843804,0.9650715,0.96466774,0.9830477,0.99157554,0.9899015,0.97107935,0.94731086,0.9808387,0.95881444,0.93093127,0.9874304,0.45197532,0.9410287,0.9916703,0.9183585,0.9583607,0.742992,0.94993633,0.96778476,0.95447004,0.9574741,0.9753919,0.97692627,0.97383034,0.9760364,0.97575384,0.96208304,0.9828451,0.96554124,0.9802139,0.9812836,0.9874304,0.9525001,0.96806645,0.97463113,0.9761458,0.9764416,0.98645,0.9736938,0.95492107,0.9851578,0.9672456,0.9797247,0.98512304,0.9628058,0.9835933,0.98944616,0.97636986,0.93176144,0.97005457,0.9884873,0.50240934,0.98264015,0.68113923,0.9731775,0.9806262,0.9848978,0.9512366,0.99086934,0.9681653,0.9813368,0.9763843,0.98993236,0.9456062,0.9801047,0.9735991,0.9690117,0.95956814,0.96204686,0.82236695,0.98073834,0.98229474,0.9847548,0.9638378,0.9833463,0.9748453,0.9795014,0.975953,0.9908477,0.9651468,1.0,0.99102765,0.97932297,0.9822977,0.97074056,0.9784438,0.9734433,0.9485018,0.97950673,0.9634266,0.9761908,0.9789358,0.97188616,0.89152426,0.94865906,0.9643648,0.96507126,0.97745,0.992129,0.97962445,1.0,0.9774973,0.9820401,0.9777771,0.95450485
alitamovie,0.9588708,0.9607994,0.9492536,0.9508145,0.9604429,0.94498354,0.9537574,0.9649345,0.97177136,1.0000002,0.95970935,0.94856536,0.9547088,0.96199435,0.9650012,0.9633632,0.9423277,0.9526885,0.95135134,0.938383,0.9449211,0.9302284,0.9568867,0.92790866,0.93650675,0.61492825,0.92406225,0.9394512,0.94618577,0.9742354,0.95577705,0.93246603,0.9391857,0.93394196,0.83684033,0.8010903,0.9562354,0.91748893,0.9556313,0.94319195,0.95237017,0.9529336,0.94912875,0.9474426,0.9672403,0.9628467,0.95292604,0.9600827,0.9185754,0.94936156,0.9661209,0.9494298,0.9404018,0.94198734,0.9518008,0.9592572,0.91219145,0.9669467,0.9351675,0.9472935,0.9573725,0.9099748,0.96345437,0.9645825,0.95361644,0.9585477,0.8934329,0.9626709,0.92594653,0.8992491,0.95999664,0.3810991,0.9083365,0.96901035,0.92329025,0.95068824,0.6897022,0.9496079,0.92514604,0.9518076,0.9451834,0.94940615,0.95039314,0.9536721,0.9560421,0.9421147,0.92917,0.9540824,0.9235872,0.9465564,0.9556119,0.95999664,0.88778144,0.94118553,0.9504277,0.9641051,0.9437798,0.95703745,0.9491061,0.93259335,0.9612011,0.9271729,0.9510487,0.96136546,0.96889216,0.9652397,0.9512,0.95801425,0.9094077,0.96005195,0.9549074,0.5046969,0.9588064,0.6567822,0.92296964,0.9508441,0.94708025,0.913905,0.9723943,0.9393121,0.9366873,0.93904513,0.9645141,0.94403046,0.9713432,0.9458268,0.9341594,0.9366408,0.9329202,0.8559573,0.9505824,0.9585476,0.9518444,0.95789623,0.96304756,0.9726755,0.9435398,0.93915653,0.96853346,0.95966285,0.97177136,0.955782,0.9614284,0.96773565,0.9495834,0.9372906,0.9578474,0.89499956,0.94956005,0.9124878,0.9506135,0.95673543,0.9631009,0.8680394,0.93277967,0.9494107,0.93665415,0.9382241,0.9728694,0.94532543,0.97177136,0.9547489,0.94554865,0.95468247,0.9644111
angelhasfallen,0.9503333,0.93389523,0.94047993,0.9485432,0.96626544,0.9062195,0.9508535,0.9505207,0.95699966,0.95970935,0.99999994,0.9662216,0.9438388,0.9439967,0.9498832,0.9507562,0.9004062,0.94031507,0.958184,0.92425483,0.951959,0.93878806,0.9467911,0.9152749,0.88792396,0.52627003,0.945778,0.89024454,0.9428338,0.94865936,0.95432043,0.9228932,0.9001356,0.92773104,0.8406666,0.80276453,0.9410869,0.90618944,0.9727139,0.91000247,0.9251439,0.9381607,0.95476526,0.91972834,0.9509179,0.95633304,0.93995917,0.93089366,0.91551775,0.93253714,0.9486169,0.9397162,0.91979134,0.9269456,0.9173145,0.94990957,0.878668,0.9481692,0.9525748,0.9517573,0.9423132,0.8942205,0.9207772,0.956163,0.9398651,0.96354294,0.8609531,0.92445034,0.94635886,0.9143797,0.9602774,0.40548897,0.8905206,0.94319886,0.9304197,0.92960733,0.7298958,0.9447631,0.93730867,0.8950173,0.96825397,0.93915105,0.94785005,0.925416,0.9313779,0.92463934,0.9426551,0.9458202,0.9375519,0.94079626,0.9283731,0.9602774,0.87534475,0.9330906,0.93361104,0.96795267,0.93793815,0.9451461,0.94134307,0.9025003,0.95247936,0.8955022,0.92875075,0.96483785,0.9207206,0.953123,0.92123777,0.9594629,0.84745336,0.94883335,0.9552855,0.47521263,0.9392206,0.56989616,0.92306095,0.9544887,0.93040305,0.90690917,0.9464044,0.9431051,0.93233943,0.9277174,0.9553305,0.91546535,0.937719,0.95186967,0.93568707,0.9264054,0.95030063,0.85313594,0.9426323,0.9612878,0.91865224,0.9082546,0.94771534,0.94804883,0.9277573,0.9168676,0.9669753,0.9350759,0.95699966,0.95341444,0.95221645,0.9615904,0.9567812,0.939861,0.9446391,0.9094501,0.9432067,0.8934501,0.95822054,0.9511765,0.94054526,0.88259614,0.94824696,0.94714576,0.905524,0.95041835,0.9549064,0.92969656,0.95699966,0.94793653,0.91977274,0.9387168,0.93327975
angrybirdsmovie,0.9358381,0.9249086,0.93447423,0.9464281,0.94725186,0.8778933,0.94767153,0.9573924,0.9516141,0.94856536,0.9662216,1.0,0.93201727,0.9413936,0.9528676,0.95315796,0.90436333,0.9259323,0.9507643,0.9406599,0.95499635,0.95290786,0.93981326,0.90325224,0.8933145,0.54681194,0.94534504,0.88650256,0.92886657,0.926886,0.9309115,0.92137283,0.86769193,0.94276315,0.86850554,0.8350294,0.9249745,0.9020372,0.970472,0.912489,0.9175745,0.9434464,0.9484744,0.9090955,0.9476845,0.9493903,0.9294157,0.9537803,0.9091125,0.9322898,0.9474311,0.9355363,0.89855516,0.9106337,0.92434543,0.9389024,0.87197655,0.9439426,0.9291027,0.9288516,0.94674885,0.8835086,0.93056196,0.9625896,0.93492913,0.9656636,0.86517084,0.9135214,0.9294886,0.9295502,0.94379574,0.4356202,0.9111337,0.9394118,0.9445019,0.92818266,0.777428,0.9162054,0.91145426,0.89341265,0.9328192,0.9473084,0.96352684,0.9428859,0.94612885,0.91185725,0.92451787,0.92197394,0.91492754,0.91622037,0.9325924,0.94379574,0.8891625,0.9550929,0.9204198,0.96985734,0.9289997,0.9382388,0.9478482,0.91363555,0.9288525,0.8946708,0.9239234,0.94930446,0.9206553,0.94883376,0.9261934,0.9701404,0.85494614,0.96952814,0.9566063,0.44415027,0.9375201,0.60314804,0.9415404,0.9510732,0.93004346,0.93769234,0.94201475,0.9283861,0.93163425,0.91511106,0.9518125,0.8933746,0.91527754,0.95990485,0.9361661,0.9452239,0.95786875,0.8104702,0.9276742,0.9493058,0.91508764,0.91333723,0.93801785,0.9207156,0.9305183,0.9245415,0.9525159,0.92022294,0.9516141,0.95150805,0.9299564,0.97235304,0.95217466,0.9175501,0.9251881,0.91384685,0.96150815,0.89430636,0.95582104,0.952915,0.93032247,0.8882906,0.9147811,0.9203325,0.9076069,0.95429164,0.95280194,0.9347574,0.9516141,0.9387471,0.9159989,0.9366899,0.93554384
annabellemovie,0.9750324,0.985842,0.98149097,0.9594555,0.97491133,0.9446275,0.98249364,0.97409254,0.98733246,0.9547088,0.9438388,0.93201727,1.0000001,0.9698451,0.96201426,0.9641689,0.9708681,0.96770096,0.943128,0.9045486,0.9399477,0.9518363,0.9631948,0.96747005,0.9616272,0.62332,0.95789003,0.9558361,0.9649803,0.9620409,0.968737,0.9684773,0.94038343,0.9422478,0.892551,0.7986183,0.98040444,0.97773314,0.964516,0.95397335,0.97139746,0.9647263,0.9408385,0.95945394,0.97366005,0.9616685,0.9626162,0.9253341,0.9458656,0.9732595,0.97806233,0.9860109,0.96921295,0.9420459,0.93149835,0.98062056,0.91181034,0.96320844,0.97554535,0.98214805,0.9567075,0.948908,0.9710578,0.9776012,0.98124737,0.9537276,0.93947273,0.9728648,0.946593,0.90098596,0.983388,0.46453455,0.91740173,0.9767579,0.88583094,0.9282504,0.7229359,0.9617734,0.9795334,0.9462149,0.936884,0.9796358,0.97067195,0.952706,0.9650089,0.9591925,0.968622,0.98705196,0.96292484,0.97414863,0.9577817,0.983388,0.9288451,0.9457341,0.96171045,0.9632911,0.95275325,0.97132593,0.9757076,0.93221986,0.96964794,0.9469046,0.961195,0.97200817,0.94886535,0.96767265,0.9794978,0.965422,0.9274362,0.9530399,0.97357243,0.4513777,0.95916873,0.6144467,0.9490513,0.9701627,0.9789109,0.9241254,0.96636534,0.96460605,0.9781934,0.9565896,0.9718831,0.947629,0.9641253,0.9611724,0.9657304,0.9516849,0.95015967,0.84139574,0.9551957,0.9750182,0.97861207,0.9408932,0.96323794,0.96103054,0.9646284,0.9729205,0.9832448,0.93072796,0.98733246,0.97857374,0.9682267,0.9739418,0.9560974,0.9806074,0.95293075,0.9448746,0.9602681,0.96190614,0.97748464,0.9780715,0.9624736,0.8824848,0.9574459,0.9667858,0.9444757,0.9700741,0.9769428,0.9612988,0.98733246,0.9816696,0.96836764,0.9577177,0.9338791
annamovie,0.95737445,0.9549372,0.95559525,0.96432346,0.9633126,0.9093372,0.9651301,0.9768304,0.9863876,0.96199435,0.9439967,0.9413936,0.9698451,0.99999994,0.96812636,0.9512091,0.95522743,0.9674421,0.9387187,0.95215034,0.9589441,0.9801549,0.9876354,0.95191425,0.9589185,0.64917624,0.9586579,0.9615222,0.9600382,0.969542,0.9530711,0.96046555,0.9258613,0.9466528,0.9180226,0.84036964,0.9664302,0.9370136,0.96759236,0.97423834,0.95702356,0.9700252,0.95942557,0.96252185,0.9822668,0.9736842,0.98391,0.9346816,0.9546838,0.9691189,0.9728262,0.974924,0.97088796,0.951625,0.93598324,0.97321284,0.9203404,0.97435546,0.9533859,0.9607569,0.96899635,0.9540406,0.96736205,0.9788108,0.97731566,0.9771604,0.94796747,0.9659167,0.9482385,0.9569837,0.968957,0.44302303,0.9407032,0.9809723,0.93436515,0.94828373,0.74497813,0.93360364,0.9409094,0.94019103,0.94897467,0.95431155,0.9628606,0.9711963,0.9666944,0.9691239,0.934956,0.9668241,0.9447755,0.9541492,0.9811105,0.968957,0.94100314,0.95684725,0.954699,0.9637924,0.9687457,0.97096705,0.96681774,0.97453755,0.9701545,0.9575976,0.9619294,0.9755349,0.972773,0.96848184,0.96617687,0.96248376,0.9100038,0.96634305,0.9722316,0.5076317,0.96905947,0.6990513,0.95928824,0.9562621,0.9574642,0.961198,0.98601305,0.95181024,0.9646591,0.96553975,0.98063415,0.9154306,0.96907914,0.95771706,0.94037807,0.9515986,0.9601838,0.7940605,0.9645461,0.9655252,0.96805066,0.94105524,0.97183585,0.9680911,0.95330364,0.9586183,0.97287405,0.96401054,0.9863876,0.97782683,0.9602364,0.9694118,0.9448067,0.9616591,0.9590726,0.9472388,0.96790296,0.94588166,0.95928544,0.96369255,0.947299,0.8672436,0.92268085,0.9425098,0.9660297,0.96521145,0.9765339,0.9609481,0.9863876,0.9547739,0.96148545,0.9803644,0.94359004
apollo11movie,0.9511511,0.9465319,0.96544504,0.9786159,0.9662657,0.8997587,0.94820946,0.9805598,0.97895855,0.9650012,0.9498832,0.9528676,0.96201426,0.96812636,1.0000002,0.96178705,0.9542084,0.969745,0.9344671,0.96584755,0.9561469,0.96231335,0.9500765,0.9479349,0.9516974,0.6118445,0.96472204,0.94521046,0.9479853,0.96037173,0.96038336,0.9367136,0.9255541,0.9360126,0.83927387,0.8090483,0.96961236,0.92299587,0.9564411,0.9556673,0.9734345,0.971882,0.9573142,0.95457596,0.9641772,0.97319055,0.9389999,0.94169855,0.9425967,0.9630649,0.96611845,0.9580924,0.9604688,0.96326745,0.976743,0.9675434,0.89011484,0.9737551,0.9582324,0.95716685,0.96080434,0.9526147,0.965603,0.9830663,0.95771515,0.9684044,0.90599555,0.95513916,0.9517998,0.92064583,0.9616048,0.47090268,0.8989766,0.9650263,0.9199377,0.9529752,0.7434906,0.9329713,0.9247831,0.9215577,0.95401263,0.958252,0.9789814,0.9510708,0.96781135,0.9447962,0.92245466,0.94833493,0.9369231,0.94216025,0.96544623,0.9616048,0.927691,0.9408588,0.9599642,0.98093504,0.9585995,0.9654446,0.96312493,0.915974,0.9675237,0.9396521,0.9630904,0.9651551,0.95689493,0.9633062,0.96707976,0.9813397,0.90595883,0.9556432,0.97783124,0.46054724,0.94647056,0.6402761,0.9449895,0.9476452,0.95006377,0.93860877,0.9688076,0.9252227,0.96683466,0.9494414,0.9825063,0.9093642,0.9690549,0.9610596,0.9342031,0.9557746,0.9589432,0.8336453,0.9541521,0.96418905,0.9639702,0.96686596,0.96319693,0.9579895,0.95170844,0.94444734,0.96579564,0.95679337,0.97895855,0.9724159,0.9619766,0.9840104,0.966975,0.94757456,0.9568032,0.9012733,0.9824347,0.9222288,0.94022316,0.9740762,0.9607994,0.88118905,0.9098156,0.9468828,0.9460051,0.9487827,0.9725244,0.94350386,0.97895855,0.9431627,0.9621902,0.958513,0.9330702
arcticdogsmovie,0.95062166,0.9688445,0.965439,0.951978,0.9604406,0.9198024,0.967254,0.9619139,0.96842855,0.9633632,0.9507562,0.95315796,0.9641689,0.9512091,0.96178705,0.99999964,0.9585349,0.95881313,0.9403212,0.9272278,0.929176,0.9346565,0.9441581,0.9302073,0.9285779,0.6209017,0.9443199,0.92642957,0.94783336,0.9460923,0.9579118,0.9384242,0.90756476,0.94497156,0.8541007,0.8295015,0.95823336,0.928748,0.9642933,0.93007296,0.9632537,0.943556,0.9283682,0.923094,0.9568613,0.95167047,0.9417171,0.95220995,0.93766725,0.94278705,0.97705746,0.96266395,0.9531981,0.9576705,0.95185393,0.96433276,0.91740566,0.9582034,0.9506761,0.9505519,0.95185924,0.9201182,0.96082366,0.9648232,0.9600897,0.96421385,0.89265376,0.9567265,0.93296254,0.8922997,0.9614106,0.48692918,0.9042747,0.97075236,0.9182866,0.9395218,0.75480986,0.939394,0.93874353,0.9452658,0.91624534,0.9664941,0.95624155,0.94336325,0.97979856,0.93169874,0.9261123,0.9616549,0.93840957,0.942613,0.9517321,0.9614106,0.89197135,0.9359863,0.9629424,0.9710671,0.9339336,0.96566606,0.95705944,0.9059743,0.9541477,0.9080101,0.9404008,0.96211123,0.96853435,0.9759502,0.9615919,0.9793764,0.9178647,0.9481231,0.9562943,0.48067394,0.95876926,0.6187809,0.94161433,0.94568,0.9496162,0.9165559,0.958068,0.93734646,0.94768,0.93905723,0.9705088,0.9254479,0.94697344,0.94869804,0.96532327,0.965225,0.94241416,0.8447314,0.93165505,0.97888356,0.95392364,0.93563634,0.9576214,0.9550062,0.94161844,0.94411886,0.9679344,0.9464247,0.96842855,0.96945536,0.96290934,0.97267324,0.9525706,0.9493553,0.94002515,0.9054027,0.96797115,0.9136271,0.9671669,0.9666785,0.96144104,0.88795614,0.93535364,0.95114017,0.92508733,0.9401793,0.9663757,0.9520307,0.96842855,0.95959955,0.94221807,0.9450517,0.9698968
arcticmovie,0.9575286,0.9764977,0.9665808,0.93686205,0.93749845,0.9371282,0.9583689,0.96476674,0.9757411,0.9423277,0.9004062,0.90436333,0.9708681,0.95522743,0.9542084,0.9585349,1.0,0.94481885,0.9093293,0.9023946,0.9232526,0.9361622,0.94521993,0.9602898,0.9652908,0.669827,0.9350512,0.9801791,0.9540062,0.93712264,0.9532035,0.9512983,0.9413604,0.94435114,0.8720322,0.7958473,0.9748778,0.9558809,0.9258006,0.9530345,0.96009177,0.94850075,0.8963525,0.94494325,0.9646108,0.948515,0.9487041,0.93257743,0.9314568,0.95564556,0.97454053,0.961518,0.9634036,0.93708277,0.9443747,0.95893896,0.92941225,0.9550492,0.9449876,0.96332276,0.9373515,0.9494169,0.9687629,0.961677,0.9635476,0.929629,0.93805313,0.9589174,0.9086312,0.88209176,0.96448183,0.4963554,0.9069681,0.9802146,0.87502164,0.9260781,0.7308938,0.92945164,0.9391021,0.959981,0.8956387,0.9569839,0.94601715,0.946638,0.96540785,0.9579279,0.9241959,0.965245,0.9427172,0.9564216,0.9595579,0.96448183,0.91341925,0.92854965,0.96301335,0.9494276,0.9360677,0.9696359,0.9480561,0.93228537,0.9517862,0.9457729,0.95677406,0.95612556,0.9540835,0.96585053,0.9878381,0.94764197,0.947228,0.93884975,0.94992745,0.460236,0.9551745,0.6675372,0.9491092,0.9454548,0.9731646,0.9311024,0.96685565,0.93567294,0.9654779,0.9381859,0.9691063,0.93881345,0.9540473,0.94329274,0.95989776,0.9433604,0.9164719,0.81798327,0.941009,0.95327324,0.9888506,0.95960206,0.9531439,0.93994516,0.9621332,0.95785695,0.963498,0.92538077,0.9757411,0.9701465,0.94458485,0.94831014,0.9364023,0.95166814,0.94587576,0.9163663,0.95219225,0.95831376,0.94619095,0.9506101,0.9568377,0.88016117,0.9157661,0.9422246,0.9538955,0.9429892,0.9703105,0.9570975,0.9757411,0.95453066,0.96743697,0.95648414,0.9413938
artofracingmovie,0.9557952,0.959212,0.9691747,0.9566016,0.986357,0.9056993,0.95663023,0.9601002,0.9796721,0.9526885,0.94031507,0.9259323,0.96770096,0.9674421,0.969745,0.95881313,0.94481885,1.0000001,0.93108565,0.9428833,0.94074696,0.95143896,0.95979446,0.9604488,0.9553873,0.65825474,0.96558046,0.92637306,0.9563829,0.9649778,0.9566291,0.95633346,0.9408302,0.9316295,0.8747155,0.80574995,0.9688596,0.9407224,0.96633947,0.9614798,0.96972483,0.9717758,0.9371991,0.9655632,0.96823657,0.97196174,0.9491197,0.907819,0.9639549,0.97070867,0.9691827,0.97964793,0.9632003,0.9731065,0.94650817,0.9870371,0.92968845,0.9741075,0.9642997,0.95605105,0.9409896,0.9680039,0.9624644,0.9725925,0.974169,0.9555164,0.9243633,0.9747419,0.9737736,0.90533143,0.9579196,0.4487027,0.89395326,0.9619122,0.8814804,0.9462919,0.72080743,0.9124172,0.949037,0.9245602,0.95067626,0.96747947,0.96382767,0.93927693,0.96295065,0.93592185,0.94610894,0.96048063,0.9467291,0.9555444,0.9533893,0.9579196,0.9556613,0.9357763,0.96300805,0.9474179,0.9658377,0.9560309,0.9573555,0.91080207,0.9753447,0.95128906,0.9663662,0.96151775,0.9444175,0.96618384,0.96851546,0.9656442,0.93363684,0.926415,0.9765781,0.49311104,0.9626925,0.63233376,0.9498894,0.95678866,0.95224327,0.9172078,0.9706118,0.9391334,0.96119237,0.98009026,0.9669777,0.91269076,0.9735891,0.9421431,0.94912183,0.9463982,0.9606175,0.7869946,0.9629053,0.9868538,0.9587137,0.9408531,0.9733619,0.95982236,0.9569791,0.9564748,0.96686035,0.96334314,0.9796721,0.9714541,0.9805866,0.96493995,0.9604464,0.97103596,0.94800526,0.92305076,0.9741973,0.92771304,0.95042264,0.9648177,0.9547714,0.8543825,0.93226147,0.9450296,0.9446563,0.9411011,0.96853125,0.96175575,0.9796721,0.9571241,0.96939564,0.94285554,0.93021125
avengers,0.96342355,0.94009227,0.9460916,0.9153377,0.9488487,0.92250746,0.95522314,0.94698864,0.953147,0.95135134,0.958184,0.9507643,0.943128,0.9387187,0.9344671,0.9403212,0.9093293,0.93108565,1.0000001,0.9135816,0.94369555,0.93607557,0.9339434,0.9281098,0.88685775,0.5861106,0.9333941,0.88632005,0.9367376,0.96174765,0.9723595,0.9217764,0.90354705,0.9155047,0.86859155,0.82641184,0.94103324,0.9203322,0.9744516,0.90927434,0.91998523,0.93241686,0.9467101,0.9226725,0.94809604,0.95486563,0.9273057,0.9530302,0.9081642,0.9318478,0.9504262,0.945582,0.905481,0.90959495,0.9069446,0.94717973,0.8938666,0.94198924,0.9311242,0.9361926,0.91576403,0.88361317,0.9367106,0.94174653,0.93871444,0.94451386,0.8809627,0.92950094,0.90150213,0.90728945,0.9543752,0.37094226,0.9255535,0.9491336,0.9096199,0.923724,0.73822725,0.94096744,0.9307815,0.9061201,0.92532384,0.9334291,0.9352542,0.9360743,0.93588954,0.92739564,0.9207028,0.95547885,0.90895426,0.9492224,0.91552883,0.9543752,0.8675048,0.93679005,0.93310386,0.95398176,0.9095309,0.9437604,0.94183993,0.90452063,0.9499471,0.911308,0.9410495,0.9512196,0.91322696,0.9520566,0.92963994,0.93149954,0.8778853,0.94428724,0.9608901,0.45883638,0.93979025,0.6229945,0.9287698,0.9563884,0.9436182,0.8933846,0.9316265,0.9493545,0.91764194,0.9316774,0.9396667,0.9178409,0.9232185,0.9518322,0.95176643,0.9373346,0.9501562,0.8431741,0.92262125,0.954376,0.91589546,0.89452153,0.9515245,0.9439283,0.9384764,0.91643196,0.9667982,0.93008816,0.953147,0.9463081,0.94082683,0.9396175,0.9172187,0.95224047,0.91868407,0.92126787,0.92440176,0.92827713,0.96359926,0.9330591,0.9523092,0.87503576,0.9488446,0.9488431,0.8993181,0.94741464,0.9627965,0.9390604,0.953147,0.95600325,0.9250681,0.9244527,0.92931813
beachbummovie,0.9106031,0.89238435,0.9125132,0.93404764,0.93077004,0.8421658,0.91907287,0.9461596,0.94675374,0.938383,0.92425483,0.9406599,0.9045486,0.95215034,0.96584755,0.9272278,0.9023946,0.9428833,0.9135816,1.0000001,0.9371007,0.9526501,0.9449094,0.8992814,0.91429394,0.6434151,0.9316668,0.8962033,0.91023886,0.9337555,0.9116036,0.92191803,0.88905376,0.9302673,0.8423675,0.8551244,0.9284864,0.85523736,0.94288474,0.93820477,0.92769957,0.9527732,0.93157613,0.94195586,0.93601835,0.9626936,0.9278274,0.9266237,0.9311464,0.9428974,0.933492,0.9318187,0.9224012,0.9408716,0.948527,0.927249,0.89881516,0.94656175,0.90222734,0.898986,0.93271357,0.91236734,0.93216836,0.9485181,0.9281932,0.95264435,0.8802481,0.9279135,0.9223436,0.9495572,0.91266876,0.42589384,0.90592647,0.9393461,0.928537,0.94215846,0.7522807,0.88724864,0.87602174,0.89384085,0.9328653,0.9198272,0.93441725,0.9230024,0.9342157,0.90781236,0.86971617,0.9101793,0.88280076,0.9118931,0.9401388,0.91266876,0.919214,0.9235742,0.92416894,0.9582708,0.933838,0.9427337,0.91985977,0.9224509,0.9491383,0.9303074,0.93606454,0.9313142,0.93153805,0.9375327,0.92485183,0.9473066,0.8700191,0.9385249,0.95042735,0.5079705,0.92950433,0.6986917,0.927018,0.91655755,0.9061465,0.92345077,0.94992805,0.9052555,0.9111519,0.933219,0.9506224,0.8518465,0.9347437,0.92323124,0.9042451,0.93856615,0.9292591,0.74126965,0.92305,0.9304981,0.91720253,0.9276231,0.94138926,0.9269812,0.92316353,0.90691876,0.9287816,0.9702165,0.94675374,0.9447581,0.93384457,0.9516192,0.9169464,0.91344833,0.9354907,0.8862928,0.9563381,0.8725351,0.912209,0.92749596,0.927103,0.8527402,0.8577455,0.8923965,0.93404216,0.90826434,0.9365018,0.9238416,0.94675374,0.9018587,0.9205035,0.9417597,0.9211078
bernadettefilm,0.9457196,0.93106574,0.95312685,0.939553,0.9493745,0.8745028,0.9348832,0.9722623,0.9688907,0.9449211,0.951959,0.95499635,0.9399477,0.9589441,0.9561469,0.929176,0.9232526,0.94074696,0.94369555,0.9371007,1.0,0.9624936,0.94537365,0.94982815,0.9166093,0.52884007,0.9524155,0.9230909,0.95142215,0.942268,0.95321393,0.9292199,0.8939376,0.9534228,0.8807136,0.79377335,0.9620721,0.91832054,0.9504318,0.94469416,0.92816,0.968832,0.944351,0.94088715,0.9638817,0.9662133,0.93247193,0.9508971,0.9115496,0.95312107,0.9587895,0.9485071,0.94327515,0.93870354,0.9387326,0.95051897,0.8736751,0.9773441,0.94421124,0.9510948,0.9323236,0.92955667,0.94552326,0.9724784,0.9515222,0.960611,0.89455765,0.9407383,0.93442434,0.92122775,0.9580975,0.3264957,0.92107034,0.9520272,0.90908027,0.9301345,0.7054963,0.9068571,0.92284054,0.9081117,0.93863714,0.92687404,0.95683444,0.9697376,0.9488015,0.9494847,0.9107023,0.93352896,0.939703,0.94291705,0.95836926,0.9580975,0.91882193,0.9592901,0.9542698,0.95643306,0.9585333,0.9546354,0.93402404,0.92561877,0.96103656,0.93453187,0.94634753,0.9691961,0.9311099,0.9607468,0.9494171,0.95743436,0.84858507,0.96039647,0.972749,0.43982267,0.95621413,0.62769794,0.96600777,0.94791263,0.9446135,0.93464625,0.9632254,0.9251993,0.9512421,0.944846,0.9705535,0.88642466,0.94114393,0.9618066,0.9292074,0.9288343,0.9498075,0.7890832,0.97683734,0.9441806,0.9404914,0.93276566,0.96837634,0.9441247,0.9391593,0.9409679,0.96035665,0.9545194,0.9688907,0.9649159,0.9444635,0.95519006,0.95291644,0.9448583,0.93905777,0.9231454,0.9609733,0.92047286,0.94003934,0.9464409,0.9489478,0.8514643,0.9015394,0.9378114,0.9259116,0.9688596,0.97349757,0.9478438,0.9688907,0.9298424,0.9405434,0.94246495,0.9248878
