movie,21bridgesmovie,47metersdown,abeautifuldaymovie,abominablemovie,adastramovie,adogsjourneymovie,aftermathmovie,aftermovie,ahiddenlifefilm,alitamovie,angelhasfallen,angrybirdsmovie,annabellemovie,annamovie,apollo11movie,arcticdogsmovie,arcticmovie,artofracingmovie,avengers,beachbummovie,bernadettefilm,blackandbluemovie,blackchristmas,blindedbythelightmovie,bombshellmovie,booksmart,breakthroughmovie,brianbanksmovie,brightburnmovie,brittanyrunsmov,captainmarvelofficial,captivestatemovie,catsmovie,charliesangels,childsplaymovie,clarathefilm,coldpursuitmovie,countdown,currentwarmovie,darkwatersmovie,detectivepikachumovie,disneyaladdin,disneyfrozen,disneymaleficent,doctorsleepmovie,dolemiteismyname,dontletgomovie,doramovie,downtonabbey_official,dumbo,escaperoom,everybodyknowsmovie,fastandfuriousmovie,fightingwmyfam,fivefeetapartfilm,fordvferrari,freaksthefilm,geminimanmovie,glassmovie,gloriabellmovie,godzillamovie,goldfinchmovie,goodboysmovie,goodliarmovie,gretafilm,halathemovie,happydeathdaymovie,harrietfilm,hellboymovie,hersmellmovie,highlifemovie,highstrungmovie,honeyboymovie,hotelmumbaifilm,httydragon,hustlemovie,hustlersmovie,isntitromantic,itmovieofficial,jayandsilentbob,johnwickmovie,jojorabbitmovie,jokermovie,judythefilm,jumanjimovie,justmercyfilm,knivesout,lalloronamovie,lastblackmansf,lastchristmasthemovie,latenightmovie,lighthousemovie,lionking,littlethemovie,littlewomenmovie,littlewoodsfilm,longshotmovie,lordsofchaosmovie,lucyintheskyfilm,mamovie2019,marriagestory,meettheaddams,meninblack,midsommarmovie,midwaymovie,missbalamovie,missinglinkfilm,motherlessbklyn,onceinhollywood,onthebasisofsex,overcomermovie,peanutbutterfalcon,petsematarymovie,piercingmovie,playingwithfire,playmobilthemovie,pomsmovie,queenandslim,rambomovie,readyornotfilm,richardjewellfilm,rocketmanmovie,scarystoriesmovie,secretlifeofpets,serenityfilm,shaftmovie,shazammovie,spidermanmovie,spiesindisguise,starwars,stormboymovie,stubermovie,taosdfilm,teenspiritmov,terminator,theaeronautsmov,thebestofenemies,thedeaddontdie,thefarewell,thehighwaymen,thehummingbirdprojectfilm,theintrudermovie,theirishmanfilm,thekitchenmovie,thelegomovie,themustangfilm,thenightingalefilm,theprodigymovie,thesunisalsoastar,theupsidefilm,tolkienmovie,toystory,triplefrontier,uglydolls,uncutgems,underthesilverlake,usmovie,wavesmovie,whatmenwant,wonderparkmovie,wrinklestheclown,xmenmovies,yardiefilm,yesterdaymovie,zombieland
21bridgesmovie,0.99999994,0.95515007,0.9485214,0.9221645,0.9664803,0.9170998,0.9712621,0.9696964,0.97787875,0.9643615,0.9732842,0.92855304,0.9539535,0.9759324,0.9671609,0.96113294,0.9452704,0.96217126,0.98027724,0.9481592,0.95049495,0.9648223,0.96979564,0.9432104,0.92639667,0.789263,0.9451841,0.9498959,0.9456755,0.91989625,0.95109624,0.9541168,0.9521527,0.93376666,0.9174502,0.88731813,0.95721054,0.9532067,0.96474886,0.94097954,0.9071994,0.96995187,0.96103823,0.94799036,0.943309,0.9418996,0.97065,0.95257473,0.9516961,0.96467596,0.93914056,0.9590756,0.9748331,0.938357,0.9280594,0.9458333,0.94589585,0.94319135,0.9514976,0.93716055,0.9505704,0.88988215,0.94957143,0.94600046,0.94628817,0.956717,0.93257433,0.9417339,0.93222845,0.94955665,0.94925034,0.93433976,0.9026038,0.97239697,0.9149946,0.9484889,0.8603915,0.96647567,0.9365826,0.9516124,0.9608379,0.9685767,0.94355386,0.9531108,0.936409,0.95532274,0.9121873,0.9684135,0.9367894,0.9615378,0.92143226,0.94925034,0.93626946,0.95422983,0.92813545,0.96116805,0.9556838,0.94500774,0.95184624,0.9561989,0.91933453,0.9374947,0.900273,0.94489765,0.93897957,0.93216664,0.94770944,0.92953116,0.9294346,0.9496037,0.97434044,0.8240005,0.94831693,0.8985441,0.9018015,0.97810155,0.99036926,0.9469579,0.9783142,0.9542075,0.92887133,0.94294107,0.9685688,0.91675067,0.97444564,0.9449794,0.96811295,0.8972255,0.94403744,0.9080392,0.94999486,0.9354129,0.9595119,0.9212871,0.948818,0.9381326,0.96901506,0.94736725,0.9479621,0.944997,0.97787875,0.9544709,0.9126403,0.91138893,0.8962618,0.94736266,0.92311674,0.95042574,0.92889667,0.96772856,0.97104853,0.96978515,0.9651662,0.9011931,0.92609507,0.9412289,0.9744095,0.95028645,0.9589417,0.9328949,0.97787875,0.9421278,0.9595403,0.96802825,0.9341153
47metersdown,0.95515007,0.9999999,0.9565721,0.91340464,0.94791603,0.90458286,0.9523013,0.9596589,0.9574793,0.95818925,0.9600283,0.9211197,0.9296158,0.95379764,0.92404974,0.9583724,0.9440255,0.95086133,0.9520606,0.9291305,0.93580854,0.9533144,0.9401974,0.9284857,0.9103804,0.7891107,0.94090366,0.96815825,0.9446778,0.89024436,0.94898385,0.9138438,0.9145897,0.9327495,0.9412781,0.8565047,0.9504699,0.9226047,0.94241995,0.8993215,0.88156384,0.9600356,0.960812,0.938738,0.9200907,0.93739605,0.939752,0.9402205,0.9304912,0.9540015,0.92934823,0.93002874,0.9658208,0.95400286,0.89966977,0.95389336,0.9219515,0.924332,0.94732636,0.9111731,0.9397648,0.864912,0.9174864,0.91049564,0.9257513,0.94413656,0.9564318,0.91419595,0.9159637,0.9141082,0.93075264,0.8993893,0.92788374,0.97314954,0.9015582,0.93110913,0.84502614,0.96430355,0.9163916,0.93990636,0.94439965,0.9687734,0.9187528,0.9656931,0.92903733,0.95818853,0.9279164,0.935912,0.9061754,0.94870806,0.8977129,0.93075264,0.93117434,0.92136085,0.92754996,0.9327582,0.9639932,0.91887534,0.92110896,0.928028,0.90855247,0.90282017,0.92857885,0.92842495,0.9536237,0.92717177,0.92591196,0.9247121,0.9304835,0.9097209,0.95048785,0.8401341,0.9531488,0.8768311,0.9335738,0.96364594,0.9452727,0.9367923,0.969024,0.92908967,0.8899065,0.93109775,0.9390109,0.85787165,0.9450842,0.93745595,0.9265854,0.87212783,0.9030988,0.8962803,0.9334424,0.9125025,0.94381434,0.9306452,0.9465388,0.9152811,0.92050964,0.920616,0.9287366,0.920469,0.9574793,0.95025915,0.9151191,0.9004271,0.88192934,0.9211638,0.9197056,0.94429195,0.91998225,0.91550857,0.9462416,0.9697527,0.9358034,0.8803401,0.92949796,0.90831053,0.93469584,0.9171101,0.94686943,0.95013386,0.9574793,0.9232551,0.93684053,0.9382527,0.93139416
abeautifuldaymovie,0.9485214,0.9565721,1.0000001,0.93785566,0.9606959,0.9553756,0.9569372,0.96165705,0.9773533,0.9604898,0.9402393,0.94877774,0.947491,0.9640029,0.95150876,0.96762824,0.9681651,0.95286137,0.9570797,0.9513234,0.9439614,0.9629923,0.94935524,0.95936865,0.94499457,0.83909774,0.94751656,0.9709509,0.9688935,0.9454085,0.9650108,0.9526924,0.92164075,0.94311166,0.87370723,0.90060556,0.97266924,0.9547565,0.9529631,0.93060905,0.93020236,0.9542382,0.9504297,0.9593647,0.93183196,0.96616423,0.94473255,0.95801497,0.95206946,0.96845746,0.97512907,0.96230257,0.9392098,0.95529586,0.9219138,0.94795895,0.9526416,0.92928725,0.9643732,0.9545883,0.9538118,0.90759766,0.9482445,0.9464643,0.93105793,0.968814,0.9498877,0.94851893,0.95832646,0.9240891,0.9657054,0.91333157,0.9451194,0.978551,0.93130296,0.94161993,0.8061265,0.97569585,0.9521257,0.95595276,0.9359172,0.9432121,0.9538925,0.95323277,0.95280594,0.9623029,0.92835546,0.94967353,0.95051736,0.9704676,0.93891054,0.9657054,0.9569351,0.96158606,0.97393966,0.9641565,0.9549969,0.9450801,0.93207604,0.94660056,0.95621175,0.93796456,0.95378715,0.9582583,0.9573572,0.9712631,0.9623338,0.9709883,0.94577056,0.931736,0.9600191,0.8572052,0.96793014,0.8979501,0.9322976,0.9629978,0.9580413,0.94972765,0.97300476,0.9309887,0.93168634,0.9497608,0.95815134,0.8884279,0.9602252,0.96851724,0.95025414,0.944728,0.9225817,0.91986907,0.93185073,0.95039886,0.96543336,0.95273715,0.95703447,0.9551419,0.9393712,0.95976454,0.95666486,0.9533327,0.9773533,0.9701169,0.9603083,0.94298583,0.9270246,0.95152825,0.94966835,0.94478774,0.95303136,0.92577106,0.957103,0.9810451,0.9600396,0.87049764,0.9588602,0.9522686,0.94250625,0.9605825,0.95168275,0.95732045,0.9773533,0.9522838,0.9616053,0.94421995,0.965806
abominablemovie,0.9221645,0.91340464,0.93785566,1.0000001,0.9288359,0.9347954,0.9235367,0.95446527,0.95966536,0.91715145,0.91385955,0.9145893,0.94567394,0.93780094,0.94806963,0.9327277,0.9330978,0.9238468,0.9322556,0.91045856,0.9374369,0.9478744,0.9447414,0.9301785,0.907966,0.79577535,0.93707144,0.93304735,0.9581665,0.8831163,0.90038574,0.93478864,0.887527,0.87999785,0.8765412,0.92064023,0.9475522,0.9626229,0.9128598,0.9010094,0.8997013,0.94343305,0.9087355,0.92910814,0.9267368,0.92630965,0.93536156,0.9418939,0.93120974,0.94415545,0.96883196,0.94305986,0.94031286,0.92555606,0.94737875,0.9257575,0.9243067,0.9273844,0.93867,0.91855806,0.91344005,0.93090636,0.9237101,0.9092765,0.9394737,0.9407656,0.93695766,0.9357876,0.92177176,0.918231,0.9348452,0.906551,0.91771036,0.950886,0.9760723,0.89246595,0.8029161,0.935313,0.94111264,0.9312133,0.91900516,0.93475235,0.9254027,0.9319917,0.92602915,0.9153613,0.93459,0.9498045,0.9171771,0.9330847,0.9081546,0.9348452,0.93227106,0.95528996,0.95737255,0.95602286,0.90263885,0.90969664,0.9192842,0.94240046,0.9248626,0.9121843,0.9341345,0.9369738,0.9257167,0.96268964,0.95539933,0.93102485,0.9092539,0.9099877,0.93954784,0.80173725,0.9248901,0.923211,0.905815,0.9201813,0.9408897,0.95384365,0.9438241,0.89654547,0.91625196,0.9232224,0.9505295,0.8888351,0.9211111,0.9384964,0.94479996,0.93675846,0.91416305,0.8968743,0.93802845,0.9433419,0.9163981,0.91256964,0.9069809,0.91234684,0.931839,0.94539016,0.92851657,0.9510723,0.95966536,0.9568167,0.93801975,0.9146778,0.9082325,0.9478058,0.9563401,0.9508132,0.9234908,0.9292951,0.91479516,0.935292,0.962072,0.87005913,0.9237101,0.9378901,0.9441145,0.9354787,0.94015735,0.90736693,0.95966536,0.9371965,0.94586575,0.9398838,0.9649626
adastramovie,0.9664803,0.94791603,0.9606959,0.9288359,0.99999976,0.9135602,0.94784796,0.96368146,0.9731963,0.9614707,0.9625365,0.91224295,0.9578984,0.97122157,0.96210784,0.96654886,0.96000797,0.9678863,0.9709013,0.9745731,0.9258823,0.9629815,0.95279545,0.9431542,0.935733,0.7961215,0.94308513,0.97079843,0.9568414,0.9240831,0.9503878,0.9475722,0.92987216,0.924689,0.9004447,0.90340996,0.960158,0.9560274,0.9449334,0.9217948,0.8877379,0.9596447,0.93729657,0.9543188,0.9443343,0.96348,0.95386285,0.950513,0.9588672,0.9634129,0.95372576,0.9474525,0.95183736,0.955137,0.94677806,0.95627654,0.92630893,0.9279588,0.9571054,0.95008755,0.9390181,0.8826501,0.94604933,0.93151313,0.9501245,0.9567644,0.94251823,0.934447,0.9296535,0.9455034,0.95743316,0.92144537,0.90817297,0.97510546,0.9300841,0.93225753,0.87528145,0.96119547,0.9449704,0.9553075,0.93938035,0.96083724,0.9338849,0.94283336,0.9653266,0.9409249,0.93133014,0.9633124,0.91258943,0.9711711,0.9161772,0.95743316,0.9316206,0.94462115,0.9441857,0.9658804,0.95536846,0.9556355,0.94487435,0.94501406,0.94983995,0.92641485,0.935,0.9558809,0.9449434,0.94903284,0.9476771,0.943726,0.935275,0.95019454,0.9582214,0.8091078,0.9539009,0.92808956,0.889842,0.95128256,0.9627702,0.9434742,0.97138184,0.91713816,0.9179146,0.93013525,0.95174164,0.8727108,0.9643386,0.93847555,0.9525614,0.91240805,0.9450771,0.9315586,0.92731404,0.9536247,0.967355,0.9326986,0.9422851,0.9456957,0.95202315,0.93329114,0.9548453,0.96407306,0.9731963,0.96050745,0.9527435,0.8949141,0.87241894,0.93919444,0.9364327,0.95190954,0.9246881,0.95377713,0.94827807,0.96917504,0.9647453,0.89779896,0.94155914,0.9407013,0.9580716,0.9359212,0.95402217,0.9335568,0.9731963,0.95092005,0.95429105,0.96349585,0.94886255
adogsjourneymovie,0.9170998,0.90458286,0.9553756,0.9347954,0.9135602,0.9999998,0.94889814,0.9385077,0.9633176,0.9158791,0.91498804,0.93984294,0.9371134,0.9401488,0.9345108,0.93569505,0.9437607,0.90794235,0.9079314,0.91775817,0.9250679,0.9408576,0.9440137,0.94453347,0.9339742,0.8720046,0.90345806,0.9090067,0.94743645,0.9306387,0.9145365,0.9415919,0.9144911,0.90432054,0.8301034,0.88046193,0.9366674,0.9381967,0.91707045,0.9185174,0.95089483,0.93179864,0.9044764,0.9339008,0.9189613,0.9186402,0.9370223,0.9528004,0.92466605,0.94253045,0.9577102,0.9583855,0.92616016,0.9170488,0.89345443,0.9098839,0.94945925,0.9214709,0.9646258,0.9294997,0.9391956,0.94745386,0.9513477,0.9537882,0.94757646,0.94421947,0.9438575,0.9479467,0.9617048,0.8901941,0.944989,0.91156155,0.91636425,0.94223034,0.9454565,0.91839147,0.7588656,0.93588376,0.95032245,0.9299867,0.92658365,0.90812033,0.9574018,0.9513085,0.91815245,0.9223345,0.88160574,0.9278404,0.92566854,0.9364414,0.9471871,0.944989,0.9583699,0.94379866,0.9479219,0.9563684,0.92495394,0.9109244,0.9203635,0.9426253,0.8969367,0.9669623,0.91799456,0.9438699,0.9130771,0.95403385,0.94623524,0.9617988,0.92578596,0.9287036,0.94960994,0.85397524,0.9512994,0.8638497,0.90077156,0.93577904,0.9415171,0.9285837,0.9498916,0.9407494,0.95877576,0.9497316,0.94289285,0.92904264,0.9229448,0.9639649,0.9398951,0.9401452,0.9037931,0.86478233,0.9252435,0.91962206,0.93311435,0.94183475,0.93966794,0.9363213,0.9083482,0.9569786,0.9425387,0.93341213,0.9633176,0.94296116,0.9107911,0.9606643,0.94337,0.9487245,0.9246347,0.9085916,0.96196914,0.92362976,0.9443824,0.94103664,0.9276829,0.8406638,0.935065,0.9380366,0.9366466,0.94861776,0.92536545,0.9289777,0.9633176,0.9557368,0.9524852,0.9336505,0.938037
aftermathmovie,0.9712621,0.9523013,0.9569372,0.9235367,0.94784796,0.94889814,1.0000001,0.9688134,0.9783858,0.94750893,0.961204,0.952021,0.9471879,0.9613148,0.96088606,0.94403905,0.94009286,0.94687706,0.9583886,0.94615084,0.946972,0.9683037,0.96402776,0.94850284,0.92396516,0.81436795,0.94579893,0.93052226,0.9630324,0.911773,0.93949336,0.95771456,0.9381875,0.9225329,0.90128833,0.8709769,0.9559273,0.9508249,0.96272004,0.946557,0.9281514,0.96940166,0.95054847,0.966421,0.9521224,0.9189602,0.9649958,0.9803574,0.94922143,0.9740016,0.95323825,0.9720058,0.9604939,0.9494432,0.9061012,0.9426247,0.9487143,0.93328714,0.94775486,0.94793284,0.95348465,0.8975863,0.9423143,0.9514079,0.95723045,0.95285505,0.9471629,0.96060693,0.9557925,0.9328839,0.9625657,0.9198488,0.9181482,0.96379423,0.9326225,0.9366812,0.84570783,0.961014,0.9454371,0.95891666,0.9585872,0.9713182,0.9644062,0.9625984,0.9448949,0.9577434,0.9149904,0.9510178,0.9452039,0.9570798,0.9154948,0.9625657,0.95288503,0.96476614,0.94220394,0.9549344,0.95203567,0.91945827,0.9743915,0.957602,0.90362704,0.94156694,0.9114503,0.9622103,0.93107784,0.9532454,0.9451283,0.95378196,0.93147296,0.952889,0.98050207,0.84628284,0.95239466,0.86966085,0.895134,0.9688492,0.9729471,0.9447756,0.9738049,0.98373663,0.9458969,0.9507593,0.9657274,0.9200682,0.9656409,0.96389455,0.96530616,0.9201393,0.9467271,0.87903696,0.9558148,0.9215817,0.94279873,0.92000467,0.95152026,0.9229702,0.9375731,0.9701901,0.9679638,0.9282501,0.9783858,0.9543305,0.9011622,0.9513986,0.93155384,0.953935,0.9266697,0.95032257,0.9590226,0.93409044,0.98964137,0.96262896,0.9507599,0.9143811,0.9415131,0.9551001,0.9519237,0.9674705,0.95069605,0.9325119,0.9783858,0.9586627,0.9602478,0.9483934,0.9424933
aftermovie,0.9696964,0.9596589,0.96165705,0.95446527,0.96368146,0.9385077,0.9688134,0.9999999,0.9866091,0.9486811,0.9695621,0.9345051,0.9619843,0.9684589,0.9720861,0.9640126,0.9454188,0.9610128,0.9635171,0.96166056,0.97066325,0.96973616,0.9757526,0.9572468,0.93876684,0.798991,0.96573067,0.9593602,0.97252965,0.91171384,0.94340366,0.9589739,0.9390566,0.94115806,0.922602,0.8950608,0.9706771,0.9708553,0.95991504,0.9467768,0.92785454,0.97721595,0.9597996,0.9593939,0.96745485,0.9293245,0.9717985,0.9651411,0.9627915,0.9737806,0.9687318,0.9674837,0.9623714,0.96539605,0.93993556,0.9485305,0.950065,0.9484872,0.95103896,0.9648588,0.96094525,0.9115948,0.95608586,0.9442967,0.9538563,0.95185745,0.95695126,0.9631138,0.9477577,0.93187046,0.9714621,0.9373254,0.9267843,0.97974324,0.9447394,0.92581415,0.86991626,0.9680031,0.93827194,0.95573956,0.9480496,0.9660284,0.9583728,0.9714393,0.9523036,0.94135684,0.9388419,0.9675692,0.93094707,0.96622694,0.92889357,0.9714621,0.953269,0.96747214,0.9617779,0.9745999,0.95734936,0.9418943,0.95571554,0.95953345,0.92033005,0.9464464,0.93432,0.9758627,0.95348823,0.96082073,0.9748937,0.9497163,0.9315998,0.9359837,0.9787956,0.83956337,0.96888393,0.90902704,0.93952763,0.97262955,0.97821087,0.94993097,0.9731239,0.9514489,0.93472034,0.9521066,0.9725795,0.92280155,0.9725566,0.95383734,0.9636456,0.9262518,0.93537146,0.9271087,0.94738585,0.941538,0.94669074,0.9280638,0.9549187,0.9420937,0.949485,0.9579409,0.96843773,0.9518565,0.9866091,0.9693764,0.92584324,0.9299464,0.92011505,0.9484955,0.95810944,0.95954436,0.95012236,0.95161986,0.96406245,0.9676227,0.9552344,0.9182117,0.9545902,0.96899563,0.9514668,0.96534526,0.9819592,0.9535375,0.9866091,0.95766705,0.9754949,0.97071975,0.9613324
ahiddenlifefilm,0.97787875,0.9574793,0.9773533,0.95966536,0.9731963,0.9633176,0.9783858,0.9866091,0.9999999,0.9622426,0.9725549,0.9544991,0.97644484,0.98350185,0.98222786,0.9793975,0.969003,0.9682618,0.97410697,0.964946,0.96832913,0.9823425,0.9815386,0.9762968,0.96070087,0.8311962,0.9567734,0.96961635,0.9845155,0.9466909,0.95851696,0.9764018,0.9538351,0.94721776,0.9038499,0.90963376,0.98295015,0.97742397,0.9694992,0.96219313,0.95177937,0.9830316,0.9660323,0.97488546,0.9684527,0.9543882,0.97794175,0.97706056,0.9708763,0.98738635,0.98258215,0.9884743,0.9712299,0.9639719,0.9467262,0.95836705,0.96732515,0.95691776,0.9739682,0.97258526,0.9685461,0.9275566,0.9731463,0.96678764,0.97388303,0.97101414,0.9677293,0.97764724,0.9730388,0.9469152,0.9839942,0.95379454,0.9386528,0.9856494,0.9566978,0.95251185,0.8526876,0.9775038,0.9636515,0.974949,0.96580297,0.9654028,0.97750854,0.9745796,0.9622896,0.9670248,0.9361014,0.982553,0.9561391,0.9806123,0.94761056,0.9839942,0.96559334,0.9777938,0.97381836,0.9850279,0.9655412,0.96021336,0.96259725,0.97644067,0.9462442,0.96784836,0.95173126,0.98048604,0.96013904,0.9781403,0.97979856,0.97416264,0.9556477,0.96022993,0.983354,0.8691675,0.9752377,0.9145101,0.92697346,0.9801334,0.9876099,0.9650107,0.9891848,0.9583049,0.96275294,0.9629468,0.98314464,0.9297744,0.9806128,0.9771334,0.9831631,0.9495913,0.9505463,0.92404103,0.9533818,0.9630373,0.9698593,0.94400114,0.96258533,0.96292156,0.9679921,0.979134,0.98118275,0.966843,0.9999999,0.9825088,0.9470434,0.95196086,0.9387944,0.9773163,0.9641432,0.962119,0.9673938,0.9589329,0.97834814,0.97947913,0.97621,0.9115711,0.96648884,0.9773339,0.9721551,0.97746545,0.9740718,0.9552047,0.9999999,0.9714558,0.9861849,0.976729,0.9724016
alitamovie,0.9643615,0.95818925,0.9604898,0.91715145,0.9614707,0.9158791,0.94750893,0.9486811,0.9622426,0.9999998,0.93459773,0.9167224,0.9254662,0.95325536,0.94504964,0.9596678,0.9491243,0.9595002,0.957902,0.9393336,0.9284946,0.9459447,0.9472178,0.9463969,0.9038071,0.8283785,0.9365685,0.95929295,0.941129,0.9116421,0.94343174,0.9297993,0.93205416,0.90306836,0.91902053,0.89341915,0.94983184,0.9275298,0.9459796,0.9003156,0.86978304,0.95742166,0.96016634,0.933645,0.91473716,0.9451635,0.9434446,0.9484358,0.9259201,0.95189154,0.94067913,0.9284719,0.9509708,0.94073445,0.91058797,0.9482764,0.93873364,0.9131524,0.9476757,0.92149955,0.9211064,0.8916401,0.92942643,0.91341513,0.92672443,0.9636304,0.93109125,0.9089904,0.91879994,0.92561936,0.93841195,0.9116534,0.9074879,0.9666671,0.9087271,0.9307673,0.8255118,0.96642536,0.93098307,0.944289,0.9309475,0.9603159,0.92057616,0.94790256,0.92908424,0.94662315,0.91131663,0.9460788,0.9151197,0.95578885,0.9174753,0.93841195,0.916091,0.9288116,0.9314886,0.94522506,0.93478024,0.92558587,0.93919533,0.9304071,0.9227109,0.9182373,0.92837596,0.93045914,0.95866233,0.93378234,0.93439555,0.9313299,0.9294063,0.9144146,0.9531915,0.85291183,0.93282807,0.90458405,0.8841524,0.95631427,0.95932645,0.9538998,0.9704751,0.92955077,0.90455836,0.92152405,0.94027007,0.8749929,0.9554356,0.9358608,0.93278515,0.91388726,0.9385756,0.92244303,0.93683386,0.94384813,0.9455268,0.90483856,0.92097,0.92280865,0.9488345,0.9165702,0.9385596,0.9447286,0.9622426,0.94426763,0.92272896,0.9007126,0.8629412,0.9271291,0.9221116,0.9546136,0.91337013,0.92964834,0.9420384,0.97410846,0.9553228,0.90597236,0.9105166,0.92297447,0.9493322,0.92698675,0.9375274,0.91386724,0.9622426,0.9598929,0.938422,0.93847716,0.9380046
angelhasfallen,0.9732842,0.9600283,0.9402393,0.91385955,0.9625365,0.91498804,0.961204,0.9695621,0.9725549,0.93459773,1.0,0.9281838,0.95990974,0.96467054,0.9452609,0.9603926,0.9376216,0.95114034,0.95275515,0.94589347,0.9471776,0.96591157,0.96421885,0.9398755,0.9282125,0.7691171,0.93230164,0.9534194,0.95255214,0.90315396,0.94095546,0.95701796,0.9394353,0.94737333,0.9127948,0.85795665,0.95473033,0.9534095,0.9500936,0.95084256,0.9179771,0.9725145,0.957769,0.9567493,0.9519123,0.9274954,0.9619398,0.9435069,0.9453707,0.9676149,0.934215,0.9640355,0.96997523,0.9507061,0.9260027,0.9462637,0.92328435,0.94640267,0.9549966,0.940531,0.96228695,0.8736081,0.9423751,0.9428797,0.95717967,0.94526935,0.9516151,0.94736665,0.9368575,0.9313657,0.9529503,0.9250529,0.90083116,0.97106546,0.9140347,0.94747275,0.8815668,0.950086,0.9286014,0.9561845,0.97218597,0.9649264,0.9447966,0.95611966,0.94886285,0.95445263,0.92107713,0.9528094,0.9232208,0.9517883,0.90664047,0.9529503,0.9324592,0.94233304,0.9282129,0.9505375,0.96095884,0.9398712,0.9387325,0.95187277,0.90345126,0.93484324,0.9111119,0.95279586,0.93797034,0.9316065,0.94757915,0.94082344,0.929556,0.95666933,0.9608653,0.8343856,0.9584924,0.88164973,0.91235596,0.9703391,0.97227174,0.92366105,0.9730277,0.93398565,0.9331136,0.9440377,0.9698768,0.89780736,0.96633106,0.94535065,0.9617942,0.88358647,0.9294667,0.90313107,0.94165426,0.93015116,0.9561033,0.93049884,0.9606474,0.9235782,0.94234437,0.94999593,0.95280796,0.9246726,0.9725549,0.95583797,0.9064044,0.9201678,0.9021318,0.9504638,0.9316326,0.93888754,0.9460717,0.9417507,0.9612185,0.96459377,0.9474467,0.878291,0.9408099,0.9372559,0.953642,0.9386055,0.96229905,0.94247687,0.9725549,0.9397312,0.9591911,0.9576272,0.9366532
angrybirdsmovie,0.92855304,0.9211197,0.94877774,0.9145893,0.91224295,0.93984294,0.952021,0.9345051,0.9544991,0.9167224,0.9281838,0.99999994,0.9372448,0.94438636,0.93176526,0.927513,0.92944,0.91945463,0.9304257,0.9165703,0.95318264,0.95536935,0.93959165,0.93588334,0.9052022,0.8326136,0.91207683,0.920698,0.94758666,0.93183345,0.9429626,0.9502724,0.91919494,0.92452466,0.84438294,0.86256623,0.93509364,0.9414064,0.9511515,0.93943506,0.93415266,0.95538473,0.9210647,0.9636841,0.9186931,0.91856295,0.9315563,0.9545189,0.9294775,0.96033704,0.9508335,0.9670752,0.92538166,0.91864914,0.8906739,0.9264413,0.9292021,0.92072725,0.93924344,0.92708015,0.93783385,0.88275236,0.9300649,0.9403833,0.93648905,0.9454877,0.91591513,0.94905275,0.9408145,0.8777584,0.94292355,0.8614293,0.90768236,0.94760644,0.91808754,0.9384963,0.78302264,0.9361397,0.91051835,0.9425216,0.9288546,0.92408633,0.93200606,0.94715315,0.9357735,0.9530002,0.860683,0.9298001,0.9603708,0.918445,0.92278934,0.94292355,0.9331977,0.94850564,0.94539374,0.92301095,0.9209459,0.8971287,0.903175,0.9422039,0.89357644,0.92221916,0.9071983,0.9340444,0.9271214,0.9551401,0.94079006,0.93902826,0.9414939,0.9269893,0.94307977,0.8500037,0.9271945,0.851036,0.882089,0.93839324,0.9451452,0.91019076,0.94311917,0.9386331,0.9377078,0.9428406,0.9502027,0.8924494,0.9370648,0.975635,0.94757515,0.9233184,0.92137885,0.8773638,0.9447003,0.9127219,0.93260646,0.9260348,0.9474747,0.9133433,0.90771604,0.95725733,0.9422044,0.90814555,0.9544991,0.9511422,0.89029336,0.93424684,0.9389961,0.9414875,0.9232741,0.92254525,0.9508112,0.89235723,0.95963824,0.94294167,0.9521424,0.84042645,0.9349495,0.9357311,0.93719363,0.9541615,0.9070617,0.9160715,0.9544991,0.94499975,0.9347487,0.9228948,0.93014234
annabellemovie,0.9539535,0.9296158,0.947491,0.94567394,0.9578984,0.9371134,0.9471879,0.9619843,0.97644484,0.9254662,0.95990974,0.9372448,0.9999999,0.9666592,0.95957375,0.9572674,0.94668424,0.9351616,0.95389336,0.9413194,0.9431318,0.9723949,0.95718753,0.9353803,0.9509739,0.7912912,0.931714,0.94676375,0.9712089,0.92794585,0.93276256,0.97127897,0.92294747,0.93193,0.86931634,0.89051944,0.9610393,0.9823954,0.93982583,0.94884473,0.9407162,0.9644282,0.9287609,0.9615213,0.9546022,0.9469393,0.958494,0.946774,0.97319,0.9700468,0.96977913,0.9747871,0.9555246,0.953442,0.9392575,0.94117165,0.942625,0.9333146,0.9544418,0.9468374,0.9673301,0.907294,0.9669581,0.9507711,0.96362436,0.940966,0.9304798,0.9684912,0.95528245,0.9347676,0.9551704,0.92471075,0.9178591,0.9639791,0.9458606,0.9422981,0.84704274,0.9544005,0.9413435,0.94928074,0.95231867,0.9522283,0.95169014,0.9467021,0.9701127,0.9440408,0.9318146,0.97593796,0.9287794,0.94854486,0.9269239,0.9551704,0.9660151,0.9607121,0.9642467,0.9677109,0.9620313,0.9464982,0.9398907,0.9537333,0.9373946,0.95711076,0.93430257,0.96042514,0.93553823,0.9697156,0.9531099,0.95750576,0.94206005,0.9559059,0.95195097,0.8062588,0.95682794,0.881376,0.9042731,0.9482203,0.96554255,0.92261374,0.964921,0.9128011,0.9558148,0.93467546,0.95999485,0.9152109,0.9569608,0.9568708,0.9645608,0.9274017,0.9113508,0.9036492,0.9312596,0.9373351,0.9540916,0.9342607,0.95104676,0.9444408,0.950612,0.9614672,0.9545732,0.95813763,0.97644484,0.97467995,0.9412899,0.9290422,0.9233359,0.9545804,0.9326132,0.9381126,0.95380133,0.9498101,0.9475699,0.95189893,0.9591134,0.8731568,0.95883816,0.9488816,0.9596846,0.9416512,0.95477986,0.93714267,0.97644484,0.93889624,0.9671263,0.96410006,0.96100616
annamovie,0.9759324,0.95379764,0.9640029,0.93780094,0.97122157,0.9401488,0.9613148,0.9684589,0.98350185,0.95325536,0.96467054,0.94438636,0.9666592,0.9999998,0.96889526,0.97421104,0.9571211,0.9606835,0.96600056,0.9478004,0.9567122,0.97156,0.9704985,0.95964366,0.9533208,0.8187042,0.9371017,0.96061623,0.9638607,0.9577794,0.9629484,0.96016604,0.95659846,0.94630957,0.8905083,0.8912738,0.96299255,0.96163225,0.95324045,0.9405254,0.9306523,0.9745839,0.95046294,0.9560599,0.954622,0.94829303,0.9727064,0.9586391,0.9548176,0.9720161,0.9609736,0.96971947,0.9593952,0.93988615,0.92712104,0.93988293,0.95434386,0.9530343,0.96838534,0.94129825,0.9481041,0.90983045,0.96716064,0.9642364,0.9609942,0.9709478,0.95172036,0.95535314,0.9533446,0.93516135,0.9598553,0.9289379,0.9151283,0.9775095,0.9315951,0.9526059,0.8445704,0.9606514,0.9439273,0.9516323,0.9528443,0.954502,0.94502926,0.9622043,0.9450922,0.96238595,0.9176347,0.9755568,0.9417958,0.97498727,0.9504173,0.9598553,0.94916505,0.9513662,0.95451045,0.9648393,0.96646255,0.9494284,0.9291836,0.97357607,0.92651147,0.9533434,0.93265134,0.9541995,0.95590425,0.95707524,0.959019,0.9487893,0.9548715,0.94000226,0.96785825,0.83965534,0.9698821,0.9026506,0.916773,0.974341,0.98176223,0.93751734,0.9791307,0.94545466,0.9487297,0.9572273,0.96124727,0.91266036,0.9633386,0.9729531,0.968816,0.91587156,0.9335446,0.90735334,0.9419218,0.9495044,0.9621368,0.92773676,0.96473664,0.96474236,0.96829665,0.9580212,0.95539033,0.9543188,0.98350185,0.97280854,0.9302297,0.9148551,0.90996164,0.95600855,0.9395424,0.94356906,0.9412694,0.9592276,0.9656782,0.9671781,0.9703733,0.8810556,0.9439598,0.9459831,0.9715567,0.9488987,0.95624256,0.951098,0.98350185,0.9488853,0.97429305,0.96576124,0.9466891
apollo11movie,0.9671609,0.92404974,0.95150876,0.94806963,0.96210784,0.9345108,0.96088606,0.9720861,0.98222786,0.94504964,0.9452609,0.93176526,0.95957375,0.96889526,1.0000001,0.96678174,0.95825166,0.9518851,0.9665247,0.972262,0.95764357,0.9677862,0.9602193,0.961561,0.9454847,0.82098496,0.94454056,0.95185,0.9666692,0.92864394,0.9327545,0.96853226,0.9320724,0.9106996,0.8775608,0.90671057,0.957224,0.96464074,0.9600573,0.95109504,0.92054105,0.9670885,0.93470466,0.9569755,0.9564529,0.9316039,0.9572676,0.9570053,0.96069145,0.9676129,0.9644696,0.9677759,0.9492871,0.9294016,0.928443,0.9355312,0.94328547,0.93767005,0.94073755,0.9632135,0.93441164,0.90974253,0.95911866,0.9455352,0.95399797,0.9600555,0.9329268,0.9613176,0.94508934,0.9365221,0.9726767,0.9365498,0.9128896,0.96414727,0.9386627,0.9197418,0.84874606,0.9492821,0.95229226,0.9468407,0.9344678,0.9441153,0.9522363,0.9467588,0.9529947,0.93451947,0.91102874,0.9758627,0.9388212,0.96277165,0.9240196,0.9726767,0.9393447,0.9706856,0.94898593,0.97623396,0.9265247,0.94340163,0.9563763,0.9587384,0.9283636,0.94873095,0.9243462,0.9705703,0.93859565,0.95793647,0.9631515,0.9442913,0.94616574,0.9495705,0.9742736,0.8180066,0.9433768,0.91788536,0.8925768,0.95591474,0.9783561,0.95490587,0.96209985,0.9501074,0.9323475,0.9354662,0.96346843,0.93073493,0.97065735,0.9529924,0.97598785,0.9396498,0.9533183,0.90228677,0.9334193,0.95197743,0.95116895,0.91408706,0.9304927,0.9470838,0.96226865,0.9685244,0.9714639,0.9504948,0.98222786,0.96594715,0.93050873,0.9153051,0.9045628,0.9523209,0.94401747,0.94799215,0.93011534,0.9621366,0.96554226,0.9527601,0.9637491,0.9227206,0.9415528,0.974538,0.9559604,0.9751794,0.9530396,0.9161261,0.98222786,0.9531985,0.9643697,0.9624036,0.9465334
arcticdogsmovie,0.96113294,0.9583724,0.96762824,0.9327277,0.96654886,0.93569505,0.94403905,0.9640126,0.9793975,0.9596678,0.9603926,0.927513,0.9572674,0.97421104,0.96678174,0.99999976,0.97416514,0.97067493,0.95462865,0.9586556,0.94515544,0.95986325,0.965481,0.97061676,0.96175176,0.836748,0.9400651,0.974089,0.96463394,0.9478233,0.9522463,0.9529363,0.93943864,0.93142164,0.9037254,0.89372504,0.963135,0.9505918,0.9556369,0.93714684,0.9205634,0.97034395,0.9525718,0.9473155,0.94714254,0.9515003,0.96225387,0.9448758,0.9507971,0.96419996,0.95816386,0.9592205,0.95117253,0.9414615,0.9106779,0.9555161,0.9492444,0.9579004,0.9628437,0.94260806,0.9425085,0.9127896,0.96182185,0.94207746,0.9463929,0.9702916,0.957497,0.9431145,0.9486602,0.9229094,0.9620163,0.9385939,0.94138414,0.97480446,0.9225381,0.94692075,0.85328317,0.96243984,0.94961745,0.94163615,0.9511566,0.94317704,0.9391369,0.962499,0.9506921,0.95217186,0.91989034,0.9742045,0.9247378,0.96946925,0.9431867,0.9620163,0.945479,0.9492001,0.95110935,0.96685666,0.9522337,0.9477053,0.92446107,0.9634782,0.93081456,0.95121604,0.95052016,0.95403737,0.95660466,0.95182854,0.96179116,0.94915485,0.9729628,0.9292703,0.9634154,0.86704874,0.96738064,0.9105146,0.92631006,0.97755396,0.9710959,0.9481006,0.9776606,0.9280336,0.92251694,0.95416015,0.95531064,0.9065533,0.9669358,0.9563816,0.95765275,0.9230854,0.93674415,0.9014539,0.9228039,0.9696143,0.9584707,0.9379761,0.957023,0.9656253,0.9554686,0.9530173,0.9594488,0.95089245,0.9793975,0.96659154,0.94220185,0.9103704,0.8931259,0.94993615,0.9484436,0.94156426,0.92717445,0.94575804,0.9492282,0.9678818,0.9558245,0.8997155,0.9451369,0.95338386,0.95450014,0.95049906,0.95970887,0.9506888,0.9793975,0.94934523,0.966619,0.961215,0.94827837
arcticmovie,0.9452704,0.9440255,0.9681651,0.9330978,0.96000797,0.9437607,0.94009286,0.9454188,0.969003,0.9491243,0.9376216,0.92944,0.94668424,0.9571211,0.95825166,0.97416514,0.99999976,0.9411589,0.9569516,0.96127075,0.9166138,0.955677,0.9426818,0.954514,0.94032097,0.84931916,0.92295945,0.9722389,0.9524683,0.92881304,0.93383986,0.93815315,0.9101038,0.91916764,0.88505846,0.9081926,0.9591163,0.9427116,0.9443247,0.9272632,0.9065239,0.94310135,0.9169042,0.94394886,0.9315368,0.96344846,0.93902373,0.9435765,0.9498383,0.9500847,0.9564159,0.9485052,0.9435645,0.93885267,0.91843754,0.94847924,0.9400671,0.919999,0.9577599,0.94378483,0.9328869,0.8949167,0.95885634,0.9230653,0.93657416,0.95905316,0.9392802,0.9366244,0.9419528,0.92746156,0.9568404,0.91415787,0.94382113,0.9687687,0.9364586,0.9195697,0.8193287,0.961988,0.9544758,0.93678033,0.94420856,0.93241143,0.9277898,0.95702785,0.9513682,0.9479975,0.90943843,0.95762837,0.92645484,0.9580973,0.917759,0.9568404,0.9455635,0.94521075,0.9476909,0.96458524,0.94874936,0.9392832,0.9225629,0.9393214,0.951385,0.941747,0.9394912,0.955776,0.94268095,0.9545527,0.9450046,0.94312197,0.9549124,0.9405189,0.955263,0.8363488,0.9491068,0.92643297,0.91191375,0.9518127,0.9506105,0.95874983,0.96628374,0.9135349,0.9130371,0.92868274,0.94611406,0.8970758,0.94478667,0.9493429,0.9450364,0.9291097,0.92087704,0.8930069,0.90493935,0.9517664,0.974234,0.95337415,0.93396914,0.94508636,0.94107807,0.9496903,0.9526124,0.9493741,0.969003,0.9568135,0.9536532,0.91712755,0.88921237,0.939061,0.94275683,0.93605036,0.9178078,0.94278455,0.94474405,0.96157,0.94895923,0.8827083,0.94202924,0.94026995,0.9463262,0.94949293,0.94061714,0.9293864,0.969003,0.9416667,0.94143254,0.9468641,0.9426115
artofracingmovie,0.96217126,0.95086133,0.95286137,0.9238468,0.9678863,0.90794235,0.94687706,0.9610128,0.9682618,0.9595002,0.95114034,0.91945463,0.9351616,0.9606835,0.9518851,0.97067493,0.9411589,1.0000001,0.9544475,0.9493822,0.94184655,0.945784,0.96371454,0.9567458,0.92099917,0.7960845,0.95703423,0.95556504,0.9521013,0.92587525,0.94611657,0.9342856,0.9310074,0.90042937,0.9066455,0.9006457,0.9619426,0.9500891,0.9595153,0.9141372,0.9004763,0.966104,0.9445488,0.9340869,0.93919396,0.937876,0.9583231,0.9487825,0.9476101,0.95482427,0.9488084,0.94540477,0.94352704,0.944119,0.91726583,0.9613413,0.92623395,0.9576663,0.9381575,0.9385475,0.9320504,0.8973871,0.93080586,0.9251962,0.9293947,0.95077676,0.93856657,0.9259698,0.9258311,0.9145364,0.9499657,0.9240671,0.9201151,0.9697413,0.9188931,0.9232933,0.84885514,0.9518928,0.9254286,0.9506095,0.9311805,0.95221466,0.9246157,0.9401732,0.93099415,0.9447562,0.907769,0.9660275,0.92217505,0.9486205,0.9186162,0.9499657,0.92595077,0.9523568,0.94164723,0.948849,0.9302721,0.9237667,0.9268074,0.9616745,0.9176127,0.9094359,0.9430988,0.9389756,0.95232344,0.941535,0.9617542,0.9326292,0.9377549,0.91520816,0.96423054,0.8631684,0.94557333,0.8904431,0.90988415,0.96401703,0.9658859,0.94728893,0.96246076,0.9293048,0.89979887,0.9517076,0.9477692,0.88638455,0.96031433,0.943408,0.9420415,0.9186158,0.9609661,0.9015017,0.9328543,0.9695587,0.9447675,0.9172409,0.9448786,0.9424112,0.9561664,0.9302487,0.94566125,0.95974165,0.9682618,0.955149,0.9234725,0.8985898,0.87247443,0.92941684,0.9367355,0.9397987,0.9184923,0.92949665,0.9538636,0.95369154,0.96145016,0.9090472,0.91916186,0.9452193,0.95301896,0.9430223,0.95026433,0.93257886,0.9682618,0.95031023,0.9477445,0.95331365,0.9400234
avengers,0.98027724,0.9520606,0.9570797,0.9322556,0.9709013,0.9079314,0.9583886,0.9635171,0.97410697,0.957902,0.95275515,0.9304257,0.95389336,0.96600056,0.9665247,0.95462865,0.9569516,0.9544475,1.0000001,0.9550773,0.9480889,0.9732075,0.95532113,0.9394006,0.9282234,0.78168064,0.9512282,0.9665056,0.95163167,0.9118607,0.9587408,0.951007,0.9274659,0.9300211,0.9055653,0.9195762,0.96658826,0.95115316,0.9693511,0.9326368,0.8976936,0.9621945,0.9554173,0.9564215,0.925343,0.96282065,0.9554905,0.94820905,0.9656384,0.9670765,0.9538036,0.9563173,0.9702548,0.94637406,0.935728,0.947049,0.94625026,0.92817074,0.94372916,0.9507611,0.9516343,0.87527657,0.936071,0.93257576,0.93863064,0.94204736,0.9271014,0.9424474,0.9282197,0.9462909,0.95477587,0.9154101,0.9178703,0.9679948,0.9276301,0.93842816,0.83807373,0.97303796,0.9355544,0.9554069,0.9404391,0.9581479,0.94313127,0.94758546,0.94998705,0.954615,0.9189836,0.96843445,0.9379631,0.96060735,0.90877426,0.95477587,0.9373656,0.95053077,0.94430566,0.96170664,0.9522337,0.95387626,0.94728076,0.94354355,0.9581434,0.9227395,0.9273272,0.94850576,0.9432708,0.94830096,0.94701946,0.9334064,0.92717624,0.9501031,0.9675318,0.81290287,0.9397171,0.92597884,0.90458417,0.95848626,0.96712,0.9588686,0.9701894,0.93559533,0.9133789,0.93004405,0.95920116,0.8879897,0.9684878,0.9365608,0.9604993,0.9228634,0.9388586,0.9336239,0.93973356,0.9337739,0.9684912,0.9275352,0.93026584,0.93018246,0.95443386,0.94758683,0.9496175,0.95474136,0.97410697,0.9663005,0.9483611,0.89640635,0.8929867,0.94744176,0.9386456,0.9513076,0.91888523,0.9510891,0.9631897,0.96889544,0.97336453,0.8896517,0.9432743,0.9438787,0.9638479,0.9535747,0.94532484,0.93179035,0.97410697,0.9338111,0.94616044,0.96615696,0.9527454
beachbummovie,0.9481592,0.9291305,0.9513234,0.91045856,0.9745731,0.91775817,0.94615084,0.96166056,0.964946,0.9393336,0.94589347,0.9165703,0.9413194,0.9478004,0.972262,0.9586556,0.96127075,0.9493822,0.9550773,1.0000001,0.9298524,0.9615196,0.9464039,0.93967116,0.9290145,0.8122717,0.9299116,0.9532963,0.95347935,0.9064553,0.9288191,0.93960536,0.90960264,0.914243,0.8902557,0.8926936,0.9457882,0.9450607,0.9500327,0.9351463,0.88524127,0.94680256,0.91517925,0.9495128,0.9438731,0.93973225,0.94302154,0.9437537,0.95789754,0.9521112,0.9488531,0.9446228,0.9380334,0.94247085,0.91100997,0.9455937,0.91324013,0.91905427,0.9396807,0.9635023,0.92836636,0.87995756,0.9436259,0.91922504,0.9339051,0.9423732,0.925983,0.9350486,0.9228258,0.92378783,0.9675897,0.9119017,0.90044564,0.95928615,0.9235535,0.9075409,0.8755989,0.94985676,0.9444662,0.934946,0.9300772,0.9359936,0.93282115,0.9445315,0.96207154,0.9258281,0.90271574,0.9468196,0.91504407,0.9508428,0.9072052,0.9675897,0.9303887,0.95255995,0.93581736,0.9653844,0.928539,0.94697225,0.9442825,0.9385858,0.92575556,0.9348935,0.92056006,0.9694298,0.92215705,0.9446208,0.94030106,0.93683314,0.9281474,0.9459559,0.9604517,0.80259717,0.94489455,0.9214191,0.8831582,0.94080305,0.95021605,0.9418899,0.9536264,0.92739165,0.9065764,0.924821,0.9470082,0.88913107,0.96227276,0.9293377,0.94968235,0.91977566,0.94304216,0.89859897,0.9119377,0.93985194,0.9556224,0.9341536,0.930721,0.9300312,0.92710835,0.9395982,0.9644446,0.9390326,0.964946,0.9518961,0.93280727,0.9011801,0.87517524,0.9273877,0.9345574,0.9408618,0.9185157,0.9455251,0.95329875,0.95380056,0.93773615,0.9121437,0.945067,0.9562228,0.9361243,0.95424247,0.95203733,0.92199266,0.964946,0.94794756,0.9373674,0.95714545,0.93483955
bernadettefilm,0.95049495,0.93580854,0.9439614,0.9374369,0.9258823,0.9250679,0.946972,0.97066325,0.96832913,0.9284946,0.9471776,0.95318264,0.9431318,0.9567122,0.95764357,0.94515544,0.9166138,0.94184655,0.9480889,0.9298524,0.9999998,0.96258825,0.9580139,0.9468487,0.9279283,0.7949863,0.94310325,0.9406835,0.9576702,0.9093315,0.95194525,0.95618737,0.9302899,0.933589,0.8725582,0.8869627,0.95674497,0.94939756,0.96407217,0.9455445,0.9353128,0.9740828,0.9507127,0.95280457,0.9348635,0.90661526,0.9498345,0.9458282,0.9466227,0.9653758,0.955272,0.9658381,0.9478997,0.9280994,0.9068533,0.9284106,0.93766135,0.951862,0.93849564,0.94614935,0.95480746,0.90612465,0.93171924,0.94710267,0.93886566,0.94323045,0.937995,0.9507418,0.9270603,0.8884293,0.9575518,0.9037785,0.9016666,0.9586709,0.9209569,0.9370174,0.8100726,0.93765336,0.9052214,0.9450713,0.9186271,0.9321776,0.9467782,0.9492092,0.9245889,0.94749767,0.87942463,0.9469218,0.9420071,0.934229,0.9309715,0.9575518,0.92933905,0.9517865,0.94945335,0.9494879,0.91720587,0.92872685,0.9160995,0.9516934,0.8926137,0.92786986,0.92867965,0.949362,0.94591725,0.94662964,0.96213627,0.93226767,0.93063027,0.9195475,0.96061355,0.8548417,0.9473588,0.87605417,0.9303705,0.9525103,0.9644053,0.91676944,0.94923204,0.94397825,0.9310311,0.9577165,0.9656177,0.9092953,0.96126807,0.9623106,0.95783883,0.9245162,0.93005306,0.91165626,0.9615758,0.9323039,0.9323461,0.91787,0.9503208,0.91716045,0.9331758,0.9532676,0.94925845,0.9223619,0.96832913,0.9677285,0.90180224,0.9171631,0.92250997,0.9494933,0.94103986,0.9222676,0.9433046,0.9168384,0.9573571,0.94625574,0.95536065,0.8673371,0.935914,0.9535871,0.9411467,0.9607844,0.9448205,0.94236773,0.96832913,0.9432643,0.9513526,0.947738,0.94493705
