movie,21bridgesmovie,47metersdown,abeautifuldaymovie,abominablemovie,adastramovie,adogsjourneymovie,aftermathmovie,aftermovie,ahiddenlifefilm,alitamovie,angelhasfallen,angrybirdsmovie,annabellemovie,annamovie,apollo11movie,arcticdogsmovie,arcticmovie,artofracingmovie,avengers,beachbummovie,bernadettefilm,blackandbluemovie,blackchristmas,blindedbythelightmovie,bombshellmovie,booksmart,breakthroughmovie,brianbanksmovie,brightburnmovie,brittanyrunsmov,captainmarvelofficial,captivestatemovie,catsmovie,charliesangels,childsplaymovie,clarathefilm,coldpursuitmovie,countdown,currentwarmovie,darkwatersmovie,detectivepikachumovie,disneyaladdin,disneyfrozen,disneymaleficent,doctorsleepmovie,dolemiteismyname,dontletgomovie,doramovie,downtonabbey_official,dumbo,escaperoom,everybodyknowsmovie,fastandfuriousmovie,fightingwmyfam,fivefeetapartfilm,fordvferrari,freaksthefilm,geminimanmovie,glassmovie,gloriabellmovie,godzillamovie,goldfinchmovie,goodboysmovie,goodliarmovie,gretafilm,halathemovie,happydeathdaymovie,harrietfilm,hellboymovie,hersmellmovie,highlifemovie,highstrungmovie,honeyboymovie,hotelmumbaifilm,httydragon,hustlemovie,hustlersmovie,isntitromantic,itmovieofficial,jayandsilentbob,johnwickmovie,jojorabbitmovie,jokermovie,judythefilm,jumanjimovie,justmercyfilm,knivesout,lalloronamovie,lastblackmansf,lastchristmasthemovie,latenightmovie,lighthousemovie,lionking,littlethemovie,littlewomenmovie,littlewoodsfilm,longshotmovie,lordsofchaosmovie,lucyintheskyfilm,mamovie2019,marriagestory,meettheaddams,meninblack,midsommarmovie,midwaymovie,missbalamovie,missinglinkfilm,motherlessbklyn,onceinhollywood,onthebasisofsex,overcomermovie,peanutbutterfalcon,petsematarymovie,piercingmovie,playingwithfire,playmobilthemovie,pomsmovie,queenandslim,rambomovie,readyornotfilm,richardjewellfilm,rocketmanmovie,scarystoriesmovie,secretlifeofpets,serenityfilm,shaftmovie,shazammovie,spidermanmovie,spiesindisguise,starwars,stormboymovie,stubermovie,taosdfilm,teenspiritmov,terminator,theaeronautsmov,thebestofenemies,thedeaddontdie,thefarewell,thehighwaymen,thehummingbirdprojectfilm,theintrudermovie,theirishmanfilm,thekitchenmovie,thelegomovie,themustangfilm,thenightingalefilm,theprodigymovie,thesunisalsoastar,theupsidefilm,tolkienmovie,toystory,triplefrontier,uglydolls,uncutgems,underthesilverlake,usmovie,wavesmovie,whatmenwant,wonderparkmovie,wrinklestheclown,xmenmovies,yardiefilm,yesterdaymovie,zombieland
21bridgesmovie,1.0,0.9509697,0.9681495,0.9534468,0.9821754,0.94852304,0.9636358,0.97729015,0.98463094,0.9633848,0.9440521,0.94260234,0.94743913,0.97012734,0.9611271,0.9618037,0.9603308,0.96982515,0.9722329,0.940781,0.9605599,0.9509281,0.96283925,0.96501946,0.9728573,0.59854394,0.94496197,0.9599045,0.9671523,0.93482864,0.95613784,0.93511784,0.9284205,0.9410128,0.91092455,0.87975556,0.98342043,0.97043276,0.97046465,0.93761265,0.9615882,0.9538262,0.9319297,0.95225906,0.9581774,0.95921624,0.9644835,0.9744282,0.9288145,0.9594785,0.9802522,0.9792087,0.9434796,0.9775293,0.9464339,0.9667973,0.9631592,0.96182436,0.9506696,0.9595195,0.94764704,0.95893884,0.9587368,0.9542421,0.9611612,0.95952475,0.9370233,0.9793261,0.9508025,0.9592448,0.9736345,0.55585575,0.95075625,0.9628951,0.9510476,0.93137693,0.7596407,0.961101,0.94758844,0.9539049,0.95898086,0.9633012,0.97290945,0.93230355,0.96391964,0.9497083,0.9241452,0.9523116,0.9664548,0.96417665,0.95840746,0.9736345,0.94577706,0.9356003,0.97380495,0.96222717,0.9430865,0.97272676,0.9539197,0.9559657,0.97409606,0.9606757,0.94989616,0.9789198,0.96852225,0.97825825,0.96573013,0.96948075,0.9431307,0.9452128,0.9683534,0.54281646,0.9492209,0.8184351,0.94868916,0.97069746,0.988015,0.9517005,0.96147823,0.95374787,0.95793176,0.9684437,0.96353775,0.92729586,0.96690476,0.9475194,0.9609175,0.9566115,0.95561033,0.89233035,0.9599539,0.94290537,0.9510598,0.896001,0.9559213,0.94956386,0.9778945,0.96308994,0.976165,0.9573054,0.98463094,0.96206766,0.93524796,0.9768517,0.91211975,0.9636392,0.91374564,0.9606198,0.9699823,0.9587313,0.9690885,0.9616038,0.95857626,0.91324323,0.93457896,0.96342206,0.9588551,0.95028436,0.93939185,0.94901097,0.98463094,0.92492753,0.96677685,0.96604574,0.97707003
47metersdown,0.9509697,0.99999994,0.9607271,0.93909633,0.94435954,0.9315702,0.9643795,0.96202,0.9708574,0.9597167,0.9463631,0.9277169,0.9508624,0.9642235,0.95137966,0.9755112,0.95598656,0.9534386,0.9338599,0.92323637,0.9473096,0.93207026,0.95013255,0.95726043,0.9619314,0.5907626,0.9149024,0.9420581,0.9369093,0.9381989,0.9396747,0.93736565,0.89592373,0.94094956,0.91417295,0.8504415,0.9505544,0.9661143,0.9611619,0.93772995,0.9444734,0.9558863,0.92078817,0.9477796,0.9455374,0.95273936,0.9589529,0.95301324,0.9120233,0.959389,0.9598511,0.95133954,0.9447954,0.95508814,0.9346461,0.9367745,0.96237355,0.9630571,0.95293736,0.93926346,0.9548542,0.9454074,0.9355887,0.95125306,0.93278694,0.94362724,0.90790194,0.9467501,0.95249856,0.9110257,0.95409465,0.54800534,0.9076376,0.94774896,0.9316181,0.91385156,0.7741656,0.919243,0.9495463,0.92602074,0.9444013,0.9543877,0.9711287,0.9494172,0.9494795,0.9594851,0.93348867,0.9508335,0.9414994,0.964817,0.94208914,0.95409465,0.9540157,0.9606746,0.9601115,0.93377835,0.95918,0.94934815,0.95511705,0.9363701,0.95052385,0.9542747,0.9039554,0.95278084,0.9538857,0.959415,0.95390743,0.9531313,0.9467297,0.9537605,0.95668197,0.5376974,0.94833076,0.81525147,0.9582432,0.9503467,0.9566571,0.919655,0.9569493,0.9559829,0.96642613,0.9542352,0.9572246,0.90820545,0.95767444,0.95267713,0.9531885,0.93442416,0.9426885,0.8705939,0.9622615,0.934291,0.95418423,0.91778105,0.95333236,0.9449585,0.9367498,0.9324817,0.9446875,0.94756335,0.9708574,0.935012,0.939035,0.9275089,0.8958356,0.9443743,0.94173586,0.9477472,0.94258636,0.938061,0.97160804,0.9609405,0.9369935,0.8879317,0.9405544,0.94424886,0.9302307,0.93548244,0.9523907,0.95916533,0.9708574,0.9281906,0.9390903,0.9391582,0.95225483
abeautifuldaymovie,0.9681495,0.9607271,1.0,0.9410005,0.96285874,0.9105529,0.96845514,0.9634939,0.98132366,0.956334,0.9395802,0.92714417,0.95484084,0.96341026,0.9587419,0.9592093,0.96170646,0.9589291,0.952366,0.9290006,0.9507254,0.9700962,0.95394826,0.95700663,0.9506039,0.58941865,0.9126394,0.96882755,0.9710331,0.9494952,0.9509168,0.91097695,0.9214226,0.9592209,0.92695147,0.87384725,0.9646119,0.9592326,0.9759916,0.9435066,0.96728456,0.9501169,0.9322194,0.9444975,0.9645744,0.95828736,0.96045506,0.96987313,0.92715496,0.9585822,0.9849376,0.96265054,0.9639972,0.96081173,0.95223224,0.9493604,0.9717884,0.9744268,0.9513426,0.9654609,0.94854695,0.9587923,0.95747316,0.9537154,0.9505315,0.9553201,0.92921764,0.9528809,0.9458829,0.9240264,0.9764527,0.54307944,0.94745034,0.9665766,0.940921,0.9181782,0.7504481,0.935507,0.9556238,0.9467168,0.94133496,0.9563975,0.98083526,0.952625,0.9761209,0.95293903,0.918024,0.9629502,0.9676628,0.9656168,0.9702774,0.9764527,0.94490474,0.9606121,0.9767169,0.955363,0.9382303,0.9444113,0.9622303,0.94926083,0.96294147,0.9556122,0.94973207,0.9775032,0.9718956,0.9814743,0.9631901,0.9601856,0.9451118,0.9449363,0.96743864,0.5271029,0.96185946,0.8093024,0.95307195,0.95990676,0.9722335,0.94154054,0.9487049,0.9605203,0.9627601,0.9702255,0.9663555,0.9182021,0.97250026,0.95442367,0.95984477,0.96107227,0.9607572,0.8821157,0.96149254,0.95133203,0.96591586,0.889217,0.96728754,0.9645995,0.95375943,0.9432886,0.9703635,0.9457368,0.98132366,0.9689839,0.9435742,0.9464621,0.9067325,0.9491651,0.9256491,0.9496685,0.956646,0.960641,0.97462267,0.9723292,0.9264481,0.8860801,0.94310397,0.95191246,0.9327116,0.96581113,0.9563214,0.9630196,0.98132366,0.9315042,0.96638453,0.9502408,0.9838324
abominablemovie,0.9534468,0.93909633,0.9410005,0.99999994,0.96710753,0.92157745,0.9637831,0.94366515,0.9632366,0.9632985,0.9395105,0.9626421,0.9459747,0.9571119,0.9325489,0.950517,0.93345094,0.9450155,0.92972815,0.89762485,0.9264601,0.9206279,0.94014364,0.9604109,0.9616775,0.59057933,0.9313278,0.94520867,0.91612613,0.914562,0.94074756,0.92018694,0.915053,0.9227374,0.90504783,0.85527235,0.93241835,0.9476083,0.94706714,0.9189252,0.9443687,0.93647814,0.8824033,0.9313066,0.92171454,0.9423394,0.94668424,0.93323344,0.9184656,0.9375143,0.948868,0.94581926,0.92123765,0.9228434,0.949658,0.93934315,0.9488675,0.955925,0.95399284,0.9170559,0.92692375,0.94861007,0.9226977,0.9399909,0.93384093,0.9520117,0.91541696,0.9411784,0.9609065,0.9134925,0.9385024,0.53867596,0.92209655,0.9434447,0.92043257,0.9011196,0.728166,0.932663,0.93944865,0.92188346,0.9406928,0.95601135,0.95460224,0.94343364,0.94663215,0.92881685,0.9090073,0.95001704,0.9206992,0.9600575,0.9372613,0.9385024,0.9619753,0.91200405,0.930141,0.95834136,0.93998086,0.93411344,0.944862,0.92987263,0.9461899,0.92073095,0.9309472,0.9443456,0.9673988,0.9387683,0.9406671,0.95790845,0.89966303,0.9483721,0.9486575,0.52687764,0.9429246,0.80029523,0.94930625,0.9393444,0.9596414,0.9170488,0.95361257,0.96434426,0.9325576,0.9607772,0.9566332,0.8779431,0.95284754,0.9467462,0.9401769,0.917701,0.93846756,0.8450587,0.95137376,0.9455513,0.9397685,0.91777134,0.9433895,0.9178357,0.9563036,0.9236511,0.9471593,0.9505777,0.9632366,0.93272436,0.9382909,0.94049996,0.8486581,0.92803276,0.9254199,0.9544681,0.9452443,0.9411098,0.9570069,0.94989556,0.943798,0.89778304,0.89450246,0.9447698,0.92384386,0.9274532,0.9403637,0.9563494,0.9632366,0.9405722,0.95213103,0.9384356,0.9350018
adastramovie,0.9821754,0.94435954,0.96285874,0.96710753,0.9999998,0.95208085,0.9735287,0.97411174,0.9851879,0.97944653,0.948338,0.9489333,0.94925606,0.9665591,0.9649271,0.9666004,0.9548393,0.97532564,0.9663879,0.9353439,0.9642596,0.9579092,0.96101296,0.9672387,0.97332495,0.58454895,0.9650481,0.9636459,0.9596717,0.95061463,0.96264124,0.93545705,0.92219216,0.93118215,0.91861504,0.8712665,0.97193265,0.95723575,0.97416174,0.9383283,0.95693564,0.9610295,0.93154997,0.96008563,0.9643488,0.9446379,0.9643503,0.9632384,0.9372951,0.9650892,0.9765517,0.97516805,0.9433746,0.9672894,0.9423159,0.98046494,0.9617278,0.96416736,0.9584503,0.9554836,0.9337927,0.9531422,0.952579,0.95084876,0.9668743,0.96701074,0.9353756,0.97490925,0.9502757,0.9599001,0.96857333,0.5427504,0.94942486,0.96820104,0.9353029,0.9357787,0.74999076,0.96665686,0.94979745,0.9469394,0.9637339,0.9722096,0.9692271,0.953369,0.9638905,0.93937504,0.9336572,0.9579621,0.9484428,0.96490735,0.9609703,0.96857333,0.9521906,0.92270696,0.9659734,0.97065854,0.9408307,0.9681487,0.95598716,0.9517294,0.96199054,0.95818245,0.95751244,0.9755332,0.96610934,0.9740219,0.9753959,0.96550846,0.9311188,0.9577949,0.9637059,0.53410167,0.9587647,0.8100872,0.95487845,0.9686932,0.98029417,0.94888926,0.9699624,0.9670854,0.9536779,0.96352065,0.96237296,0.9263237,0.9744418,0.95312953,0.96140504,0.95356786,0.969669,0.90017754,0.9722863,0.9621122,0.95993465,0.90582067,0.9615522,0.9499955,0.97067267,0.9623814,0.97591925,0.95209646,0.9851879,0.9685499,0.9424929,0.96580565,0.88331443,0.9619285,0.9233872,0.9522837,0.9580522,0.9513756,0.96818453,0.9566695,0.9612168,0.9051283,0.93761015,0.9691786,0.9470406,0.9431703,0.95139825,0.95858544,0.9851879,0.9373808,0.972531,0.95601225,0.9714764
adogsjourneymovie,0.94852304,0.9315702,0.9105529,0.92157745,0.95208085,1.0,0.9340543,0.9573444,0.94841963,0.94386953,0.9178983,0.9332219,0.90973496,0.94915044,0.92230237,0.9393892,0.9217598,0.947664,0.93502295,0.90064204,0.9293303,0.9002205,0.9440362,0.935649,0.94996923,0.57496834,0.9425549,0.90676,0.9292215,0.8973921,0.92616594,0.89718306,0.8743408,0.9018278,0.8588452,0.8149462,0.94382125,0.93109703,0.938153,0.9083991,0.9257702,0.9421939,0.90527505,0.9354199,0.90741,0.9155944,0.94280475,0.9514034,0.87834805,0.93971026,0.9345721,0.9320891,0.8975861,0.9448945,0.90278715,0.9366385,0.9353326,0.91436756,0.93448615,0.9191427,0.91113734,0.90292543,0.9177547,0.9293989,0.907835,0.9230175,0.90922844,0.9512014,0.92480767,0.9110524,0.9312267,0.534776,0.894712,0.92943496,0.9261631,0.90615,0.73337096,0.949199,0.92013663,0.9100801,0.93007225,0.9416939,0.942268,0.90027064,0.91273504,0.9085437,0.8973932,0.92566407,0.91180754,0.917785,0.896277,0.9312267,0.92972237,0.87058115,0.93551934,0.9202455,0.9171772,0.94477063,0.9265136,0.91987514,0.9247124,0.9413582,0.91141176,0.9433758,0.916674,0.94218886,0.93416226,0.9371795,0.917413,0.93345034,0.92111623,0.52146345,0.88360274,0.77448595,0.9172585,0.9304326,0.9403237,0.9337522,0.9569445,0.9116993,0.9273527,0.9149513,0.92903066,0.9222225,0.9381162,0.9124983,0.9352786,0.91932493,0.9364615,0.87559015,0.92628694,0.8951042,0.9149871,0.8939747,0.91352886,0.9060169,0.9242215,0.9304666,0.932039,0.9194895,0.94841963,0.91959345,0.90801406,0.9447358,0.8700913,0.9232278,0.8969461,0.9328621,0.9345283,0.90196615,0.94319683,0.92036045,0.9427826,0.86724037,0.91276574,0.9350268,0.9425156,0.88172156,0.8954854,0.92315286,0.94841963,0.8970365,0.9196622,0.9313278,0.9178477
aftermathmovie,0.9636358,0.9643795,0.96845514,0.9637831,0.9735287,0.9340543,0.9999999,0.96778566,0.9879969,0.964542,0.9624018,0.94577056,0.9575797,0.9662508,0.96171755,0.9742379,0.95861745,0.9662812,0.9552533,0.926858,0.9652046,0.9453448,0.96887285,0.96766424,0.96234274,0.58225435,0.9440031,0.9695031,0.93932736,0.9575575,0.96733594,0.93702537,0.92068905,0.94759494,0.9277822,0.8816227,0.9510053,0.9664346,0.97376835,0.9386643,0.9520217,0.95989466,0.9459137,0.9521761,0.95818526,0.9666091,0.97425133,0.955021,0.9446472,0.9626303,0.9643818,0.9633749,0.95788,0.957791,0.94879085,0.96703386,0.96488583,0.9759457,0.9631656,0.9608282,0.9537692,0.961225,0.9481739,0.94825363,0.96112686,0.97440255,0.95122486,0.9576007,0.9585737,0.928538,0.9748712,0.54173696,0.94914377,0.97503304,0.94424903,0.9422847,0.7617691,0.9572401,0.96100366,0.9468997,0.95685697,0.97658616,0.9716966,0.9688915,0.9610359,0.9546633,0.9371349,0.9707906,0.9518714,0.980945,0.9587564,0.9748712,0.9700601,0.955008,0.9521797,0.9663788,0.9517072,0.94778746,0.9803555,0.9579155,0.96280813,0.9549541,0.9271908,0.97178227,0.96359074,0.9651517,0.97504675,0.95705944,0.9370361,0.95743954,0.9734014,0.53052455,0.9636315,0.82952935,0.98236215,0.9727417,0.9738109,0.9503211,0.9747063,0.9906098,0.95985466,0.964769,0.9701024,0.92867255,0.9773477,0.9720804,0.9766925,0.94372195,0.95986444,0.8899176,0.9742056,0.96043205,0.97209257,0.92952657,0.9721964,0.95495254,0.9510755,0.9376931,0.97449386,0.95847523,0.9879969,0.9556878,0.9582773,0.9439067,0.8779069,0.95099646,0.9491974,0.95939887,0.9495738,0.9558808,0.990685,0.98232466,0.9620153,0.9108956,0.94653296,0.9672266,0.95114964,0.9585585,0.9605547,0.97302824,0.9879969,0.94908655,0.95832187,0.96861523,0.9627359
aftermovie,0.97729015,0.96202,0.9634939,0.94366515,0.97411174,0.9573444,0.96778566,1.0,0.98430026,0.9615288,0.95139766,0.9403277,0.9571528,0.97376174,0.96194655,0.9680611,0.95911145,0.96856076,0.9609504,0.93447554,0.9633927,0.9464749,0.9628168,0.9661464,0.96889585,0.58105564,0.9321007,0.96044016,0.9646231,0.9437372,0.9598913,0.93436545,0.91181016,0.9413354,0.90101504,0.8609957,0.9739942,0.9668407,0.97040963,0.9588266,0.9648203,0.97235,0.95728254,0.9676662,0.9587001,0.951917,0.96629226,0.9663659,0.93288034,0.9754808,0.97918403,0.97645444,0.9479854,0.9705563,0.9506992,0.96579814,0.9722361,0.96510804,0.95738745,0.9581101,0.95247835,0.952238,0.9570009,0.962073,0.9521585,0.95852894,0.92248863,0.97380066,0.95296365,0.94865555,0.9673654,0.5422931,0.9422541,0.9673264,0.9462938,0.93929094,0.7575781,0.9544687,0.9473473,0.9321879,0.9583243,0.96716636,0.9783017,0.9399298,0.9608947,0.9613922,0.93489563,0.95597976,0.9555922,0.95781213,0.9509098,0.9673654,0.95852613,0.94319403,0.97222656,0.9534993,0.95924133,0.96933883,0.96470654,0.9507428,0.9630409,0.9556721,0.94685346,0.97758263,0.95709753,0.97951573,0.9728029,0.9701032,0.9363177,0.956467,0.9582257,0.5282822,0.94514275,0.8063826,0.94773877,0.97237223,0.9774854,0.9435562,0.96435,0.9511099,0.9627776,0.95346284,0.9612964,0.94585013,0.97477806,0.953742,0.9610262,0.9442735,0.95229095,0.9034197,0.960151,0.93108183,0.9638697,0.900751,0.96086055,0.9515197,0.9616653,0.96073204,0.963978,0.9518144,0.98430026,0.9522715,0.94244367,0.96364474,0.9173713,0.9558906,0.9185004,0.952238,0.96577674,0.95338845,0.97613376,0.9603116,0.9596214,0.9009056,0.94934225,0.95811045,0.95298964,0.94027275,0.9537365,0.95216894,0.98430026,0.921078,0.9536187,0.9581875,0.96657103
ahiddenlifefilm,0.98463094,0.9708574,0.98132366,0.9632366,0.9851879,0.94841963,0.9879969,0.98430026,0.99999994,0.97600347,0.9661725,0.9475348,0.97448146,0.98117006,0.9776342,0.98162276,0.9732835,0.9805354,0.9736126,0.9436054,0.97097635,0.9675711,0.9821955,0.9797723,0.9775489,0.58938843,0.9527576,0.97811073,0.9695596,0.96065664,0.97944915,0.9449194,0.9368984,0.9588444,0.93771523,0.8938924,0.97862124,0.9785983,0.9829121,0.9562718,0.97142464,0.97705543,0.9548131,0.96980625,0.9701143,0.9729228,0.9860468,0.9791797,0.950784,0.9794083,0.9844487,0.98365986,0.9739358,0.9740353,0.9570531,0.97630256,0.9771796,0.9851656,0.9733123,0.9795455,0.96548617,0.9736825,0.9681754,0.96588534,0.973548,0.9802749,0.9523053,0.97618854,0.96263057,0.9515337,0.9886321,0.54989135,0.9624325,0.98740596,0.95902044,0.9492477,0.77237964,0.96668947,0.9685075,0.9564852,0.9677314,0.9819092,0.9837677,0.96548235,0.98012394,0.96681124,0.95033914,0.9803965,0.9693472,0.98307544,0.9741825,0.9886321,0.96524215,0.9573356,0.97664833,0.9732718,0.9623954,0.9679899,0.9730275,0.973694,0.9781393,0.9735086,0.9509738,0.98902977,0.97718847,0.9836824,0.9855368,0.97457474,0.9546323,0.9706586,0.9832955,0.5384733,0.96773404,0.83711386,0.974228,0.9808773,0.9887818,0.9587675,0.9791635,0.9773302,0.9716409,0.9747776,0.97590405,0.950642,0.9907632,0.97708666,0.98266333,0.960205,0.9745148,0.90784234,0.9779613,0.96546984,0.97923803,0.9195197,0.9813736,0.96472573,0.9711037,0.96436316,0.9864253,0.96854275,0.99999994,0.97397494,0.96169454,0.9617772,0.90600955,0.9722848,0.943826,0.96965915,0.9695658,0.97389257,0.9876988,0.9821768,0.9674228,0.9154477,0.9590665,0.97978073,0.9640578,0.97293115,0.9643235,0.9716448,0.99999994,0.9543487,0.97934854,0.9797872,0.98138934
alitamovie,0.9633848,0.9597167,0.956334,0.9632985,0.97944653,0.94386953,0.964542,0.9615288,0.97600347,1.0000001,0.95021987,0.9490093,0.9449773,0.96682227,0.96059203,0.9701291,0.9487286,0.96327037,0.9441809,0.92970127,0.9604377,0.9496547,0.95743626,0.9690361,0.9719894,0.5661221,0.95669436,0.9461548,0.94136477,0.9389607,0.9467338,0.9356326,0.9142783,0.9229737,0.9142299,0.86561316,0.9554348,0.9592179,0.9632691,0.9388038,0.95111865,0.9556369,0.90718234,0.9527713,0.94877714,0.93454194,0.9650917,0.95509744,0.9121195,0.95827526,0.9669522,0.95876384,0.9405829,0.95169425,0.9416778,0.95555335,0.96151793,0.9622536,0.9593885,0.932377,0.93092304,0.9475905,0.937806,0.95135105,0.9460843,0.95195156,0.91233164,0.9595992,0.956469,0.9268213,0.95330054,0.52403945,0.92535436,0.9526649,0.9242824,0.9410518,0.73485833,0.9473235,0.9572632,0.9331174,0.96458215,0.95420194,0.9647965,0.9611132,0.95426977,0.9404115,0.9309487,0.9479959,0.9299551,0.9668035,0.95381206,0.95330054,0.94584936,0.93409985,0.95981854,0.95483273,0.9572807,0.9634614,0.9467722,0.9381632,0.9503339,0.9551002,0.9220993,0.95891213,0.9690479,0.9669931,0.9577501,0.95752627,0.9367063,0.96326566,0.9582878,0.50917864,0.95147645,0.8200892,0.96108043,0.9590056,0.96591866,0.9372931,0.96326303,0.95908827,0.94965154,0.9556327,0.9560375,0.9070589,0.96787447,0.9480101,0.94931173,0.94418687,0.9614117,0.8684614,0.975794,0.9597443,0.95393217,0.91713196,0.96082443,0.9438684,0.95388585,0.9433785,0.9549246,0.94288504,0.97600347,0.95487314,0.9265897,0.94227856,0.8699628,0.9416398,0.93977004,0.9456375,0.95059794,0.9411759,0.9623676,0.95524585,0.95717156,0.8879343,0.9227423,0.9605856,0.92602897,0.9292199,0.94907045,0.9643203,0.97600347,0.9389571,0.96233845,0.9426592,0.9587427
angelhasfallen,0.9440521,0.9463631,0.9395802,0.9395105,0.948338,0.9178983,0.9624018,0.95139766,0.9661725,0.95021987,1.0000002,0.942444,0.9486039,0.9528052,0.9437976,0.953581,0.927272,0.95438075,0.91097635,0.91542876,0.94798446,0.94162685,0.9385247,0.9493971,0.9632222,0.50918394,0.9226174,0.9450497,0.938111,0.931593,0.9504817,0.9275608,0.878257,0.91397846,0.91438633,0.8869401,0.9338578,0.96818656,0.9465652,0.9506375,0.935042,0.95881903,0.92990524,0.95455027,0.94075876,0.9504543,0.95102066,0.93254596,0.9184571,0.95953745,0.954636,0.95473546,0.95254725,0.93246514,0.91284394,0.9510903,0.94599164,0.95080286,0.9593519,0.9332842,0.94110423,0.9562986,0.9477023,0.9226712,0.9367686,0.96460265,0.93434334,0.95168877,0.9583311,0.8967536,0.9513956,0.45813924,0.9277826,0.9483808,0.92001855,0.9083417,0.72403413,0.9242547,0.9574359,0.90253025,0.9807061,0.9547252,0.94962305,0.94674546,0.93838185,0.9323863,0.9687751,0.9513925,0.91119385,0.9468545,0.9378235,0.9513956,0.94713557,0.9403724,0.9306538,0.94508606,0.96628654,0.93353647,0.9374993,0.93385786,0.9502281,0.954099,0.9128715,0.9484929,0.9428395,0.9574395,0.9540373,0.9264668,0.9225763,0.94907993,0.9399435,0.4523403,0.9382223,0.85393995,0.9502924,0.9736505,0.9674482,0.90146005,0.9608614,0.9548048,0.93452924,0.9296885,0.93532854,0.90819025,0.9641141,0.9594709,0.94806427,0.9170753,0.93611646,0.8649326,0.95738405,0.9289954,0.93813634,0.9074448,0.9541673,0.9274165,0.94701946,0.9218827,0.96018875,0.93413174,0.9661725,0.94626933,0.9302568,0.9086993,0.8491952,0.93560845,0.92562443,0.9383786,0.9314881,0.9384551,0.956092,0.94689065,0.9371198,0.859223,0.9315567,0.94348645,0.90957123,0.9327862,0.96076304,0.93882,0.9661725,0.9216379,0.93417424,0.942774,0.9420968
angrybirdsmovie,0.94260234,0.9277169,0.92714417,0.9626421,0.9489333,0.9332219,0.94577056,0.9403277,0.9475348,0.9490093,0.942444,0.9999999,0.92675894,0.9398945,0.91268855,0.9440145,0.9060824,0.9381902,0.9151183,0.89902633,0.9172025,0.896986,0.9269164,0.9346585,0.9560823,0.5916013,0.91223884,0.9274063,0.9123761,0.87927246,0.9102038,0.9072215,0.8666418,0.93228847,0.8672536,0.83632505,0.9080501,0.9410859,0.9342282,0.91850287,0.91708165,0.9340477,0.8762791,0.9245973,0.9046505,0.93070596,0.93525434,0.92607284,0.9047286,0.9343385,0.94707465,0.9272546,0.8985949,0.9180159,0.93016666,0.9349592,0.9248348,0.9340118,0.92377365,0.90230966,0.92199206,0.9114796,0.90957636,0.91148275,0.89965934,0.9322843,0.92346394,0.9315136,0.95303047,0.8992005,0.9323047,0.5341058,0.89216083,0.92247075,0.9178833,0.8988712,0.7097415,0.9135093,0.925604,0.88882726,0.9494907,0.929514,0.94308436,0.91362137,0.9337543,0.90665203,0.90889454,0.9368461,0.8955492,0.9387403,0.90470904,0.9323047,0.9473711,0.89756984,0.9220984,0.94869447,0.93398464,0.92831457,0.93079674,0.92584723,0.9217634,0.9164784,0.91055036,0.9413243,0.95130694,0.94226694,0.93130034,0.930196,0.8822154,0.942266,0.91192347,0.5208519,0.91733646,0.81797343,0.93654287,0.92498386,0.9415857,0.902693,0.9460307,0.9467525,0.9137311,0.9318523,0.93475986,0.8658509,0.94115114,0.9300468,0.9158583,0.90065473,0.92769027,0.8095241,0.942784,0.9098704,0.90810853,0.90751797,0.9394768,0.8913421,0.9367537,0.89944696,0.94979095,0.9308244,0.9475348,0.9151411,0.9111821,0.9280558,0.84444624,0.8984183,0.9127186,0.94089216,0.93397075,0.89543754,0.9418746,0.9303968,0.9281559,0.8597107,0.89136565,0.932417,0.92791635,0.8994189,0.9130294,0.9370023,0.9475348,0.9055995,0.9245827,0.9320481,0.9254921
annabellemovie,0.94743913,0.9508624,0.95484084,0.9459747,0.94925606,0.90973496,0.9575797,0.9571528,0.97448146,0.9449773,0.9486039,0.92675894,1.0,0.9628286,0.95081735,0.9520326,0.95342654,0.9568972,0.94558597,0.9034087,0.940028,0.943004,0.95443696,0.9655629,0.96062165,0.5968434,0.92739725,0.9666661,0.94629633,0.93727666,0.96446484,0.9240014,0.91785884,0.93575037,0.9335821,0.881943,0.94671077,0.9608795,0.95552033,0.94497824,0.95487815,0.9632957,0.9179343,0.94784373,0.93616414,0.95661926,0.96129364,0.95761615,0.95172286,0.9599794,0.95832765,0.9640785,0.9717258,0.9354636,0.9505574,0.94617033,0.9598504,0.96870536,0.9567579,0.9571554,0.96293277,0.9556424,0.94212776,0.942101,0.94752544,0.96849084,0.92463624,0.9504631,0.94944257,0.91565347,0.9625038,0.5563406,0.9399965,0.971994,0.9320336,0.9193227,0.78057015,0.9386064,0.9461849,0.92319137,0.9361419,0.9704853,0.9616705,0.93769336,0.96723807,0.9469327,0.9353132,0.98692703,0.93961954,0.9572023,0.9439553,0.9625038,0.9467878,0.9353968,0.9497487,0.9441776,0.9480724,0.9191664,0.9385989,0.95868963,0.9548471,0.9301909,0.9277826,0.96153206,0.9620194,0.9493103,0.96036947,0.95685333,0.9199328,0.96185446,0.96806306,0.5477755,0.94348365,0.8202793,0.949293,0.9419669,0.957165,0.9097901,0.95059204,0.952734,0.94578815,0.9501437,0.95420104,0.92217624,0.9708646,0.96990657,0.96878386,0.9235721,0.954576,0.8637112,0.95243615,0.9394479,0.9578072,0.8851478,0.96190774,0.94436157,0.9332493,0.9432755,0.9582291,0.9546601,0.97448146,0.9461223,0.94587743,0.9242366,0.8741128,0.95457965,0.9139069,0.95802915,0.9467226,0.9590627,0.95789105,0.9566377,0.9397519,0.9136271,0.9235071,0.9588917,0.93283194,0.9589765,0.9489213,0.9421687,0.97448146,0.94817185,0.96212476,0.95241463,0.948916
annamovie,0.97012734,0.9642235,0.96341026,0.9571119,0.9665591,0.94915044,0.9662508,0.97376174,0.98117006,0.96682227,0.9528052,0.9398945,0.9628286,0.99999994,0.96312946,0.96985894,0.9454108,0.96990776,0.95045,0.930761,0.9405543,0.944051,0.960513,0.96489793,0.9689829,0.5802271,0.93885374,0.9513067,0.9508457,0.9406587,0.96222544,0.93169385,0.92667174,0.9285301,0.91807854,0.8683351,0.9651575,0.9667379,0.9630674,0.9437975,0.96393394,0.96567816,0.921144,0.9550467,0.9462451,0.9599744,0.96773195,0.9657455,0.92340994,0.967495,0.9684363,0.9700746,0.95630276,0.96037656,0.94589865,0.95247126,0.97534907,0.9677535,0.9614769,0.94774014,0.94366586,0.95683295,0.9564327,0.9771406,0.94637746,0.96102005,0.93622327,0.96843636,0.9592746,0.91995066,0.9597233,0.53916204,0.9488516,0.9652336,0.94593865,0.9219261,0.76251394,0.9549311,0.9591542,0.9335383,0.95295924,0.96868813,0.9749722,0.94332623,0.96151584,0.95072347,0.921548,0.96185404,0.9516471,0.9619922,0.9489899,0.9597233,0.9600179,0.94527334,0.9592174,0.95954984,0.9603788,0.9595307,0.9589971,0.95533764,0.9625264,0.95845765,0.94292694,0.9672589,0.9766727,0.96754456,0.9631349,0.97322106,0.94389015,0.9522881,0.9669285,0.5245739,0.94619465,0.8108228,0.95497113,0.96367055,0.9749602,0.9389426,0.96275973,0.954416,0.95998585,0.9648853,0.9655347,0.925977,0.969441,0.9576253,0.9670214,0.9375903,0.95369434,0.8723885,0.9556256,0.9392669,0.95266134,0.9033865,0.9543678,0.93825877,0.9564606,0.95229876,0.9548225,0.9531634,0.98117006,0.9482347,0.95009035,0.9603622,0.8959081,0.95269316,0.9208418,0.96190083,0.96767086,0.95875126,0.9704583,0.9676538,0.95477957,0.9126398,0.9273747,0.953324,0.9353427,0.9425742,0.95303047,0.95827514,0.98117006,0.9409842,0.9635366,0.9521858,0.9563478
apollo11movie,0.9611271,0.95137966,0.9587419,0.9325489,0.9649271,0.92230237,0.96171755,0.96194655,0.9776342,0.96059203,0.9437976,0.91268855,0.95081735,0.96312946,0.9999998,0.9559413,0.9442498,0.9569373,0.96524143,0.9705988,0.96028656,0.96100986,0.95306724,0.95250154,0.9554303,0.5754821,0.9387351,0.9428109,0.95008266,0.9591172,0.9700136,0.9149589,0.9237582,0.9262012,0.92123526,0.8710604,0.96611595,0.9484482,0.95719105,0.9327257,0.9457615,0.9582194,0.9289594,0.9459886,0.9569917,0.94413763,0.95231366,0.9596903,0.92412025,0.95589244,0.96467,0.96273506,0.9452567,0.9638441,0.9284383,0.9608001,0.96894574,0.9646706,0.94692147,0.9561748,0.9102515,0.9538115,0.9503745,0.9473931,0.94730586,0.95895743,0.9302616,0.9613837,0.9311197,0.95053,0.95913243,0.53964573,0.943697,0.9637973,0.9302762,0.9361297,0.7864989,0.9624808,0.9417217,0.94861233,0.951111,0.96807146,0.9577204,0.94766694,0.94886464,0.9384633,0.93826663,0.9573333,0.9369311,0.9608143,0.9575738,0.95913243,0.93019,0.9390354,0.9686127,0.9667407,0.93856,0.96705306,0.9465357,0.94594663,0.95744234,0.95664364,0.93759024,0.96862453,0.9513849,0.9687153,0.9745568,0.9506993,0.9626144,0.9319111,0.964037,0.5283174,0.9488248,0.8005068,0.955886,0.96314853,0.96590114,0.9290317,0.9434029,0.94819194,0.94124174,0.96260786,0.95483905,0.93255365,0.9656079,0.9475891,0.9608326,0.9569083,0.95073146,0.89803624,0.95613563,0.9533142,0.9611991,0.8719416,0.9585076,0.9574088,0.94520915,0.9471697,0.9541179,0.94470125,0.9776342,0.9606814,0.9311981,0.9436921,0.8866098,0.95384943,0.9009829,0.9439361,0.94894475,0.9604949,0.9626745,0.94129074,0.9560819,0.8857868,0.92923313,0.95674217,0.93072695,0.9491023,0.9451082,0.9455213,0.9776342,0.92175883,0.97037673,0.95556355,0.9602551
arcticdogsmovie,0.9618037,0.9755112,0.9592093,0.950517,0.9666004,0.9393892,0.9742379,0.9680611,0.98162276,0.9701291,0.953581,0.9440145,0.9520326,0.96985894,0.9559413,0.9999999,0.9467255,0.9689047,0.94922894,0.93060434,0.948417,0.9386024,0.9664254,0.9616428,0.970685,0.575996,0.932921,0.94678146,0.94167185,0.9398063,0.95035404,0.9565982,0.9112636,0.9322628,0.905858,0.8669225,0.9492491,0.96622235,0.9612363,0.9526812,0.9442257,0.9628911,0.9314506,0.95560914,0.9427592,0.95137316,0.9753785,0.95206887,0.926263,0.96605843,0.9623041,0.9659524,0.9535122,0.9504873,0.933656,0.9512532,0.9542829,0.97198004,0.9566398,0.95475507,0.95698893,0.9505028,0.9368364,0.95528495,0.9541728,0.95124966,0.9262175,0.9594577,0.9566247,0.9277397,0.96923894,0.53423107,0.9323413,0.95769614,0.94065547,0.9453739,0.7559381,0.9324832,0.95706093,0.931542,0.9585707,0.96430707,0.968792,0.9567373,0.95604646,0.95293695,0.9411313,0.9564474,0.9467598,0.9738206,0.955863,0.96923894,0.9525999,0.9524121,0.94784826,0.96039784,0.96352714,0.961544,0.96188784,0.9562582,0.9514805,0.9622801,0.9232568,0.96651334,0.9583047,0.96027505,0.97147256,0.9604679,0.9515112,0.9638684,0.961055,0.52771133,0.9564219,0.8266943,0.9578428,0.9614879,0.96351016,0.9350226,0.97187966,0.96895516,0.9651127,0.9515285,0.9584464,0.9133218,0.97055686,0.9601342,0.96678287,0.9309711,0.95010716,0.8684596,0.96248007,0.9430356,0.96408397,0.9342394,0.96876705,0.93471175,0.95337474,0.9395935,0.96528757,0.9621176,0.98162276,0.9494762,0.95340353,0.940424,0.88440627,0.9480133,0.95057577,0.9454003,0.9470169,0.94054925,0.9711788,0.9699317,0.9536482,0.9033352,0.95289373,0.95859015,0.9480039,0.953517,0.95341945,0.9631272,0.98162276,0.94058096,0.94588476,0.9606891,0.9542168
arcticmovie,0.9603308,0.95598656,0.96170646,0.93345094,0.9548393,0.9217598,0.95861745,0.95911145,0.9732835,0.9487286,0.927272,0.9060824,0.95342654,0.9454108,0.9442498,0.9467255,1.0000002,0.95597804,0.95019877,0.9001071,0.9591745,0.94111264,0.9643935,0.9688589,0.9513026,0.5900653,0.9297827,0.9673513,0.9450627,0.93935436,0.95035917,0.91711164,0.92422754,0.9477368,0.93771076,0.8872902,0.96184,0.9549736,0.9646354,0.921113,0.95776653,0.9474978,0.93034416,0.94239545,0.9565586,0.96209854,0.96501786,0.9642516,0.92386407,0.9546042,0.9606644,0.9531328,0.9507181,0.95543265,0.9276689,0.9433842,0.95600957,0.95779806,0.9568153,0.9639015,0.95572674,0.96268183,0.94909114,0.94513327,0.9371759,0.95123935,0.9091316,0.9431023,0.92441267,0.93787056,0.96329117,0.5552149,0.94148767,0.9606908,0.9413847,0.92276263,0.7748015,0.94269997,0.9549855,0.9426713,0.9361001,0.95542544,0.96283126,0.93432903,0.9659931,0.95435345,0.9214226,0.9568255,0.97428554,0.95831615,0.9626081,0.96329117,0.95632744,0.9470143,0.96085423,0.9252468,0.9267575,0.93572557,0.95217437,0.9485804,0.9642241,0.94839704,0.90558726,0.9559376,0.9562624,0.9605334,0.94737244,0.95196027,0.9353452,0.95457363,0.9676366,0.5458724,0.94606763,0.8308116,0.941192,0.9514249,0.96317315,0.9441451,0.95595807,0.94595575,0.9561797,0.9594558,0.9424942,0.91669697,0.96478415,0.95460314,0.9675446,0.9546217,0.94687593,0.9060537,0.9588688,0.94607985,0.9754851,0.90405005,0.94782174,0.96342653,0.9509803,0.94199765,0.9562821,0.95662236,0.9732835,0.94850737,0.9280834,0.9454216,0.89953256,0.95061487,0.926606,0.957508,0.9509638,0.9524012,0.964556,0.96140456,0.9458823,0.88967043,0.92973876,0.95449895,0.94818336,0.9528558,0.94748646,0.93793046,0.9732835,0.93717873,0.95321316,0.9508388,0.9692377
artofracingmovie,0.96982515,0.9534386,0.9589291,0.9450155,0.97532564,0.947664,0.9662812,0.96856076,0.9805354,0.96327037,0.95438075,0.9381902,0.9568972,0.96990776,0.9569373,0.9689047,0.95597804,0.9999999,0.96357715,0.91191995,0.95153034,0.9466036,0.9615232,0.95668906,0.9777617,0.5715133,0.9442588,0.96201116,0.95272154,0.94692165,0.9572954,0.9159456,0.932558,0.9304239,0.9355713,0.89055663,0.96047175,0.9635397,0.9618053,0.9376932,0.95876837,0.956822,0.9229875,0.94867945,0.9695635,0.96425897,0.9682197,0.96975094,0.9361831,0.95891625,0.9647937,0.96835935,0.956233,0.9560789,0.9344955,0.9687676,0.9597438,0.958842,0.94402075,0.9561825,0.93997204,0.9469363,0.9749068,0.9652542,0.94511265,0.96457195,0.9374875,0.9615911,0.9422993,0.9339994,0.9649012,0.5201208,0.95175177,0.9614555,0.9435689,0.9368586,0.7621895,0.96224713,0.9560984,0.93934906,0.953763,0.968467,0.97259563,0.93907017,0.9545179,0.9363876,0.9435489,0.9586621,0.954826,0.9630211,0.9589849,0.9649012,0.9563996,0.9374733,0.958636,0.969918,0.95197564,0.9527484,0.95965314,0.9555927,0.9665404,0.9633941,0.9420557,0.96799475,0.9645548,0.9661795,0.96776503,0.963815,0.9386648,0.9592906,0.9620866,0.5171984,0.95997417,0.8211108,0.9445419,0.9697323,0.9725921,0.94083536,0.9666283,0.9527593,0.96102107,0.9545574,0.9398885,0.923461,0.97105795,0.96027136,0.9652129,0.944589,0.95789486,0.891813,0.964249,0.9481138,0.95954674,0.9027049,0.96255195,0.9382219,0.9588051,0.94835943,0.96644264,0.9710411,0.9805354,0.9489373,0.94537145,0.95631045,0.89084756,0.9502741,0.9180209,0.96361387,0.9603884,0.95503545,0.96282953,0.95418805,0.9582811,0.8957278,0.92597723,0.95719767,0.9413606,0.9454427,0.95159644,0.95443213,0.9805354,0.94538134,0.95661986,0.9654039,0.96654767
avengers,0.9722329,0.9338599,0.952366,0.92972815,0.9663879,0.93502295,0.9552533,0.9609504,0.9736126,0.9441809,0.91097635,0.9151183,0.94558597,0.95045,0.96524143,0.94922894,0.95019877,0.96357715,0.99999976,0.92161036,0.95360917,0.93542707,0.95717216,0.9572288,0.9532083,0.61330616,0.9305826,0.9410316,0.94652534,0.9402302,0.9644633,0.9020338,0.9271611,0.9191071,0.8944708,0.8489416,0.9690291,0.9296016,0.95307165,0.91189176,0.94308877,0.9432744,0.9234513,0.9345786,0.9497863,0.94625264,0.95318544,0.9704713,0.9174415,0.94655097,0.95755804,0.95836675,0.92803264,0.9630006,0.93873984,0.9572732,0.94839466,0.94807637,0.9283564,0.9588837,0.92422813,0.9323144,0.94633454,0.93589526,0.9413407,0.94676644,0.9321287,0.9633446,0.9214813,0.9517497,0.9626302,0.57187,0.94288135,0.9604063,0.926466,0.9548156,0.77375406,0.9670413,0.926214,0.95335823,0.92707294,0.95746756,0.9538084,0.9138806,0.9552189,0.94174755,0.90332246,0.9571094,0.95773584,0.95467705,0.9451478,0.9626302,0.93416363,0.91546243,0.9635771,0.9559303,0.9200229,0.9496338,0.9450153,0.9518853,0.9535306,0.9430644,0.94262415,0.9731672,0.9521923,0.95750415,0.96936625,0.945112,0.94196564,0.9328305,0.96390545,0.55654174,0.92939985,0.76593447,0.9335205,0.947711,0.9537678,0.9360679,0.95111644,0.9449658,0.9393676,0.95746446,0.95703703,0.9242055,0.95164263,0.93963295,0.96543586,0.9599207,0.951122,0.9026869,0.95030963,0.94996226,0.95284426,0.8821158,0.9409679,0.9471475,0.94251144,0.9418735,0.9584868,0.94715923,0.9736126,0.95155597,0.9201647,0.95668703,0.89307326,0.95210665,0.89538455,0.93551266,0.9400951,0.9521738,0.9566532,0.95009404,0.954563,0.9143467,0.91556615,0.9566001,0.95291513,0.9471584,0.91054535,0.93056875,0.9736126,0.92073745,0.95681095,0.95983547,0.9634018
beachbummovie,0.940781,0.92323637,0.9290006,0.89762485,0.9353439,0.90064204,0.926858,0.93447554,0.9436054,0.92970127,0.91542876,0.89902633,0.9034087,0.930761,0.9705988,0.93060434,0.9001071,0.91191995,0.92161036,1.0,0.9375298,0.9332918,0.92092246,0.90807295,0.9162698,0.5273714,0.91449785,0.89893854,0.9194426,0.9074675,0.92543936,0.89112747,0.85409427,0.9055454,0.8758369,0.84616214,0.9362291,0.9265596,0.92837316,0.8960954,0.9040882,0.93116134,0.8971717,0.91803384,0.91178197,0.90993166,0.9164402,0.9202163,0.8709293,0.92566776,0.9394671,0.9231187,0.8957315,0.9471446,0.8744673,0.9372714,0.93325067,0.93931866,0.91112655,0.9218606,0.8716092,0.92220783,0.90355736,0.89878374,0.9100839,0.922799,0.8966168,0.9269304,0.89909256,0.9386305,0.93034947,0.49556634,0.90819263,0.91054106,0.91494274,0.8856296,0.74518025,0.9171964,0.91185194,0.92997926,0.9353793,0.9258154,0.92528856,0.92072564,0.91000324,0.8826641,0.9081604,0.91860574,0.9029434,0.9282881,0.91465116,0.93034947,0.8820719,0.9116254,0.93885714,0.94283634,0.8877875,0.9617371,0.9033827,0.91270804,0.9204234,0.9367798,0.90063614,0.9335187,0.9136542,0.94579196,0.9398326,0.91848725,0.94260716,0.8763681,0.92335415,0.49035525,0.91545147,0.77910453,0.94053644,0.9306418,0.9429841,0.9058584,0.90259665,0.9075389,0.90141964,0.93706876,0.908831,0.89074045,0.932034,0.9110141,0.92062724,0.92257226,0.92111355,0.8670188,0.92312586,0.9072585,0.90952975,0.83405715,0.9345097,0.9125574,0.9285399,0.91079664,0.92778033,0.9069335,0.9436054,0.93079084,0.89287627,0.9276191,0.8470642,0.91232014,0.8667038,0.9092719,0.91932344,0.9118434,0.93264425,0.90125144,0.93111414,0.82682824,0.9175844,0.9206362,0.9039704,0.9104287,0.9157622,0.9210703,0.9436054,0.86925334,0.93218464,0.923725,0.9260672
bernadettefilm,0.9605599,0.9473096,0.9507254,0.9264601,0.9642596,0.9293303,0.9652046,0.9633927,0.97097635,0.9604377,0.94798446,0.9172025,0.940028,0.9405543,0.96028656,0.948417,0.9591745,0.95153034,0.95360917,0.9375298,1.0000002,0.9409767,0.95625657,0.9588108,0.9532671,0.5436047,0.9468166,0.94073635,0.92956847,0.95520914,0.95151424,0.917024,0.895171,0.9199368,0.9084536,0.88157004,0.956472,0.953611,0.9572624,0.92272496,0.92863864,0.95111525,0.93940884,0.9482995,0.9573949,0.93971884,0.95782346,0.9582474,0.9019284,0.95424926,0.9546961,0.945404,0.93706805,0.9543432,0.90495193,0.968581,0.9558266,0.95237327,0.9513015,0.94398445,0.9315165,0.94515604,0.9278339,0.9210098,0.9353841,0.9572579,0.90879,0.9470222,0.91873866,0.94367635,0.9593657,0.5020285,0.9318816,0.9476778,0.92343247,0.94076425,0.75701505,0.9528146,0.9487835,0.9454441,0.9576217,0.9485814,0.9508376,0.94419956,0.9428015,0.9353124,0.9314303,0.94872445,0.9433973,0.953099,0.94272536,0.9593657,0.9375465,0.9481848,0.9530079,0.93649167,0.92389435,0.94682866,0.94436735,0.9418338,0.9579144,0.9504625,0.8932259,0.95432687,0.93775934,0.9590619,0.9634037,0.9262761,0.9439981,0.9387849,0.96509385,0.49416733,0.9451866,0.813472,0.9569108,0.96418864,0.9606422,0.93599695,0.954589,0.9591048,0.9341681,0.9446494,0.9380204,0.9135175,0.9540482,0.9504528,0.96109164,0.9442348,0.95651835,0.8988891,0.977623,0.9537491,0.958592,0.91056144,0.9526986,0.9600577,0.9488958,0.93374074,0.9601782,0.9366583,0.97097635,0.9461475,0.92126787,0.9351579,0.85162723,0.94976926,0.92984617,0.9259695,0.923377,0.9379975,0.9636541,0.95071584,0.94917005,0.87460583,0.93111336,0.95438737,0.93106145,0.93938583,0.94810903,0.94361377,0.97097635,0.923647,0.9471745,0.9468021,0.96223575
