movie,21bridgesmovie,47metersdown,abeautifuldaymovie,abominablemovie,adastramovie,adogsjourneymovie,aftermathmovie,aftermovie,ahiddenlifefilm,alitamovie,angelhasfallen,angrybirdsmovie,annabellemovie,annamovie,apollo11movie,arcticdogsmovie,arcticmovie,artofracingmovie,avengers,beachbummovie,bernadettefilm,blackandbluemovie,blackchristmas,blindedbythelightmovie,bombshellmovie,booksmart,breakthroughmovie,brianbanksmovie,brightburnmovie,brittanyrunsmov,captainmarvelofficial,captivestatemovie,catsmovie,charliesangels,childsplaymovie,clarathefilm,coldpursuitmovie,countdown,currentwarmovie,darkwatersmovie,detectivepikachumovie,disneyaladdin,disneyfrozen,disneymaleficent,doctorsleepmovie,dolemiteismyname,dontletgomovie,doramovie,downtonabbey_official,dumbo,escaperoom,everybodyknowsmovie,fastandfuriousmovie,fightingwmyfam,fivefeetapartfilm,fordvferrari,freaksthefilm,geminimanmovie,glassmovie,gloriabellmovie,godzillamovie,goldfinchmovie,goodboysmovie,goodliarmovie,gretafilm,halathemovie,happydeathdaymovie,harrietfilm,hellboymovie,hersmellmovie,highlifemovie,highstrungmovie,honeyboymovie,hotelmumbaifilm,httydragon,hustlemovie,hustlersmovie,isntitromantic,itmovieofficial,jayandsilentbob,johnwickmovie,jojorabbitmovie,jokermovie,judythefilm,jumanjimovie,justmercyfilm,knivesout,lalloronamovie,lastblackmansf,lastchristmasthemovie,latenightmovie,lighthousemovie,lionking,littlethemovie,littlewomenmovie,littlewoodsfilm,longshotmovie,lordsofchaosmovie,lucyintheskyfilm,mamovie2019,marriagestory,meettheaddams,meninblack,midsommarmovie,midwaymovie,missbalamovie,missinglinkfilm,motherlessbklyn,onceinhollywood,onthebasisofsex,overcomermovie,peanutbutterfalcon,petsematarymovie,piercingmovie,playingwithfire,playmobilthemovie,pomsmovie,queenandslim,rambomovie,readyornotfilm,richardjewellfilm,rocketmanmovie,scarystoriesmovie,secretlifeofpets,serenityfilm,shaftmovie,shazammovie,spidermanmovie,spiesindisguise,starwars,stormboymovie,stubermovie,taosdfilm,teenspiritmov,terminator,theaeronautsmov,thebestofenemies,thedeaddontdie,thefarewell,thehighwaymen,thehummingbirdprojectfilm,theintrudermovie,theirishmanfilm,thekitchenmovie,thelegomovie,themustangfilm,thenightingalefilm,theprodigymovie,thesunisalsoastar,theupsidefilm,tolkienmovie,toystory,triplefrontier,uglydolls,uncutgems,underthesilverlake,usmovie,wavesmovie,whatmenwant,wonderparkmovie,wrinklestheclown,xmenmovies,yardiefilm,yesterdaymovie,zombieland
21bridgesmovie,0.99999994,0.96825737,0.9824657,0.9393189,0.949467,0.8244237,0.9793023,0.9618528,0.9791928,0.9554751,0.976752,0.8170591,0.96750146,0.98494273,0.9737558,0.9855397,0.95020556,0.9561585,0.9902084,0.97821885,0.9895316,0.93344945,0.97117203,0.9732237,0.9655678,0.24983703,0.8798037,0.9784101,0.98957795,0.95720464,0.9829758,0.97013086,0.8714997,0.74921465,0.67948264,0.6030997,0.9827672,0.9698523,0.9924759,0.99342877,0.9518809,0.9628714,0.8977797,0.9730064,0.99245495,0.97086185,0.98215544,0.98017395,0.9519745,0.98030645,0.9919348,0.99075156,0.9155323,0.96014094,0.7500867,0.9395604,0.94526595,0.97855306,0.9826118,0.97676915,0.96833646,0.97971165,0.9591896,0.9827112,0.98267335,0.966173,0.9614843,0.9867673,0.9821691,0.85029507,0.9804881,0.2949563,0.7805797,0.9734437,0.7736746,0.9649068,0.53448457,0.97602296,0.9886892,0.93585545,0.96127725,0.9694344,0.98710114,0.9157769,0.911178,0.96727043,0.8953839,0.98136836,0.94356877,0.97685164,0.96129644,0.9804881,0.8678872,0.93628097,0.98265797,0.9885565,0.96138096,0.97223246,0.9694676,0.8831507,0.94755703,0.9642159,0.9594307,0.97772235,0.9603585,0.9850417,0.988714,0.9888353,0.94731337,0.8741475,0.9716582,0.22818577,0.96039015,0.5585487,0.9508866,0.9921201,0.9950508,0.8322067,0.98454946,0.9750512,0.9589012,0.9889095,0.9667885,0.82242364,0.98231286,0.9871755,0.9673756,0.9085371,0.9577519,0.58964545,0.99266356,0.91315675,0.97471786,0.70803976,0.97887135,0.95268637,0.9889693,0.9798196,0.9887008,0.9751815,0.9791928,0.97562134,0.9049111,0.96875644,0.9213283,0.98772645,0.87666327,0.7574385,0.9851329,0.94132286,0.9850297,0.9927202,0.96545386,0.7839751,0.9220554,0.9855886,0.91997,0.98724157,0.9818177,0.9615158,0.9791928,0.9703554,0.97918683,0.9720097,0.9673478
47metersdown,0.96825737,1.0,0.9813495,0.92614126,0.97130346,0.8419472,0.9802782,0.9529873,0.9755181,0.9392824,0.94613695,0.7175685,0.93623847,0.9760863,0.9748791,0.9759102,0.92972374,0.96759725,0.9350865,0.988038,0.9675562,0.87834716,0.9700798,0.9920713,0.93886584,0.21225001,0.8707054,0.9334114,0.9516316,0.9664173,0.9548243,0.9356662,0.8458721,0.6420304,0.6835122,0.5822,0.9759333,0.958232,0.97229016,0.9562195,0.9107402,0.8927985,0.8167854,0.9322779,0.9675034,0.9168495,0.96938306,0.93998975,0.93404937,0.9397554,0.9568494,0.972264,0.8708639,0.9616901,0.74120724,0.9658388,0.9336192,0.9382635,0.9673255,0.9765131,0.93022937,0.9664737,0.92665,0.95330215,0.9823482,0.90324575,0.9580109,0.94882596,0.9659437,0.85384065,0.97603655,0.31312054,0.8132592,0.95887315,0.76132196,0.93260914,0.47821328,0.96776164,0.98671633,0.8863645,0.9110228,0.9407236,0.9666596,0.9331479,0.8563271,0.971198,0.88360345,0.9719455,0.9139289,0.96096593,0.9808056,0.97603655,0.7802722,0.9267541,0.9441319,0.9914329,0.94405216,0.986927,0.95883507,0.85470355,0.8932971,0.9680469,0.8942865,0.96055764,0.9650827,0.95712906,0.9746651,0.9443226,0.90445614,0.79197013,0.97674227,0.280257,0.9310936,0.5534868,0.91602385,0.9696973,0.9759937,0.79175824,0.981217,0.9808976,0.93808657,0.9680913,0.9562345,0.8650943,0.9781385,0.95404375,0.93150544,0.83226013,0.92230755,0.4202996,0.96847135,0.9117519,0.9694596,0.69374174,0.9546168,0.9733116,0.9474562,0.94115996,0.98555183,0.9242252,0.9755181,0.93863076,0.8340925,0.95056933,0.8920829,0.9522621,0.8630581,0.77027994,0.9607514,0.9264999,0.9794276,0.9561663,0.9484899,0.7725999,0.8883481,0.9615768,0.92325807,0.9874487,0.9609681,0.9115033,0.9755181,0.93671095,0.97915846,0.97825384,0.90845895
abeautifuldaymovie,0.9824657,0.9813495,1.0,0.9192333,0.9813429,0.8746145,0.99538857,0.9789434,0.994978,0.968637,0.97516024,0.8084159,0.97909635,0.9905153,0.99560064,0.9933546,0.96755826,0.98305243,0.95681036,0.99188334,0.9851692,0.8681863,0.99079645,0.9922418,0.9550864,0.24193716,0.9090099,0.9675293,0.98395985,0.9747992,0.97816336,0.9677501,0.88849205,0.73589104,0.6579664,0.54074675,0.9948602,0.98049706,0.9888283,0.9818005,0.94622207,0.946105,0.8811612,0.9725261,0.9924759,0.933646,0.9909896,0.98065746,0.9186932,0.9809496,0.9794316,0.9957438,0.9059966,0.9670792,0.7862321,0.96332395,0.9374073,0.9735587,0.9871621,0.9814722,0.96144736,0.98835266,0.95401496,0.9716718,0.98739934,0.9370378,0.9808329,0.9783651,0.98961854,0.8490334,0.9849182,0.2702479,0.76944345,0.98777074,0.7408728,0.9464308,0.4865875,0.98760813,0.9896804,0.93398154,0.9354274,0.96154976,0.9870699,0.90394807,0.8842705,0.9715535,0.8848967,0.9959054,0.8996772,0.99062437,0.98352784,0.9849182,0.84610254,0.96111035,0.9761409,0.990562,0.96806705,0.99567395,0.9804638,0.8906758,0.907871,0.9737577,0.9333863,0.9841631,0.98500943,0.9768014,0.9948997,0.95802176,0.92545015,0.84108114,0.99407095,0.2346599,0.95954084,0.5012468,0.95211786,0.9929257,0.99392444,0.79456025,0.99593335,0.9918748,0.96929055,0.9830084,0.9857057,0.8716639,0.994305,0.9865743,0.9534612,0.86511356,0.9302756,0.5428874,0.992678,0.92940575,0.98818475,0.7332559,0.983302,0.97370225,0.96477294,0.96758986,0.988139,0.9681591,0.994978,0.9537672,0.8495803,0.9294733,0.9055562,0.9715891,0.82890755,0.7577923,0.9632025,0.9328723,0.99446106,0.9836884,0.985922,0.79759663,0.8622014,0.9763015,0.94682133,0.98936605,0.985595,0.95466316,0.994978,0.956784,0.9909409,0.9925972,0.936765
abominablemovie,0.9393189,0.92614126,0.9192333,1.0,0.9193674,0.83268297,0.9160329,0.8967983,0.91337323,0.9563512,0.94948626,0.72839653,0.9298249,0.91945946,0.9087323,0.9348542,0.89489025,0.937866,0.9474055,0.92362326,0.9494743,0.88202953,0.93218267,0.9161872,0.96581244,0.4246205,0.840292,0.9358976,0.92118245,0.9316311,0.9486559,0.9328545,0.84605324,0.7394736,0.8180382,0.7671977,0.9287845,0.94749635,0.92940646,0.9256482,0.9474991,0.8881567,0.86485,0.91036457,0.9310104,0.91309553,0.9495421,0.90847415,0.96684957,0.90699244,0.9206029,0.9277802,0.89436173,0.9227261,0.7909869,0.96405345,0.9854738,0.9179629,0.92798537,0.91942424,0.939301,0.93400717,0.9295477,0.9235281,0.9300238,0.93509215,0.90613294,0.94150466,0.94131404,0.95333177,0.9120186,0.5348742,0.90019435,0.9059973,0.8736482,0.96472424,0.71776474,0.9020552,0.94183236,0.88094616,0.96356094,0.9713237,0.91694283,0.96980417,0.9068781,0.95247465,0.9617889,0.92030907,0.9216957,0.91000766,0.94823736,0.9120186,0.81941575,0.8922028,0.945686,0.94738233,0.9688572,0.93160516,0.9370797,0.929001,0.9425533,0.9520792,0.87085575,0.90103394,0.92156696,0.9173996,0.91544414,0.93834907,0.9666693,0.836413,0.90355563,0.46364912,0.92856073,0.7354827,0.90741736,0.93663853,0.9307394,0.9188637,0.92728,0.91156936,0.9105044,0.94496286,0.9118362,0.84702516,0.91527325,0.93370515,0.94977593,0.86387914,0.96206605,0.57809335,0.93593013,0.9337899,0.9327979,0.7466223,0.92295444,0.920305,0.9614098,0.9315388,0.91996264,0.9397128,0.91337323,0.91049826,0.90545315,0.93734914,0.9248428,0.96735203,0.9348508,0.8512832,0.9456617,0.94576627,0.93203753,0.9394164,0.9109378,0.85898656,0.9208453,0.9321206,0.9010698,0.9210779,0.93032765,0.90496063,0.91337323,0.9617446,0.90923977,0.91745985,0.90828025
adastramovie,0.949467,0.97130346,0.9813429,0.9193674,1.0,0.9000399,0.98644346,0.9802884,0.9874607,0.97083676,0.94538397,0.7262506,0.95770264,0.9797784,0.9863841,0.9782834,0.97492343,0.9930829,0.9176974,0.96795994,0.96713185,0.7948201,0.9903423,0.98512036,0.94412047,0.31060606,0.93882287,0.95050514,0.946712,0.986333,0.9590726,0.94302225,0.9248154,0.67752904,0.66255254,0.5379989,0.98685235,0.9649333,0.9540865,0.9464184,0.95020753,0.89664096,0.86476433,0.9545654,0.9692157,0.87069577,0.9813233,0.94405437,0.8882657,0.95534384,0.9346694,0.9719519,0.8665869,0.9267553,0.8392275,0.9814845,0.9352406,0.9364833,0.96150017,0.9752263,0.95594764,0.9770273,0.9374248,0.96137637,0.96980226,0.8997653,0.97864616,0.9584846,0.9696319,0.8684839,0.97442126,0.3405489,0.7815187,0.97949123,0.7313328,0.9401304,0.48281032,0.976799,0.9617834,0.8860766,0.903824,0.9300815,0.97268605,0.8975692,0.83802956,0.9712781,0.86824715,0.97399896,0.86823344,0.98219806,0.9788374,0.97442126,0.7841676,0.96029997,0.9430855,0.9664278,0.9581079,0.98389465,0.98570776,0.9104965,0.8642255,0.967932,0.8750371,0.97261673,0.99403286,0.9302152,0.97712106,0.92799634,0.8983327,0.78960836,0.9889615,0.2651716,0.9315567,0.5051353,0.9160154,0.97147924,0.97223693,0.7723849,0.98679924,0.98439044,0.9593648,0.95189834,0.9852983,0.8991482,0.98551035,0.9634049,0.9212073,0.77739364,0.8903241,0.49429464,0.96960527,0.9514866,0.9891147,0.7956226,0.9517146,0.9817099,0.9389713,0.9235468,0.9673262,0.94391584,0.9874607,0.90803325,0.7930143,0.89886636,0.8912363,0.9509636,0.8016776,0.751886,0.94008523,0.91434497,0.977244,0.9515038,0.9821344,0.86473054,0.826784,0.9611966,0.9749712,0.9696916,0.96867156,0.9136692,0.9874607,0.9397425,0.9827972,0.992345,0.8737322
adogsjourneymovie,0.8244237,0.8419472,0.8746145,0.83268297,0.9000399,0.9999999,0.85904944,0.8834203,0.8645796,0.87099224,0.8777206,0.7949068,0.9078913,0.853576,0.858589,0.8933338,0.87434363,0.92792624,0.79621387,0.8600304,0.8959437,0.70152634,0.8960643,0.84401,0.8732051,0.50471014,0.9285035,0.87433267,0.8362134,0.8467128,0.8444945,0.9048909,0.8210961,0.81555563,0.59743255,0.41794017,0.8708535,0.88926905,0.8629512,0.85940516,0.88951945,0.8644579,0.8650661,0.88375276,0.87617886,0.7966228,0.89783937,0.8707408,0.8186658,0.8728365,0.8411683,0.8770013,0.8918029,0.84692687,0.92848074,0.89136976,0.8715064,0.89155245,0.89418817,0.810076,0.8379362,0.917259,0.9090736,0.8115165,0.8786238,0.84084314,0.8993274,0.8775424,0.87463194,0.7850359,0.8081781,0.41122767,0.6943664,0.8877792,0.6368047,0.8324858,0.4907244,0.83237445,0.86316234,0.9069076,0.8661075,0.8440212,0.82425845,0.77648085,0.84839875,0.8238375,0.80165243,0.891556,0.67643195,0.85965025,0.91440004,0.8081781,0.8469726,0.9532919,0.87967575,0.8500037,0.9189715,0.87302256,0.861556,0.8866437,0.78985226,0.9037049,0.7984117,0.82681686,0.8904112,0.8466483,0.84382045,0.8004857,0.83915496,0.8411291,0.857912,0.17925805,0.91018355,0.37305853,0.92044884,0.8668698,0.8439159,0.70842046,0.87910295,0.84557176,0.85259724,0.8844972,0.9114817,0.98896354,0.856071,0.88267785,0.8587441,0.75068265,0.84918565,0.48723614,0.8662463,0.91974455,0.8751817,0.7372663,0.9024316,0.8107517,0.80574024,0.83413017,0.8121186,0.8682551,0.8645796,0.8292239,0.7217929,0.7446907,0.7270367,0.8443456,0.65648735,0.7120119,0.79743326,0.8384938,0.88796103,0.869045,0.90917224,0.83831316,0.64128274,0.7949021,0.91048896,0.8225635,0.9108884,0.89729905,0.8645796,0.8460236,0.84076375,0.88908464,0.8149566
aftermathmovie,0.9793023,0.9802782,0.99538857,0.9160329,0.98644346,0.85904944,1.0,0.9859357,0.99838126,0.9661119,0.96092325,0.7660924,0.9712784,0.9962785,0.99604696,0.9904196,0.9742783,0.9829776,0.9508044,0.98015636,0.9789825,0.851737,0.99069256,0.99383444,0.94266,0.23435324,0.9066633,0.9642898,0.97855884,0.98093176,0.9778733,0.95562875,0.9031582,0.6984825,0.6259454,0.51804376,0.99482787,0.9786864,0.97994685,0.97647625,0.94497746,0.9288321,0.86971694,0.97058254,0.9883674,0.914054,0.9855536,0.96602845,0.9016388,0.97643185,0.9711836,0.990836,0.8790297,0.9447353,0.78300416,0.96073073,0.92469406,0.9613088,0.98188806,0.9872713,0.9688065,0.98385847,0.9394627,0.97741216,0.97996056,0.9305948,0.9783928,0.9722677,0.98719275,0.8387241,0.9932446,0.25814116,0.7490567,0.98986447,0.7148878,0.9494967,0.4535757,0.9964144,0.98296773,0.91154665,0.92525923,0.94885737,0.99206173,0.89297944,0.8496564,0.982423,0.86354697,0.99138373,0.9109747,0.9937085,0.97397345,0.9932446,0.8066123,0.9501588,0.9637178,0.98511785,0.9566065,0.98968047,0.9824924,0.88907695,0.8854764,0.96794134,0.9272865,0.99310446,0.9926974,0.9669139,0.9961719,0.9518846,0.90506107,0.82325274,0.9967009,0.21579225,0.95066446,0.48089045,0.93322,0.99150574,0.99349093,0.7708613,0.99749744,0.9991413,0.96813816,0.9713315,0.9887053,0.85826975,0.9982795,0.98168087,0.9313599,0.8295208,0.90920955,0.5205123,0.98871326,0.9323788,0.99292445,0.76654685,0.97257614,0.9824752,0.96012294,0.9488698,0.9889958,0.9595789,0.99838126,0.9472697,0.82093316,0.92699295,0.8988187,0.96652013,0.8123168,0.7191026,0.95880103,0.9106419,0.9931495,0.97303206,0.9848102,0.8085956,0.85885185,0.983181,0.95466465,0.9903956,0.9809867,0.94105333,0.99838126,0.9465781,0.99619085,0.99631983,0.92214894
aftermovie,0.9618528,0.9529873,0.9789434,0.8967983,0.9802884,0.8834203,0.9859357,0.99999994,0.99141365,0.9611956,0.941662,0.78605056,0.96792364,0.99028915,0.9821693,0.9763265,0.99355793,0.98158896,0.9409237,0.9530498,0.97107714,0.8216839,0.99123657,0.9708068,0.9396585,0.35405385,0.94847685,0.9775238,0.9725138,0.97711426,0.9757826,0.9613297,0.9475214,0.7326533,0.5814655,0.4792383,0.9883412,0.9723102,0.964199,0.9710063,0.9642205,0.93438995,0.91622216,0.9864465,0.9829278,0.8991143,0.98130137,0.96352464,0.8721457,0.9834908,0.9572311,0.9823835,0.8580995,0.922348,0.85378534,0.9441108,0.90884453,0.9561892,0.9772905,0.9771294,0.9790845,0.97920376,0.9573285,0.974243,0.9696796,0.9413882,0.9897494,0.9754429,0.97055554,0.80214006,0.98025894,0.3202584,0.6944338,0.99683666,0.67755896,0.9598237,0.46673864,0.98571825,0.95788413,0.9179863,0.91584706,0.928842,0.98379123,0.8508085,0.8304465,0.96806985,0.8339621,0.98057574,0.89600503,0.99170226,0.96284175,0.98025894,0.81636965,0.9720017,0.9595951,0.960506,0.9490756,0.9665752,0.9785669,0.92437977,0.8688445,0.96346825,0.93622327,0.98981786,0.99117583,0.95080787,0.9843024,0.9327392,0.89870685,0.85150886,0.9863653,0.18900765,0.94883966,0.44036686,0.9282234,0.97499144,0.9778382,0.7410758,0.9897213,0.984247,0.97682697,0.95496887,0.99482524,0.87239724,0.98979914,0.98265797,0.9132919,0.8129665,0.8891036,0.5763488,0.9819197,0.960131,0.99362326,0.83126974,0.96414006,0.96390367,0.9447601,0.93410724,0.9703959,0.9610065,0.99141365,0.9419893,0.7985473,0.89450544,0.89337134,0.96081454,0.7741632,0.67430216,0.9350092,0.87972033,0.9808691,0.9617426,0.99099815,0.8633948,0.83388,0.9731368,0.983764,0.969225,0.98242426,0.9400797,0.99141365,0.94825464,0.98856145,0.99309015,0.9052654
ahiddenlifefilm,0.9791928,0.9755181,0.994978,0.91337323,0.9874607,0.8645796,0.99838126,0.99141365,1.0,0.97056866,0.96139616,0.77997833,0.9721229,0.9967039,0.9972122,0.988696,0.9835053,0.983774,0.9544986,0.97920173,0.9802406,0.8474589,0.9944255,0.991754,0.94945276,0.26584253,0.9238776,0.97255826,0.9812486,0.9846691,0.98046637,0.96038175,0.9210841,0.71006596,0.631616,0.5246272,0.9979759,0.9765825,0.9791369,0.97772723,0.95530754,0.9358669,0.8890759,0.97839516,0.9906234,0.9163258,0.9890837,0.9725321,0.89899474,0.9829953,0.97010785,0.99238634,0.8771828,0.94610506,0.80310315,0.96031886,0.9266092,0.9624553,0.98125064,0.99021214,0.9743182,0.9846079,0.9505823,0.9825398,0.98161244,0.93508077,0.98607534,0.9787879,0.98467934,0.83721155,0.9937029,0.28103438,0.7455566,0.9941019,0.7209923,0.95546836,0.47171235,0.9952476,0.9784564,0.9150071,0.9236599,0.94778866,0.9949148,0.88880616,0.854065,0.9786223,0.8641744,0.9900946,0.9083122,0.9977698,0.97406447,0.9937029,0.8186801,0.96006006,0.96710175,0.9817095,0.9577143,0.9878697,0.98820806,0.9012896,0.8917266,0.9681035,0.9304645,0.9951908,0.99323237,0.96406746,0.9976314,0.95513964,0.91250175,0.82879096,0.9984573,0.2199443,0.94839203,0.4865265,0.93321234,0.9899399,0.99374336,0.77433956,0.9980182,0.9965764,0.9765628,0.97050965,0.99158216,0.85839033,0.9995406,0.98549485,0.93637604,0.8328851,0.9084124,0.5512222,0.9913714,0.939639,0.9961459,0.7769694,0.97184455,0.9817585,0.9634884,0.95398223,0.9894067,0.96624064,1.0,0.94597065,0.8281429,0.92352325,0.910022,0.9707144,0.81355,0.7241959,0.95992476,0.91418076,0.99075377,0.9755308,0.9900245,0.8273259,0.8615363,0.9856014,0.96426725,0.98867184,0.9831418,0.9415248,1.0,0.95539427,0.99803996,0.9973167,0.9187987
alitamovie,0.9554751,0.9392824,0.968637,0.9563512,0.97083676,0.87099224,0.9661119,0.9611956,0.97056866,0.99999994,0.97258264,0.7903351,0.9729339,0.96127677,0.9733196,0.96297914,0.97048676,0.97605205,0.95406705,0.9547973,0.96564156,0.8172945,0.98442334,0.9593704,0.96824914,0.39388108,0.9145009,0.97147405,0.964904,0.9771955,0.97721696,0.95427626,0.9332532,0.76223415,0.751326,0.65655607,0.9797123,0.97565997,0.95028865,0.9511854,0.98022056,0.92561156,0.9145204,0.96476537,0.96812856,0.9043426,0.98626125,0.95905477,0.9085492,0.9655817,0.9400619,0.9696069,0.8804095,0.9432684,0.8471296,0.9796456,0.9633424,0.94256604,0.9557677,0.96402687,0.97799546,0.9636236,0.95417976,0.96052814,0.95120466,0.9386292,0.96699876,0.97477615,0.97634584,0.92214715,0.9598092,0.43197295,0.82529587,0.9647419,0.8184863,0.970973,0.6433453,0.95745784,0.952304,0.9072006,0.9433064,0.9749693,0.9682147,0.9276657,0.8810808,0.9716164,0.93499255,0.9632183,0.9009222,0.97656757,0.97004235,0.9598092,0.8387704,0.9500155,0.9709453,0.95991164,0.9809854,0.9720418,0.98804414,0.95801806,0.9227148,0.95918214,0.89955896,0.96251214,0.9762802,0.93258697,0.96697474,0.94267863,0.9583278,0.8230537,0.96812946,0.4014182,0.93597823,0.6218302,0.9206753,0.96975404,0.9676967,0.86868215,0.9692361,0.96115375,0.97777575,0.95457757,0.9680943,0.8571503,0.96726555,0.9734955,0.95474684,0.8446981,0.923927,0.65757203,0.97560674,0.9613257,0.9815882,0.8086969,0.95004886,0.9669165,0.9710601,0.9582933,0.9552628,0.98117745,0.97056866,0.90922,0.8707335,0.8977316,0.95380616,0.98034024,0.8645751,0.8161687,0.9451625,0.94139874,0.96311855,0.9636092,0.9776489,0.89035255,0.8747405,0.9701331,0.9613651,0.9500226,0.961541,0.9260549,0.97056866,0.97908753,0.9627616,0.9673232,0.89937526
angelhasfallen,0.976752,0.94613695,0.97516024,0.94948626,0.94538397,0.8777206,0.96092325,0.941662,0.96139616,0.97258264,1.0,0.86135936,0.9819885,0.9553249,0.9655073,0.9757494,0.9351991,0.9606335,0.9724316,0.97310704,0.9849153,0.895732,0.9691922,0.955497,0.9651561,0.30929837,0.88138103,0.97213787,0.976388,0.936333,0.9652378,0.9674913,0.8552742,0.818239,0.75097436,0.63720953,0.9721491,0.9765746,0.9761826,0.9768735,0.9615288,0.96854556,0.9130949,0.9670321,0.97953874,0.96437246,0.98510945,0.9779534,0.94877076,0.9744388,0.97221327,0.9827649,0.942441,0.97426593,0.79928327,0.95498085,0.9594441,0.9758535,0.9762909,0.94275916,0.9499091,0.97669387,0.965064,0.94456,0.9617275,0.9558895,0.9562531,0.9835937,0.988307,0.9031217,0.9458296,0.34298277,0.8279708,0.9554042,0.8263098,0.94800276,0.6137103,0.94496936,0.9789297,0.9590108,0.9778257,0.9859441,0.96014285,0.93320674,0.9453719,0.9481973,0.94638646,0.9755902,0.89905655,0.96307826,0.97165954,0.9458296,0.91164523,0.9523361,0.9916536,0.97491354,0.98802614,0.9706833,0.96200556,0.91137266,0.9633545,0.95442945,0.93441135,0.9496789,0.9528401,0.9675239,0.96687895,0.96574676,0.96994597,0.8726143,0.95520544,0.3157354,0.9635689,0.591582,0.9648988,0.9837464,0.9747914,0.8912712,0.96821225,0.95162135,0.9634218,0.9890746,0.96076846,0.8686373,0.9593413,0.9810042,0.9845406,0.92276895,0.96594787,0.6394614,0.9838797,0.92906594,0.9603498,0.69592774,0.9788707,0.9285954,0.9752361,0.9883984,0.9584931,0.9873805,0.96139616,0.941798,0.92616546,0.9203388,0.9198937,0.98045486,0.87512326,0.83188665,0.953242,0.96670914,0.9761042,0.98700655,0.96985006,0.7993008,0.8881993,0.95607865,0.91572064,0.9525828,0.97713387,0.96783704,0.96139616,0.9730841,0.95061266,0.9559291,0.9561038
angrybirdsmovie,0.8170591,0.7175685,0.8084159,0.72839653,0.7262506,0.7949068,0.7660924,0.78605056,0.77997833,0.7903351,0.86135936,1.0,0.8701193,0.7751824,0.77802694,0.8113631,0.78831637,0.7766299,0.83836126,0.7969843,0.83503276,0.7977294,0.7954129,0.7347223,0.8243986,0.38198224,0.78071606,0.85557806,0.85770214,0.72137433,0.8153943,0.88105255,0.7046826,0.9571623,0.53607136,0.4225907,0.79347885,0.8183445,0.84340763,0.8585058,0.8234403,0.9359657,0.9009013,0.8615747,0.84085566,0.8826704,0.82494116,0.8948509,0.7804974,0.869038,0.85908973,0.837526,0.8845,0.8410077,0.73308593,0.71729606,0.7785866,0.8911673,0.8443933,0.7338606,0.7924686,0.8298527,0.8781232,0.768012,0.8060155,0.87681407,0.8106634,0.85487694,0.81709796,0.64228666,0.7375388,0.24229355,0.5477299,0.8141434,0.61491615,0.7832979,0.5507053,0.7571939,0.803428,0.941463,0.85608476,0.8383927,0.7781252,0.6723601,0.89079523,0.71157295,0.7594106,0.8316192,0.6836799,0.79637337,0.79291284,0.7375388,0.9724092,0.8582161,0.88366294,0.78626126,0.8406052,0.77839726,0.7670711,0.7867466,0.84724975,0.79533213,0.8880234,0.76961863,0.7542919,0.8581794,0.79368085,0.804947,0.8523586,0.91378635,0.76464033,0.10886095,0.8667756,0.35682386,0.90291023,0.8172236,0.80189955,0.71830124,0.78925896,0.7457314,0.8125354,0.8505013,0.8068968,0.74366605,0.77404326,0.85864043,0.8642049,0.927194,0.85200375,0.7779751,0.8354406,0.7672215,0.77560115,0.5436,0.87195206,0.6814696,0.80722123,0.87795097,0.76169616,0.87451977,0.77997833,0.84634835,0.8339642,0.7170028,0.7410302,0.82513654,0.65718544,0.650042,0.76889354,0.7944988,0.8082885,0.86487496,0.8284667,0.63156307,0.67679626,0.75899667,0.748708,0.758564,0.84703815,0.90884566,0.77997833,0.83149594,0.7586784,0.7716982,0.88776255
annabellemovie,0.96750146,0.93623847,0.97909635,0.9298249,0.95770264,0.9078913,0.9712784,0.96792364,0.9721229,0.9729339,0.9819885,0.8701193,0.99999994,0.9697629,0.96861625,0.9840216,0.9638408,0.97816926,0.9568722,0.95864123,0.9828144,0.8608744,0.97932905,0.9510244,0.9587415,0.35159105,0.9125013,0.9779614,0.9819468,0.9489334,0.9792107,0.98493934,0.8911233,0.8431252,0.64815867,0.5344012,0.9747647,0.98971075,0.9783427,0.98155195,0.96621037,0.9715331,0.9278958,0.9814836,0.98602843,0.9351213,0.9857455,0.9820999,0.91292703,0.984021,0.97643113,0.9854391,0.938461,0.9470728,0.83726925,0.94752586,0.9438764,0.987548,0.98682743,0.9436023,0.9695788,0.98713756,0.9650948,0.9508867,0.9647586,0.9675559,0.9668307,0.98076373,0.9874538,0.85301805,0.9498522,0.3154125,0.7440334,0.97984785,0.72836226,0.95397085,0.54676026,0.9647083,0.9711401,0.970504,0.9683394,0.9744327,0.9628958,0.8780125,0.90975267,0.95464677,0.8934463,0.9892538,0.87915623,0.9746057,0.9698669,0.9498522,0.8974607,0.96879417,0.988823,0.96623176,0.9861282,0.9697641,0.96329856,0.93157625,0.91315156,0.97117364,0.9512786,0.9626586,0.9733022,0.97521913,0.97087944,0.94131786,0.94256157,0.90669954,0.9633128,0.23679854,0.9857855,0.4870137,0.9784652,0.98521495,0.97430503,0.8128546,0.97700644,0.96386886,0.9611471,0.97927344,0.9832771,0.8921867,0.96876407,0.9912578,0.9551213,0.892677,0.9455592,0.6379003,0.9841333,0.9482641,0.9744506,0.77783114,0.9909643,0.9344504,0.9574999,0.96287525,0.94929713,0.9847571,0.9721229,0.9573403,0.8585969,0.8958364,0.8884172,0.9726315,0.8036896,0.74456704,0.93771315,0.91832286,0.983963,0.98337424,0.98583114,0.82769275,0.82870317,0.95333165,0.94649225,0.953803,0.9881687,0.9842077,0.9721229,0.95822066,0.958872,0.97257704,0.956891
annamovie,0.98494273,0.9760863,0.9905153,0.91945946,0.9797784,0.853576,0.9962785,0.99028915,0.9967039,0.96127677,0.9553249,0.7751824,0.9697629,1.0,0.98883295,0.9903304,0.9794702,0.97962475,0.96177983,0.97416437,0.9827603,0.87186474,0.98868936,0.9868076,0.95220536,0.27023402,0.91612816,0.9744138,0.9829207,0.9819601,0.9855143,0.9660817,0.91452146,0.7108388,0.6127617,0.5228434,0.99339575,0.9763691,0.98419446,0.9838639,0.95289826,0.9383049,0.8884707,0.9779501,0.99229383,0.92425823,0.9851383,0.9706168,0.9101355,0.98098516,0.9781098,0.9911617,0.88193554,0.93923527,0.79096454,0.9520399,0.9281924,0.9677127,0.9843381,0.9899119,0.978423,0.98544776,0.9508556,0.98764455,0.98530924,0.9476145,0.97998136,0.9785502,0.9810614,0.8240241,0.9941249,0.28409755,0.7344882,0.99410754,0.70686394,0.9632687,0.4642821,0.996601,0.98109835,0.9170862,0.9310283,0.9475411,0.99435765,0.8848766,0.8551601,0.9812661,0.8539819,0.98947304,0.9232184,0.9927333,0.969064,0.9941249,0.8165861,0.9525363,0.96698225,0.9836959,0.9541947,0.9814994,0.98173815,0.8971737,0.89219904,0.9739903,0.94329935,0.99445075,0.9888333,0.9728262,0.9961596,0.96080387,0.91149104,0.8500443,0.99203527,0.19502735,0.95695204,0.48359463,0.9378103,0.99017274,0.99465984,0.764817,0.9974757,0.99539846,0.9663878,0.97279274,0.98899084,0.8516325,0.9980888,0.9866362,0.93319035,0.8414048,0.91797453,0.5404378,0.99051094,0.9367468,0.99413604,0.78094363,0.97484064,0.97736824,0.96687716,0.9498431,0.9898382,0.9622766,0.9967039,0.9632804,0.82904553,0.9407834,0.9025892,0.9737369,0.8186543,0.7017646,0.96761733,0.90535736,0.9917034,0.97772074,0.9826597,0.82229537,0.8724692,0.9872758,0.9594742,0.9926064,0.9851787,0.9478243,0.9967039,0.95410603,0.9967737,0.9954084,0.9331004
apollo11movie,0.9737558,0.9748791,0.99560064,0.9087323,0.9863841,0.858589,0.99604696,0.9821693,0.9972122,0.9733196,0.9655073,0.77802694,0.96861625,0.98883295,1.0000001,0.9834841,0.97546065,0.9796003,0.94799376,0.9833249,0.9739464,0.83405656,0.9922107,0.99388397,0.94324243,0.23707661,0.9123278,0.96338195,0.97701526,0.9810104,0.9723106,0.9494029,0.9098138,0.70041406,0.6561398,0.53815293,0.9965998,0.9726693,0.9733524,0.9691608,0.94760174,0.9286274,0.87574464,0.9698116,0.9847041,0.9116138,0.98712844,0.96969736,0.89342475,0.9776523,0.96238333,0.98940617,0.8721488,0.95327115,0.78996265,0.9636273,0.92396,0.95395976,0.9741793,0.986929,0.96373516,0.977868,0.9418794,0.97347385,0.9749385,0.9198799,0.98196834,0.9732067,0.9852422,0.8510132,0.99015164,0.26832873,0.7634641,0.985711,0.7406008,0.9433517,0.47976848,0.98959374,0.9763506,0.9076259,0.91607624,0.9490672,0.99121505,0.8979366,0.8540727,0.9740684,0.8766248,0.98648345,0.8987831,0.9955528,0.97432506,0.99015164,0.8155884,0.95424956,0.9638885,0.98034245,0.95654213,0.9914848,0.98750436,0.8923414,0.8935321,0.9583479,0.9158585,0.9902032,0.98927087,0.9562501,0.9951393,0.9503292,0.91241026,0.8031267,0.99866825,0.2515173,0.93639106,0.5017933,0.924885,0.98706466,0.99053305,0.7882237,0.99334264,0.9937674,0.9778459,0.96703845,0.9846457,0.8515953,0.9957525,0.9789629,0.9388651,0.83039165,0.90222037,0.5506622,0.9881739,0.9299192,0.99095565,0.75327903,0.9654547,0.98263896,0.96036136,0.95737547,0.98782206,0.96446717,0.9972122,0.92958075,0.8324852,0.91332537,0.91567165,0.9655174,0.8183448,0.74977237,0.9542484,0.9233441,0.9861697,0.9711531,0.987303,0.8129272,0.85862786,0.98157793,0.9541785,0.9842789,0.9748755,0.931465,0.9972122,0.95267326,0.9942092,0.992137,0.9081825
arcticdogsmovie,0.9855397,0.9759102,0.9933546,0.9348542,0.9782834,0.8933338,0.9904196,0.9763265,0.988696,0.96297914,0.9757494,0.8113631,0.9840216,0.9903304,0.9834841,0.99999994,0.9637561,0.9862151,0.96096003,0.98372334,0.99451447,0.8889784,0.98538697,0.9817946,0.96495104,0.27210975,0.91585135,0.97228396,0.97941184,0.9681939,0.97923625,0.97993964,0.88331956,0.75980395,0.65217775,0.54104245,0.98854107,0.98143715,0.9927824,0.98761934,0.9535072,0.9548723,0.8912499,0.9737612,0.9946077,0.9388226,0.9902212,0.97894716,0.9374684,0.97881144,0.98453057,0.9937541,0.93443304,0.95331675,0.7993941,0.96180177,0.9507963,0.9853028,0.9911164,0.9714886,0.9641411,0.9974452,0.96085316,0.97319,0.9905976,0.95130575,0.9741781,0.9814529,0.98802644,0.8530394,0.97610074,0.2856958,0.7711642,0.9873555,0.7325768,0.95243794,0.48809505,0.9833922,0.9914944,0.9458183,0.9546179,0.9619186,0.980967,0.90164644,0.9045199,0.9687488,0.88156533,0.9958434,0.89639246,0.9829094,0.981157,0.97610074,0.8621416,0.9634268,0.978556,0.9883798,0.9759207,0.9869717,0.97550076,0.89630836,0.91231054,0.98368,0.93833536,0.97661287,0.9827027,0.98234767,0.98903364,0.9659143,0.9298534,0.87510335,0.9831832,0.19600827,0.97747594,0.49647647,0.97018534,0.9957111,0.9923498,0.7957175,0.9948824,0.9854345,0.9540175,0.9899507,0.9882641,0.8915362,0.98917437,0.98914254,0.95798916,0.8719243,0.9484038,0.53519714,0.9903276,0.9346022,0.9849396,0.74151635,0.9914187,0.9610331,0.96692336,0.9609818,0.97911954,0.96877116,0.988696,0.9676971,0.85478264,0.94263375,0.88552177,0.9747317,0.8277613,0.7489544,0.9697387,0.9344088,0.9967369,0.9892501,0.98327637,0.80965054,0.85921496,0.9696852,0.94694704,0.98606205,0.9933718,0.97103846,0.988696,0.95523447,0.98272866,0.99033886,0.952601
arcticmovie,0.95020556,0.92972374,0.96755826,0.89489025,0.97492343,0.87434363,0.9742783,0.99355793,0.9835053,0.97048676,0.9351991,0.78831637,0.9638408,0.9794702,0.97546065,0.9637561,1.0000001,0.9744703,0.9375603,0.93837345,0.96000487,0.7936335,0.986582,0.9566845,0.9453925,0.39081678,0.95893425,0.97735846,0.9655723,0.9800333,0.97449917,0.95692146,0.9724855,0.74020135,0.6021641,0.5069094,0.9828252,0.96047765,0.94915944,0.9574473,0.97346425,0.92943764,0.930679,0.9828992,0.97392476,0.88121635,0.97689986,0.9616824,0.8571933,0.97933125,0.9413403,0.97126085,0.8491453,0.9057951,0.8674849,0.9419305,0.91280425,0.944901,0.95902836,0.972712,0.9845212,0.9677764,0.9550375,0.97636056,0.9566947,0.93585545,0.98387074,0.97282106,0.9587667,0.815438,0.97182083,0.35190073,0.6966763,0.99055487,0.6904498,0.9618966,0.5066039,0.9770362,0.9368969,0.9031601,0.9051848,0.9253286,0.97946626,0.84225893,0.8278811,0.95819,0.83550256,0.96662253,0.8800996,0.98968065,0.94941145,0.97182083,0.81744987,0.9666138,0.95321953,0.94283605,0.9455854,0.9562641,0.98456776,0.9398173,0.86704135,0.9539826,0.92011,0.9829971,0.9852656,0.93151873,0.9764829,0.92974555,0.90496176,0.8397567,0.97937584,0.22162537,0.9327689,0.46714285,0.9143042,0.9646287,0.96905506,0.74948734,0.97826093,0.9711435,0.97639346,0.9386936,0.9872772,0.85099363,0.9811088,0.9772059,0.91342,0.80056405,0.87819844,0.63418394,0.97412014,0.95781136,0.9901389,0.8520194,0.9493501,0.9619302,0.9465812,0.92912257,0.95751315,0.9653092,0.9835053,0.9221116,0.7994945,0.87991107,0.9103765,0.9607441,0.7733865,0.68734497,0.9320451,0.8809369,0.96388614,0.95543355,0.98870385,0.8937331,0.8261495,0.97063076,0.98659086,0.9558323,0.9697583,0.927098,0.9835053,0.95355564,0.9794143,0.9825037,0.8865622
artofracingmovie,0.9561585,0.96759725,0.98305243,0.937866,0.9930829,0.92792624,0.9829776,0.98158896,0.983774,0.97605205,0.9606335,0.7766299,0.97816926,0.97962475,0.9796003,0.9862151,0.9744703,1.0000001,0.9312929,0.9686246,0.97968817,0.8231626,0.99291945,0.9755712,0.95983845,0.3690024,0.94260013,0.9649717,0.9588774,0.97952116,0.9715318,0.96857285,0.9178807,0.7475063,0.6670438,0.5464583,0.98508054,0.9825153,0.9673941,0.9619338,0.96366465,0.9236847,0.8938221,0.9674972,0.978553,0.89571047,0.9891936,0.9583499,0.91031903,0.9658489,0.95217156,0.9794947,0.9019666,0.9405554,0.86458546,0.9824189,0.9526095,0.9602782,0.9785021,0.96509546,0.96474797,0.98880905,0.95891523,0.9574257,0.9769269,0.9317431,0.9814619,0.96995187,0.9784244,0.87285924,0.9647576,0.37608802,0.7824997,0.98456,0.7361974,0.9550397,0.5234351,0.9723196,0.9713558,0.92522174,0.93600535,0.95209247,0.96696365,0.9012614,0.87149006,0.97192425,0.8868913,0.98447496,0.8741312,0.978975,0.9892756,0.9647576,0.82865053,0.97569674,0.9643169,0.9726173,0.97948694,0.98411644,0.9798848,0.935124,0.8843643,0.98508453,0.9036711,0.9671909,0.9928706,0.95119864,0.97399306,0.9309323,0.9225902,0.84721965,0.98067695,0.27190867,0.9635406,0.50998056,0.9490848,0.9774561,0.9729152,0.7922639,0.9880492,0.97917396,0.9607376,0.96807545,0.990832,0.9272043,0.9812719,0.9773342,0.9375195,0.8211338,0.9222729,0.53031963,0.9768423,0.969227,0.9893453,0.80723614,0.9728349,0.9679251,0.9455917,0.9373611,0.9609737,0.9590974,0.983774,0.9339631,0.8159069,0.90305907,0.8894532,0.96331936,0.8106426,0.75888556,0.9411404,0.920012,0.98575056,0.96539557,0.98708034,0.8728872,0.8285293,0.95638376,0.97821194,0.96642566,0.9835705,0.9455518,0.983774,0.9525405,0.97582155,0.99191844,0.9071861
avengers,0.9902084,0.9350865,0.95681036,0.9474055,0.9176974,0.79621387,0.9508044,0.9409237,0.9544986,0.95406705,0.9724316,0.83836126,0.9568722,0.96177983,0.94799376,0.96096003,0.9375603,0.9312929,0.9999998,0.95259154,0.97612154,0.9400732,0.9532907,0.94142795,0.96942174,0.3216229,0.86426204,0.98169905,0.9842982,0.93920934,0.97983027,0.9650191,0.87385726,0.7842236,0.7157367,0.6654732,0.96414816,0.95772654,0.97531873,0.9834737,0.9609342,0.96684146,0.92403454,0.9686831,0.9781005,0.9790099,0.9703433,0.97377336,0.95331645,0.9732929,0.98021394,0.9740396,0.90602845,0.9512984,0.7560192,0.92149824,0.9480607,0.96728945,0.96482986,0.9584929,0.9703034,0.95827615,0.96255636,0.9732385,0.96059704,0.9796678,0.9442899,0.98516744,0.96621203,0.8606949,0.9585236,0.36733893,0.7891697,0.95284235,0.8107529,0.9756005,0.6233008,0.9491595,0.96628946,0.933045,0.96956235,0.97505033,0.97127473,0.916352,0.92223966,0.9518899,0.91393316,0.95741564,0.95440614,0.95858884,0.94021547,0.9585236,0.88757026,0.92080146,0.9831776,0.9683166,0.9571671,0.94541794,0.9572032,0.9026561,0.9701135,0.94692254,0.96342903,0.9582623,0.93461585,0.9703829,0.96777385,0.98717445,0.9691966,0.8891627,0.94351274,0.29083657,0.94804,0.62003154,0.9377781,0.97393256,0.9772647,0.8715675,0.9604057,0.9449794,0.9561011,0.9754392,0.9435861,0.78721404,0.9576435,0.97926486,0.97164285,0.93270636,0.96392566,0.6776261,0.98151356,0.9113666,0.9573416,0.71449345,0.96146363,0.9275243,0.9945498,0.98371345,0.96834934,0.9813737,0.9544986,0.96650255,0.93912053,0.9604633,0.94550127,0.9924707,0.90342456,0.77507377,0.9770151,0.94068766,0.9608,0.9851263,0.9478712,0.8013752,0.94520897,0.97803104,0.90546435,0.9617972,0.965472,0.95340985,0.9544986,0.982628,0.9545535,0.9438782,0.96690845
beachbummovie,0.97821885,0.988038,0.99188334,0.92362326,0.96795994,0.8600304,0.98015636,0.9530498,0.97920173,0.9547973,0.97310704,0.7969843,0.95864123,0.97416437,0.9833249,0.98372334,0.93837345,0.9686246,0.95259154,1.0,0.97937703,0.88881254,0.9758959,0.9891686,0.9584461,0.21617876,0.88770735,0.9503358,0.96937644,0.9627473,0.9622783,0.9568184,0.85105157,0.71261793,0.7143198,0.59752905,0.98353356,0.9624168,0.98526233,0.96997577,0.9272207,0.93287134,0.8555,0.94929594,0.98062444,0.94256306,0.98220277,0.97231597,0.94267267,0.96120703,0.97169626,0.9852068,0.91169864,0.9819046,0.75385,0.96422297,0.94707525,0.9622635,0.9745192,0.9734274,0.9350755,0.9768872,0.9495124,0.95867145,0.98848075,0.9194205,0.9667168,0.96772575,0.97608733,0.8667767,0.9718106,0.29555634,0.819082,0.96577036,0.78717965,0.93217164,0.51708984,0.96616703,0.9905542,0.92193323,0.92790145,0.959529,0.9723175,0.93153507,0.90547836,0.9560912,0.9055761,0.98217446,0.8936649,0.97099036,0.98464173,0.9718106,0.8490246,0.94676,0.96768045,0.99273145,0.9618209,0.99389565,0.9686885,0.865426,0.9259595,0.9688269,0.9114102,0.96154267,0.9623421,0.9700947,0.982602,0.9625586,0.9344017,0.8204097,0.9809809,0.2770634,0.9435361,0.5604217,0.9443844,0.98071605,0.98474354,0.82226545,0.9833131,0.97561646,0.9518448,0.983367,0.9621766,0.86566055,0.9800986,0.9706308,0.9660313,0.87992287,0.9434797,0.50821733,0.9817461,0.9069219,0.97034216,0.66646963,0.97250736,0.9641783,0.96334785,0.97275007,0.9859363,0.9531355,0.97920173,0.94476926,0.8765644,0.94551677,0.9097104,0.9657371,0.86840594,0.8107053,0.9701287,0.9572039,0.98254406,0.97893333,0.9639231,0.76955277,0.8846574,0.963025,0.91978973,0.98611486,0.9717369,0.9386297,0.97920173,0.9560385,0.9778189,0.976719,0.9310611
bernadettefilm,0.9895316,0.9675562,0.9851692,0.9494743,0.96713185,0.8959437,0.9789825,0.97107714,0.9802406,0.96564156,0.9849153,0.83503276,0.9828144,0.9827603,0.9739464,0.99451447,0.96000487,0.97968817,0.97612154,0.97937703,0.9999999,0.91095877,0.9824824,0.9708112,0.9773092,0.32903656,0.9208054,0.98509026,0.9813661,0.95973444,0.9796244,0.9857243,0.88629586,0.79079264,0.6920779,0.5897029,0.985543,0.97993076,0.9918104,0.9919969,0.96987534,0.96968603,0.9204491,0.9813083,0.9950363,0.96092415,0.99305266,0.9832042,0.9562082,0.98369694,0.9856956,0.9933054,0.9434973,0.9616655,0.8209385,0.9597684,0.9627515,0.9885365,0.99126524,0.965574,0.9671982,0.99636114,0.9794484,0.9724738,0.9885331,0.9677097,0.9753222,0.9925965,0.986478,0.8694278,0.96752197,0.34544915,0.7944369,0.98139054,0.7742044,0.9652868,0.551298,0.9691587,0.98943853,0.9582899,0.9728699,0.9705651,0.9773496,0.9163341,0.9312185,0.9625213,0.9061444,0.9886458,0.90921605,0.97707266,0.9804406,0.96752197,0.8934568,0.9699714,0.98905,0.98577195,0.9839216,0.97711706,0.974236,0.9145027,0.944374,0.9809481,0.9481799,0.96933377,0.9724003,0.9811342,0.9829527,0.977759,0.95513713,0.8961995,0.97206783,0.22774525,0.9793326,0.5430963,0.9747839,0.9929668,0.9890807,0.8371415,0.9890825,0.9718814,0.96143186,0.9961874,0.98294806,0.8922058,0.98089194,0.99245256,0.97503877,0.90024817,0.9663839,0.58393824,0.9925972,0.9454393,0.98032814,0.7365426,0.9907476,0.9463042,0.9779384,0.9756093,0.97561103,0.98076445,0.9802406,0.9705857,0.89556396,0.9489472,0.9038321,0.9859084,0.8578015,0.7783552,0.9732277,0.95127785,0.99180955,0.9948794,0.9810073,0.8276536,0.8877433,0.9696253,0.94655716,0.9770638,0.99600714,0.9767952,0.9802406,0.9729196,0.97424555,0.9810466,0.9615904
