movie,21bridgesmovie,47metersdown,abeautifuldaymovie,abominablemovie,adastramovie,adogsjourneymovie,aftermathmovie,aftermovie,ahiddenlifefilm,alitamovie,angelhasfallen,angrybirdsmovie,annabellemovie,annamovie,apollo11movie,arcticdogsmovie,arcticmovie,artofracingmovie,avengers,beachbummovie,bernadettefilm,blackandbluemovie,blackchristmas,blindedbythelightmovie,bombshellmovie,booksmart,breakthroughmovie,brianbanksmovie,brightburnmovie,brittanyrunsmov,captainmarvelofficial,captivestatemovie,catsmovie,charliesangels,childsplaymovie,clarathefilm,coldpursuitmovie,countdown,currentwarmovie,darkwatersmovie,detectivepikachumovie,disneyaladdin,disneyfrozen,disneymaleficent,doctorsleepmovie,dolemiteismyname,dontletgomovie,doramovie,downtonabbey_official,dumbo,escaperoom,everybodyknowsmovie,fastandfuriousmovie,fightingwmyfam,fivefeetapartfilm,fordvferrari,freaksthefilm,geminimanmovie,glassmovie,gloriabellmovie,godzillamovie,goldfinchmovie,goodboysmovie,goodliarmovie,gretafilm,halathemovie,happydeathdaymovie,harrietfilm,hellboymovie,hersmellmovie,highlifemovie,highstrungmovie,honeyboymovie,hotelmumbaifilm,httydragon,hustlemovie,hustlersmovie,isntitromantic,itmovieofficial,jayandsilentbob,johnwickmovie,jojorabbitmovie,jokermovie,judythefilm,jumanjimovie,justmercyfilm,knivesout,lalloronamovie,lastblackmansf,lastchristmasthemovie,latenightmovie,lighthousemovie,lionking,littlethemovie,littlewomenmovie,littlewoodsfilm,longshotmovie,lordsofchaosmovie,lucyintheskyfilm,mamovie2019,marriagestory,meettheaddams,meninblack,midsommarmovie,midwaymovie,missbalamovie,missinglinkfilm,motherlessbklyn,onceinhollywood,onthebasisofsex,overcomermovie,peanutbutterfalcon,petsematarymovie,piercingmovie,playingwithfire,playmobilthemovie,pomsmovie,queenandslim,rambomovie,readyornotfilm,richardjewellfilm,rocketmanmovie,scarystoriesmovie,secretlifeofpets,serenityfilm,shaftmovie,shazammovie,spidermanmovie,spiesindisguise,starwars,stormboymovie,stubermovie,taosdfilm,teenspiritmov,terminator,theaeronautsmov,thebestofenemies,thedeaddontdie,thefarewell,thehighwaymen,thehummingbirdprojectfilm,theintrudermovie,theirishmanfilm,thekitchenmovie,thelegomovie,themustangfilm,thenightingalefilm,theprodigymovie,thesunisalsoastar,theupsidefilm,tolkienmovie,toystory,triplefrontier,uglydolls,uncutgems,underthesilverlake,usmovie,wavesmovie,whatmenwant,wonderparkmovie,wrinklestheclown,xmenmovies,yardiefilm,yesterdaymovie,zombieland
21bridgesmovie,0.99999994,0.94104314,0.98237455,0.9733414,0.98285824,0.97536826,0.9818249,0.98719454,0.9935997,0.9858756,0.97319305,0.9489211,0.99069935,0.9822205,0.96683544,0.9791557,0.9805993,0.9696624,0.9886507,0.9573236,0.97001976,0.9837573,0.9812341,0.97884315,0.96653587,0.5217159,0.97947437,0.9890874,0.9906612,0.9682289,0.9706998,0.98432165,0.9769609,0.93733656,0.88070595,0.7865232,0.9908738,0.9879351,0.970234,0.9702544,0.9772316,0.98130375,0.9805449,0.96944875,0.9836948,0.9836464,0.9866312,0.9707967,0.97093743,0.9832475,0.98950195,0.97949505,0.9926896,0.9470164,0.9437014,0.96761507,0.9806847,0.9765257,0.982161,0.9847349,0.9840471,0.98887235,0.9837,0.982868,0.97032577,0.9763125,0.9655912,0.9765629,0.9696989,0.9514708,0.98600084,0.2621182,0.9154475,0.9876715,0.9291404,0.9181965,0.7708024,0.96606714,0.9741475,0.9753074,0.9836277,0.9725875,0.9920869,0.9585348,0.9898949,0.97300303,0.97205573,0.9853152,0.96614814,0.9920833,0.97766125,0.98600084,0.97677994,0.971043,0.98574686,0.9814985,0.98401827,0.9835862,0.9694112,0.9747877,0.986928,0.972537,0.964537,0.9845364,0.97306156,0.9868443,0.9840724,0.9808043,0.97003996,0.9463307,0.9886703,0.58801025,0.96977127,0.7656914,0.9779844,0.9897206,0.99689597,0.9682586,0.9888248,0.98490167,0.98001784,0.97902226,0.9906304,0.96799535,0.9889765,0.9839231,0.9804643,0.97641015,0.9484349,0.9725229,0.9728935,0.95284903,0.98474675,0.94616526,0.98601234,0.9750843,0.984455,0.97031313,0.9838362,0.9859009,0.9935997,0.98440456,0.98584384,0.9790275,0.9801263,0.97459966,0.97900105,0.9588564,0.97987163,0.97471637,0.98294115,0.980751,0.988698,0.93845975,0.9502857,0.9837518,0.9490079,0.9888867,0.9713957,0.976279,0.9935997,0.9765469,0.98739547,0.9836089,0.9770618
47metersdown,0.94104314,0.9999998,0.9388865,0.9083512,0.9491861,0.92824286,0.9459125,0.94834507,0.9506648,0.9542772,0.9727448,0.8754905,0.94670606,0.93235695,0.93916965,0.94005996,0.9518191,0.9280722,0.93620855,0.8912497,0.9376453,0.90597576,0.94204354,0.9527853,0.95384204,0.4339945,0.9421742,0.9440333,0.9336644,0.95887476,0.93388236,0.91704756,0.9446502,0.8584104,0.7827598,0.6645168,0.929178,0.9398912,0.9286002,0.92079693,0.9062227,0.9254552,0.9503911,0.89741117,0.96094686,0.91450566,0.95265037,0.9171383,0.9345843,0.9169019,0.93355614,0.9352924,0.93630713,0.871614,0.92157143,0.9176269,0.9277311,0.9734898,0.94667816,0.91388863,0.9483062,0.9533299,0.94653594,0.92950034,0.9474282,0.98199147,0.8975003,0.94172543,0.9476014,0.88522214,0.9278804,0.3380916,0.86589056,0.9288702,0.89606583,0.94894093,0.6956194,0.9728642,0.942684,0.93639094,0.9618332,0.9315199,0.9484101,0.91695356,0.9402321,0.93743217,0.9376275,0.9593285,0.88536733,0.9383101,0.9636649,0.9278804,0.9047971,0.93988866,0.91114855,0.963365,0.9493781,0.9359576,0.9326681,0.92752516,0.9361879,0.93006486,0.9288346,0.9186433,0.9394824,0.932917,0.9379527,0.9274579,0.9207385,0.85896325,0.9335514,0.55966556,0.9570318,0.66935104,0.96104884,0.9519065,0.9427292,0.9552185,0.93048435,0.9489267,0.9347106,0.94633114,0.94913256,0.93773043,0.9422617,0.96429974,0.9245197,0.94619125,0.96193284,0.88716435,0.92980975,0.9487891,0.95040536,0.9292044,0.95182997,0.95461106,0.91215646,0.935745,0.93616354,0.9462747,0.9506648,0.91460943,0.9315698,0.94690204,0.9303212,0.9261697,0.9407985,0.8547312,0.91656995,0.92843634,0.9332796,0.92783886,0.9561624,0.91655797,0.90715015,0.92059344,0.9576421,0.9344758,0.91418195,0.94955665,0.9506648,0.90431845,0.96311134,0.9728092,0.9167319
abeautifuldaymovie,0.98237455,0.9388865,1.0,0.9747797,0.9735753,0.95724857,0.9807424,0.98685277,0.9873536,0.9745476,0.9615058,0.94300014,0.97768635,0.97309357,0.9769947,0.97188026,0.9800813,0.97145474,0.9897374,0.9696298,0.9572983,0.9832692,0.9782578,0.97783786,0.9634745,0.49343836,0.978651,0.97846633,0.9880077,0.9575963,0.9711854,0.9760479,0.97584325,0.92565423,0.8665587,0.77232003,0.9838429,0.971638,0.9605122,0.9760583,0.96613544,0.9748232,0.9858138,0.9730278,0.9759341,0.9809389,0.9809536,0.96808356,0.97477853,0.9836349,0.99239314,0.9759037,0.9857937,0.95088,0.94007623,0.9449716,0.97481894,0.9669599,0.9846158,0.97594976,0.96692145,0.9895406,0.9815009,0.9825077,0.96596104,0.96934277,0.9746285,0.9674721,0.9665025,0.95297813,0.9777616,0.21537383,0.9072055,0.9789258,0.91202533,0.91234666,0.7390455,0.95667976,0.97237575,0.96382654,0.9778739,0.9711888,0.9794299,0.95146906,0.98509127,0.963422,0.9535745,0.9812864,0.95195353,0.98566014,0.97347456,0.9777616,0.9729568,0.9523849,0.9801979,0.97392917,0.987323,0.97109115,0.9679071,0.97428954,0.9797992,0.97482544,0.97431993,0.9762651,0.9583614,0.9913989,0.98502016,0.9775422,0.9697911,0.95004445,0.99094135,0.5959259,0.96820545,0.75138134,0.96596783,0.9725983,0.9818062,0.9604813,0.97359705,0.976836,0.97483945,0.9709363,0.9789556,0.943014,0.9809697,0.9779507,0.9740915,0.99095863,0.94181913,0.96025413,0.9714186,0.95416546,0.9785083,0.95356804,0.97950035,0.9619906,0.9720211,0.97761893,0.9825693,0.9783112,0.9873536,0.98029125,0.97301775,0.97986627,0.9586865,0.97591805,0.98315716,0.9417944,0.97528917,0.95371485,0.9749024,0.9827001,0.976102,0.92140627,0.945142,0.9757474,0.95616126,0.97363,0.9670807,0.96278566,0.9873536,0.95470804,0.9852945,0.98022884,0.9746625
abominablemovie,0.9733414,0.9083512,0.9747797,1.0000001,0.95985514,0.94904447,0.95113623,0.9635467,0.96513695,0.9473801,0.9404052,0.9484544,0.9698539,0.9607118,0.9376355,0.9427533,0.9571247,0.95946604,0.9570501,0.9360917,0.9309924,0.9804797,0.9618185,0.94242316,0.93074334,0.48869526,0.9617477,0.9644167,0.9721005,0.9333115,0.92945635,0.95976007,0.9413944,0.9211767,0.8759043,0.7863492,0.96924603,0.97712713,0.92760116,0.9508025,0.9625246,0.96597,0.96679205,0.9535416,0.95146793,0.97175854,0.96202064,0.9602691,0.93159103,0.9659272,0.97828573,0.9398466,0.9757479,0.9330953,0.95187753,0.94387585,0.9577737,0.9437024,0.96434766,0.9672996,0.9459251,0.97297186,0.9535221,0.96960485,0.93075836,0.9497974,0.97533375,0.9393144,0.9394231,0.92916316,0.9699887,0.18696447,0.8843146,0.9642663,0.8972342,0.84379095,0.72758645,0.91585624,0.9471764,0.9663831,0.95856243,0.9576048,0.96369797,0.93852985,0.97160333,0.9481599,0.95230615,0.96066725,0.95048344,0.97147053,0.95624876,0.9699887,0.95943904,0.9310473,0.9742649,0.9559087,0.9630331,0.94837207,0.9364225,0.95418346,0.9700085,0.96065575,0.9549275,0.9734847,0.93487376,0.980475,0.9594174,0.95950174,0.9458082,0.93062395,0.9725304,0.5750084,0.93396837,0.7513692,0.94113296,0.9633746,0.97444105,0.9329404,0.95832944,0.9538878,0.9506976,0.94457865,0.96210617,0.9160302,0.95633763,0.9450639,0.94633627,0.96543986,0.90307134,0.9663879,0.9368643,0.9211823,0.9600181,0.9139299,0.95936054,0.9409045,0.976011,0.9323903,0.9671132,0.95692223,0.96513695,0.9749307,0.96966624,0.95137376,0.9267538,0.94744563,0.96013397,0.9372826,0.9505545,0.9503079,0.9548619,0.9620484,0.9485248,0.87580425,0.94372576,0.97337383,0.93128633,0.9583738,0.94071317,0.9341618,0.96513695,0.94598913,0.95579135,0.9553136,0.9682247
adastramovie,0.98285824,0.9491861,0.9735753,0.95985514,1.0,0.9660707,0.97117394,0.97792,0.98150766,0.95874685,0.9731215,0.9228409,0.97468036,0.98694396,0.9640563,0.9664341,0.976137,0.9702795,0.9776507,0.9329635,0.9662774,0.96902585,0.9707846,0.96203107,0.9485876,0.5144907,0.9789943,0.97892797,0.977411,0.9618418,0.9680931,0.96653104,0.9580344,0.89743507,0.8343375,0.7452311,0.96354693,0.9726176,0.96110725,0.95772076,0.9465042,0.95534956,0.96536547,0.9491521,0.98222125,0.9643006,0.9688148,0.9490798,0.95842546,0.96159506,0.9766432,0.96590984,0.9714263,0.927685,0.9398783,0.964692,0.96384317,0.9743479,0.97601134,0.9615569,0.9652976,0.9748596,0.96737224,0.973477,0.9717495,0.9691647,0.9576991,0.9724064,0.96367544,0.90497667,0.9621479,0.24529643,0.89580446,0.9668581,0.91982377,0.9325869,0.7387276,0.96949536,0.9586631,0.9599194,0.9704333,0.9698572,0.97999036,0.95631236,0.9726623,0.96304506,0.9589946,0.97554916,0.9409899,0.9771801,0.98034143,0.9621479,0.9488465,0.94576705,0.961549,0.97818834,0.9767249,0.9616087,0.96585596,0.96499544,0.9682686,0.9535802,0.97608984,0.9596823,0.9524363,0.9776767,0.9778658,0.96548367,0.9616921,0.91636777,0.96720415,0.551492,0.9678077,0.7467822,0.9652522,0.9835946,0.98291326,0.9611341,0.9652937,0.9734151,0.9660267,0.96900606,0.96874547,0.95994794,0.97877544,0.9800916,0.95724845,0.97288173,0.9668837,0.9475955,0.9654054,0.9702126,0.9784011,0.9584595,0.9665806,0.97110665,0.9537251,0.95489514,0.9636082,0.9729622,0.98150766,0.9736781,0.9682991,0.9700547,0.94951683,0.96270865,0.97360575,0.91837555,0.9615553,0.9597045,0.96629506,0.95847756,0.98131293,0.94174385,0.9195266,0.95961034,0.9611609,0.9686994,0.94938445,0.9630186,0.98150766,0.9698433,0.9707645,0.98016876,0.95510656
adogsjourneymovie,0.97536826,0.92824286,0.95724857,0.94904447,0.9660707,0.99999994,0.9565876,0.9689597,0.96967095,0.9654321,0.94269764,0.9513555,0.9726746,0.9550184,0.94298095,0.9521846,0.9514159,0.9244318,0.95898175,0.9249055,0.9569501,0.97269005,0.9776681,0.9572635,0.94013685,0.4585212,0.9566747,0.9742963,0.97568035,0.9657548,0.94597954,0.95051444,0.948585,0.9434424,0.832887,0.76050866,0.97112614,0.9609813,0.95157653,0.9365023,0.94450426,0.96695,0.9581612,0.951772,0.96670204,0.9583348,0.97927105,0.9736634,0.94961786,0.9646974,0.979538,0.9431696,0.979228,0.9317394,0.8839718,0.94276553,0.95568657,0.95859325,0.947627,0.9663836,0.9672259,0.96693367,0.9575653,0.95117116,0.9383662,0.9676568,0.9370766,0.9325844,0.9376665,0.9324608,0.9693937,0.26802367,0.89561844,0.96619684,0.91292566,0.8896331,0.7339657,0.95445913,0.92962515,0.95294994,0.9643288,0.9386547,0.97091365,0.9331275,0.9827996,0.9622393,0.93508744,0.962891,0.9644196,0.9802938,0.9722728,0.9693937,0.96515876,0.9331818,0.9756171,0.9629306,0.96276546,0.9532706,0.9512335,0.96594566,0.9704565,0.949942,0.9290839,0.97117186,0.9591659,0.97803193,0.95359963,0.9695549,0.9466145,0.9066495,0.9642449,0.5400173,0.962334,0.73812836,0.9685035,0.96785825,0.97747684,0.941832,0.97958225,0.96628547,0.9746023,0.9692014,0.964107,0.97733897,0.9585508,0.9576738,0.94269466,0.9572548,0.92466867,0.94526106,0.94337267,0.917809,0.9698477,0.93170094,0.9736937,0.9709792,0.9662296,0.9260366,0.9600888,0.9628967,0.96967095,0.96706104,0.9734922,0.95921296,0.9647425,0.93981326,0.94489247,0.9269572,0.95926905,0.9773879,0.95819604,0.9539239,0.96425825,0.93049926,0.92853284,0.97242,0.9340905,0.9819721,0.9546698,0.96708965,0.96967095,0.93743,0.9603453,0.96972114,0.9725737
aftermathmovie,0.9818249,0.9459125,0.9807424,0.95113623,0.97117394,0.9565876,1.0,0.9876938,0.9943989,0.98170424,0.9749166,0.92793316,0.98151284,0.9799507,0.9764464,0.9851883,0.98222893,0.97155845,0.9883704,0.96807086,0.9725368,0.9733769,0.98338974,0.98498344,0.9813631,0.5313529,0.96667004,0.9817113,0.98110414,0.97697145,0.97650623,0.98201513,0.9833029,0.92627615,0.85236984,0.74980754,0.98510236,0.97541404,0.9759727,0.9786005,0.9767739,0.9726995,0.9746354,0.9670589,0.9911749,0.9784226,0.98558825,0.96528465,0.98851603,0.97978896,0.9785599,0.9887865,0.98803824,0.96631074,0.92487544,0.9493195,0.98768187,0.97552335,0.9942354,0.9804184,0.9787805,0.98929965,0.99093837,0.9887914,0.98602,0.9731394,0.9552936,0.98384583,0.976215,0.94703037,0.9793124,0.25485075,0.9131121,0.9815034,0.9066695,0.9410796,0.75229836,0.9707148,0.98385024,0.9683958,0.9867035,0.9823118,0.9890957,0.94642013,0.9763906,0.9669988,0.9654217,0.9889668,0.9590476,0.985788,0.978945,0.9793124,0.96375704,0.968031,0.9724048,0.971124,0.984606,0.98558444,0.9862868,0.9761092,0.9828167,0.98566043,0.965577,0.97906935,0.974919,0.9753708,0.9878634,0.98259574,0.97940224,0.9667157,0.98176855,0.5806556,0.97841,0.7490762,0.97142494,0.98014635,0.98455036,0.9762282,0.9846099,0.99775344,0.98175216,0.97672933,0.988673,0.96279114,0.97992194,0.9900026,0.9904011,0.9744535,0.95230424,0.9465788,0.9813483,0.9674573,0.98459965,0.9517494,0.9764415,0.97782975,0.96931976,0.9817655,0.98041886,0.98088443,0.9943989,0.971843,0.97073483,0.9887083,0.97899526,0.99276704,0.98759234,0.9376111,0.98976725,0.9440803,0.9958845,0.97603697,0.9878261,0.9521189,0.95448923,0.9767612,0.9618073,0.97822064,0.97714174,0.9731723,0.9943989,0.9686404,0.98910743,0.9871571,0.96529084
aftermovie,0.98719454,0.94834507,0.98685277,0.9635467,0.97792,0.9689597,0.9876938,0.99999994,0.9941415,0.9813157,0.96384156,0.9519778,0.9848108,0.9847444,0.9759823,0.98842365,0.96790093,0.9552621,0.9844454,0.96504873,0.975035,0.98522806,0.98312944,0.9814126,0.9779837,0.5081077,0.98287827,0.98819673,0.9874586,0.97532403,0.9641495,0.9812679,0.9779157,0.9314123,0.87379706,0.79163575,0.9864564,0.9737111,0.9784518,0.969436,0.97000957,0.9829134,0.98686355,0.9731651,0.98557216,0.98263663,0.98712707,0.9830515,0.9842797,0.98555547,0.9882689,0.9781525,0.98915476,0.95372903,0.9272579,0.9556151,0.9855458,0.9827567,0.981478,0.9864525,0.9780661,0.9906392,0.97655076,0.98091555,0.97658014,0.9778758,0.9588369,0.972446,0.96454716,0.96094495,0.98817104,0.267997,0.92593044,0.9846781,0.92654896,0.9198081,0.76899976,0.9726784,0.97171736,0.96140283,0.98502105,0.9762765,0.98558015,0.9653735,0.98998433,0.9697808,0.9625929,0.9861902,0.9706687,0.9916631,0.98101133,0.98817104,0.9772313,0.9653722,0.9802742,0.9786323,0.9797915,0.9852544,0.97141194,0.98614424,0.97958714,0.97874004,0.9689419,0.98489845,0.98154205,0.985012,0.9843802,0.97951907,0.9849999,0.9486359,0.98809904,0.6180464,0.9854731,0.78328824,0.9831521,0.9755185,0.98757225,0.976268,0.98485774,0.9899772,0.98580307,0.98431855,0.99040204,0.9637067,0.9781813,0.9854384,0.9771565,0.9833789,0.96252745,0.94704354,0.97390914,0.96439916,0.9845121,0.9453752,0.99029213,0.98023635,0.9743569,0.97336686,0.9920413,0.97865015,0.9941415,0.98201364,0.97922766,0.984533,0.979406,0.98087937,0.9836624,0.95855546,0.9811492,0.960764,0.9830587,0.9899656,0.9831117,0.949645,0.9633458,0.9838534,0.9519416,0.9836495,0.9854876,0.98615175,0.9941415,0.96103024,0.98550135,0.98535544,0.9732244
ahiddenlifefilm,0.9935997,0.9506648,0.9873536,0.96513695,0.98150766,0.96967095,0.9943989,0.9941415,1.0000001,0.9858605,0.97564787,0.9445673,0.9903874,0.9850391,0.9836558,0.9904919,0.982253,0.9729065,0.9917298,0.97219694,0.98101676,0.9830456,0.9867393,0.98975855,0.98157287,0.5197513,0.9800473,0.99196756,0.9912113,0.98076916,0.97751,0.9882329,0.98506373,0.9360528,0.86859924,0.7794011,0.9925904,0.983261,0.98071635,0.9807927,0.9750927,0.98269904,0.98545134,0.97023934,0.99202216,0.98281485,0.9902808,0.97624975,0.9854243,0.9854716,0.98864657,0.9890795,0.9923064,0.9559364,0.9357241,0.9659048,0.98698336,0.9833986,0.99186647,0.9874737,0.98381406,0.99483514,0.9912806,0.9883554,0.98383445,0.97996736,0.9608091,0.98369026,0.9751535,0.95926577,0.9878661,0.2589682,0.9315758,0.99268323,0.9279235,0.9354476,0.7709243,0.97644293,0.98180985,0.97437143,0.9900135,0.9783859,0.99364907,0.9612122,0.988507,0.9792803,0.9708621,0.9918899,0.9658698,0.9926729,0.9851765,0.9878661,0.97545266,0.97751147,0.98321396,0.98538846,0.9873778,0.99051416,0.98127925,0.9788377,0.98576933,0.9826783,0.9710417,0.98502356,0.9773376,0.98446554,0.99267876,0.98380923,0.9843372,0.9599951,0.9905546,0.61279917,0.9811456,0.7660805,0.9816958,0.98569536,0.9949785,0.97795343,0.99179184,0.99546033,0.98810995,0.9853693,0.99311143,0.9670017,0.9909297,0.99350154,0.98567516,0.9794536,0.9592317,0.95980775,0.98735625,0.96825963,0.98863727,0.9468972,0.9876028,0.98529786,0.98014677,0.98243135,0.9884321,0.9852245,1.0000001,0.98221606,0.9781316,0.9869214,0.9820201,0.9892927,0.9898125,0.951728,0.98861504,0.9672611,0.99283606,0.98641044,0.9910585,0.94891113,0.9568141,0.9850479,0.9549562,0.9869623,0.98239964,0.9819913,1.0000001,0.97262925,0.9940697,0.9899399,0.9723087
alitamovie,0.9858756,0.9542772,0.9745476,0.9473801,0.95874685,0.9654321,0.98170424,0.9813157,0.9858605,0.99999994,0.9792591,0.9333457,0.9792666,0.9591399,0.9577283,0.9685326,0.9759923,0.9508263,0.9789052,0.94843143,0.96187747,0.9645849,0.97843206,0.9864103,0.9732821,0.51369673,0.96276945,0.9788031,0.97675633,0.9726236,0.95998704,0.96950907,0.98144215,0.92057383,0.86750156,0.7520922,0.98386693,0.97300625,0.9656427,0.9638449,0.97085154,0.9718925,0.97684836,0.9595956,0.9820049,0.97180885,0.9900209,0.96381164,0.9685778,0.9733928,0.97553146,0.97457486,0.9854985,0.94654924,0.92862546,0.94296056,0.97986335,0.9753355,0.97642684,0.9701719,0.982133,0.983417,0.98579276,0.9668367,0.9608863,0.9831815,0.9411272,0.9704335,0.9701426,0.9575014,0.97435474,0.31105912,0.8979576,0.97839093,0.9181596,0.92925596,0.76674616,0.96765834,0.9803128,0.96483517,0.98399764,0.95978403,0.9779107,0.94098175,0.9816611,0.95922464,0.9714578,0.9802179,0.9547431,0.9808312,0.9736397,0.97435474,0.96838886,0.96865076,0.9681331,0.9680468,0.98596734,0.9794852,0.9601491,0.9708917,0.9792888,0.9731237,0.945865,0.9747281,0.9785108,0.97201836,0.97542304,0.96853644,0.954563,0.9454886,0.98012745,0.60275984,0.9737226,0.7353573,0.97887635,0.98308176,0.9826295,0.97607905,0.9827686,0.98305875,0.97242105,0.973715,0.9930339,0.971351,0.97373074,0.98009604,0.9820555,0.97174454,0.9508292,0.94605833,0.961788,0.9497218,0.98201627,0.9451597,0.9863861,0.9697818,0.9754727,0.96738505,0.9772185,0.9765373,0.9858605,0.9617384,0.97336704,0.9779449,0.9914689,0.97021127,0.96952754,0.9497831,0.968332,0.95322615,0.9787713,0.97207606,0.9835113,0.941026,0.9564255,0.96859956,0.95603245,0.9763984,0.96346307,0.9785337,0.9858605,0.9571231,0.98803675,0.98486406,0.9658261
angelhasfallen,0.97319305,0.9727448,0.9615058,0.9404052,0.9731215,0.94269764,0.9749166,0.96384156,0.97564787,0.9792591,0.99999994,0.898955,0.97002596,0.9635997,0.95281184,0.9525698,0.9873794,0.96788466,0.967834,0.92183244,0.9541511,0.939634,0.9631917,0.9761989,0.9618712,0.52900684,0.9509781,0.9676398,0.9577251,0.97197986,0.9598965,0.9552227,0.96733046,0.8773277,0.8151623,0.6825767,0.95843333,0.97271127,0.9454303,0.95596814,0.9504396,0.9479884,0.96110296,0.9360819,0.98475605,0.9504113,0.97016966,0.92832595,0.9532459,0.95034206,0.95396435,0.9680836,0.96346974,0.9277251,0.95502925,0.9461005,0.96293914,0.979707,0.98131174,0.9466874,0.966772,0.9749153,0.9796781,0.96548307,0.9649064,0.9784249,0.9318197,0.9741128,0.97314554,0.9086317,0.9508148,0.30771124,0.872575,0.9575126,0.90076506,0.95050126,0.7316183,0.9683803,0.98311275,0.96585923,0.97927654,0.9664084,0.9704014,0.92938954,0.95807064,0.9470355,0.9764874,0.97868633,0.91459095,0.9630391,0.9746747,0.9508148,0.9360914,0.95655924,0.9413726,0.9693513,0.9813044,0.9635314,0.961524,0.9524111,0.9647644,0.9620186,0.9525874,0.95125914,0.95971614,0.95398825,0.97116965,0.95115143,0.937571,0.9234886,0.957086,0.5641619,0.9665691,0.68471074,0.9616358,0.98755723,0.973683,0.9689485,0.95713115,0.9751526,0.95008063,0.963004,0.9768879,0.95634556,0.9669579,0.98221755,0.9713084,0.9572938,0.9649012,0.93377197,0.95637184,0.9714518,0.9776879,0.9567318,0.9644609,0.9653585,0.9493023,0.95926803,0.9556147,0.9682485,0.97564787,0.9418323,0.9533669,0.9735439,0.95989746,0.96432,0.96591425,0.9007974,0.9509045,0.93363976,0.96753716,0.94595885,0.98386776,0.9403021,0.93084896,0.94135535,0.97603333,0.9542875,0.9333164,0.96111476,0.97564787,0.95517117,0.9792492,0.9838574,0.93729585
angrybirdsmovie,0.9489211,0.8754905,0.94300014,0.9484544,0.9228409,0.9513555,0.92793316,0.9519778,0.9445673,0.9333457,0.898955,0.99999994,0.9621876,0.94093835,0.91789955,0.9305943,0.9191565,0.8940663,0.9280568,0.90432936,0.90819573,0.95363235,0.9372617,0.9306452,0.9224199,0.35893574,0.90885335,0.9525885,0.9516741,0.93159986,0.8984652,0.93051666,0.8980949,0.97355396,0.7786535,0.70520645,0.9526146,0.94145304,0.89566356,0.90741146,0.93701416,0.9805572,0.965338,0.9753746,0.929079,0.94590557,0.9394565,0.96581274,0.9308973,0.9742907,0.9547725,0.9223345,0.9533836,0.9555913,0.88152665,0.89588517,0.9297054,0.9396564,0.92666006,0.9726891,0.9369419,0.9529513,0.9252708,0.9412132,0.9207028,0.9238307,0.9335373,0.88284904,0.8836958,0.9451718,0.97521496,0.23487996,0.8574201,0.9330051,0.81742007,0.79457355,0.6201441,0.88687754,0.90234834,0.950855,0.949221,0.9421525,0.9445781,0.8705999,0.9678049,0.9148112,0.9246969,0.9460923,0.9356104,0.95960146,0.91813165,0.97521496,0.96809053,0.8915835,0.97457653,0.93193674,0.92252177,0.93301,0.93677324,0.9611494,0.94297224,0.96084327,0.8883468,0.9788627,0.9577609,0.95646864,0.93324846,0.95575315,0.92165685,0.8971947,0.9444977,0.51594496,0.9440851,0.66141653,0.91491234,0.91372365,0.9519205,0.88331735,0.95127714,0.93851125,0.94732744,0.9494278,0.94352823,0.8950214,0.9139752,0.9175272,0.9294123,0.9279147,0.8750677,0.9465999,0.914714,0.86289775,0.94334435,0.8994923,0.9562104,0.91908103,0.9611197,0.91750515,0.9705227,0.9425335,0.9445673,0.9327334,0.95253885,0.94251776,0.9337035,0.9372298,0.9264869,0.90968287,0.9445246,0.9281498,0.93564105,0.95227194,0.93656355,0.86469525,0.9676944,0.9670472,0.8927107,0.96262586,0.9564447,0.9389624,0.9445673,0.8897156,0.9240234,0.92308885,0.96817154
annabellemovie,0.99069935,0.94670606,0.97768635,0.9698539,0.97468036,0.9726746,0.98151284,0.9848108,0.9903874,0.9792666,0.97002596,0.9621876,0.9999999,0.9828591,0.9734153,0.9751792,0.9795366,0.96708715,0.9794989,0.9589664,0.96368605,0.97736037,0.9845507,0.9834133,0.969404,0.47672993,0.9622594,0.9842482,0.9798021,0.9757525,0.9610418,0.97912246,0.97093755,0.9541542,0.8391776,0.7430137,0.98659205,0.988548,0.9496179,0.96876115,0.97633404,0.98630667,0.98535395,0.97495955,0.985916,0.9779323,0.9847642,0.97829884,0.9720422,0.98462164,0.9858081,0.9778543,0.9892399,0.95344776,0.9396142,0.9478071,0.96974385,0.9871651,0.9825269,0.9865851,0.9830295,0.9904841,0.9825276,0.9861993,0.96984875,0.97368383,0.9560373,0.96227837,0.9487864,0.96050406,0.9909257,0.2645896,0.90268683,0.978951,0.9073866,0.9080076,0.7259595,0.9669462,0.9632981,0.9891874,0.9881397,0.9802894,0.99262834,0.9444159,0.98712206,0.96358514,0.96282464,0.99470085,0.95236886,0.99334824,0.97291654,0.9909257,0.974639,0.9552383,0.9878691,0.985734,0.9720273,0.9865214,0.97530234,0.9847175,0.9825143,0.98105997,0.950488,0.9893068,0.9777384,0.98199946,0.9833201,0.98111826,0.96641827,0.9437171,0.9826251,0.58323324,0.9807451,0.71411777,0.9694851,0.97691077,0.9903674,0.9596901,0.987405,0.98709023,0.97873294,0.98900986,0.9886064,0.95345545,0.97851723,0.98232716,0.97560304,0.9684691,0.939693,0.97153664,0.96871394,0.9417122,0.98030245,0.95579916,0.9912452,0.9725961,0.983731,0.968436,0.9872648,0.9884988,0.9903874,0.96788716,0.97708136,0.9822607,0.97034454,0.97714657,0.97114295,0.94314593,0.9804137,0.9667438,0.97973895,0.97724,0.9860542,0.93203944,0.960982,0.98808306,0.9609394,0.98593056,0.9709094,0.9780308,0.9903874,0.9574844,0.9852658,0.98487324,0.9767897
annamovie,0.9822205,0.93235695,0.97309357,0.9607118,0.98694396,0.9550184,0.9799507,0.9847444,0.9850391,0.9591399,0.9635997,0.94093835,0.9828591,0.99999994,0.9677576,0.978641,0.9718823,0.9710128,0.98161656,0.95169115,0.9677752,0.9775944,0.9754057,0.96694577,0.9554732,0.52261454,0.9689492,0.9780532,0.9717434,0.96339387,0.9655308,0.9807902,0.95867085,0.92105055,0.8281994,0.74430144,0.9707895,0.9725155,0.9574423,0.9652725,0.9592098,0.9694117,0.9714788,0.9706085,0.98332226,0.9714926,0.97041345,0.9640032,0.97286683,0.9778631,0.9742003,0.97721505,0.9763491,0.9524625,0.92831385,0.94333005,0.9753181,0.97846556,0.98146594,0.9798411,0.9661027,0.978539,0.96776813,0.9878779,0.9783077,0.95941764,0.9588984,0.9705084,0.9555622,0.9254333,0.97776526,0.23648705,0.9051325,0.9674622,0.90675366,0.9143643,0.7265917,0.96267074,0.9591956,0.963042,0.97219443,0.9851651,0.9860192,0.9509491,0.97268957,0.9553071,0.9536581,0.98442787,0.9451225,0.986211,0.9726488,0.97776526,0.9567329,0.9414579,0.97057587,0.97525626,0.96520674,0.9752468,0.9763825,0.98178375,0.9708311,0.970849,0.96974397,0.9757393,0.96486557,0.97267336,0.9826451,0.9770697,0.97685516,0.94047874,0.96974266,0.5588284,0.9770421,0.7458748,0.959158,0.97256786,0.98059314,0.9604137,0.97067684,0.9824682,0.9750261,0.9796326,0.9746187,0.94781476,0.97261184,0.9792411,0.9704413,0.9667226,0.9503472,0.958611,0.9694242,0.9652811,0.97574127,0.9574069,0.9730075,0.97026014,0.9571121,0.9649567,0.98023987,0.9771604,0.9850391,0.9726307,0.97046304,0.9833519,0.95710254,0.98097295,0.97821665,0.93576473,0.97954917,0.9513044,0.9738196,0.97310793,0.97996944,0.94821787,0.9411248,0.97162455,0.95816535,0.9760765,0.9688745,0.97182304,0.9850391,0.96524996,0.9702706,0.97646743,0.95632416
apollo11movie,0.96683544,0.93916965,0.9769947,0.9376355,0.9640563,0.94298095,0.9764464,0.9759823,0.9836558,0.9577283,0.95281184,0.91789955,0.9734153,0.9677576,1.0,0.98184854,0.96432537,0.9591168,0.97632957,0.98215425,0.9635256,0.9603962,0.97522205,0.98740774,0.97512245,0.47309583,0.9616783,0.9700175,0.9684016,0.9678419,0.972584,0.9802629,0.9767628,0.9138514,0.8234207,0.7485816,0.9722122,0.95166147,0.956817,0.98529834,0.9355886,0.9576809,0.9732422,0.9486765,0.97341186,0.95105815,0.97260344,0.95632344,0.97719723,0.96593523,0.97074425,0.9860231,0.966616,0.92573434,0.9055784,0.9335106,0.95650554,0.9733907,0.9746022,0.96713346,0.9627595,0.9785176,0.97957355,0.9702308,0.9742696,0.9521423,0.9360494,0.96956515,0.95315534,0.9496638,0.9661202,0.24480778,0.9340021,0.9782005,0.92581064,0.93406165,0.7521287,0.97453386,0.9554894,0.9509778,0.96715224,0.9570801,0.97191733,0.94768745,0.96936923,0.9751136,0.9303502,0.9784653,0.9246774,0.9759324,0.97025925,0.9661202,0.9447886,0.9538697,0.96000296,0.98671645,0.9664921,0.9713192,0.9716296,0.9642956,0.9553913,0.9636985,0.96474594,0.95534825,0.9450454,0.96107906,0.98716897,0.9600225,0.9806779,0.9524944,0.97096115,0.66581017,0.97498083,0.72865164,0.95650625,0.9557563,0.96777815,0.96172863,0.9683437,0.97624,0.9789643,0.9824904,0.96865004,0.9376319,0.98321456,0.98153543,0.9602036,0.95889914,0.9386679,0.93881214,0.98578054,0.9587475,0.9572263,0.94045544,0.974776,0.97188437,0.9495084,0.9829903,0.97034544,0.96714735,0.9836558,0.95294964,0.9399892,0.97144884,0.9491609,0.9775212,0.9790328,0.9260693,0.9726031,0.95735437,0.96777827,0.9760178,0.97005856,0.92224365,0.91954774,0.9625546,0.94290376,0.96245617,0.9636761,0.9714425,0.9836558,0.9433122,0.9834935,0.9794191,0.9396926
arcticdogsmovie,0.9791557,0.94005996,0.97188026,0.9427533,0.9664341,0.9521846,0.9851883,0.98842365,0.9904919,0.9685326,0.9525698,0.9305943,0.9751792,0.978641,0.98184854,0.99999994,0.9577993,0.95090586,0.98025864,0.97185016,0.97418696,0.96990275,0.9746444,0.9776864,0.98438644,0.5000641,0.974293,0.982025,0.9783753,0.9695298,0.9722496,0.9873231,0.9769658,0.9280634,0.8596649,0.78537476,0.98069304,0.9586493,0.9812372,0.9756626,0.95269877,0.9714259,0.9763682,0.95687866,0.97543246,0.9624526,0.9785099,0.96712464,0.98789984,0.9758079,0.97234017,0.98799616,0.9792933,0.9391096,0.90158564,0.94710875,0.9800547,0.973829,0.97499543,0.9823892,0.9726172,0.98056257,0.9753887,0.97562927,0.98679763,0.9634087,0.94460875,0.9785333,0.9704386,0.9462234,0.9795868,0.27282166,0.9484308,0.9833219,0.92814296,0.92980665,0.77022505,0.9722266,0.9626941,0.9454746,0.9722229,0.96471846,0.98326683,0.9542269,0.9768464,0.98248374,0.9457412,0.978872,0.9563959,0.98358,0.97397965,0.9795868,0.95496535,0.9733124,0.9669096,0.98104984,0.96613026,0.9781951,0.97657233,0.9675623,0.96625376,0.9727222,0.9656557,0.97004217,0.9653228,0.9652073,0.98057294,0.97499764,0.9941348,0.95220643,0.9771308,0.6255945,0.97534007,0.78657347,0.97195804,0.9647889,0.97799504,0.9721744,0.97840625,0.98641694,0.99079597,0.98013675,0.9791236,0.9554274,0.9811738,0.9819162,0.97382385,0.9619592,0.9444413,0.94326097,0.98431,0.9593145,0.9675741,0.9240984,0.9765697,0.98037034,0.95548457,0.98260075,0.98257077,0.96977544,0.9904919,0.9715452,0.96397126,0.97809017,0.9740054,0.9834658,0.9883347,0.9465071,0.98482907,0.96507734,0.9820752,0.98929006,0.97614837,0.93950975,0.9415398,0.9748322,0.9281697,0.9819379,0.98671424,0.9824605,0.9904919,0.95908386,0.9832935,0.9790323,0.9523932
arcticmovie,0.9805993,0.9518191,0.9800813,0.9571247,0.976137,0.9514159,0.98222893,0.96790093,0.982253,0.9759923,0.9873794,0.9191565,0.9795366,0.9718823,0.96432537,0.9577993,1.0,0.9854769,0.98522115,0.94713223,0.9559497,0.95877147,0.97120094,0.9781442,0.95525575,0.5257111,0.9557287,0.9739596,0.97149754,0.9654956,0.975924,0.96568525,0.9734433,0.9126265,0.8198397,0.69580984,0.9708211,0.9806256,0.94431573,0.96798474,0.9663732,0.96258885,0.9700684,0.9592283,0.98497313,0.9649078,0.97274846,0.9419905,0.96719116,0.9695048,0.97325206,0.9772101,0.9767878,0.9474066,0.9515951,0.9440467,0.96751285,0.97276235,0.9911532,0.96121615,0.9653293,0.9827603,0.9892046,0.9847881,0.96790254,0.9709209,0.954505,0.9703731,0.971078,0.92319775,0.9629951,0.24544598,0.8800593,0.9645418,0.8883751,0.9387494,0.7086389,0.9594693,0.9809536,0.9765238,0.9801879,0.9753898,0.9835906,0.9283769,0.9661433,0.95002246,0.961381,0.988094,0.9252192,0.97691023,0.9712546,0.9629951,0.9555335,0.95066875,0.9662886,0.97229487,0.9848199,0.9697526,0.9764807,0.9602175,0.9763823,0.9717717,0.95781213,0.9660252,0.95628273,0.97392714,0.97836727,0.97196484,0.94655883,0.93879265,0.97518784,0.52539814,0.96331406,0.69017285,0.9572351,0.9861115,0.9812171,0.955684,0.96619695,0.9781186,0.9610005,0.96884865,0.9742573,0.9479806,0.9762661,0.9827237,0.9825701,0.969221,0.94223195,0.96545964,0.9683069,0.95645946,0.982909,0.9687765,0.96689045,0.9615093,0.95963985,0.9718036,0.96286815,0.97937673,0.982253,0.95903593,0.96205527,0.9826021,0.95736027,0.9746055,0.9718907,0.9066597,0.97165734,0.9417477,0.9753907,0.95783645,0.9855959,0.93715805,0.92819417,0.95752555,0.9733859,0.9685127,0.9473428,0.95500946,0.982253,0.95906645,0.9850453,0.982479,0.95741695
artofracingmovie,0.9696624,0.9280722,0.97145474,0.95946604,0.9702795,0.9244318,0.97155845,0.9552621,0.9729065,0.9508263,0.96788466,0.8940663,0.96708715,0.9710128,0.9591168,0.95090586,0.9854769,1.0,0.9780036,0.9508015,0.95527804,0.9571025,0.96348286,0.95943785,0.93227446,0.55181783,0.958535,0.960029,0.96131134,0.93648523,0.96602964,0.9656354,0.9597436,0.8890106,0.8363304,0.7212756,0.9587249,0.9756144,0.9400785,0.96988434,0.95806766,0.93936056,0.9572442,0.936039,0.97223914,0.9610483,0.95839655,0.9321107,0.9448641,0.94915754,0.96372753,0.9677186,0.9640522,0.92554075,0.9526998,0.93862015,0.9615979,0.95140195,0.98839414,0.94678324,0.94617504,0.9664011,0.97724146,0.98450464,0.9601977,0.953612,0.9579716,0.97325116,0.9606994,0.90299416,0.9481159,0.18559565,0.8807864,0.9609815,0.8948765,0.92304724,0.7169323,0.9454001,0.9654704,0.9698783,0.958305,0.9661573,0.97670066,0.93616974,0.94530225,0.9441117,0.9488143,0.97531754,0.9181495,0.9627866,0.95956844,0.9481159,0.9320129,0.9400031,0.95167565,0.96209,0.9714566,0.96332705,0.9588506,0.9430543,0.9651446,0.95545745,0.9697009,0.9494387,0.92284256,0.96417564,0.9785144,0.95941776,0.9477807,0.94127285,0.9652859,0.54018277,0.93749374,0.712465,0.9392406,0.97342885,0.96956885,0.954434,0.9542652,0.9649469,0.9465921,0.9470024,0.9601626,0.91906345,0.97521937,0.9713943,0.96379995,0.9652029,0.93265295,0.96004164,0.9687482,0.9577288,0.96923745,0.9450563,0.9461537,0.9455187,0.9494374,0.9582906,0.94999623,0.9671281,0.9729065,0.9614135,0.94782984,0.96316177,0.9301948,0.97046566,0.9716655,0.9049787,0.96227443,0.9288593,0.96767604,0.9447741,0.96418357,0.91278434,0.9079404,0.95022374,0.9593344,0.94648486,0.9295353,0.9279491,0.9729065,0.96923333,0.9703184,0.9675437,0.93746805
avengers,0.9886507,0.93620855,0.9897374,0.9570501,0.9776507,0.95898175,0.9883704,0.9844454,0.9917298,0.9789052,0.967834,0.9280568,0.9794989,0.98161656,0.97632957,0.98025864,0.98522115,0.9780036,1.0,0.97134703,0.96963656,0.9800911,0.9789984,0.9801528,0.96463406,0.5321412,0.9757766,0.9773452,0.9865727,0.9614837,0.9877674,0.9836905,0.9802199,0.9286565,0.8629801,0.76994985,0.9872575,0.97348875,0.97182745,0.9758724,0.96990985,0.9715307,0.9740096,0.9726981,0.98303366,0.9820448,0.98187476,0.9607945,0.9834831,0.9829646,0.98702866,0.98712915,0.98649037,0.9517267,0.9279653,0.9494955,0.9793205,0.968146,0.98721546,0.9779572,0.97704715,0.9862202,0.98585916,0.9879631,0.97680557,0.9685632,0.96755004,0.97993976,0.97441876,0.94549894,0.97744423,0.22383386,0.91382706,0.98037153,0.919828,0.9381579,0.75551355,0.96842855,0.97614723,0.9618758,0.97868294,0.97498584,0.99016964,0.9523479,0.98027253,0.9650556,0.95400727,0.9840928,0.9524145,0.9877125,0.97383577,0.97744423,0.9693456,0.9625674,0.978817,0.9735071,0.98445475,0.9812012,0.97892994,0.97301424,0.98557323,0.9696953,0.97067744,0.97445136,0.96367705,0.98383194,0.98792166,0.9858517,0.9740707,0.95330703,0.9867223,0.57041496,0.9687186,0.75538266,0.9711888,0.9793255,0.9858893,0.9654057,0.98112094,0.9849121,0.97856677,0.97438884,0.981263,0.96078205,0.99044824,0.988497,0.98327285,0.98314095,0.94615024,0.9630849,0.9802692,0.9620711,0.9802506,0.9579018,0.97610503,0.9703171,0.96715367,0.9842385,0.9793174,0.9872545,0.9917298,0.98169667,0.9773603,0.9863687,0.97197354,0.9824257,0.98309916,0.94281685,0.9876531,0.9580129,0.983246,0.97759235,0.98722327,0.94847786,0.93379146,0.9748604,0.95537263,0.9824169,0.96995926,0.96700466,0.9917298,0.9685834,0.98888534,0.9816465,0.96955657
beachbummovie,0.9573236,0.8912497,0.9696298,0.9360917,0.9329635,0.9249055,0.96807086,0.96504873,0.97219694,0.94843143,0.92183244,0.90432936,0.9589664,0.95169115,0.98215425,0.97185016,0.94713223,0.9508015,0.97134703,1.0000001,0.955554,0.9671576,0.9677758,0.9734832,0.95451325,0.5418955,0.9524822,0.9547686,0.95915824,0.94112855,0.9596035,0.981826,0.9776948,0.9138375,0.87101704,0.8034311,0.9723982,0.9433067,0.9515103,0.9824212,0.9462184,0.94958884,0.9573112,0.94306374,0.9523761,0.95412356,0.9645584,0.9572996,0.9691412,0.96150124,0.9652859,0.9748218,0.9657875,0.92182225,0.88549024,0.91570693,0.9602249,0.94128126,0.9641956,0.96428967,0.9430569,0.9646647,0.9689013,0.96798116,0.94617,0.9261039,0.9323848,0.95657176,0.9406748,0.96139187,0.9601195,0.20350926,0.94331,0.97740245,0.9279642,0.8981126,0.7946165,0.9457343,0.94751865,0.9313037,0.9447458,0.9404756,0.9613588,0.9484831,0.9549994,0.9600609,0.90530986,0.9638445,0.93749,0.9699487,0.9477789,0.9601195,0.94572324,0.94640976,0.9597458,0.96138775,0.95186853,0.9708952,0.9517217,0.9521079,0.9511319,0.9540152,0.95242465,0.95319796,0.9264803,0.9529525,0.9733021,0.95442855,0.9798023,0.9735421,0.9726413,0.68251723,0.946399,0.77851456,0.9439818,0.94192725,0.95655876,0.9518141,0.9628559,0.96459746,0.9696306,0.96509224,0.9599921,0.9228899,0.97135526,0.96181554,0.9608422,0.9478145,0.8979578,0.9449985,0.9762817,0.9350688,0.9429692,0.9091104,0.9616345,0.9538119,0.94780606,0.9695737,0.96085656,0.9506425,0.97219694,0.9578779,0.93169725,0.9606345,0.9443566,0.9689859,0.96562237,0.952761,0.97447294,0.94377583,0.961494,0.9755802,0.9455472,0.9120315,0.90834814,0.96139634,0.9123366,0.9531272,0.96131057,0.9538923,0.97219694,0.94047844,0.9726194,0.95767516,0.9306338
bernadettefilm,0.97001976,0.9376453,0.9572983,0.9309924,0.9662774,0.9569501,0.9725368,0.975035,0.98101676,0.96187747,0.9541511,0.90819573,0.96368605,0.9677752,0.9635256,0.97418696,0.9559497,0.95527804,0.96963656,0.955554,1.0000001,0.96478504,0.9699083,0.9700742,0.946808,0.57804364,0.97242755,0.97919476,0.96750623,0.97029924,0.95729166,0.9634521,0.96820647,0.90071386,0.8574068,0.79428405,0.9650811,0.9602195,0.9829888,0.953949,0.9415767,0.9535229,0.9594923,0.92816764,0.9796035,0.9540877,0.9704139,0.9672082,0.96052,0.9507097,0.96244496,0.9599829,0.96507865,0.91343653,0.89905614,0.960724,0.9759471,0.9649902,0.9704281,0.95680225,0.94842803,0.96594065,0.9667557,0.96496034,0.9573641,0.9707982,0.9173458,0.96342045,0.95670056,0.93300337,0.9576633,0.25491372,0.9539245,0.9798937,0.93719745,0.93762994,0.80173266,0.97075623,0.9582336,0.94200057,0.96211743,0.940192,0.9746555,0.9643913,0.95664877,0.9642041,0.9408756,0.97190815,0.9549932,0.96823007,0.97844094,0.9576633,0.952382,0.96771854,0.95448565,0.96712756,0.9622167,0.97897834,0.95105314,0.9473304,0.9580144,0.94730186,0.9551992,0.95617217,0.9490253,0.95708495,0.9695788,0.9582013,0.9747184,0.9289868,0.9684162,0.61701965,0.9583242,0.80141175,0.97972727,0.97011125,0.97623426,0.97365737,0.9744646,0.9748245,0.9721633,0.967002,0.9660294,0.9629921,0.9717262,0.9800074,0.95546955,0.95515925,0.9617635,0.93220544,0.9841043,0.9695651,0.9805348,0.9061014,0.9628271,0.9858923,0.94643885,0.9457428,0.9578441,0.9507039,0.98101676,0.9708448,0.9473489,0.9635488,0.9656858,0.96635294,0.96582836,0.9286455,0.9675631,0.9561101,0.9707449,0.9618939,0.9625123,0.9647048,0.91844624,0.9567274,0.92515826,0.96403337,0.96640337,0.96624464,0.98101676,0.955415,0.9724516,0.96911913,0.9311066
