movie,21bridgesmovie,47metersdown,abeautifuldaymovie,abominablemovie,adastramovie,adogsjourneymovie,aftermathmovie,aftermovie,ahiddenlifefilm,alitamovie,angelhasfallen,angrybirdsmovie,annabellemovie,annamovie,apollo11movie,arcticdogsmovie,arcticmovie,artofracingmovie,avengers,beachbummovie,bernadettefilm,blackandbluemovie,blackchristmas,blindedbythelightmovie,bombshellmovie,booksmart,breakthroughmovie,brianbanksmovie,brightburnmovie,brittanyrunsmov,captainmarvelofficial,captivestatemovie,catsmovie,charliesangels,childsplaymovie,clarathefilm,coldpursuitmovie,countdown,currentwarmovie,darkwatersmovie,detectivepikachumovie,disneyaladdin,disneyfrozen,disneymaleficent,doctorsleepmovie,dolemiteismyname,dontletgomovie,doramovie,downtonabbey_official,dumbo,escaperoom,everybodyknowsmovie,fastandfuriousmovie,fightingwmyfam,fivefeetapartfilm,fordvferrari,freaksthefilm,geminimanmovie,glassmovie,gloriabellmovie,godzillamovie,goldfinchmovie,goodboysmovie,goodliarmovie,gretafilm,halathemovie,happydeathdaymovie,harrietfilm,hellboymovie,hersmellmovie,highlifemovie,highstrungmovie,honeyboymovie,hotelmumbaifilm,httydragon,hustlemovie,hustlersmovie,isntitromantic,itmovieofficial,jayandsilentbob,johnwickmovie,jojorabbitmovie,jokermovie,judythefilm,jumanjimovie,justmercyfilm,knivesout,lalloronamovie,lastblackmansf,lastchristmasthemovie,latenightmovie,lighthousemovie,lionking,littlethemovie,littlewomenmovie,littlewoodsfilm,longshotmovie,lordsofchaosmovie,lucyintheskyfilm,mamovie2019,marriagestory,meettheaddams,meninblack,midsommarmovie,midwaymovie,missbalamovie,missinglinkfilm,motherlessbklyn,onceinhollywood,onthebasisofsex,overcomermovie,peanutbutterfalcon,petsematarymovie,piercingmovie,playingwithfire,playmobilthemovie,pomsmovie,queenandslim,rambomovie,readyornotfilm,richardjewellfilm,rocketmanmovie,scarystoriesmovie,secretlifeofpets,serenityfilm,shaftmovie,shazammovie,spidermanmovie,spiesindisguise,starwars,stormboymovie,stubermovie,taosdfilm,teenspiritmov,terminator,theaeronautsmov,thebestofenemies,thedeaddontdie,thefarewell,thehighwaymen,thehummingbirdprojectfilm,theintrudermovie,theirishmanfilm,thekitchenmovie,thelegomovie,themustangfilm,thenightingalefilm,theprodigymovie,thesunisalsoastar,theupsidefilm,tolkienmovie,toystory,triplefrontier,uglydolls,uncutgems,underthesilverlake,usmovie,wavesmovie,whatmenwant,wonderparkmovie,wrinklestheclown,xmenmovies,yardiefilm,yesterdaymovie,zombieland
21bridgesmovie,0.99999994,0.9468895,0.9697425,0.9541699,0.9586212,0.9262657,0.97707784,0.97674763,0.9848676,0.9426873,0.9587827,0.95872813,0.9780146,0.973578,0.96617675,0.9595197,0.9656142,0.97761655,0.970515,0.9678951,0.9625953,0.96264887,0.9761659,0.9760176,0.9418075,0.79069835,0.94211507,0.96667504,0.9795586,0.9700063,0.9558436,0.9688716,0.922589,0.9601214,0.9407319,0.8903076,0.9720626,0.9741015,0.96238,0.96299195,0.93231636,0.96266437,0.929016,0.9577461,0.9654542,0.9744232,0.9720358,0.9647946,0.9570203,0.96501935,0.97561944,0.97083205,0.96367985,0.93059236,0.95360684,0.95389795,0.9674539,0.9683861,0.9642738,0.9722949,0.9581782,0.95157444,0.9548235,0.97588253,0.96508044,0.9498574,0.93506217,0.97235227,0.9645472,0.965959,0.9788134,0.81573147,0.9400403,0.96799564,0.94871753,0.9372159,0.8311002,0.94144255,0.95610005,0.95355135,0.96712655,0.9818916,0.9743012,0.94139796,0.94331473,0.955162,0.9719411,0.9762561,0.97682405,0.96765304,0.9494439,0.9788134,0.9301345,0.93771785,0.9690999,0.9573618,0.9708122,0.97644323,0.95826167,0.9581967,0.96019703,0.96271396,0.9215211,0.96844393,0.9636915,0.9763864,0.9737268,0.97023106,0.9445377,0.9521824,0.977082,0.7685819,0.95196337,0.8824583,0.95721257,0.9777163,0.9889094,0.96457547,0.9785548,0.97530884,0.96775913,0.9575607,0.9718134,0.90835184,0.96389854,0.96401143,0.96970004,0.9544951,0.9378289,0.8487603,0.95744675,0.9424123,0.9682569,0.93415344,0.9726985,0.9695665,0.9716814,0.95789564,0.97451955,0.9725578,0.9848676,0.96331584,0.9504967,0.9638325,0.9502137,0.96065205,0.94869584,0.9452727,0.9702388,0.9540644,0.9710984,0.94915307,0.9545541,0.9077862,0.9451383,0.9651438,0.97266155,0.96227854,0.96747726,0.96244055,0.9848676,0.9486734,0.96084654,0.9754076,0.9751649
47metersdown,0.9468895,0.9999998,0.9558605,0.93347037,0.95259386,0.9075028,0.9670664,0.946622,0.96519434,0.9382625,0.959351,0.9581699,0.93657213,0.94486797,0.9321036,0.9815225,0.93884796,0.938377,0.93665224,0.96025056,0.95238805,0.9499149,0.94381446,0.95470005,0.92851555,0.7940509,0.9234577,0.96134263,0.9589329,0.93585575,0.94605523,0.9480482,0.88459486,0.9473775,0.92264813,0.8822549,0.94800705,0.9316526,0.9376805,0.96056694,0.9118658,0.94674766,0.8998957,0.9360723,0.94406945,0.9470636,0.94437164,0.95365775,0.93106806,0.94425213,0.95942277,0.95273364,0.9479682,0.93238896,0.9244727,0.9375535,0.96765316,0.96250314,0.9395439,0.9464629,0.91611046,0.93099374,0.9411519,0.9396108,0.93537176,0.9473572,0.93073416,0.94557005,0.94581085,0.9265309,0.9629776,0.8324446,0.931723,0.9507382,0.9219433,0.91725534,0.8083281,0.9165461,0.9441101,0.9520833,0.92161006,0.9568013,0.94609237,0.9224607,0.92704403,0.9168568,0.9294657,0.9365662,0.94955516,0.95088124,0.91322553,0.9629776,0.91507936,0.91843396,0.9641553,0.9321478,0.96326387,0.9568049,0.95638424,0.9393303,0.93837917,0.96587837,0.88695043,0.9580595,0.9612282,0.9669194,0.9615328,0.92735815,0.9454209,0.9458964,0.9530764,0.724702,0.9375514,0.8748681,0.9462863,0.9292928,0.9472974,0.93651485,0.94820684,0.959369,0.91318053,0.9345771,0.9626881,0.8671857,0.9676848,0.932996,0.95451915,0.9342082,0.9244966,0.79811734,0.9639826,0.9128116,0.9542636,0.95000625,0.95930976,0.9196532,0.9099098,0.94429713,0.9522952,0.9270938,0.96519434,0.9464523,0.9298706,0.9373516,0.92568004,0.95147914,0.9521092,0.9332933,0.93888223,0.9220082,0.9674709,0.9373874,0.94401854,0.8892172,0.93307865,0.95230246,0.9242882,0.9488422,0.9473428,0.94452363,0.96519434,0.92767406,0.9331463,0.9486562,0.9426376
abeautifuldaymovie,0.9697425,0.9558605,1.0,0.9430568,0.9547112,0.9258834,0.9727973,0.95460546,0.97985744,0.9523227,0.9664694,0.96884763,0.9608503,0.95772225,0.9583722,0.9596164,0.95077914,0.9705074,0.952965,0.9705264,0.9737163,0.9539217,0.9539324,0.96892595,0.941666,0.80002904,0.94384277,0.9533243,0.9724822,0.9709806,0.9523125,0.96657217,0.904263,0.9547157,0.92811424,0.8969277,0.9579463,0.94616395,0.9773254,0.96936953,0.92761594,0.97102016,0.9547678,0.9671569,0.97096723,0.95597506,0.94921565,0.9593313,0.9587198,0.9715836,0.9762201,0.9763542,0.9386689,0.9280277,0.922285,0.94517905,0.9680392,0.9713504,0.95065707,0.9727194,0.9484836,0.9523267,0.9677947,0.9569168,0.965751,0.97293144,0.9276753,0.9742791,0.9586938,0.9478316,0.9743725,0.8205914,0.92728853,0.9506886,0.94323206,0.9118498,0.8239525,0.9237101,0.9532707,0.94322205,0.9461014,0.97070086,0.9544571,0.92443126,0.94813716,0.94185966,0.9513579,0.96727186,0.9622251,0.9674094,0.94985926,0.9743725,0.93184793,0.9483901,0.975057,0.9513973,0.9644061,0.9566812,0.95678556,0.93580693,0.9401516,0.966327,0.9376986,0.97038454,0.9579057,0.98033845,0.9747945,0.9554753,0.9471766,0.9552293,0.9634683,0.7581721,0.95749974,0.8721343,0.9697989,0.9661868,0.97068006,0.946589,0.9727095,0.9684292,0.9498836,0.9529763,0.95873326,0.8952966,0.9603762,0.9536051,0.9709196,0.94721496,0.9471713,0.84732866,0.9634406,0.95070577,0.9613057,0.92288375,0.97684574,0.954606,0.9433206,0.97001725,0.976811,0.96804297,0.97985744,0.97073567,0.94894606,0.93878585,0.92304766,0.98191,0.964174,0.93505675,0.9552383,0.9543933,0.98407596,0.9771574,0.95507455,0.9231107,0.93831444,0.97581965,0.9415475,0.9512205,0.9696584,0.9644609,0.97985744,0.935332,0.95007414,0.96008766,0.97223574
abominablemovie,0.9541699,0.93347037,0.9430568,1.0,0.9551117,0.9035751,0.96295804,0.9662327,0.96095395,0.91690665,0.9386155,0.9349984,0.9442243,0.9468161,0.94559175,0.9298141,0.94286585,0.94177914,0.9376816,0.9358961,0.9563534,0.94242996,0.9494733,0.95182866,0.9071428,0.81749666,0.9222452,0.9200964,0.94549197,0.94300026,0.9608094,0.94006217,0.88333476,0.9420119,0.91830295,0.8798895,0.94762594,0.9467413,0.95225847,0.92425483,0.9246485,0.9317829,0.91479397,0.92861325,0.93927455,0.9283659,0.9398698,0.9216847,0.9052786,0.93714166,0.94733477,0.93201923,0.9233301,0.9380469,0.93208015,0.9564245,0.9348919,0.9526575,0.9620331,0.9403522,0.90213007,0.9520431,0.9449949,0.93579954,0.94295055,0.93972737,0.9259475,0.9219024,0.9073515,0.93935424,0.9498724,0.7636673,0.93887705,0.9186618,0.943042,0.89913386,0.81733173,0.9116331,0.94172865,0.9287666,0.93383557,0.96415687,0.93784416,0.9419556,0.95110464,0.93010145,0.95453835,0.9292972,0.95167947,0.94549865,0.9446281,0.9498724,0.9085498,0.9258759,0.952162,0.9283997,0.9326042,0.9308602,0.9505184,0.96328217,0.9363832,0.9441049,0.8810667,0.946036,0.94663984,0.9567226,0.96368986,0.9380465,0.894188,0.8981206,0.957373,0.7773606,0.9338573,0.8744614,0.9449112,0.9284998,0.94314915,0.93017954,0.95317143,0.95377207,0.9323472,0.9469885,0.9405639,0.89221615,0.9499372,0.95690006,0.9422927,0.9561628,0.9300757,0.8111088,0.95300883,0.91525435,0.93963903,0.9505171,0.94888747,0.9420928,0.9191212,0.94263166,0.9470744,0.9379007,0.96095395,0.94127375,0.9513961,0.92174166,0.91277903,0.9344228,0.9497922,0.9326206,0.931109,0.9291028,0.94940186,0.9178094,0.94190836,0.87400985,0.9435174,0.93477,0.9367008,0.9238328,0.94342333,0.9404397,0.96095395,0.9417422,0.9401589,0.9289291,0.92791307
adastramovie,0.9586212,0.95259386,0.9547112,0.9551117,0.9999998,0.92346764,0.97564286,0.96805984,0.98392415,0.9714241,0.9580705,0.9531555,0.94864106,0.9687547,0.95765907,0.96049845,0.9465386,0.96942496,0.95077163,0.95883155,0.9652513,0.96035814,0.9670258,0.97625643,0.9653416,0.78588337,0.9732801,0.9476022,0.95867145,0.9661322,0.95890313,0.9539226,0.90867084,0.96912444,0.9198649,0.87472236,0.9751261,0.9410812,0.9744413,0.95421064,0.93827856,0.9746342,0.9516106,0.9651339,0.9685273,0.95953095,0.96302205,0.94565,0.9273343,0.9724633,0.9644129,0.9579304,0.94191736,0.93966246,0.9287696,0.9723825,0.9662184,0.9687927,0.95069265,0.9685181,0.9393589,0.97461313,0.96563035,0.9643653,0.96247566,0.95031166,0.94208837,0.93881893,0.92735815,0.94205904,0.9767537,0.7850917,0.96584564,0.92926353,0.9538082,0.91999733,0.7928309,0.9257945,0.9414856,0.9397423,0.9360208,0.9580778,0.9621149,0.9296743,0.9501437,0.9430031,0.9531955,0.94531375,0.9580704,0.9620262,0.962645,0.9767537,0.9553845,0.95167816,0.97325015,0.95102364,0.96582884,0.95091194,0.97087806,0.97291464,0.9631646,0.97143126,0.9171948,0.9679573,0.95783144,0.96960557,0.98016095,0.96359324,0.9432948,0.9075957,0.97718084,0.8005995,0.96569276,0.8555981,0.9704358,0.9410875,0.95439327,0.95272124,0.973554,0.9616207,0.9479627,0.9754045,0.9696784,0.9330785,0.9788416,0.9635769,0.9408418,0.9494077,0.9649625,0.82326114,0.9715257,0.9550427,0.9649876,0.9508627,0.9708852,0.95923114,0.9253367,0.9484347,0.9730248,0.93823045,0.98392415,0.9676443,0.9562271,0.9410019,0.9238645,0.9448893,0.9408597,0.95038897,0.94583553,0.9500167,0.9734442,0.9468182,0.9504623,0.89728546,0.9539125,0.9691023,0.9451407,0.95838183,0.958231,0.9681425,0.98392415,0.9470026,0.9453762,0.9642463,0.9447295
adogsjourneymovie,0.9262657,0.9075028,0.9258834,0.9035751,0.92346764,1.0,0.91792935,0.91698915,0.9361948,0.90276253,0.9198021,0.9575721,0.932891,0.9184438,0.9174942,0.9261938,0.8916413,0.9181232,0.9361627,0.9015729,0.89492655,0.8821872,0.9277014,0.92968297,0.87960565,0.7416834,0.91842794,0.9209812,0.91763574,0.8943149,0.9208553,0.932661,0.92638886,0.9214966,0.86693144,0.7845421,0.9065437,0.9022908,0.92146915,0.93623894,0.8741529,0.9191044,0.90415585,0.9100313,0.9195931,0.9017139,0.92927283,0.9529742,0.91132325,0.90570146,0.9186371,0.9406479,0.9533845,0.93538624,0.8895137,0.9410246,0.9327684,0.9345915,0.94352525,0.89750594,0.911625,0.9152372,0.93122864,0.91868705,0.91197586,0.9181056,0.9054577,0.9044101,0.88026816,0.94550586,0.9205355,0.7788937,0.9027113,0.9148595,0.89736336,0.8982314,0.8374203,0.892046,0.9032491,0.90603054,0.9281664,0.93033046,0.92341256,0.9152938,0.91076857,0.8968684,0.9155548,0.925115,0.9177009,0.9423534,0.876127,0.9205355,0.8386969,0.8713969,0.91881424,0.91177964,0.9286979,0.9370768,0.90848994,0.9512554,0.91517454,0.93899626,0.8327318,0.93620366,0.9087473,0.92874634,0.9184332,0.9304005,0.90587616,0.90230954,0.9354569,0.78017473,0.9109635,0.80341536,0.90285283,0.92109567,0.91014385,0.9327698,0.9180662,0.9056454,0.89719903,0.89250153,0.9282513,0.9583166,0.9098343,0.92799675,0.9304694,0.870639,0.9254528,0.84078467,0.91271,0.90008485,0.9277237,0.90165746,0.91503537,0.892666,0.9140268,0.9341866,0.92414707,0.9207051,0.9361948,0.90523267,0.90120435,0.9316524,0.9253872,0.9215057,0.89829785,0.9052226,0.92115426,0.85967064,0.9361153,0.9300517,0.9259522,0.82778376,0.87234235,0.9374602,0.95656925,0.8888277,0.91347504,0.92560303,0.9361948,0.9058393,0.95833457,0.9513776,0.92092854
aftermathmovie,0.97707784,0.9670664,0.9727973,0.96295804,0.97564286,0.91792935,1.0000001,0.9826065,0.9907206,0.9678116,0.9631308,0.9624427,0.96992004,0.97955185,0.96843797,0.97693783,0.9747295,0.97080505,0.9500977,0.9777017,0.9786064,0.965654,0.9744204,0.98067963,0.9677989,0.80037063,0.9551151,0.9674919,0.9692726,0.9772134,0.9589792,0.97220457,0.91288435,0.96876496,0.9528248,0.9058238,0.9789709,0.96332544,0.9705143,0.9690311,0.93975693,0.97686714,0.93644035,0.962535,0.97481126,0.9724157,0.97007906,0.96554387,0.9576022,0.97097886,0.9745413,0.9785979,0.9617355,0.944085,0.94377434,0.95758915,0.9789493,0.9832343,0.96182585,0.9808397,0.934155,0.9670482,0.9718698,0.9731976,0.9687204,0.96397644,0.94876677,0.9722067,0.955896,0.9521444,0.9887123,0.8047115,0.9566354,0.9537298,0.9644858,0.9295704,0.8150929,0.9320448,0.9574954,0.95740676,0.9374043,0.9749716,0.96361583,0.9466359,0.95890284,0.94564635,0.95405394,0.96632105,0.98146296,0.97238064,0.96018106,0.9887123,0.9444384,0.9488038,0.979781,0.94838595,0.9763953,0.9669454,0.9755797,0.96451974,0.9676409,0.9759602,0.9192723,0.9785675,0.9842225,0.9808077,0.98630744,0.9666205,0.9521908,0.95421714,0.98581356,0.741458,0.9673546,0.8843542,0.97383845,0.9652116,0.9806229,0.95835954,0.9768092,0.9900259,0.95416707,0.97266215,0.971614,0.8996043,0.9806603,0.96848285,0.9712118,0.9505469,0.9624121,0.8182828,0.9748837,0.9387075,0.98313206,0.9648676,0.9844095,0.9658009,0.9353416,0.96234936,0.985669,0.9604865,0.9907206,0.9666301,0.9675923,0.95286196,0.9260291,0.96244496,0.9557814,0.95741624,0.9598871,0.9661394,0.9861762,0.95772415,0.96731365,0.91068864,0.9641571,0.97169924,0.9569555,0.9643675,0.97122777,0.9760233,0.9907206,0.95732164,0.9539694,0.9706061,0.95973945
aftermovie,0.97674763,0.946622,0.95460546,0.9662327,0.96805984,0.91698915,0.9826065,1.0,0.9834647,0.9484201,0.9549287,0.94863933,0.970481,0.9764908,0.9619118,0.9493015,0.9686051,0.96233714,0.9572463,0.9681742,0.95790666,0.96398664,0.97564316,0.96643245,0.9501355,0.7599159,0.9524024,0.9619353,0.9731025,0.96197236,0.95865357,0.95926976,0.9119837,0.9707513,0.9426514,0.8856846,0.97952914,0.95739937,0.96274006,0.95735985,0.9426732,0.965439,0.9196116,0.95052594,0.96009696,0.9585508,0.9698349,0.96440846,0.9389291,0.9612918,0.9695719,0.96341175,0.9575936,0.92775154,0.9606733,0.95234287,0.9638614,0.9674121,0.9716374,0.9674818,0.9429751,0.9604565,0.94183844,0.9695764,0.95390326,0.96005493,0.94391894,0.96109116,0.9447087,0.96386784,0.9736846,0.8090903,0.94666034,0.95776844,0.96098346,0.9344099,0.79913026,0.93771076,0.95811605,0.9487825,0.9593971,0.96916443,0.9604467,0.946844,0.9405272,0.9558507,0.9578682,0.97069335,0.96577406,0.9628669,0.9439722,0.9736846,0.9330077,0.9417709,0.97226745,0.9503858,0.96312183,0.9653971,0.96439254,0.9664671,0.9710792,0.95751107,0.913189,0.9621528,0.96707416,0.96603864,0.9739203,0.96548414,0.93527794,0.94427437,0.9845219,0.7576351,0.9468239,0.87424994,0.9571616,0.9589628,0.96803516,0.9593436,0.97157186,0.9718146,0.9564084,0.9577841,0.9703858,0.9031331,0.96898943,0.97140837,0.9656492,0.9530711,0.93712807,0.81680554,0.9569564,0.9216288,0.96873623,0.9438211,0.97160226,0.9642754,0.9484063,0.95176053,0.97212374,0.9535366,0.9834647,0.9621655,0.96471834,0.96806335,0.9358751,0.9485913,0.932553,0.9548598,0.9601716,0.9384038,0.96735436,0.9419885,0.9671507,0.8694815,0.9584643,0.957497,0.9588094,0.9583536,0.9649208,0.95942825,0.9834647,0.96533453,0.94095296,0.96762097,0.96062225
ahiddenlifefilm,0.9848676,0.96519434,0.97985744,0.96095395,0.98392415,0.9361948,0.9907206,0.9834647,1.0,0.97375214,0.97347075,0.9764399,0.97428346,0.9875029,0.97808987,0.97038823,0.9688353,0.9823283,0.9685231,0.97972107,0.9802309,0.97191226,0.9825892,0.99086165,0.9663158,0.7935123,0.9706252,0.9726439,0.981907,0.9826941,0.9716602,0.9791619,0.9272725,0.9801174,0.94691896,0.9043399,0.9810743,0.96534306,0.98260075,0.9770069,0.951886,0.986534,0.9509708,0.97940165,0.988542,0.9715932,0.9784099,0.97417307,0.9588978,0.9856157,0.9862166,0.9854393,0.96728927,0.9452089,0.95547974,0.9725847,0.9855422,0.98557484,0.9725245,0.98665345,0.9671728,0.97694474,0.9748147,0.98426515,0.9809122,0.9710668,0.95127016,0.97421795,0.96392876,0.9655569,0.9938679,0.81763923,0.96594405,0.96798414,0.96750534,0.94612557,0.8225117,0.95504147,0.9718539,0.96330893,0.9628828,0.98122144,0.9807248,0.952811,0.9613091,0.96674716,0.96987504,0.98044246,0.98391575,0.97823703,0.96720666,0.9938679,0.9524175,0.96686035,0.98580045,0.96733665,0.9818519,0.97886753,0.9776655,0.97334546,0.9667427,0.9804425,0.93258005,0.98383904,0.98079956,0.9872196,0.9921088,0.979356,0.9613304,0.9520581,0.9889739,0.7757225,0.9776858,0.88947767,0.9783007,0.9758238,0.98359406,0.9704716,0.9856432,0.9843233,0.9719791,0.9758735,0.9869175,0.9256956,0.98609436,0.9772225,0.97433084,0.96085876,0.96054727,0.8292478,0.9766411,0.95591843,0.9841382,0.9469267,0.9887565,0.977986,0.9575248,0.96957934,0.99277234,0.9681862,1.0,0.9819905,0.95994186,0.9667201,0.9474601,0.9744008,0.9560847,0.9625976,0.9728142,0.9625264,0.9886922,0.9692852,0.97355,0.905891,0.96545744,0.9861343,0.9654012,0.97488844,0.98411185,0.9826905,1.0,0.9644398,0.9704731,0.9829193,0.9776034
alitamovie,0.9426873,0.9382625,0.9523227,0.91690665,0.9714241,0.90276253,0.9678116,0.9484201,0.97375214,0.99999994,0.9415556,0.9416113,0.93461496,0.96939903,0.9602613,0.94387025,0.94388103,0.9536633,0.9172966,0.9570064,0.9619368,0.9395863,0.9472529,0.9607579,0.96588624,0.8024845,0.9642935,0.93726534,0.9353081,0.96506214,0.93653685,0.9655658,0.89280736,0.95632505,0.9010978,0.87995714,0.9514393,0.9290531,0.9664554,0.9596196,0.92845035,0.9761167,0.94164526,0.96093357,0.9650673,0.94871795,0.9393381,0.94216585,0.93641657,0.96354294,0.9521774,0.9713953,0.92444986,0.9065502,0.9083712,0.9456945,0.9608256,0.97147906,0.92618006,0.97599095,0.925807,0.9654799,0.95304155,0.96179634,0.95129,0.94920063,0.9049007,0.94936883,0.9313068,0.91921186,0.9807463,0.78843796,0.9488432,0.9244229,0.9339778,0.91620386,0.7796144,0.91659415,0.94567436,0.93046904,0.90688515,0.927611,0.94066733,0.903618,0.9388415,0.9341348,0.9286396,0.940269,0.95423067,0.9503705,0.9555902,0.9807463,0.9338758,0.9537166,0.9590096,0.9463324,0.9620711,0.9376236,0.9574048,0.9369959,0.9428052,0.95718557,0.91447604,0.9670848,0.9676037,0.9572581,0.9789999,0.9499122,0.95577717,0.92901665,0.9634454,0.77603,0.9621704,0.85084033,0.9699645,0.9389307,0.9535747,0.92510486,0.9640467,0.9606614,0.9355703,0.9604087,0.9500841,0.9057756,0.96839255,0.9396476,0.9463215,0.91324234,0.95995724,0.8002155,0.95505136,0.9505802,0.96186876,0.9187438,0.9725535,0.9471005,0.90245897,0.9476284,0.97699726,0.93365586,0.97375214,0.95613486,0.9414553,0.92626244,0.8861781,0.9567508,0.9267955,0.9351952,0.93439347,0.9584836,0.97229666,0.9549963,0.9543231,0.8931557,0.96040124,0.97623974,0.9296373,0.9653355,0.95842564,0.96671003,0.97375214,0.93617225,0.93570125,0.9552421,0.9368272
angelhasfallen,0.9587827,0.959351,0.9664694,0.9386155,0.9580705,0.9198021,0.9631308,0.9549287,0.97347075,0.9415556,0.9999998,0.9517135,0.9576335,0.9574447,0.9651412,0.9540823,0.93550175,0.9444467,0.96622235,0.9725763,0.94466805,0.94626635,0.94443804,0.9744186,0.9320289,0.7368471,0.93501073,0.9611891,0.9603517,0.9414251,0.96698934,0.9554876,0.8832494,0.96043974,0.91812027,0.8834448,0.9519123,0.9319723,0.96246606,0.97131604,0.919287,0.9627442,0.93026143,0.9520465,0.958728,0.95172787,0.9399552,0.95092803,0.9179131,0.9612179,0.96039873,0.96389323,0.9494875,0.9393167,0.9290295,0.93657655,0.9754729,0.9749832,0.9592608,0.9399588,0.94155854,0.94626427,0.94826275,0.9446531,0.95458895,0.9577398,0.93887603,0.95556146,0.9648255,0.9489843,0.96276844,0.81841254,0.93224585,0.9572575,0.9278381,0.90758806,0.7943357,0.9092559,0.94368607,0.93510246,0.94545406,0.9589464,0.94620526,0.9338909,0.94793445,0.94543517,0.9514609,0.96233666,0.9506571,0.96215373,0.92431265,0.96276844,0.93045425,0.9520715,0.9644008,0.96151316,0.9553044,0.9566211,0.9403462,0.9455443,0.93820727,0.9624433,0.8993195,0.9669336,0.9441715,0.9662285,0.9653297,0.94532394,0.9358868,0.93628323,0.96954226,0.795248,0.9446132,0.87728506,0.96220267,0.94609016,0.94966227,0.9332764,0.95338905,0.9635816,0.92580456,0.96645564,0.9672186,0.90904707,0.95470226,0.9627831,0.9538972,0.9405041,0.95221305,0.84084237,0.9515891,0.95272684,0.9657159,0.9376141,0.96727514,0.93561596,0.9206873,0.9569973,0.9579431,0.9449423,0.97347075,0.95367914,0.93170255,0.92960757,0.9311711,0.9653988,0.9577656,0.93697196,0.94085914,0.9358589,0.9742474,0.946969,0.9336254,0.91178113,0.93722004,0.96531874,0.9345848,0.952953,0.95843655,0.9623345,0.97347075,0.92736197,0.95324415,0.94969475,0.95590836
angrybirdsmovie,0.95872813,0.9581699,0.96884763,0.9349984,0.9531555,0.9575721,0.9624427,0.94863933,0.9764399,0.9416113,0.9517135,1.0,0.95460325,0.9572939,0.9534929,0.95887876,0.93341357,0.9611618,0.9535671,0.9532038,0.949104,0.95337796,0.94669384,0.9682807,0.92520666,0.7986949,0.9525468,0.9522764,0.96690625,0.9537226,0.9520656,0.97196275,0.92458165,0.9685367,0.925384,0.88451236,0.9405402,0.93924546,0.95383316,0.9617523,0.9376456,0.9583135,0.9285084,0.9533056,0.9602865,0.9358359,0.94564295,0.9727109,0.93576586,0.955806,0.97579664,0.9692643,0.9636653,0.94536066,0.94116247,0.95560455,0.96763176,0.95969766,0.95510966,0.95551264,0.9509707,0.95642936,0.9655828,0.9656712,0.96123195,0.9566456,0.93922406,0.94599617,0.938842,0.9627908,0.96592295,0.81168216,0.9425221,0.9457136,0.9452394,0.9370513,0.85544,0.9463483,0.9580846,0.95022833,0.94651604,0.96564656,0.97035956,0.95552903,0.94480515,0.9399624,0.93834877,0.9627002,0.9716762,0.9623924,0.9424767,0.96592295,0.903387,0.93422914,0.9724859,0.94803035,0.9601333,0.9742912,0.9562064,0.95576894,0.92683727,0.97137845,0.9048664,0.96440727,0.9563367,0.9780068,0.96421427,0.9626632,0.9396977,0.93761986,0.9608868,0.7467804,0.9489944,0.87696344,0.93948174,0.95207477,0.95705086,0.9663582,0.9539179,0.95507467,0.9522093,0.92893493,0.9714274,0.92376816,0.957487,0.9455814,0.96976244,0.9393087,0.93435,0.80574936,0.9586767,0.93587434,0.9613531,0.9285012,0.9597754,0.9458533,0.9402534,0.9592668,0.9710472,0.94472027,0.9764399,0.96899873,0.92173094,0.9676146,0.95155895,0.95871407,0.94492155,0.9483259,0.96356964,0.92480844,0.9712825,0.9525817,0.9519239,0.8706659,0.92419446,0.9725279,0.95089006,0.9345072,0.9638359,0.9570833,0.9764399,0.94937086,0.97441494,0.96093243,0.9697138
annabellemovie,0.9780146,0.93657213,0.9608503,0.9442243,0.94864106,0.932891,0.96992004,0.970481,0.97428346,0.93461496,0.9576335,0.95460325,1.0,0.9621824,0.96503085,0.94366735,0.949549,0.9582753,0.9610518,0.9577963,0.946045,0.9618387,0.96111286,0.96484363,0.92737675,0.764718,0.940796,0.9563924,0.97185624,0.95219076,0.9489479,0.9630553,0.93167275,0.96308327,0.92742836,0.8779539,0.96093,0.97060555,0.95958185,0.958768,0.9357214,0.956718,0.9151638,0.9509235,0.9611436,0.9544226,0.95427394,0.9538776,0.9401049,0.9555072,0.9749787,0.96509624,0.967017,0.92912096,0.9611414,0.9401065,0.96643484,0.9633458,0.95754,0.9534901,0.9465958,0.9397622,0.94605803,0.97312266,0.9537606,0.95701987,0.90876824,0.95096225,0.9438441,0.9684686,0.9661481,0.81990844,0.9293747,0.96155745,0.9482834,0.9315502,0.8637286,0.9328606,0.9435314,0.9419827,0.93889034,0.9707393,0.9642394,0.9448653,0.94959587,0.94169104,0.96646434,0.975826,0.9701824,0.9740984,0.9403186,0.9661481,0.9104735,0.9357197,0.96204334,0.9460759,0.94818807,0.9567585,0.94891953,0.95256156,0.9551431,0.95085466,0.90752417,0.96149874,0.957427,0.9782686,0.96384746,0.9703241,0.9377808,0.95056915,0.97073555,0.77270097,0.93894845,0.879327,0.9470257,0.95909786,0.96843326,0.97145677,0.9618866,0.9739796,0.9564904,0.9474176,0.9637862,0.9157719,0.9518545,0.96266127,0.9626092,0.9518479,0.93710434,0.84460425,0.9480031,0.93072975,0.96615726,0.9307858,0.9687185,0.9474431,0.93767273,0.95484626,0.9640327,0.96734303,0.97428346,0.95798856,0.94429374,0.9615352,0.9416797,0.9573098,0.9301625,0.9580778,0.9620652,0.9357067,0.96540993,0.9466577,0.9593889,0.893355,0.9367651,0.95602757,0.96839577,0.9490984,0.95174026,0.9584077,0.97428346,0.9513091,0.9619998,0.9612586,0.9760817
annamovie,0.973578,0.94486797,0.95772225,0.9468161,0.9687547,0.9184438,0.97955185,0.9764908,0.9875029,0.96939903,0.9574447,0.9572939,0.9621824,1.0,0.97120714,0.9515552,0.97304404,0.9632487,0.9536267,0.9724167,0.962395,0.9495058,0.9703455,0.98001933,0.9501629,0.77391154,0.9523246,0.9680237,0.9654749,0.9715931,0.9529357,0.96684027,0.8978266,0.97566795,0.9302031,0.86975807,0.9658705,0.94654197,0.96999377,0.9680152,0.9484393,0.9735159,0.92970365,0.9647417,0.98060733,0.9495934,0.96035475,0.9650136,0.95211834,0.96883166,0.96895516,0.97439975,0.959085,0.9437528,0.9589593,0.94892144,0.9730688,0.9758414,0.9567453,0.97670954,0.95636404,0.9607408,0.959138,0.9847674,0.96608436,0.9493288,0.942647,0.9654295,0.951425,0.9497214,0.98652947,0.7893846,0.94801897,0.9524524,0.94355357,0.93084264,0.7863988,0.94170916,0.96119696,0.9511867,0.94406176,0.96157587,0.9752014,0.939258,0.95060694,0.95894754,0.9579678,0.9644493,0.9831432,0.9632962,0.94836354,0.98652947,0.929324,0.95264924,0.9728025,0.95056957,0.96829337,0.97268736,0.9715571,0.96751404,0.9446968,0.9628389,0.90160686,0.97490495,0.9778896,0.9702207,0.98646486,0.9753314,0.94952774,0.93576884,0.9874965,0.7378745,0.9674878,0.86645204,0.9617449,0.9620285,0.9726136,0.9479413,0.9749356,0.9750608,0.9640443,0.96197796,0.9766349,0.909308,0.97347254,0.95775354,0.96674526,0.9380108,0.95061994,0.80645674,0.95848876,0.9283106,0.98315424,0.94106156,0.9761475,0.97146696,0.9454585,0.95816076,0.98330176,0.9368686,0.9875029,0.9636282,0.94372606,0.9606852,0.92990553,0.9629989,0.9432451,0.96039045,0.9711552,0.9479642,0.9682041,0.95179087,0.96230143,0.8786102,0.9599904,0.9783161,0.9551927,0.9607541,0.97699463,0.9702667,0.9875029,0.94728214,0.96344656,0.9690824,0.9588885
apollo11movie,0.96617675,0.9321036,0.9583722,0.94559175,0.95765907,0.9174942,0.96843797,0.9619118,0.97808987,0.9602613,0.9651412,0.9534929,0.96503085,0.97120714,0.9999999,0.9321936,0.94293046,0.96291095,0.94858706,0.97158974,0.9553903,0.94043696,0.9520703,0.97172374,0.93673766,0.781574,0.94084483,0.9453449,0.95421153,0.9571412,0.953662,0.9739722,0.9024402,0.957573,0.92542344,0.88101584,0.9552051,0.9619945,0.9616916,0.9598061,0.92510325,0.96319646,0.92679006,0.95234567,0.9640383,0.939208,0.9422432,0.9426324,0.91753405,0.95590234,0.9640335,0.9727634,0.9406888,0.92772,0.9428806,0.94230527,0.9609043,0.979653,0.9491909,0.96211,0.9354064,0.9671737,0.95206803,0.96407926,0.9598258,0.9423741,0.93265843,0.95291716,0.95205784,0.9469223,0.97763443,0.79222333,0.9482729,0.96109086,0.9367329,0.92304194,0.8239894,0.92858666,0.9459971,0.93064046,0.9499776,0.9630558,0.94818634,0.94113827,0.9558694,0.94777405,0.9603442,0.960355,0.97031593,0.9630819,0.95547146,0.97763443,0.9220011,0.9465247,0.95825034,0.9811911,0.9526006,0.96271855,0.93915135,0.9516971,0.9387196,0.9495719,0.90778846,0.97134167,0.955029,0.96672255,0.9678373,0.9623489,0.92204595,0.93952894,0.9709311,0.79638004,0.9588851,0.89480627,0.9582805,0.9524942,0.9690646,0.9533631,0.9661564,0.9697162,0.960031,0.9619731,0.9620219,0.9137792,0.9541461,0.9527151,0.95525527,0.94792163,0.9498237,0.801266,0.9471748,0.9519299,0.96794313,0.93191326,0.97748226,0.9540257,0.9369788,0.9604297,0.9752294,0.95329815,0.97808987,0.95461255,0.9357291,0.9390861,0.92223084,0.9621295,0.93890136,0.9527832,0.9548464,0.9571971,0.97157574,0.93882203,0.94819057,0.8746791,0.95283556,0.97393054,0.95451474,0.9588434,0.96871275,0.97043544,0.97808987,0.93345404,0.9660667,0.9529452,0.9572582
arcticdogsmovie,0.9595197,0.9815225,0.9596164,0.9298141,0.96049845,0.9261938,0.97693783,0.9493015,0.97038823,0.94387025,0.9540823,0.95887876,0.94366735,0.9515552,0.9321936,0.99999994,0.94690967,0.9487514,0.9412474,0.9616565,0.9578343,0.94752085,0.95420283,0.963621,0.942701,0.7944275,0.9343344,0.960306,0.9565572,0.94313514,0.9368924,0.95294577,0.8962059,0.94357854,0.9214956,0.8817817,0.9625747,0.9464016,0.94348824,0.96063054,0.8989215,0.95226306,0.9195198,0.9410314,0.95194,0.96126556,0.9574495,0.9645913,0.95264363,0.9463656,0.95541275,0.96086067,0.95397013,0.9358367,0.9047993,0.9485775,0.96991724,0.96369773,0.9335485,0.95448685,0.91493213,0.9369655,0.9587849,0.94483525,0.94902253,0.94351435,0.9410428,0.9529404,0.9459291,0.9350194,0.9679897,0.79796237,0.9378251,0.94163436,0.9322751,0.9182734,0.8000923,0.9163699,0.9354682,0.9554573,0.9175002,0.95913434,0.9479225,0.9108951,0.92688096,0.910265,0.9349731,0.9383437,0.95652264,0.96256024,0.929684,0.9679897,0.91895205,0.9144908,0.9624037,0.9274422,0.9686837,0.96266836,0.9610282,0.94995695,0.9524005,0.9725898,0.89185625,0.9631187,0.9610126,0.9684488,0.9608654,0.9390132,0.95169437,0.9445364,0.9629534,0.7321943,0.9499478,0.857123,0.95189285,0.94830155,0.96355593,0.93923694,0.95702815,0.9590809,0.9211328,0.9481665,0.9547765,0.8988611,0.964964,0.938055,0.9561308,0.9227954,0.94436365,0.8206231,0.96623784,0.9205543,0.9614789,0.95493495,0.9596682,0.9249915,0.91763085,0.9412171,0.9609743,0.9355044,0.97038823,0.9453441,0.9378594,0.93316644,0.92818546,0.95003927,0.9522499,0.9230547,0.94107115,0.93375546,0.97458845,0.9482106,0.94233644,0.8975111,0.91836464,0.95926607,0.945961,0.9359422,0.9443995,0.9552903,0.97038823,0.9254765,0.9374526,0.9646757,0.9438068
arcticmovie,0.9656142,0.93884796,0.95077914,0.94286585,0.9465386,0.8916413,0.9747295,0.9686051,0.9688353,0.94388103,0.93550175,0.93341357,0.949549,0.97304404,0.94293046,0.94690967,1.0,0.94946814,0.91823447,0.95586616,0.9590465,0.93532336,0.95900065,0.95678866,0.9324633,0.7793947,0.91024965,0.9638617,0.95882714,0.9576941,0.92456484,0.9417505,0.89218533,0.96015006,0.9307321,0.84544957,0.9602407,0.9351251,0.9549756,0.9511361,0.9198881,0.94577736,0.89660716,0.9328419,0.9513158,0.95873976,0.9488336,0.94585603,0.95784324,0.9413966,0.95648426,0.958186,0.94763577,0.9265139,0.92580384,0.93570316,0.94702476,0.9556991,0.94856036,0.9620438,0.9182694,0.9493955,0.9394559,0.95855474,0.93469465,0.9308959,0.92127335,0.9608386,0.9262849,0.9369511,0.9671777,0.8117282,0.9291254,0.93967694,0.92861813,0.9168726,0.7975961,0.90734696,0.94780874,0.92311156,0.91512984,0.94464785,0.9463604,0.9306371,0.94285065,0.9196572,0.92633146,0.9549109,0.968365,0.9503286,0.928915,0.9671777,0.9035483,0.90721345,0.96008694,0.9156868,0.9529185,0.94836575,0.9558823,0.9361037,0.9505241,0.9506211,0.87548876,0.9510943,0.97078186,0.9566497,0.96799564,0.942592,0.9337616,0.9505946,0.9675668,0.71255904,0.9370054,0.8349376,0.93953204,0.93951833,0.96600974,0.9265984,0.94751966,0.9692404,0.94089574,0.9419344,0.9484913,0.8628789,0.96659595,0.93413526,0.9636598,0.9135347,0.9387651,0.781521,0.96260023,0.8988087,0.9783897,0.9511472,0.96105886,0.95476085,0.9234683,0.9432894,0.9631544,0.94251937,0.9688353,0.93427306,0.9518796,0.9392266,0.9108916,0.9491928,0.93343556,0.94292104,0.94716895,0.9462194,0.95792305,0.92861646,0.9536476,0.8789309,0.9363935,0.94984436,0.94143724,0.94077146,0.9449581,0.9384619,0.9688353,0.93883765,0.9376541,0.95321065,0.9422742
artofracingmovie,0.97761655,0.938377,0.9705074,0.94177914,0.96942496,0.9181232,0.97080505,0.96233714,0.9823283,0.9536633,0.9444467,0.9611618,0.9582753,0.9632487,0.96291095,0.9487514,0.94946814,0.9999999,0.96493846,0.96194494,0.96694326,0.96072954,0.9671489,0.975885,0.95195884,0.7927331,0.95671284,0.9459784,0.96680033,0.9798136,0.94753516,0.95888126,0.90688235,0.9547495,0.94909024,0.89326245,0.9636769,0.9557691,0.9649176,0.9606037,0.9340365,0.9697105,0.95228076,0.97065085,0.96966535,0.95701367,0.9623181,0.9569002,0.9517522,0.97416544,0.96991485,0.9713183,0.94648737,0.91206604,0.9373219,0.949984,0.959358,0.9638055,0.9416929,0.9748713,0.95916784,0.95664483,0.95781976,0.96923757,0.9687078,0.94033265,0.9372584,0.96134424,0.9539414,0.94087875,0.9740801,0.7866458,0.9386015,0.9468677,0.953843,0.9179071,0.7959866,0.9313406,0.9418534,0.9389541,0.9541964,0.9671282,0.968571,0.93421626,0.9385846,0.94703215,0.9662803,0.9675322,0.9721472,0.95829165,0.9603966,0.9740801,0.95585555,0.94331604,0.96243733,0.95523626,0.96706456,0.96532696,0.96255505,0.9523239,0.9434787,0.9612515,0.9430168,0.9602872,0.9591492,0.9704375,0.97132105,0.96958125,0.9388405,0.9369897,0.9717115,0.7501348,0.9622961,0.8962107,0.95638937,0.96493113,0.9732946,0.96746296,0.9739948,0.9656763,0.97423995,0.9585106,0.9714998,0.90470326,0.9639359,0.952192,0.9557031,0.96117467,0.93777907,0.8432597,0.95803934,0.9420595,0.9596575,0.92115927,0.9779052,0.9710155,0.95272446,0.95478874,0.97590137,0.96614784,0.9823283,0.96587414,0.93789196,0.9554571,0.93692094,0.9591635,0.94498765,0.95402664,0.9650871,0.94745326,0.96652657,0.963303,0.94134784,0.880898,0.9464247,0.9689452,0.96327925,0.95488185,0.96347034,0.9615382,0.9823283,0.9328676,0.9427781,0.96656066,0.9628177
avengers,0.970515,0.93665224,0.952965,0.9376816,0.95077163,0.9361627,0.9500977,0.9572463,0.9685231,0.9172966,0.96622235,0.9535671,0.9610518,0.9536267,0.94858706,0.9412474,0.91823447,0.96493846,1.0000001,0.9516028,0.9279186,0.9483683,0.9491428,0.97251636,0.9211619,0.72883594,0.94857275,0.9424685,0.9620482,0.9444129,0.97071326,0.9473609,0.883626,0.94686174,0.9220306,0.8723081,0.94997394,0.9395618,0.94447494,0.9584997,0.9236902,0.95306253,0.93545586,0.9506686,0.9541527,0.93716824,0.94824535,0.9652906,0.9269321,0.95574033,0.95347327,0.9538492,0.95613253,0.9273532,0.949126,0.93145233,0.96404266,0.9530957,0.95753473,0.9375917,0.96384364,0.93140274,0.9394715,0.9536298,0.9559667,0.93129337,0.9423081,0.94241077,0.9579022,0.95330036,0.95140445,0.80671257,0.91667783,0.9502925,0.93149817,0.9022632,0.78719795,0.9272648,0.94081706,0.9582355,0.9631185,0.96668077,0.9629705,0.93037784,0.91947025,0.9494245,0.97706467,0.9633979,0.95282155,0.9527325,0.91615963,0.95140445,0.92980605,0.93887883,0.9528946,0.9505792,0.94946367,0.9676645,0.94446623,0.9559234,0.9295397,0.9554082,0.90924203,0.95159954,0.9354325,0.9594895,0.95399433,0.96063167,0.9159975,0.9231642,0.9693129,0.760978,0.9341244,0.88160896,0.9404828,0.95820946,0.9465743,0.9612298,0.9566702,0.94668,0.9469392,0.94636256,0.9741439,0.9226477,0.9415444,0.96446127,0.94434625,0.9568621,0.9202605,0.8851028,0.9306733,0.9247025,0.942196,0.9123296,0.9525002,0.9479851,0.9426194,0.9503222,0.9511338,0.941271,0.9685231,0.9498776,0.9125937,0.955761,0.95967174,0.94819975,0.9413383,0.936707,0.95976406,0.90346605,0.95282465,0.94361407,0.92172146,0.87394106,0.9294002,0.9493147,0.9552091,0.93904454,0.94987726,0.9493317,0.9685231,0.92035174,0.945993,0.9587027,0.95480216
beachbummovie,0.9678951,0.96025056,0.9705264,0.9358961,0.95883155,0.9015729,0.9777017,0.9681742,0.97972107,0.9570064,0.9725763,0.9532038,0.9577963,0.9724167,0.97158974,0.9616565,0.95586616,0.96194494,0.9516028,0.99999994,0.96553373,0.95578176,0.9477004,0.96741533,0.95251304,0.7732769,0.93894273,0.95903116,0.9638038,0.9622218,0.9492156,0.9632926,0.87123185,0.9583472,0.93576837,0.885327,0.96268606,0.9498086,0.9570977,0.9662119,0.9290903,0.9667893,0.931595,0.9582153,0.9680946,0.95111346,0.94293684,0.95565265,0.93995255,0.963994,0.96919477,0.9715808,0.9474822,0.9353246,0.9318314,0.92964214,0.967408,0.97507954,0.94552815,0.9681833,0.93788576,0.952528,0.9566997,0.9616975,0.9620188,0.95560193,0.9442822,0.9667136,0.969727,0.93937075,0.9769737,0.7926982,0.92089844,0.9533564,0.93263257,0.89834726,0.76678693,0.9149696,0.9436414,0.9412919,0.93942195,0.9679021,0.94996256,0.93392247,0.94377583,0.9443041,0.9515253,0.9628707,0.9645025,0.96809214,0.9400571,0.9769737,0.941651,0.9488743,0.9756473,0.96268207,0.9624632,0.9739678,0.9551784,0.9389565,0.93605834,0.9687392,0.9290948,0.9716536,0.95984435,0.9735668,0.9722587,0.95677376,0.93098456,0.94937193,0.9737534,0.74147445,0.9543286,0.89433604,0.96853817,0.9568974,0.9750817,0.9419738,0.96535885,0.96847725,0.9480883,0.96247494,0.96381515,0.8853307,0.95579326,0.9477489,0.96509767,0.95329565,0.94834757,0.8118457,0.95588577,0.9415248,0.9729175,0.9425773,0.978162,0.95062166,0.9366923,0.9579156,0.9764011,0.9453216,0.97972107,0.9627276,0.93402094,0.9419291,0.9194624,0.96280646,0.9479133,0.9434207,0.9610917,0.9561571,0.971454,0.9492693,0.9479754,0.8813238,0.94536406,0.97273,0.93889004,0.95340717,0.97140265,0.9686183,0.97972107,0.9235061,0.9398184,0.9539165,0.95745945
bernadettefilm,0.9625953,0.95238805,0.9737163,0.9563534,0.9652513,0.89492655,0.9786064,0.95790666,0.9802309,0.9619368,0.94466805,0.949104,0.946045,0.962395,0.9553903,0.9578343,0.9590465,0.96694326,0.9279186,0.96553373,0.99999994,0.9541075,0.9615561,0.96269035,0.94879895,0.82441014,0.94609576,0.9441286,0.9574788,0.97343045,0.9474331,0.95981663,0.9016642,0.94657147,0.93055576,0.9043991,0.959264,0.9524333,0.97556144,0.94694376,0.92287016,0.9651552,0.9426189,0.96994805,0.9766999,0.955174,0.95499307,0.93545836,0.95010495,0.9717347,0.9658345,0.9624472,0.92532325,0.92407966,0.91010547,0.9598242,0.9541438,0.9711811,0.94581187,0.9793365,0.93331814,0.96232104,0.96409196,0.95582306,0.9579201,0.9641359,0.91294616,0.95645386,0.9426218,0.9210524,0.9775908,0.79093134,0.94475156,0.94261914,0.9475482,0.9183639,0.8048517,0.9311964,0.95095056,0.93731785,0.930318,0.9618731,0.9465981,0.92150426,0.94807047,0.9511793,0.9510483,0.9487305,0.9630085,0.96784884,0.96801823,0.9775908,0.9427271,0.9486727,0.96258074,0.9477018,0.9634846,0.94850445,0.958348,0.9437052,0.94117206,0.9539048,0.92902875,0.9604026,0.965716,0.9726684,0.9806981,0.94733167,0.9395066,0.9384957,0.9605829,0.7626648,0.9746423,0.8768317,0.97822857,0.9604206,0.97462994,0.9420472,0.96727955,0.96986383,0.9551677,0.9698358,0.94945097,0.877878,0.96765965,0.9504517,0.9599704,0.9493929,0.94790363,0.80909795,0.9822024,0.9383633,0.96054965,0.9291082,0.98177236,0.9577558,0.940776,0.9499979,0.97546357,0.962302,0.9802309,0.96469784,0.9483294,0.92492944,0.9079315,0.96216995,0.9497788,0.93293756,0.94534725,0.9639191,0.97519964,0.9588634,0.96344167,0.8975082,0.94451404,0.96955436,0.93828386,0.954462,0.96880454,0.96933925,0.9802309,0.9370443,0.9397434,0.95584494,0.95181364
