movie,21bridgesmovie,47metersdown,abeautifuldaymovie,abominablemovie,adastramovie,adogsjourneymovie,aftermathmovie,aftermovie,ahiddenlifefilm,alitamovie,angelhasfallen,angrybirdsmovie,annabellemovie,annamovie,apollo11movie,arcticdogsmovie,arcticmovie,artofracingmovie,avengers,beachbummovie,bernadettefilm,blackandbluemovie,blackchristmas,blindedbythelightmovie,bombshellmovie,booksmart,breakthroughmovie,brianbanksmovie,brightburnmovie,brittanyrunsmov,captainmarvelofficial,captivestatemovie,catsmovie,charliesangels,childsplaymovie,clarathefilm,coldpursuitmovie,countdown,currentwarmovie,darkwatersmovie,detectivepikachumovie,disneyaladdin,disneyfrozen,disneymaleficent,doctorsleepmovie,dolemiteismyname,dontletgomovie,doramovie,downtonabbey_official,dumbo,escaperoom,everybodyknowsmovie,fastandfuriousmovie,fightingwmyfam,fivefeetapartfilm,fordvferrari,freaksthefilm,geminimanmovie,glassmovie,gloriabellmovie,godzillamovie,goldfinchmovie,goodboysmovie,goodliarmovie,gretafilm,halathemovie,happydeathdaymovie,harrietfilm,hellboymovie,hersmellmovie,highlifemovie,highstrungmovie,honeyboymovie,hotelmumbaifilm,httydragon,hustlemovie,hustlersmovie,isntitromantic,itmovieofficial,jayandsilentbob,johnwickmovie,jojorabbitmovie,jokermovie,judythefilm,jumanjimovie,justmercyfilm,knivesout,lalloronamovie,lastblackmansf,lastchristmasthemovie,latenightmovie,lighthousemovie,lionking,littlethemovie,littlewomenmovie,littlewoodsfilm,longshotmovie,lordsofchaosmovie,lucyintheskyfilm,mamovie2019,marriagestory,meettheaddams,meninblack,midsommarmovie,midwaymovie,missbalamovie,missinglinkfilm,motherlessbklyn,onceinhollywood,onthebasisofsex,overcomermovie,peanutbutterfalcon,petsematarymovie,piercingmovie,playingwithfire,playmobilthemovie,pomsmovie,queenandslim,rambomovie,readyornotfilm,richardjewellfilm,rocketmanmovie,scarystoriesmovie,secretlifeofpets,serenityfilm,shaftmovie,shazammovie,spidermanmovie,spiesindisguise,starwars,stormboymovie,stubermovie,taosdfilm,teenspiritmov,terminator,theaeronautsmov,thebestofenemies,thedeaddontdie,thefarewell,thehighwaymen,thehummingbirdprojectfilm,theintrudermovie,theirishmanfilm,thekitchenmovie,thelegomovie,themustangfilm,thenightingalefilm,theprodigymovie,thesunisalsoastar,theupsidefilm,tolkienmovie,toystory,triplefrontier,uglydolls,uncutgems,underthesilverlake,usmovie,wavesmovie,whatmenwant,wonderparkmovie,wrinklestheclown,xmenmovies,yardiefilm,yesterdaymovie,zombieland
21bridgesmovie,1.0,0.96237874,0.94704956,0.9587487,0.9588365,0.94726443,0.9570437,0.97808677,0.9769698,0.9546232,0.9545173,0.9125633,0.9641947,0.9605588,0.95753825,0.95371515,0.94604594,0.9652985,0.98065084,0.93056995,0.9715043,0.94233704,0.9548368,0.9640025,0.93299264,0.79569036,0.9334156,0.9462857,0.94551224,0.94838494,0.93888104,0.9581286,0.94129175,0.9177633,0.8952889,0.8341252,0.97524333,0.9662786,0.9380374,0.9307144,0.92175084,0.95838946,0.9116033,0.95220095,0.94853705,0.943601,0.9490696,0.94575524,0.94561887,0.9625378,0.9544877,0.94901466,0.9394668,0.9325317,0.9506636,0.9605167,0.96762735,0.96312755,0.947128,0.9609527,0.9295826,0.933845,0.92739123,0.95064837,0.9386712,0.946578,0.95316046,0.9435666,0.93870306,0.88926804,0.9625598,0.6940622,0.90946245,0.94976485,0.9285124,0.963353,0.81709456,0.94896096,0.9570667,0.9604987,0.9375251,0.95190716,0.9572694,0.93782586,0.94677365,0.95392364,0.9556044,0.9628091,0.945833,0.9639749,0.94620603,0.9625598,0.9321076,0.94738793,0.9580551,0.95979667,0.953278,0.9347307,0.93867636,0.9298698,0.96113306,0.9469014,0.9425496,0.9647203,0.9652757,0.9473577,0.9613747,0.94995356,0.90734476,0.9436945,0.9658501,0.789322,0.964454,0.8107002,0.95281076,0.9686743,0.98889095,0.9363942,0.9491255,0.95599824,0.9634034,0.94809264,0.9512878,0.9196641,0.9516302,0.9540078,0.95153576,0.9275947,0.94605535,0.87760264,0.9681111,0.9336684,0.95466346,0.9266124,0.95810336,0.94268316,0.95740336,0.93516,0.9678005,0.95629,0.9769698,0.9576223,0.9372744,0.9443412,0.9313043,0.9479956,0.93132865,0.9176558,0.9304611,0.9598858,0.93103564,0.9494917,0.95443213,0.9193586,0.960821,0.94603556,0.94442534,0.95539373,0.96477926,0.95167506,0.9769698,0.9109261,0.962289,0.96365035,0.95444167
47metersdown,0.96237874,1.0000001,0.94083226,0.9638652,0.95691633,0.94601834,0.9430725,0.960584,0.97267175,0.95632887,0.95750654,0.9349479,0.9620385,0.9635111,0.9624653,0.9512407,0.95058864,0.9492852,0.94609094,0.92814654,0.9496116,0.93971926,0.95206743,0.9587372,0.9297084,0.82448834,0.9256308,0.948572,0.92390585,0.9496379,0.91709244,0.948022,0.9041089,0.928571,0.913592,0.81170243,0.96765435,0.9621895,0.95401406,0.92378575,0.90524095,0.9584398,0.9409122,0.9623982,0.9528299,0.94434774,0.9491531,0.94889677,0.918911,0.96469504,0.9317404,0.9514739,0.95382214,0.93892664,0.9531477,0.9408419,0.961884,0.9587385,0.93690693,0.95954484,0.9198097,0.9468686,0.9275197,0.93509066,0.9438382,0.9315687,0.9518875,0.9563617,0.9494695,0.8659629,0.96208954,0.7162477,0.91380215,0.9564789,0.91494626,0.9348028,0.8399493,0.9333901,0.9380343,0.9500178,0.9272018,0.9293519,0.94917446,0.9491294,0.94427925,0.93308294,0.9586809,0.9635737,0.93955284,0.9571928,0.95247626,0.96208954,0.9310351,0.9477865,0.94065374,0.95797324,0.9398294,0.92646223,0.9331337,0.9529405,0.9373776,0.9436014,0.9325114,0.96018875,0.96775717,0.92598003,0.95170015,0.9319931,0.9201639,0.95872086,0.96030194,0.78099096,0.9560575,0.7845791,0.954154,0.95986074,0.9671605,0.919163,0.9529069,0.95094466,0.9466932,0.9438805,0.9522638,0.9370543,0.9350248,0.9414667,0.9414802,0.88557184,0.9392117,0.8890137,0.95432335,0.9432756,0.9377875,0.92400783,0.9557906,0.94182634,0.9432194,0.9567056,0.96905303,0.93659896,0.97267175,0.9338308,0.92438877,0.93058276,0.9361417,0.94470966,0.9318948,0.9206138,0.91771126,0.9656301,0.9435667,0.9541515,0.9629021,0.8703312,0.9650215,0.9334118,0.9407409,0.9680206,0.95810896,0.94857436,0.97267175,0.8968729,0.9579687,0.94935125,0.93124044
abeautifuldaymovie,0.94704956,0.94083226,1.0,0.94511724,0.92220104,0.93255156,0.96086746,0.94387245,0.96388656,0.93220484,0.9381357,0.93923974,0.9561433,0.97350067,0.93450385,0.9368324,0.9397236,0.9341049,0.9380236,0.92693543,0.9380474,0.9760206,0.9537839,0.9268542,0.93781364,0.763134,0.89882076,0.95073897,0.97461295,0.93020105,0.94397765,0.9502965,0.93234634,0.95890015,0.8987202,0.76644474,0.95824206,0.9335904,0.95896316,0.9096305,0.9422529,0.94978625,0.90707856,0.9346671,0.9444007,0.9248103,0.9538419,0.9496743,0.9163145,0.94780713,0.98093104,0.93428427,0.94397545,0.9406306,0.9406442,0.9262501,0.9506304,0.9600509,0.9595594,0.9521909,0.9245766,0.94845533,0.93606216,0.96140724,0.9245344,0.93824047,0.9130614,0.9426206,0.9247312,0.8822852,0.9548043,0.7032555,0.87038386,0.9552483,0.9039128,0.9324543,0.78756106,0.9510601,0.9308956,0.93179363,0.9096004,0.9236911,0.9595869,0.9361956,0.96706796,0.9526506,0.92988324,0.9413955,0.93698853,0.96027774,0.9390713,0.9548043,0.90374595,0.9189673,0.97114605,0.93189144,0.93933785,0.94210756,0.9367607,0.9345004,0.9337709,0.9519331,0.9698182,0.95121753,0.9568618,0.98131573,0.9575436,0.9521674,0.93384933,0.91544235,0.9442713,0.7666108,0.9330444,0.7320056,0.9295271,0.9610333,0.9593323,0.925955,0.9373956,0.95840603,0.9611187,0.9216782,0.95957357,0.9215242,0.94971746,0.9532847,0.94764596,0.958869,0.93983686,0.8773479,0.9527763,0.92609566,0.9387098,0.9259595,0.93786985,0.93168813,0.93762183,0.9308061,0.95395225,0.92754024,0.96388656,0.9731609,0.9254494,0.91962135,0.9447746,0.93735135,0.91787374,0.9220216,0.9442701,0.95369405,0.963879,0.96274394,0.92154163,0.8637246,0.9403502,0.9418592,0.9439512,0.95976937,0.92034423,0.9393045,0.96388656,0.9176089,0.94764316,0.95340127,0.97516596
abominablemovie,0.9587487,0.9638652,0.94511724,0.9999998,0.95255804,0.9282709,0.9418688,0.9674044,0.9715599,0.9423732,0.9547821,0.92112494,0.95721793,0.9654909,0.95799786,0.9405872,0.94409615,0.9430453,0.95062786,0.93057686,0.9447502,0.93625146,0.96153605,0.9552825,0.93828464,0.82119936,0.93447816,0.95447624,0.93434423,0.9413919,0.9398715,0.93471354,0.92979044,0.91684353,0.920237,0.8220408,0.96676356,0.94942904,0.96132445,0.909125,0.9212112,0.9533886,0.92722297,0.94648266,0.9630521,0.929776,0.95836765,0.9588897,0.93400973,0.95097697,0.9401964,0.9429909,0.9491745,0.92849416,0.95891786,0.94833153,0.9520791,0.96882105,0.9540776,0.95374477,0.915217,0.96859324,0.9439247,0.93552965,0.912216,0.93436575,0.95313096,0.949816,0.9496555,0.867892,0.9537706,0.69119674,0.90496993,0.9741199,0.9230214,0.93668026,0.82864296,0.94711024,0.9597847,0.9333823,0.9249429,0.9441776,0.954633,0.95290196,0.94442624,0.9406553,0.9728992,0.94570607,0.93088996,0.9452754,0.96254283,0.9537706,0.91853863,0.94772923,0.94168466,0.9502396,0.9521459,0.9322768,0.9336783,0.9474026,0.93590504,0.9548967,0.933739,0.9514332,0.9589434,0.9348631,0.94888043,0.92986006,0.8948561,0.950215,0.95053977,0.82203525,0.9596467,0.7787604,0.955787,0.9626251,0.96339667,0.929911,0.95811605,0.94723505,0.94193614,0.9529149,0.95980793,0.91609794,0.9406259,0.9401829,0.9574357,0.9145981,0.9417235,0.9024959,0.94356984,0.93328875,0.9456876,0.9274432,0.9565255,0.93593436,0.952157,0.9300206,0.96105504,0.9445703,0.9715599,0.94813037,0.89841664,0.91889113,0.9263393,0.93210316,0.9213464,0.92090386,0.9145679,0.9446045,0.9439044,0.9572405,0.9485879,0.87347215,0.9359252,0.9338381,0.94621223,0.9549163,0.9623799,0.9462509,0.9715599,0.90607864,0.9623924,0.9558339,0.9371322
adastramovie,0.9588365,0.95691633,0.92220104,0.95255804,1.0,0.93819404,0.9501016,0.9570218,0.9770069,0.9740415,0.96374387,0.93017966,0.9590953,0.9496617,0.95135325,0.9413544,0.9361793,0.98187387,0.94902456,0.9297762,0.94771284,0.93214935,0.9587863,0.96588236,0.94658774,0.7890822,0.9507438,0.9498718,0.9151746,0.95936745,0.92646456,0.93483245,0.9104438,0.93169355,0.89926404,0.7971625,0.9696423,0.95475966,0.9440922,0.9092136,0.91852117,0.96288645,0.9296387,0.9604268,0.9455296,0.9570058,0.95185226,0.9531819,0.9420015,0.961646,0.93423676,0.95473695,0.9592639,0.912035,0.9359464,0.9593068,0.9597986,0.9702531,0.94322896,0.9674149,0.92734396,0.9448612,0.9232619,0.94545096,0.9484516,0.9383264,0.93439645,0.94105667,0.93038803,0.8836406,0.97077477,0.67711323,0.90457803,0.95355695,0.9327829,0.92988026,0.85341036,0.9396618,0.9559706,0.96113324,0.9319651,0.942487,0.9576509,0.9358162,0.93388796,0.9458958,0.95024407,0.95928746,0.9493969,0.96277666,0.9431059,0.97077477,0.92932904,0.9437126,0.9448568,0.95764315,0.9450393,0.94712275,0.9185455,0.9465442,0.9556749,0.9585379,0.9093405,0.95747626,0.9637662,0.92461085,0.9553875,0.94171906,0.8930118,0.95378464,0.947597,0.81277317,0.9620211,0.806106,0.9600982,0.9493486,0.9658226,0.9533916,0.9568402,0.9599407,0.95358247,0.9480873,0.9375643,0.9293997,0.93178964,0.9447158,0.92660016,0.8961659,0.97022563,0.87832034,0.94225913,0.9601832,0.9310298,0.9272768,0.9685453,0.95147485,0.9384196,0.9463463,0.97058547,0.9468491,0.9770069,0.9433654,0.937414,0.954399,0.93726504,0.9404131,0.9260003,0.9211657,0.93023574,0.9561819,0.93377537,0.9421406,0.95179164,0.8936453,0.9662104,0.95541734,0.9441041,0.9668309,0.96118313,0.9602452,0.9770069,0.9328807,0.9507964,0.9618603,0.93177074
adogsjourneymovie,0.94726443,0.94601834,0.93255156,0.9282709,0.93819404,1.0000001,0.9508224,0.9489708,0.96327984,0.926611,0.9650947,0.93151796,0.94208205,0.94374096,0.93425167,0.9362363,0.95253503,0.9316295,0.9325513,0.897105,0.9625145,0.93533564,0.96013075,0.9377163,0.9193825,0.76953644,0.89800173,0.9526553,0.9228649,0.9541818,0.93270487,0.95441926,0.91348493,0.925136,0.90354776,0.7940796,0.9523685,0.9558497,0.94706374,0.9242486,0.9324573,0.95141757,0.9411229,0.94404775,0.9215706,0.9359597,0.9542138,0.9271247,0.93311536,0.9516355,0.9379624,0.9514819,0.9466194,0.9466689,0.9435773,0.90499955,0.94041914,0.9537273,0.9286317,0.9397961,0.944923,0.9099238,0.92498964,0.935144,0.9636321,0.9382402,0.91482466,0.95963794,0.9403212,0.86922604,0.9473331,0.6387083,0.88482064,0.94045776,0.9165756,0.93958896,0.8115085,0.9281502,0.9278335,0.9511947,0.93500304,0.9509638,0.96001726,0.92495924,0.92546296,0.95036674,0.93975335,0.9366499,0.9354689,0.9488506,0.9402886,0.9473331,0.9181475,0.91955703,0.94067246,0.9358515,0.93930054,0.93150175,0.9458855,0.9450828,0.943409,0.94820726,0.9251939,0.9480663,0.96051306,0.9395346,0.9341165,0.94142896,0.8737969,0.9408441,0.9383703,0.77112883,0.9377457,0.76578236,0.9401105,0.95192933,0.95322835,0.93499637,0.95210505,0.94779533,0.9583052,0.94524366,0.9535587,0.9600479,0.93297315,0.94880515,0.92990685,0.90419024,0.94359976,0.8989047,0.94685704,0.91634035,0.94587916,0.91694546,0.948189,0.94264287,0.92988765,0.9510299,0.94299304,0.9308289,0.96327984,0.9367807,0.9356863,0.93118036,0.94152975,0.94931626,0.9062572,0.928826,0.9334766,0.9421945,0.9323391,0.9490655,0.94374025,0.8563461,0.9465951,0.9333294,0.9513003,0.95409447,0.92652565,0.95393366,0.96327984,0.87806684,0.9377547,0.95721066,0.94545466
aftermathmovie,0.9570437,0.9430725,0.96086746,0.9418688,0.9501016,0.9508224,0.99999994,0.9496998,0.974796,0.9417278,0.9587388,0.93666893,0.9712515,0.96672136,0.954724,0.9326438,0.944905,0.9503891,0.9480356,0.9414477,0.9615416,0.9547538,0.9649798,0.93487626,0.9543693,0.76928425,0.9243999,0.9537812,0.94860363,0.9384731,0.9479417,0.9451201,0.94304794,0.9370226,0.9019793,0.79413295,0.9644947,0.94652677,0.9597561,0.9167824,0.9565701,0.9653589,0.9105348,0.95500684,0.9418021,0.93678135,0.96389467,0.94372183,0.93192655,0.960071,0.96523,0.94263065,0.93829906,0.92613965,0.93159723,0.93499583,0.9506713,0.9709354,0.95644873,0.96184915,0.9486745,0.95463437,0.93297446,0.9749,0.95206684,0.9417223,0.91265076,0.94684637,0.9466464,0.8639438,0.9657444,0.6882412,0.89231616,0.9563447,0.90065277,0.9436383,0.7965513,0.92600507,0.9491211,0.96137345,0.9294863,0.95836395,0.97114635,0.9435629,0.95234936,0.9643682,0.9452371,0.96124846,0.9514976,0.96735036,0.95088863,0.9657444,0.9253255,0.9436994,0.96321565,0.9439285,0.95066357,0.94961125,0.9710619,0.9281109,0.93934554,0.95482785,0.9475215,0.9575286,0.9711164,0.9572283,0.9460664,0.95751035,0.91281015,0.9268485,0.944416,0.80977917,0.9465619,0.7318905,0.96098685,0.96040565,0.9710824,0.9380066,0.9558411,0.9903786,0.9683792,0.930879,0.9548895,0.92503643,0.94208544,0.9540475,0.93351555,0.93001044,0.9544794,0.8757303,0.96306354,0.9535247,0.9285581,0.9137561,0.9505788,0.93529934,0.93934774,0.9438056,0.9672685,0.9375237,0.974796,0.9605268,0.9258699,0.9554156,0.94214445,0.9512451,0.9235067,0.92866,0.95544773,0.952391,0.9807133,0.95507896,0.93280435,0.88692063,0.9551891,0.9493982,0.9308546,0.9590822,0.93620914,0.95610887,0.974796,0.9104709,0.9560357,0.96687144,0.9676092
aftermovie,0.97808677,0.960584,0.94387245,0.9674044,0.9570218,0.9489708,0.9496998,0.9999999,0.9819036,0.9567026,0.9559837,0.9178073,0.9558085,0.9609306,0.95628005,0.9618905,0.9613837,0.9650885,0.96865135,0.93193704,0.96631795,0.93595296,0.9701769,0.9687694,0.9303936,0.824061,0.93303746,0.964474,0.95193,0.95717543,0.954038,0.9591534,0.9381097,0.92083466,0.93494153,0.8419185,0.97552544,0.9596586,0.9489804,0.93389475,0.9320244,0.965361,0.94073707,0.9691754,0.95427895,0.95791984,0.9676559,0.955959,0.95984405,0.97425944,0.9491892,0.96235716,0.9520098,0.9371097,0.9630254,0.9420798,0.964001,0.9654692,0.95787984,0.9664431,0.92482394,0.94125766,0.9540621,0.95169234,0.9368515,0.94435805,0.96431,0.95670116,0.9576329,0.90903044,0.9711427,0.6966003,0.90185344,0.96603274,0.95021755,0.94989824,0.8601767,0.9566091,0.96447885,0.9469991,0.9356048,0.9518665,0.9640825,0.9510067,0.941018,0.9528128,0.9617848,0.9531514,0.9547186,0.96267664,0.955147,0.9711427,0.95170546,0.9496363,0.9488656,0.9654584,0.9607838,0.951461,0.94246143,0.94596446,0.96753776,0.95181906,0.932109,0.96753895,0.9626245,0.9461402,0.9651793,0.95633376,0.8937034,0.95943063,0.9655652,0.8355312,0.9551238,0.82602453,0.9518514,0.9685215,0.9789734,0.9508408,0.961971,0.95496976,0.9605526,0.97043633,0.96025467,0.9213292,0.95274556,0.9631453,0.96062905,0.9209303,0.944678,0.9147496,0.95566815,0.92545545,0.97452885,0.92693675,0.95665747,0.9475096,0.956586,0.95072085,0.9697214,0.9695074,0.9819036,0.9561618,0.9449047,0.94420195,0.931163,0.9520799,0.913866,0.9364463,0.9401825,0.9453463,0.9389243,0.9552268,0.9668235,0.9154842,0.95279384,0.95526075,0.96693873,0.9600056,0.96474534,0.9432872,0.9819036,0.91683596,0.9601847,0.9762709,0.94704753
ahiddenlifefilm,0.9769698,0.97267175,0.96388656,0.9715599,0.9770069,0.96327984,0.974796,0.9819036,0.9999999,0.9737638,0.9783229,0.94760555,0.98034084,0.9787916,0.9814966,0.9652492,0.9706924,0.9809427,0.97177744,0.961567,0.97718024,0.96387714,0.9848005,0.9819648,0.9627287,0.8203359,0.9553403,0.9816893,0.9532639,0.97125,0.9554917,0.9675181,0.9488579,0.9508717,0.943864,0.8469936,0.9905783,0.97071475,0.97887856,0.9482058,0.9493677,0.9833484,0.95314205,0.98185337,0.9765596,0.974359,0.9827284,0.97618407,0.97066605,0.98693,0.96882755,0.9821499,0.9713454,0.954554,0.9608208,0.9648843,0.97728103,0.98721766,0.96392334,0.9865982,0.95497036,0.9620355,0.96774143,0.9750827,0.9673792,0.96851724,0.9587343,0.97405875,0.9672298,0.9179104,0.98947394,0.6860215,0.9330429,0.9846441,0.95504206,0.9616328,0.8649385,0.96252537,0.97184294,0.97462326,0.9565562,0.96694183,0.98315126,0.97047216,0.9639569,0.96583426,0.97328985,0.9808116,0.97004586,0.9824286,0.9728106,0.98947394,0.9569301,0.9663602,0.9757086,0.9753487,0.97336555,0.9733022,0.95845926,0.97105664,0.97673756,0.9750917,0.94913137,0.9861568,0.98297507,0.96461874,0.9766962,0.9683336,0.92092276,0.9706093,0.981292,0.8283831,0.9775976,0.8213083,0.9764064,0.9833573,0.9873319,0.965858,0.983095,0.9794454,0.98173136,0.97461647,0.972982,0.94800264,0.9683241,0.9714033,0.9675175,0.9333216,0.97113794,0.9140697,0.97114307,0.9617178,0.9690516,0.949811,0.9810275,0.96980983,0.97092223,0.97307074,0.98879534,0.96996367,0.9999999,0.9747123,0.96127427,0.9695716,0.9522785,0.9786843,0.9537747,0.95796525,0.95920515,0.9716381,0.9675625,0.97599894,0.979645,0.9065448,0.9782455,0.968041,0.9683096,0.98436034,0.9781355,0.9735646,0.9999999,0.9463463,0.97503614,0.9861298,0.9647495
alitamovie,0.9546232,0.95632887,0.93220484,0.9423732,0.9740415,0.926611,0.9417278,0.9567026,0.9737638,0.99999976,0.9500529,0.9217924,0.9575626,0.9507211,0.95018566,0.9491394,0.9346402,0.97016275,0.9569886,0.9337348,0.9441695,0.94165075,0.9544189,0.96042526,0.9320941,0.7837035,0.9459248,0.94685537,0.917469,0.9408503,0.9222864,0.93325835,0.90288025,0.9364625,0.9001256,0.8152423,0.96648,0.93952197,0.9483727,0.9201158,0.92465675,0.9599962,0.9132418,0.9604659,0.95169747,0.962946,0.95219976,0.94953966,0.937586,0.9642623,0.93290824,0.9523771,0.96467674,0.9178028,0.9371781,0.94995254,0.96951133,0.9583591,0.9322557,0.9671786,0.91944546,0.9357578,0.9278523,0.9556224,0.9396878,0.9440621,0.9298202,0.9433599,0.9315185,0.8795464,0.96816945,0.6834095,0.89268523,0.9606165,0.92425376,0.9288591,0.86385363,0.92926854,0.9387147,0.94760853,0.9127054,0.91664743,0.9676039,0.9362066,0.94285595,0.9456935,0.9518739,0.95551574,0.95191735,0.9665284,0.9395364,0.96816945,0.93246573,0.92818975,0.94495934,0.94590276,0.9462426,0.9414378,0.91540694,0.9400069,0.9600088,0.9474997,0.9116921,0.9585432,0.9666849,0.9283919,0.94527555,0.9582683,0.9098275,0.95652616,0.963536,0.80576825,0.9598837,0.82000303,0.9515597,0.9510825,0.9590948,0.9448657,0.9385931,0.9455401,0.9532098,0.94402593,0.9502985,0.93400294,0.93010324,0.9281304,0.9258399,0.90220416,0.95088255,0.86531305,0.9333507,0.95380074,0.9396075,0.92184716,0.9579062,0.9331489,0.92829865,0.94188344,0.96510965,0.95635134,0.9737638,0.9341459,0.95062745,0.9423414,0.944631,0.9449093,0.9476175,0.90787417,0.9416687,0.94620657,0.9331292,0.94318813,0.96236825,0.8856816,0.9673572,0.96499705,0.93774647,0.9715322,0.9595422,0.9446032,0.9737638,0.9124233,0.94616926,0.9588419,0.926471
angelhasfallen,0.9545173,0.95750654,0.9381357,0.9547821,0.96374387,0.9650947,0.9587388,0.9559837,0.9783229,0.9500529,0.9999997,0.95546263,0.96008015,0.96280175,0.95678,0.9303595,0.97696084,0.9506967,0.95374864,0.92263895,0.9549283,0.9325158,0.9664077,0.9531886,0.95377463,0.8114436,0.93094265,0.9648387,0.91776663,0.9553524,0.9508101,0.9525991,0.9429398,0.93106973,0.9175424,0.8299495,0.9664397,0.9617704,0.96497416,0.9320328,0.9341749,0.95911145,0.93752956,0.9601849,0.9468958,0.9515024,0.9621071,0.95115536,0.9454819,0.9599889,0.9436033,0.9591363,0.9680016,0.9571666,0.9507341,0.936912,0.95789236,0.9693443,0.96048504,0.9620977,0.9400833,0.9367774,0.95405555,0.94959766,0.95498866,0.95193684,0.92356914,0.9555021,0.97541076,0.8966498,0.95854133,0.6522659,0.9100923,0.9608349,0.93542004,0.94794,0.8384071,0.9440059,0.9658169,0.9632026,0.96747065,0.96139324,0.96349293,0.94438255,0.94217306,0.94933796,0.96489316,0.9597842,0.9452382,0.95403713,0.9548801,0.95854133,0.94822687,0.94890845,0.95800626,0.9639602,0.9772452,0.9498164,0.95498025,0.95996624,0.9510273,0.96271944,0.9236945,0.96851236,0.9717677,0.94212776,0.9405764,0.9386311,0.87464046,0.95779073,0.95317435,0.8234557,0.9663903,0.80065036,0.96882373,0.97573346,0.96316826,0.9504395,0.9740144,0.960751,0.9629586,0.9661938,0.9567772,0.9488053,0.9452784,0.9593331,0.95672464,0.9090664,0.9575174,0.9192277,0.9461813,0.93741274,0.9573043,0.9562319,0.9706968,0.9397897,0.94633764,0.95478076,0.9601702,0.9437295,0.9783229,0.95180255,0.9330781,0.9509279,0.9313167,0.9433608,0.9162056,0.942251,0.93645823,0.9445712,0.94806343,0.9538489,0.9541146,0.86214167,0.9467894,0.9407893,0.9497092,0.9667042,0.9530551,0.97801185,0.9783229,0.9306717,0.96077156,0.9691973,0.9441498
angrybirdsmovie,0.9125633,0.9349479,0.93923974,0.92112494,0.93017966,0.93151796,0.93666893,0.9178073,0.94760555,0.9217924,0.95546263,1.0000002,0.92598444,0.9516791,0.93657607,0.8965877,0.9632178,0.92231274,0.9118888,0.8912249,0.9032682,0.9293584,0.9367118,0.9093949,0.9254201,0.7831789,0.89051366,0.9526694,0.91071653,0.9328297,0.91700035,0.9254722,0.920025,0.9504402,0.9008034,0.7618912,0.929017,0.93945223,0.945327,0.89946276,0.9285093,0.9407133,0.9315114,0.9412333,0.9074371,0.9286056,0.9381245,0.9468402,0.90069443,0.9334417,0.94133174,0.93457013,0.93898773,0.9440512,0.91436166,0.89545804,0.9246379,0.94275475,0.9485821,0.94426864,0.9136227,0.92190856,0.932848,0.9390302,0.93409336,0.92186654,0.8884833,0.938869,0.94412476,0.874923,0.9394176,0.64871645,0.8681081,0.94231904,0.89708203,0.905628,0.78273726,0.926044,0.91479707,0.93504757,0.9106628,0.92063814,0.9375088,0.92373985,0.9512936,0.9320764,0.9142942,0.9170315,0.93930143,0.9180322,0.9299075,0.9394176,0.9207511,0.91995186,0.9524661,0.93476415,0.93819106,0.9190699,0.9239955,0.9375374,0.90088254,0.9306537,0.9169671,0.94419014,0.9454028,0.9441289,0.91549766,0.91672766,0.86768246,0.9390103,0.9269744,0.80074686,0.921477,0.7198549,0.92696035,0.9473777,0.93167406,0.91971016,0.94300514,0.94076204,0.93701196,0.91201496,0.92360514,0.9333807,0.90857893,0.93537486,0.91226894,0.9063712,0.93443745,0.91518,0.9011578,0.9168021,0.9245466,0.9476693,0.9337443,0.9192962,0.9098286,0.9387598,0.94451183,0.88897806,0.94760555,0.92737246,0.88946676,0.9149706,0.9116633,0.91614544,0.8839293,0.9236141,0.91605496,0.9315887,0.9323902,0.9386919,0.91162235,0.81010514,0.9190865,0.91452026,0.9269084,0.9511506,0.9134089,0.9455904,0.94760555,0.92254716,0.9261954,0.9339365,0.9359082
annabellemovie,0.9641947,0.9620385,0.9561433,0.95721793,0.9590953,0.94208205,0.9712515,0.9558085,0.98034084,0.9575626,0.96008015,0.92598444,0.99999976,0.9581309,0.96557313,0.9488194,0.9368763,0.95933586,0.9483041,0.9421342,0.96825254,0.94946253,0.96163696,0.9626286,0.9492236,0.7957462,0.9299231,0.95149344,0.93600136,0.95438826,0.9254783,0.96269083,0.91293013,0.9449386,0.90230095,0.83104515,0.96408415,0.9522658,0.96178555,0.9263232,0.9211493,0.9684836,0.9206585,0.9590926,0.96359795,0.9490407,0.9589355,0.94954085,0.94192034,0.96584344,0.9486147,0.9563409,0.9515714,0.93007416,0.94223756,0.94142985,0.95708185,0.9736335,0.93810564,0.96819717,0.9435079,0.951962,0.92840475,0.953607,0.94646716,0.9396557,0.9267041,0.9477224,0.9443798,0.87526786,0.97117627,0.68674755,0.9117399,0.9600233,0.9138453,0.9423968,0.8482778,0.9268118,0.9589377,0.9609682,0.93660194,0.95246065,0.9702397,0.94841903,0.9661784,0.9407653,0.9685658,0.9831232,0.94157547,0.96781,0.95801556,0.97117627,0.91913044,0.95475733,0.9501844,0.9483384,0.94224614,0.94470537,0.944526,0.9439999,0.94689196,0.94574416,0.9298916,0.9616965,0.9746016,0.93898803,0.95445776,0.95001066,0.92227006,0.9510357,0.95037496,0.79340345,0.9664749,0.7907585,0.9646154,0.95554984,0.9697482,0.9455453,0.9570099,0.9710733,0.97886074,0.94250345,0.95847744,0.94406486,0.9495328,0.9584293,0.945784,0.89668334,0.95866627,0.87235606,0.96088034,0.95617765,0.9332702,0.9312904,0.9670874,0.95410234,0.9581164,0.94995415,0.97825646,0.9473475,0.98034084,0.9577174,0.9349347,0.95922476,0.95047677,0.9610639,0.95512694,0.9325233,0.9381646,0.9532759,0.96901226,0.9599199,0.9579299,0.8845982,0.96758395,0.94956917,0.9336558,0.96546453,0.9594153,0.96121866,0.98034084,0.9158141,0.9622157,0.9570756,0.94695836
annamovie,0.9605588,0.9635111,0.97350067,0.9654909,0.9496617,0.94374096,0.96672136,0.9609306,0.9787916,0.9507211,0.96280175,0.9516791,0.9581309,1.0000001,0.9644862,0.9336899,0.9587631,0.94936544,0.9502536,0.94576055,0.9522068,0.9565756,0.95776105,0.94531226,0.9323815,0.8201735,0.92705935,0.95605415,0.9447429,0.9354232,0.95252925,0.9454549,0.9390635,0.9389809,0.92182803,0.8207948,0.97486395,0.95103234,0.96794206,0.9407074,0.9507334,0.9678904,0.9373595,0.9641455,0.95011413,0.9529413,0.95810115,0.9700502,0.94058275,0.9692619,0.9646068,0.9643174,0.95534235,0.9368844,0.9621266,0.9454533,0.9647643,0.970751,0.9581851,0.9703918,0.93998665,0.945944,0.96106714,0.9732547,0.95023686,0.9463207,0.9343847,0.96997374,0.94795966,0.89117485,0.96441656,0.6948364,0.9002608,0.96763265,0.9169831,0.95011365,0.81257117,0.94873714,0.93975186,0.9563398,0.9350876,0.9394668,0.97364444,0.9478604,0.9537602,0.9645739,0.95450985,0.9573282,0.94042134,0.95770526,0.9515048,0.96441656,0.9390727,0.9289347,0.96883863,0.9688788,0.961792,0.94467986,0.9610733,0.9478717,0.95857203,0.9577387,0.9582162,0.9706023,0.9730913,0.9625862,0.9566766,0.95680356,0.90968776,0.9449111,0.9629777,0.81372154,0.9523653,0.77314264,0.95797706,0.97725403,0.97576433,0.9271507,0.9646635,0.9687749,0.9586218,0.9499232,0.9669889,0.92252594,0.9522825,0.9431851,0.9598249,0.93928736,0.9406479,0.9012835,0.9512231,0.9338748,0.9496878,0.93173283,0.9537243,0.92862475,0.95616674,0.9604087,0.9669374,0.95707166,0.9787916,0.95577747,0.9372905,0.9431436,0.9382491,0.9557976,0.92737025,0.93357056,0.94741416,0.9602852,0.9668682,0.97559756,0.94912624,0.88712907,0.9584758,0.9498842,0.9399127,0.96585447,0.94304025,0.95420486,0.9787916,0.9153392,0.96072686,0.9631311,0.96351856
apollo11movie,0.95753825,0.9624653,0.93450385,0.95799786,0.95135325,0.93425167,0.954724,0.95628005,0.9814966,0.95018566,0.95678,0.93657607,0.96557313,0.9644862,1.0,0.9418065,0.9553762,0.9546334,0.9459849,0.96440613,0.95707315,0.93509096,0.9530864,0.9688211,0.95158535,0.84197223,0.9491223,0.95983803,0.9235031,0.95428914,0.92003715,0.94227177,0.9278197,0.9244022,0.92215717,0.8492686,0.97407347,0.9649838,0.9600896,0.9419641,0.9225269,0.9621682,0.9474211,0.966834,0.965617,0.9501499,0.95372045,0.959339,0.95961094,0.96698964,0.937055,0.9715892,0.94356245,0.93379146,0.93557984,0.9505645,0.9592753,0.96531713,0.9374782,0.9726831,0.9367076,0.94981414,0.95721567,0.958566,0.9482805,0.93742406,0.9407478,0.96528155,0.95721245,0.88303167,0.9723274,0.6815038,0.9355128,0.9663409,0.9214368,0.9435084,0.85886276,0.928393,0.95298696,0.966644,0.94379246,0.95818835,0.9615991,0.96666294,0.9402563,0.930569,0.9572015,0.9719861,0.9486995,0.9520291,0.9695031,0.9723274,0.94329536,0.95651007,0.95237905,0.9754148,0.9518931,0.9383271,0.94668645,0.94493794,0.9455109,0.9547475,0.927732,0.9760079,0.9599303,0.93139625,0.9500894,0.9383505,0.8961406,0.96323,0.97801554,0.829908,0.96563596,0.8014448,0.9672968,0.9633283,0.9763947,0.91923624,0.9749927,0.9585983,0.96264035,0.96622795,0.94515926,0.92438406,0.94805855,0.9407955,0.94166183,0.8934566,0.93765926,0.91133946,0.94406074,0.94685215,0.9361032,0.9337221,0.96566755,0.9564824,0.9689404,0.9598192,0.9808001,0.93891907,0.9814966,0.9499186,0.9245387,0.95773566,0.91999173,0.9714428,0.95169204,0.92946404,0.93066525,0.955818,0.94866,0.9588675,0.9710937,0.88359773,0.96095955,0.9417346,0.92760724,0.9607844,0.9722445,0.9572357,0.9814966,0.92374545,0.9585456,0.9550447,0.9362494
arcticdogsmovie,0.95371515,0.9512407,0.9368324,0.9405872,0.9413544,0.9362363,0.9326438,0.9618905,0.9652492,0.9491394,0.9303595,0.8965877,0.9488194,0.9336899,0.9418065,0.9999997,0.93302363,0.95307785,0.9470331,0.93121153,0.94990605,0.95070666,0.95587844,0.95948833,0.92520523,0.78375936,0.9164686,0.9403504,0.95047486,0.94561917,0.9243621,0.9560831,0.9134215,0.9109873,0.90728754,0.7948985,0.96693885,0.94000816,0.94460547,0.9198551,0.8992752,0.9349208,0.9186562,0.94510394,0.94380516,0.9333161,0.94827807,0.9357488,0.9382576,0.9484818,0.9456639,0.9497795,0.9421261,0.9141605,0.9159763,0.9245814,0.94409347,0.95284414,0.92937076,0.93992186,0.90473974,0.9390478,0.9226593,0.9290466,0.9371938,0.9205426,0.93648714,0.937724,0.9261664,0.8981163,0.9515186,0.7122261,0.87120914,0.938305,0.92134094,0.93787056,0.8500257,0.9368536,0.9368216,0.9138244,0.91226417,0.92348915,0.94388956,0.93536025,0.92731947,0.9420035,0.9276161,0.95017505,0.93797475,0.95466304,0.9407979,0.9515186,0.9001608,0.9322752,0.9421837,0.93750316,0.926888,0.94654286,0.91485715,0.9326504,0.9507623,0.9394321,0.92795867,0.9429866,0.9510667,0.93746144,0.9495892,0.9523584,0.94840527,0.94108313,0.949302,0.7540185,0.9323729,0.7918604,0.9174358,0.94762,0.9595267,0.93125725,0.9436276,0.94088554,0.93917054,0.93784755,0.94341946,0.9295939,0.93873507,0.95406675,0.93753576,0.90813637,0.9223572,0.86160237,0.94091165,0.92644453,0.93681353,0.9112394,0.9478919,0.9450283,0.93937874,0.9302764,0.94647497,0.9274242,0.9652492,0.9549714,0.9344389,0.93234193,0.9331541,0.94992524,0.93086374,0.9179393,0.9312619,0.95402616,0.9276905,0.9231158,0.9539324,0.8947908,0.9408958,0.9230396,0.94987506,0.9476624,0.9498812,0.91854537,0.9652492,0.90134525,0.95623827,0.95843625,0.92972815
arcticmovie,0.94604594,0.95058864,0.9397236,0.94409615,0.9361793,0.95253503,0.944905,0.9613837,0.9706924,0.9346402,0.97696084,0.9632178,0.9368763,0.9587631,0.9553762,0.93302363,1.0000001,0.9386801,0.9498732,0.9209932,0.9332053,0.92964035,0.96163255,0.9449741,0.9360157,0.8194733,0.90850973,0.9768634,0.92804646,0.94995385,0.9482411,0.9484721,0.94768083,0.9196401,0.9401409,0.82662296,0.95960295,0.9628813,0.95863795,0.93132395,0.93659216,0.9526219,0.9444024,0.9626019,0.94168055,0.9425922,0.9622637,0.9521973,0.937142,0.95831954,0.9457695,0.9582347,0.95328325,0.9651323,0.9467734,0.91615057,0.947724,0.95609754,0.96116,0.9586468,0.9253818,0.9323251,0.97411346,0.94441795,0.9443604,0.94113785,0.9364412,0.9523123,0.97951174,0.9109869,0.95450896,0.64652777,0.89181876,0.96265805,0.93351334,0.9426652,0.8119443,0.9468879,0.9562822,0.9491577,0.9431216,0.9493259,0.9483235,0.9494499,0.93705034,0.9450168,0.94449466,0.9412893,0.95026463,0.9416541,0.95510745,0.95450896,0.9581842,0.9498566,0.95603657,0.96154904,0.9756954,0.94349915,0.9484654,0.94899327,0.9373647,0.9503703,0.923428,0.9661275,0.9531707,0.9473916,0.9361409,0.93318015,0.87889457,0.95878154,0.9559135,0.8297976,0.9477231,0.7783502,0.9469994,0.9734077,0.9591638,0.93809426,0.9712176,0.94831073,0.943018,0.96154624,0.95203894,0.93327856,0.94372296,0.95658976,0.9535892,0.9191729,0.9332248,0.94014364,0.92984325,0.91670024,0.97390085,0.95085365,0.9533684,0.9354556,0.93727183,0.9559344,0.95437354,0.93142575,0.9706924,0.9456902,0.9192414,0.93419033,0.9079076,0.9408016,0.89630944,0.94938666,0.9299172,0.93649447,0.942339,0.9478108,0.9557915,0.84618366,0.9296447,0.9252293,0.95625323,0.9607329,0.9499258,0.9544854,0.9706924,0.9274528,0.95182127,0.96794504,0.94061065
artofracingmovie,0.9652985,0.9492852,0.9341049,0.9430453,0.98187387,0.9316295,0.9503891,0.9650885,0.9809427,0.97016275,0.9506967,0.92231274,0.95933586,0.94936544,0.9546334,0.95307785,0.9386801,1.0000001,0.95846677,0.950983,0.960466,0.9453601,0.9620038,0.9685212,0.9529938,0.7893972,0.9569414,0.9620763,0.9265849,0.9507957,0.92149544,0.9439416,0.91995835,0.9469907,0.93053657,0.82548904,0.97405803,0.9456877,0.9485481,0.9233612,0.9212658,0.9634826,0.9170594,0.96608526,0.9557495,0.96587634,0.9600273,0.9605224,0.9565424,0.9671184,0.945778,0.96237236,0.956271,0.9251266,0.92809385,0.9572364,0.96520144,0.97017217,0.9366992,0.97424185,0.9260706,0.94333935,0.93839806,0.9615329,0.9502849,0.95653504,0.94273037,0.9424944,0.9360283,0.91613716,0.9799745,0.66672194,0.9160673,0.9564186,0.9529781,0.94097394,0.8608118,0.96246356,0.9534608,0.95722944,0.93286,0.9368635,0.95502913,0.94728273,0.9493125,0.9545497,0.9435729,0.9643999,0.96917474,0.9683013,0.94456506,0.9799745,0.94319123,0.96050894,0.95825976,0.95704013,0.94795614,0.9662028,0.91708606,0.94806755,0.9674741,0.9541727,0.92506886,0.9697006,0.96236473,0.9387077,0.9650934,0.95832545,0.916401,0.95080686,0.9578425,0.82166225,0.9652713,0.8317639,0.9559336,0.96340936,0.9731995,0.9615468,0.9559574,0.956297,0.96001136,0.9497565,0.9344379,0.9259133,0.94017434,0.94831264,0.9306897,0.9061813,0.9646238,0.86918694,0.9553404,0.9656674,0.9509756,0.9307098,0.9653254,0.94967455,0.94730127,0.94764906,0.9780908,0.9644043,0.9809427,0.9555895,0.9590885,0.9668741,0.93568003,0.95375615,0.94172984,0.949219,0.9527089,0.96286917,0.93648016,0.9479489,0.95616406,0.91273683,0.9717008,0.95795745,0.9413124,0.96902704,0.973219,0.9572727,0.9809427,0.94988644,0.9424039,0.96759266,0.9359161
avengers,0.98065084,0.94609094,0.9380236,0.95062786,0.94902456,0.9325513,0.9480356,0.96865135,0.97177744,0.9569886,0.95374864,0.9118888,0.9483041,0.9502536,0.9459849,0.9470331,0.9498732,0.95846677,1.0000002,0.92883027,0.95503974,0.9336654,0.95689577,0.9467954,0.9287878,0.77549016,0.9234878,0.94565743,0.93667907,0.9249003,0.9565366,0.94609714,0.9630352,0.9122084,0.9103168,0.853123,0.96946675,0.94278497,0.94559026,0.9281566,0.92400473,0.95837593,0.9029585,0.953496,0.95559615,0.93809557,0.95588034,0.9409925,0.94264567,0.963102,0.9553704,0.947006,0.9366423,0.93299925,0.93687826,0.95251495,0.9551056,0.9545775,0.9515419,0.9604495,0.91961384,0.9289816,0.9400075,0.9519364,0.9284771,0.95366806,0.94221616,0.93630004,0.9476628,0.90495247,0.9558281,0.65213764,0.8984171,0.9541657,0.9319963,0.96110415,0.8157814,0.9472044,0.9506822,0.9417233,0.9397142,0.9398688,0.9548803,0.9295446,0.94251466,0.9520919,0.9454241,0.94996136,0.9528704,0.9602686,0.92595047,0.9558281,0.93841547,0.9470231,0.9619189,0.9466663,0.9646958,0.94591004,0.93617976,0.93469715,0.95518345,0.9391574,0.9284178,0.9599571,0.9586191,0.9510304,0.95704675,0.94529283,0.90990126,0.9358984,0.9642465,0.7995103,0.95846575,0.8209359,0.9417504,0.970352,0.9659841,0.9393554,0.9530183,0.95257574,0.9472649,0.943768,0.95885295,0.9095381,0.95545304,0.95015824,0.95970136,0.94059914,0.9393154,0.88256407,0.9531517,0.92026436,0.95733804,0.9268989,0.95152634,0.9227076,0.93469626,0.9309347,0.95499563,0.9503566,0.97177744,0.9556619,0.9324457,0.93797064,0.9204383,0.9419088,0.9297378,0.91631585,0.9265767,0.94339824,0.9308296,0.9309107,0.9471131,0.9061037,0.9490697,0.9334204,0.9499475,0.9548006,0.9568347,0.9460774,0.97177744,0.92646635,0.9637978,0.96652323,0.9468024
beachbummovie,0.93056995,0.92814654,0.92693543,0.93057686,0.9297762,0.897105,0.9414477,0.93193704,0.961567,0.9337348,0.92263895,0.8912249,0.9421342,0.94576055,0.96440613,0.93121153,0.9209932,0.950983,0.92883027,0.9999998,0.9453884,0.9445588,0.9338048,0.93644017,0.94030696,0.8090582,0.94995475,0.93816155,0.92318124,0.90876555,0.91084623,0.90859944,0.92516834,0.91121215,0.9137385,0.7989908,0.96698767,0.9314706,0.9438024,0.93388844,0.93068933,0.93941355,0.90152156,0.9492045,0.94091773,0.9367035,0.93584716,0.9497856,0.94167596,0.9439013,0.94218683,0.95356274,0.9235524,0.8841044,0.9062378,0.9258982,0.95060503,0.9511654,0.9163926,0.96343976,0.9385051,0.9420415,0.9418139,0.96133286,0.939431,0.93844736,0.90754133,0.9358303,0.91869617,0.89348555,0.9620881,0.70355266,0.88374406,0.9457403,0.89741784,0.9460787,0.8522614,0.9263236,0.9221876,0.9308102,0.9148903,0.9288857,0.9430278,0.92989033,0.9183243,0.9376858,0.92225814,0.94150823,0.94331825,0.95334476,0.9454575,0.9620881,0.9145475,0.926613,0.9486592,0.9386471,0.938606,0.95666856,0.923424,0.91318536,0.94467854,0.9500502,0.9228376,0.9611005,0.9348373,0.93327343,0.9271036,0.9479123,0.9016759,0.9216366,0.9561891,0.82008004,0.9360248,0.7700738,0.9402611,0.9549936,0.958532,0.9067529,0.9575173,0.93833756,0.94010705,0.9377587,0.92734116,0.9056109,0.94459826,0.91225916,0.9164703,0.9064726,0.9188746,0.8809598,0.9398223,0.9393974,0.92039967,0.8932448,0.9426613,0.91843295,0.9547744,0.92861295,0.95872784,0.936374,0.961567,0.9480209,0.9276878,0.95141804,0.9241714,0.9534825,0.93258566,0.9232547,0.943177,0.9308468,0.9382246,0.9348987,0.9385097,0.9136918,0.9465014,0.9442165,0.9075599,0.94142824,0.9442025,0.9370543,0.961567,0.928633,0.9383441,0.93182075,0.93456763
bernadettefilm,0.9715043,0.9496116,0.9380474,0.9447502,0.94771284,0.9625145,0.9615416,0.96631795,0.97718024,0.9441695,0.9549283,0.9032682,0.96825254,0.9522068,0.95707315,0.94990605,0.9332053,0.960466,0.95503974,0.9453884,0.9999999,0.9487757,0.9541423,0.96453065,0.93846667,0.7823885,0.9456954,0.94932866,0.92893696,0.9432438,0.9357469,0.94706213,0.92198193,0.9291189,0.91188943,0.8461153,0.9737293,0.94947755,0.9506867,0.9300015,0.9251543,0.959765,0.91370064,0.9553581,0.94794273,0.9632116,0.94928753,0.94694567,0.9548804,0.9616026,0.94748974,0.95964307,0.9431505,0.9285348,0.94487435,0.94293326,0.9572369,0.9662737,0.9235678,0.95675665,0.9439367,0.9284484,0.9307636,0.9500919,0.957186,0.96108097,0.9318427,0.9539774,0.93625206,0.88238704,0.96193784,0.65304464,0.91144377,0.95362955,0.92534155,0.9631224,0.8488514,0.94186854,0.9385706,0.9564279,0.9346206,0.95364505,0.96261895,0.93971246,0.9367874,0.9567061,0.9547154,0.9674183,0.9394826,0.9659447,0.95297843,0.96193784,0.9263823,0.93900675,0.9564066,0.95364404,0.94404155,0.9444228,0.94064516,0.9358264,0.9732378,0.947415,0.92754894,0.96053314,0.9636645,0.94204706,0.9497628,0.94914865,0.90317476,0.935883,0.96015084,0.8152133,0.9545455,0.813258,0.96316105,0.967978,0.97540987,0.9374327,0.95219827,0.96039647,0.974191,0.9515449,0.95749253,0.93105257,0.94450957,0.9499949,0.93571544,0.9030185,0.94773406,0.8667787,0.97436315,0.94520766,0.943887,0.90729314,0.95822173,0.94505745,0.9573422,0.9395164,0.9635434,0.96524024,0.97718024,0.9538275,0.95530725,0.95100874,0.9378095,0.9656556,0.9425499,0.9365446,0.9371613,0.9496442,0.9465674,0.9572627,0.95912343,0.918402,0.96403545,0.95157707,0.9323591,0.95101786,0.9536946,0.95706177,0.97718024,0.909277,0.9531615,0.9559534,0.9532114
