movie,21bridgesmovie,47metersdown,abeautifuldaymovie,abominablemovie,adastramovie,adogsjourneymovie,aftermathmovie,aftermovie,ahiddenlifefilm,alitamovie,angelhasfallen,angrybirdsmovie,annabellemovie,annamovie,apollo11movie,arcticdogsmovie,arcticmovie,artofracingmovie,avengers,beachbummovie,bernadettefilm,blackandbluemovie,blackchristmas,blindedbythelightmovie,bombshellmovie,booksmart,breakthroughmovie,brianbanksmovie,brightburnmovie,brittanyrunsmov,captainmarvelofficial,captivestatemovie,catsmovie,charliesangels,childsplaymovie,clarathefilm,coldpursuitmovie,countdown,currentwarmovie,darkwatersmovie,detectivepikachumovie,disneyaladdin,disneyfrozen,disneymaleficent,doctorsleepmovie,dolemiteismyname,dontletgomovie,doramovie,downtonabbey_official,dumbo,escaperoom,everybodyknowsmovie,fastandfuriousmovie,fightingwmyfam,fivefeetapartfilm,fordvferrari,freaksthefilm,geminimanmovie,glassmovie,gloriabellmovie,godzillamovie,goldfinchmovie,goodboysmovie,goodliarmovie,gretafilm,halathemovie,happydeathdaymovie,harrietfilm,hellboymovie,hersmellmovie,highlifemovie,highstrungmovie,honeyboymovie,hotelmumbaifilm,httydragon,hustlemovie,hustlersmovie,isntitromantic,itmovieofficial,jayandsilentbob,johnwickmovie,jojorabbitmovie,jokermovie,judythefilm,jumanjimovie,justmercyfilm,knivesout,lalloronamovie,lastblackmansf,lastchristmasthemovie,latenightmovie,lighthousemovie,lionking,littlethemovie,littlewomenmovie,littlewoodsfilm,longshotmovie,lordsofchaosmovie,lucyintheskyfilm,mamovie2019,marriagestory,meettheaddams,meninblack,midsommarmovie,midwaymovie,missbalamovie,missinglinkfilm,motherlessbklyn,onceinhollywood,onthebasisofsex,overcomermovie,peanutbutterfalcon,petsematarymovie,piercingmovie,playingwithfire,playmobilthemovie,pomsmovie,queenandslim,rambomovie,readyornotfilm,richardjewellfilm,rocketmanmovie,scarystoriesmovie,secretlifeofpets,serenityfilm,shaftmovie,shazammovie,spidermanmovie,spiesindisguise,starwars,stormboymovie,stubermovie,taosdfilm,teenspiritmov,terminator,theaeronautsmov,thebestofenemies,thedeaddontdie,thefarewell,thehighwaymen,thehummingbirdprojectfilm,theintrudermovie,theirishmanfilm,thekitchenmovie,thelegomovie,themustangfilm,thenightingalefilm,theprodigymovie,thesunisalsoastar,theupsidefilm,tolkienmovie,toystory,triplefrontier,uglydolls,uncutgems,underthesilverlake,usmovie,wavesmovie,whatmenwant,wonderparkmovie,wrinklestheclown,xmenmovies,yardiefilm,yesterdaymovie,zombieland
21bridgesmovie,0.99999994,0.9602811,0.9681622,0.9492118,0.9480699,0.9228299,0.9542198,0.96871614,0.9782506,0.9352968,0.9676473,0.96820635,0.9586605,0.9608049,0.9677735,0.9602824,0.9384543,0.95247376,0.9646768,0.9346296,0.9502784,0.9425777,0.96265006,0.94646925,0.93976456,0.83512056,0.9406648,0.95067966,0.94069284,0.9576585,0.9502524,0.93203825,0.9658957,0.9307403,0.870832,0.8366022,0.9571148,0.977811,0.96851444,0.93893564,0.9561799,0.971313,0.91097325,0.9653359,0.95387536,0.9405592,0.960921,0.95998657,0.96392524,0.9664707,0.9604943,0.9640938,0.93468624,0.92477745,0.94266653,0.9522529,0.93407464,0.956483,0.96500134,0.96747726,0.94648194,0.9730953,0.9504798,0.96932364,0.9593193,0.9587941,0.94916964,0.9416104,0.9574721,0.93441,0.97010773,0.7229885,0.9285834,0.96242326,0.9081046,0.9263249,0.8375074,0.95369405,0.97344005,0.94185114,0.97052646,0.93946195,0.96409756,0.9114816,0.95504624,0.9609358,0.9563995,0.9555863,0.952254,0.9626029,0.9615279,0.97010773,0.9697546,0.963985,0.95028603,0.9743244,0.965429,0.96257734,0.93179035,0.93567175,0.9332743,0.9196987,0.93431085,0.95962405,0.9513671,0.95335704,0.9558658,0.9540866,0.9428091,0.9385445,0.96483266,0.627994,0.9422013,0.88267535,0.9321359,0.9872664,0.9937377,0.9211571,0.9685387,0.9482563,0.950641,0.9585747,0.9453766,0.9218035,0.9592027,0.97612035,0.9594675,0.95190626,0.95279646,0.8944917,0.9676739,0.89958453,0.95001584,0.89276373,0.93450767,0.9587946,0.96446866,0.9489189,0.9705822,0.9499774,0.9782506,0.9523505,0.94577885,0.9531288,0.9309003,0.9442404,0.9300295,0.89177895,0.9517971,0.95903385,0.95658475,0.9698907,0.9523728,0.9242128,0.89968616,0.9585165,0.9471477,0.9512067,0.955389,0.9221933,0.9782506,0.9634742,0.96464926,0.9780808,0.95065176
47metersdown,0.9602811,1.0000001,0.9464762,0.9469417,0.93715173,0.90284824,0.95140666,0.95640576,0.9651613,0.9133183,0.9414206,0.93989056,0.94588256,0.9483868,0.9580343,0.9607317,0.91950184,0.9453445,0.9310071,0.94327027,0.94676757,0.92664385,0.9338375,0.91384107,0.92735654,0.8293318,0.91828865,0.9247166,0.92240953,0.9356137,0.92574424,0.90307885,0.95143956,0.9024975,0.82537735,0.76777285,0.94742876,0.96460056,0.93146706,0.89681077,0.92516744,0.94682884,0.89401233,0.9575044,0.9615667,0.93035257,0.93447745,0.95489734,0.9153506,0.94427574,0.94243395,0.9290831,0.9185535,0.9308878,0.9305599,0.9417202,0.8928819,0.9375945,0.9526125,0.9449588,0.9254269,0.9484815,0.93833274,0.9499757,0.923147,0.9391902,0.9249078,0.91462624,0.9693021,0.91272616,0.9530966,0.6450607,0.8902617,0.95514214,0.86824983,0.89609826,0.78685385,0.9445717,0.95625,0.9460672,0.94893044,0.9378585,0.94367236,0.9027824,0.9430382,0.93562615,0.91270596,0.9410273,0.94139045,0.95686185,0.94954455,0.9530966,0.9325767,0.94402856,0.9347672,0.9664069,0.9346406,0.9554284,0.9214964,0.9032818,0.91686994,0.9138167,0.92866457,0.9421418,0.956775,0.9337145,0.9425447,0.93918735,0.9180138,0.91042596,0.94417655,0.58650446,0.94173133,0.8151413,0.9295261,0.95206153,0.96130854,0.88721573,0.94008857,0.92857593,0.9403776,0.9312082,0.93010163,0.91198504,0.92480475,0.955217,0.9372505,0.903572,0.9439092,0.8501134,0.9533268,0.89776635,0.91487217,0.8551541,0.9071938,0.9463738,0.920132,0.8997925,0.94869566,0.9404962,0.9651613,0.93635607,0.94506186,0.9573793,0.9218248,0.9146059,0.9096559,0.8563407,0.9375949,0.94614136,0.94895995,0.9347397,0.9317512,0.9291032,0.8922624,0.9440272,0.92475265,0.9355459,0.93647003,0.92368084,0.9651613,0.9505019,0.94703656,0.95817196,0.9367625
abeautifuldaymovie,0.9681622,0.9464762,0.99999976,0.95540744,0.9569279,0.9410894,0.9578881,0.96112096,0.9783771,0.9593867,0.9582708,0.9629213,0.9551727,0.97520596,0.97725177,0.961792,0.95866954,0.9648595,0.9614294,0.96147805,0.94643784,0.9655558,0.96408445,0.9504264,0.9511697,0.8137674,0.9471846,0.95126855,0.9747754,0.94570506,0.951034,0.934852,0.9687967,0.93759626,0.8876056,0.8399496,0.9606048,0.9568543,0.95695037,0.9459335,0.9389675,0.97067463,0.9175961,0.9625305,0.9510371,0.9478935,0.96491843,0.9631112,0.9433975,0.9669868,0.9772747,0.9569567,0.9387796,0.9362768,0.93712735,0.95100874,0.936912,0.95885897,0.9642261,0.9628425,0.9288168,0.97096306,0.9557387,0.9666782,0.93796456,0.97013706,0.9395118,0.9357656,0.9445617,0.9366003,0.9748313,0.68691975,0.9180769,0.94883144,0.9108478,0.9349614,0.8532111,0.9564341,0.96365696,0.94750774,0.9645282,0.9633472,0.9646952,0.91452503,0.9750412,0.9534573,0.9442223,0.9581234,0.9471892,0.95075023,0.95217,0.9748313,0.96183914,0.94655025,0.96635944,0.9554465,0.9560097,0.96545297,0.9359061,0.93293726,0.94074553,0.9267521,0.9398147,0.9679336,0.948635,0.97285163,0.9689686,0.9557375,0.9725155,0.9452414,0.9599195,0.59864277,0.9513353,0.8889397,0.9509229,0.9676758,0.9674955,0.93512166,0.966955,0.9537952,0.9554296,0.95724875,0.9619899,0.95072514,0.9627959,0.9676764,0.9486355,0.95510614,0.9568647,0.9095579,0.9556522,0.9259417,0.95943403,0.8866846,0.9481594,0.94241035,0.9483158,0.9383125,0.9766426,0.95090216,0.9783771,0.97563726,0.9470093,0.9511391,0.93941426,0.9390298,0.9206799,0.91484684,0.95738256,0.95123833,0.94168323,0.9779457,0.9403852,0.9221164,0.8962145,0.9538208,0.9526012,0.9506972,0.95941544,0.936755,0.9783771,0.94811934,0.9610416,0.964926,0.9632841
abominablemovie,0.9492118,0.9469417,0.95540744,1.0000001,0.9607652,0.93368626,0.97057974,0.9672821,0.9800043,0.94497097,0.9667097,0.9431648,0.97243744,0.9665443,0.9601816,0.956121,0.94721407,0.9533538,0.953858,0.93109983,0.95751745,0.9538376,0.95846236,0.9213852,0.960283,0.7972442,0.95209795,0.9399154,0.94880503,0.95492405,0.927543,0.95275104,0.96610266,0.91156894,0.8523673,0.815542,0.96603566,0.9572441,0.95346546,0.94585913,0.9408778,0.95275474,0.9224164,0.9700751,0.9675732,0.95795333,0.9627458,0.9497449,0.92231196,0.9697163,0.9676659,0.9602096,0.9426968,0.9642616,0.9335415,0.941583,0.9332973,0.95117587,0.9783096,0.95956916,0.94333845,0.9752105,0.96260947,0.96857375,0.93569696,0.94898033,0.944015,0.94862044,0.9512857,0.9357761,0.9672332,0.67711616,0.9095156,0.96494704,0.9206988,0.9347659,0.7859908,0.9581675,0.9606487,0.95385087,0.9625012,0.95676583,0.9633423,0.9303989,0.9686181,0.93917763,0.9623013,0.96216863,0.95459104,0.95303464,0.9540677,0.9672332,0.96066684,0.94540197,0.96335584,0.9667507,0.9572407,0.9644536,0.9323242,0.928696,0.95227295,0.9423573,0.9370368,0.96483296,0.9597061,0.96862346,0.9596795,0.96889836,0.9225032,0.9587834,0.9622077,0.62958145,0.95871985,0.84150267,0.9566557,0.9503393,0.94953597,0.9344906,0.9575532,0.95415944,0.9672173,0.9532301,0.95160526,0.9550553,0.9516033,0.96891737,0.9469978,0.9485091,0.91861343,0.87162274,0.95116323,0.9201574,0.9521166,0.8793116,0.93452215,0.96191454,0.91697496,0.9410374,0.9609925,0.9615737,0.9800043,0.9653981,0.96557605,0.974707,0.93077993,0.9510978,0.93067086,0.89029366,0.9759422,0.94964516,0.9535155,0.96314406,0.96387553,0.9368603,0.93436116,0.95373935,0.9488316,0.9507997,0.9504894,0.93619156,0.9800043,0.9538277,0.9643858,0.9600934,0.9495075
adastramovie,0.9480699,0.93715173,0.9569279,0.9607652,1.0000001,0.91060215,0.95746243,0.94543153,0.974481,0.96706116,0.9603854,0.92685246,0.94395417,0.96443874,0.9596263,0.9469134,0.9402133,0.9643428,0.95125645,0.93022704,0.9390291,0.9515969,0.944301,0.92807347,0.94435054,0.79474986,0.95653284,0.9456184,0.9464208,0.9456456,0.9442652,0.9309016,0.9595467,0.8991617,0.85708237,0.80093646,0.954475,0.93870944,0.9435882,0.93336284,0.9490733,0.9471487,0.9220965,0.95439005,0.9567474,0.9507135,0.9506948,0.9232156,0.9355635,0.95550936,0.95844525,0.95916,0.9291697,0.9508169,0.93252933,0.96976745,0.9227038,0.9658556,0.96801734,0.9530682,0.9257813,0.9717304,0.9538153,0.9625015,0.94676965,0.9454286,0.93806744,0.9345675,0.94818467,0.93217397,0.9660721,0.679447,0.9159269,0.9567586,0.9029021,0.93397915,0.8067418,0.9575134,0.9521619,0.92958856,0.9487293,0.9485392,0.96298367,0.9239008,0.96178836,0.9395709,0.9436038,0.9456333,0.9607799,0.936565,0.9555037,0.9660721,0.94617516,0.9176025,0.94818187,0.9584198,0.95720166,0.97013086,0.9252037,0.9063758,0.93290013,0.9460716,0.91463923,0.9618917,0.9497553,0.9593901,0.97510606,0.9586232,0.91716003,0.9280547,0.96364266,0.5829951,0.97350484,0.8474574,0.9589394,0.96140254,0.9552175,0.90910774,0.9625398,0.94621956,0.9531948,0.95690674,0.9539485,0.94489396,0.9456939,0.95407516,0.9322582,0.9399863,0.94634616,0.8885465,0.9426224,0.960683,0.9419174,0.8883558,0.94831085,0.94692916,0.91148704,0.92782927,0.9627668,0.9512216,0.974481,0.9443046,0.9542673,0.9694189,0.93500125,0.94432396,0.9128642,0.88869834,0.9633936,0.9622951,0.942923,0.95790607,0.9495851,0.92729944,0.9345255,0.9500876,0.9449805,0.955041,0.94558424,0.9351126,0.974481,0.96403,0.96813464,0.9587885,0.94443935
adogsjourneymovie,0.9228299,0.90284824,0.9410894,0.93368626,0.91060215,0.99999994,0.9509644,0.9426153,0.9523081,0.90387374,0.9305667,0.93676966,0.9450878,0.94443524,0.9275317,0.926046,0.9195175,0.92131066,0.9275853,0.916323,0.94469213,0.9369626,0.95965403,0.9386803,0.9335413,0.82923704,0.9208548,0.9226159,0.91938794,0.91093224,0.9158049,0.9274594,0.93562436,0.92190534,0.85905474,0.83250844,0.93065166,0.93244845,0.9356594,0.92423934,0.9192815,0.94456863,0.90922517,0.94761866,0.92066014,0.9474906,0.95639616,0.91412795,0.9126959,0.95524186,0.9370919,0.9304382,0.9432038,0.92219114,0.9033956,0.9046531,0.8945838,0.946855,0.9234239,0.9470257,0.91702384,0.94266385,0.9182872,0.9253699,0.90578955,0.9501667,0.9418367,0.927053,0.89781725,0.9276141,0.9544043,0.67384386,0.9078286,0.92270184,0.92564476,0.92446065,0.8556841,0.9364074,0.9427051,0.9498455,0.93485576,0.94422555,0.9440182,0.8959412,0.94535357,0.93239605,0.92076796,0.9383293,0.9203401,0.92129034,0.9327712,0.9544043,0.9608985,0.94134265,0.9381697,0.91903514,0.9275437,0.9183608,0.9347645,0.9418484,0.9350746,0.9363752,0.9375218,0.94067144,0.9418711,0.94425106,0.92802674,0.9228646,0.91931707,0.91233706,0.9369403,0.6784843,0.92556083,0.8392942,0.9315107,0.92942876,0.9320077,0.9395181,0.9428666,0.94715714,0.94939417,0.9161679,0.93185866,0.96900815,0.93174404,0.94822115,0.95455706,0.9394325,0.91660637,0.8735136,0.91748303,0.8927075,0.9241794,0.8600212,0.9332364,0.9053406,0.93828,0.94168776,0.95647377,0.9221675,0.9523081,0.9493962,0.93243396,0.92903286,0.91941035,0.92016286,0.9215905,0.8904359,0.92444634,0.90412265,0.93597716,0.95318943,0.917726,0.9072124,0.88574046,0.9403688,0.93797654,0.92710817,0.9413083,0.9004523,0.9523081,0.9144008,0.93818176,0.9466118,0.9214131
aftermathmovie,0.9542198,0.95140666,0.9578881,0.97057974,0.95746243,0.9509644,0.9999998,0.97369,0.9853123,0.9430667,0.96337247,0.94966626,0.9739366,0.9730451,0.9637323,0.95940673,0.9536114,0.95319045,0.96394444,0.93452406,0.96189636,0.94928014,0.9680627,0.95097786,0.961395,0.8545017,0.9431705,0.9571856,0.9492277,0.9535385,0.9509243,0.96337646,0.96711344,0.9485186,0.8901949,0.8335984,0.9621425,0.9648588,0.966671,0.95296127,0.9633374,0.9649337,0.937387,0.98044235,0.97496843,0.96037835,0.9720482,0.94974464,0.9459575,0.97916013,0.96627015,0.9719638,0.9698341,0.97321784,0.9436575,0.94608665,0.9385989,0.9721269,0.9592542,0.97903085,0.9593783,0.9800436,0.9607248,0.9709625,0.93664956,0.96142066,0.96115625,0.9716256,0.9608076,0.9457923,0.9817146,0.7217617,0.9324993,0.9711899,0.94566214,0.94505113,0.8232432,0.9648616,0.966645,0.9594877,0.95807654,0.97682524,0.97672576,0.9443751,0.9653046,0.9632867,0.9504725,0.9654264,0.96366644,0.9654275,0.9578953,0.9817146,0.9717292,0.9624052,0.95866305,0.9662765,0.96817094,0.9649979,0.9661033,0.959106,0.9476577,0.9551417,0.9421199,0.9781962,0.9600558,0.96495646,0.97118634,0.96182144,0.9325811,0.9452619,0.9686083,0.68831587,0.971504,0.8637989,0.94857943,0.9533257,0.95438516,0.9380177,0.9685723,0.9884182,0.9718898,0.9693336,0.95942575,0.96227044,0.9653878,0.9715576,0.9645993,0.9553852,0.9436157,0.87977713,0.95596814,0.9337116,0.9577327,0.9171767,0.9521732,0.95171183,0.93902034,0.9601034,0.9779752,0.9575656,0.9853123,0.9612243,0.9605827,0.97583276,0.95508957,0.97079873,0.9565525,0.9102529,0.97208357,0.95190555,0.98842835,0.9652924,0.96858567,0.9481085,0.93675625,0.97066003,0.9713046,0.94835764,0.9625537,0.9383915,0.9853123,0.9631871,0.97831553,0.9804866,0.9510368
aftermovie,0.96871614,0.95640576,0.96112096,0.9672821,0.94543153,0.9426153,0.97369,1.0,0.9798939,0.94311106,0.9656987,0.9576047,0.9701148,0.9543265,0.9505151,0.95785373,0.95335317,0.961759,0.95601255,0.916975,0.9514109,0.931142,0.96628743,0.94790816,0.9544849,0.80259144,0.9508181,0.9544067,0.9366422,0.95166093,0.94943887,0.9500316,0.9803857,0.94515705,0.88080776,0.8337274,0.97087324,0.9777493,0.96334374,0.9446839,0.95016253,0.97056884,0.9170527,0.97838897,0.9651246,0.94471,0.9707496,0.95696396,0.93577045,0.9745836,0.9588204,0.957551,0.9517724,0.9475521,0.96724653,0.955184,0.91944456,0.95546955,0.96099687,0.9698801,0.95079696,0.972183,0.96357936,0.9657037,0.94423646,0.9563982,0.9586322,0.9439219,0.9463087,0.9204313,0.9727745,0.7138716,0.9029277,0.9649149,0.9252752,0.9228098,0.83342355,0.9601344,0.9593917,0.96475965,0.96159583,0.9636283,0.9689431,0.9207365,0.9675292,0.95521677,0.94508225,0.9655352,0.9441906,0.95769,0.96416837,0.9727745,0.9700297,0.9604573,0.95755345,0.96352,0.9569247,0.9466584,0.94998026,0.9476598,0.9555423,0.93155885,0.93363667,0.96298695,0.95444477,0.9559684,0.95547503,0.9606143,0.93310165,0.9485786,0.9616521,0.64113384,0.9593645,0.86671954,0.9436859,0.9565232,0.96976835,0.94716793,0.9534908,0.96640515,0.96861815,0.9581884,0.96195,0.9528536,0.9589501,0.9785113,0.9602762,0.94927037,0.94464284,0.8886027,0.9528515,0.9145825,0.95532084,0.91139483,0.93554467,0.95344496,0.9533228,0.9577928,0.97264266,0.95503265,0.9798939,0.9577859,0.95605546,0.96614003,0.93710923,0.94357944,0.94903225,0.90487736,0.9610615,0.9513345,0.9725835,0.97043633,0.96338296,0.94170654,0.90615404,0.96591806,0.95912814,0.934324,0.9631021,0.92967385,0.9798939,0.9728816,0.96899134,0.97549015,0.9481151
ahiddenlifefilm,0.9782506,0.9651613,0.9783771,0.9800043,0.974481,0.9523081,0.9853123,0.9798939,1.0000004,0.96226466,0.9773648,0.9677511,0.98086226,0.98481166,0.98630595,0.97568023,0.9660023,0.9763569,0.9767383,0.95623356,0.97732913,0.9718112,0.9807566,0.9645013,0.97192276,0.8356694,0.96797717,0.9674795,0.96731067,0.9692859,0.961822,0.9676247,0.9829499,0.9446118,0.8878259,0.8490796,0.98182446,0.9774399,0.9817172,0.96284574,0.97129536,0.9778707,0.93488955,0.98350924,0.97769666,0.9750433,0.98398834,0.9667429,0.96063954,0.9849067,0.98614824,0.984746,0.96525383,0.96784997,0.9516025,0.96787953,0.95151854,0.9835041,0.9809992,0.9837124,0.9654266,0.99000174,0.9685598,0.9856192,0.96606916,0.97371495,0.9640183,0.96798795,0.9671703,0.95259887,0.9885727,0.7201123,0.9431009,0.9811692,0.9393533,0.95292634,0.8419607,0.9791006,0.98076147,0.9623947,0.9771847,0.9737942,0.9854538,0.94652563,0.9785089,0.9680438,0.96762156,0.9776426,0.96857154,0.9754124,0.97410893,0.9885727,0.9830591,0.9674697,0.9754558,0.9800241,0.9815406,0.97935176,0.95666575,0.95476556,0.9639754,0.964097,0.9590463,0.9832501,0.9754198,0.98426795,0.9826217,0.97080666,0.95338607,0.9635437,0.9855632,0.65181506,0.9790527,0.8833486,0.96997195,0.98086244,0.9800457,0.94605243,0.98420346,0.97824585,0.97990954,0.9767515,0.97055405,0.965982,0.97576576,0.98538274,0.97392327,0.97536397,0.96529,0.8992338,0.9752502,0.94686365,0.9719735,0.9154163,0.9676638,0.96929115,0.955297,0.9658405,0.9822596,0.97606164,1.0000004,0.9792562,0.9755552,0.9790604,0.96186745,0.9721772,0.960646,0.9171152,0.9777321,0.96415704,0.97456276,0.976891,0.973706,0.9520858,0.9351605,0.97660744,0.9737082,0.9673643,0.9743328,0.95954496,1.0000004,0.9709365,0.98715174,0.9872106,0.974933
alitamovie,0.9352968,0.9133183,0.9593867,0.94497097,0.96706116,0.90387374,0.9430667,0.94311106,0.96226466,1.0000002,0.95479035,0.9330219,0.929964,0.95948714,0.9548669,0.9248821,0.95083517,0.96304125,0.93631595,0.91506577,0.926555,0.93373257,0.9491938,0.9285868,0.93348384,0.77376693,0.9403144,0.94730914,0.94720477,0.9423283,0.9384054,0.9450238,0.9679051,0.91411,0.8703556,0.8432057,0.9530416,0.9200259,0.9520949,0.9353583,0.94156057,0.94564754,0.8932733,0.9419709,0.94300896,0.92553884,0.96244836,0.9301575,0.9369313,0.947817,0.9553821,0.95024174,0.9088175,0.93769044,0.929803,0.9754688,0.9132051,0.9586821,0.9499983,0.9403392,0.9157967,0.95441866,0.9398149,0.94836324,0.9382756,0.94731665,0.9245384,0.91092,0.91672385,0.9009697,0.95294654,0.69878876,0.9281649,0.95107996,0.89627725,0.9351239,0.8166853,0.9502768,0.92737925,0.91188407,0.94272125,0.9444989,0.95308703,0.9002919,0.9516917,0.949865,0.9267745,0.93754524,0.9287788,0.91518897,0.9476316,0.95294654,0.9411179,0.9174426,0.9397595,0.94895273,0.9487226,0.96020985,0.9374706,0.916774,0.9276048,0.92066693,0.891795,0.9508524,0.9225068,0.9582764,0.95690894,0.9313948,0.92958534,0.93206245,0.94758415,0.59762824,0.96502835,0.8496172,0.94757414,0.94061595,0.9419823,0.9222488,0.9469958,0.94461966,0.93252164,0.94904566,0.9436127,0.94166505,0.94497514,0.9478661,0.9186482,0.9476615,0.94931597,0.8874756,0.93823117,0.94870615,0.9537648,0.8861394,0.95878917,0.9445435,0.9167637,0.92301106,0.9571972,0.9346447,0.96226466,0.9440645,0.93439925,0.9464592,0.91690844,0.92823184,0.90611976,0.89566344,0.9481385,0.9330553,0.93070465,0.9472252,0.94107,0.8953634,0.91212875,0.9276589,0.94917756,0.94272405,0.9355487,0.93282247,0.96226466,0.9576071,0.9539645,0.9509613,0.9354739
angelhasfallen,0.9676473,0.9414206,0.9582708,0.9667097,0.9603854,0.9305667,0.96337247,0.9656987,0.9773648,0.95479035,1.0,0.9606214,0.96979976,0.9692135,0.96908295,0.94876254,0.953127,0.9634733,0.9701214,0.9205857,0.94757366,0.9395636,0.97547394,0.9434395,0.94665796,0.8001078,0.95583135,0.951687,0.946178,0.94443977,0.9537104,0.9545083,0.96879405,0.9444365,0.8822632,0.8478576,0.963574,0.9599304,0.96976984,0.950417,0.96192676,0.96258795,0.87759465,0.9541136,0.95537716,0.9442102,0.975893,0.9501424,0.9561749,0.9586219,0.96368736,0.9633659,0.9486845,0.9387214,0.9475212,0.96416414,0.9342396,0.9585646,0.9710475,0.9571488,0.952475,0.9731704,0.9544132,0.97088003,0.95879453,0.9721243,0.9339127,0.9387731,0.9527045,0.92330587,0.9631297,0.7078453,0.9382575,0.95908445,0.93783396,0.94108814,0.8293071,0.9518473,0.95587385,0.9213084,0.96668816,0.94972295,0.9661801,0.9325657,0.9510416,0.9575111,0.9666598,0.9671927,0.95238024,0.94077444,0.9487126,0.9631297,0.9664864,0.95189315,0.9544893,0.9680245,0.9734418,0.9522561,0.94198716,0.95101255,0.94017285,0.9307113,0.9170402,0.95390487,0.9440233,0.96351033,0.95335025,0.9501849,0.93739116,0.9560938,0.9605063,0.63126105,0.9495112,0.86808276,0.937482,0.9720554,0.9659616,0.94854265,0.96661526,0.9584748,0.9618904,0.95226115,0.94878244,0.9364407,0.9668209,0.9670897,0.96935576,0.9631512,0.9400376,0.8665997,0.95229584,0.9149904,0.96104866,0.89728016,0.93519723,0.95002264,0.9536586,0.9540509,0.960541,0.9470997,0.9773648,0.95957667,0.94277596,0.95855856,0.92491066,0.9501835,0.92459744,0.91200286,0.96562123,0.94132775,0.9556253,0.9569608,0.95507896,0.92793,0.91297823,0.9558893,0.95265007,0.93985057,0.9558286,0.9182288,0.9773648,0.95992774,0.97011095,0.9722425,0.9460614
angrybirdsmovie,0.96820635,0.93989056,0.9629213,0.9431648,0.92685246,0.93676966,0.94966626,0.9576047,0.9677511,0.9330219,0.9606214,1.0000001,0.96230364,0.9613059,0.9588506,0.9356858,0.9420028,0.95091414,0.9391838,0.942289,0.94133073,0.9427349,0.9655107,0.9301075,0.9636907,0.8128219,0.93734294,0.95014715,0.93560404,0.9637462,0.9298508,0.9356884,0.9614037,0.94781256,0.9027826,0.8564083,0.96569705,0.9536565,0.9670807,0.93543977,0.9474689,0.95739144,0.8871292,0.95372033,0.94495285,0.9378599,0.9594867,0.9673975,0.9458245,0.9533597,0.9649131,0.9507303,0.9359375,0.93095416,0.9296749,0.9387184,0.9257099,0.9522759,0.9453957,0.9443023,0.94062585,0.96725446,0.94727546,0.96044517,0.931414,0.9639405,0.9487876,0.9231096,0.9340531,0.9164983,0.9512314,0.70698524,0.9391926,0.94937307,0.9182167,0.9319266,0.8637899,0.9467973,0.95143324,0.93763465,0.9622727,0.95154095,0.9609394,0.9393089,0.9507566,0.9376388,0.93234074,0.962627,0.9228198,0.94923425,0.94520766,0.9512314,0.9639729,0.9788175,0.96944886,0.95613873,0.9533732,0.94161355,0.9484213,0.9611761,0.94035953,0.93293726,0.94764173,0.9457526,0.9395832,0.96373844,0.93223256,0.930489,0.96393853,0.94145674,0.94793653,0.62951404,0.92832714,0.90206593,0.9183422,0.9607449,0.9689164,0.94822687,0.9505407,0.94752675,0.9362994,0.95629144,0.93816197,0.92619145,0.96179867,0.9683848,0.96135974,0.9485042,0.93358237,0.87419546,0.94711226,0.8952078,0.9518078,0.9085595,0.9366309,0.9496133,0.9756212,0.9341751,0.95678115,0.9554849,0.9677511,0.9608506,0.9416859,0.9404558,0.9158245,0.9397158,0.9297415,0.92491823,0.9495011,0.93244654,0.9462632,0.9524762,0.93603796,0.89254254,0.87171113,0.93365467,0.9404007,0.92686516,0.96224535,0.90735734,0.9677511,0.9422492,0.9499567,0.95697516,0.964484
annabellemovie,0.9586605,0.94588256,0.9551727,0.97243744,0.94395417,0.9450878,0.9739366,0.9701148,0.98086226,0.929964,0.96979976,0.96230364,1.0000001,0.96799046,0.96459574,0.97096866,0.9639063,0.95303506,0.96803224,0.9355522,0.96683353,0.94754076,0.97543037,0.9330746,0.9601543,0.79040945,0.953202,0.9661358,0.9480752,0.96226704,0.9398859,0.96526957,0.9653856,0.9434827,0.90160865,0.84447044,0.96864736,0.97570026,0.9748885,0.95729357,0.95923334,0.95360386,0.91068536,0.96612597,0.95572424,0.9735851,0.97196054,0.95530903,0.93107814,0.9654265,0.9686326,0.9696188,0.97185594,0.95599955,0.93537897,0.9372329,0.9442464,0.95192724,0.966107,0.96504694,0.9668545,0.9795557,0.9449135,0.976192,0.94219273,0.9638173,0.96125436,0.9573939,0.9474717,0.92691195,0.9671905,0.7197063,0.9228317,0.9677345,0.9415895,0.93985397,0.8471187,0.9730447,0.96940804,0.9450571,0.9536944,0.97473544,0.9823688,0.94860315,0.95873845,0.94861466,0.9568892,0.9885386,0.953766,0.950508,0.9456162,0.9671905,0.96547014,0.96846247,0.9637485,0.96101046,0.96868473,0.94232994,0.9422145,0.96448237,0.9630514,0.94866097,0.9464083,0.9602177,0.9537131,0.9720093,0.95260525,0.96390295,0.93950737,0.9637367,0.9732469,0.6837618,0.94975436,0.8822839,0.9451085,0.96788615,0.9616972,0.96681273,0.9612008,0.96563876,0.9731379,0.95872134,0.9475861,0.93777514,0.96224344,0.9746712,0.97216296,0.96471715,0.9293747,0.8752499,0.9521079,0.9059447,0.9681428,0.9195426,0.93415636,0.9526281,0.95115983,0.96033394,0.9621645,0.9689987,0.98086226,0.97120947,0.96821845,0.96575904,0.9589594,0.96114916,0.95656526,0.9314265,0.979278,0.939531,0.96386576,0.96095407,0.96778697,0.94743615,0.91767013,0.95847327,0.96053755,0.92804813,0.9674349,0.9398241,0.98086226,0.9456513,0.96386015,0.9715793,0.96387255
annamovie,0.9608049,0.9483868,0.97520596,0.9665443,0.96443874,0.94443524,0.9730451,0.9543265,0.98481166,0.95948714,0.9692135,0.9613059,0.96799046,1.0,0.9765366,0.9603479,0.95535874,0.96164334,0.9619167,0.9486502,0.9639076,0.9694598,0.9718813,0.94650084,0.95836323,0.83907753,0.95575726,0.9608417,0.9726705,0.95996225,0.95287544,0.9598263,0.96498394,0.9437842,0.8882612,0.8444316,0.95891,0.9571985,0.9704427,0.94738865,0.95991,0.9683728,0.9102347,0.96901643,0.96012884,0.9689948,0.9764917,0.94942844,0.9606277,0.97409964,0.98091716,0.97345436,0.95380276,0.9507037,0.9198021,0.95014656,0.9413585,0.97003955,0.9753364,0.9687827,0.95162463,0.97725856,0.9509399,0.9812422,0.9502562,0.97707033,0.94672596,0.96247464,0.95478207,0.94894177,0.97484255,0.6876305,0.9456504,0.9687036,0.9326946,0.94601786,0.8431493,0.96793115,0.9742578,0.94054383,0.95990115,0.97039783,0.9779923,0.9399289,0.96243584,0.9691965,0.96024865,0.9612962,0.97175324,0.956381,0.95326066,0.97484255,0.97020864,0.9567146,0.95993334,0.96944356,0.96902865,0.9717278,0.95107776,0.95261055,0.9371664,0.94827485,0.9441878,0.9639632,0.96603054,0.9809419,0.9790093,0.956741,0.94446063,0.9555836,0.9741145,0.6369808,0.9591976,0.86620605,0.9545072,0.9695704,0.96293133,0.9391316,0.97053313,0.97187495,0.9609892,0.9556312,0.9514733,0.94925916,0.9634626,0.9679015,0.9641598,0.97076094,0.954352,0.8713529,0.96481967,0.93519455,0.9668004,0.8929934,0.9557662,0.95847285,0.9429369,0.9489483,0.9717219,0.96418107,0.98481166,0.97895813,0.96643144,0.96706134,0.9532512,0.962113,0.9391586,0.9189569,0.9697767,0.9483797,0.95653725,0.96264774,0.94851446,0.923054,0.93195176,0.96680886,0.9650165,0.95887,0.96531093,0.9403208,0.98481166,0.95661443,0.9716629,0.9766534,0.9716462
apollo11movie,0.9677735,0.9580343,0.97725177,0.9601816,0.9596263,0.9275317,0.9637323,0.9505151,0.98630595,0.9548669,0.96908295,0.9588506,0.96459574,0.9765366,0.99999994,0.9700817,0.9591734,0.9687764,0.9719929,0.96476734,0.9613886,0.9688736,0.9683017,0.952309,0.951449,0.8294351,0.9495625,0.95453846,0.97061837,0.9499727,0.950132,0.95122933,0.96877295,0.93229693,0.88026285,0.8391512,0.9710888,0.9607715,0.96929306,0.9486434,0.94989717,0.9686444,0.90542775,0.95900244,0.9592278,0.9585083,0.96947753,0.9646255,0.9578583,0.9636508,0.981131,0.97132015,0.9460302,0.94349897,0.92973244,0.96059763,0.9422651,0.9699267,0.96552247,0.96599764,0.9446447,0.97400314,0.9484417,0.97380847,0.9563831,0.96975094,0.9334474,0.9433551,0.9563153,0.9353476,0.97405934,0.7013638,0.93801886,0.9661986,0.9195405,0.9421181,0.8364436,0.9641561,0.9650856,0.9376013,0.9696207,0.95772815,0.9639966,0.9320616,0.965954,0.9553934,0.95490026,0.97006375,0.9523604,0.9585945,0.9550881,0.97405934,0.9677762,0.948492,0.9675423,0.9761739,0.9692354,0.96921194,0.9397645,0.9353706,0.94751513,0.94196194,0.9501782,0.97125185,0.9541224,0.9767427,0.9699884,0.95066446,0.960111,0.95396787,0.97036004,0.6423728,0.9596341,0.87905324,0.95306754,0.9741609,0.9676799,0.92828727,0.97864133,0.9563929,0.9620224,0.9639361,0.95586634,0.9429177,0.96345514,0.9668969,0.96307456,0.96625984,0.96358126,0.891837,0.96590614,0.935472,0.9591966,0.8903904,0.9550761,0.9528592,0.94525063,0.9405105,0.9696392,0.9614813,0.98630595,0.9712442,0.9554946,0.9573334,0.94328296,0.9590544,0.93669504,0.9088171,0.96128386,0.9466118,0.9506467,0.960336,0.95742816,0.93308264,0.9123895,0.95435876,0.9579195,0.9610354,0.9544999,0.9508623,0.98630595,0.94475627,0.97489214,0.97241837,0.96655786
arcticdogsmovie,0.9602824,0.9607317,0.961792,0.956121,0.9469134,0.926046,0.95940673,0.95785373,0.97568023,0.9248821,0.94876254,0.9356858,0.97096866,0.9603479,0.9700817,0.9999999,0.95624185,0.9447068,0.9560885,0.9419253,0.9672331,0.9461934,0.9578076,0.9316453,0.9451802,0.81971073,0.9325252,0.9530706,0.9517714,0.9461084,0.93391263,0.93210596,0.95667624,0.8987357,0.86598575,0.80782497,0.9611536,0.9701809,0.9575454,0.9323399,0.94746685,0.94676596,0.9110603,0.95900136,0.9466161,0.9648956,0.9591048,0.9398171,0.9234965,0.95283157,0.95192033,0.9530552,0.95193744,0.93526775,0.9234826,0.9415611,0.91925937,0.9490642,0.9544209,0.97008383,0.94945705,0.9632496,0.93889475,0.97621757,0.9307918,0.940454,0.9398626,0.9465159,0.94869137,0.9260782,0.97189504,0.7201418,0.89041305,0.95811296,0.9074783,0.91123056,0.8435687,0.95275027,0.96721977,0.9455958,0.95684034,0.9617645,0.9721432,0.90886134,0.948534,0.94866425,0.94312274,0.9592842,0.9645519,0.9504243,0.9451951,0.97189504,0.9525597,0.93916935,0.9435812,0.95772725,0.9580662,0.9478089,0.92760307,0.92331696,0.94719857,0.92846125,0.93256545,0.96318674,0.9560428,0.94931084,0.9623448,0.97518796,0.9458652,0.9348771,0.9607583,0.63590205,0.9515544,0.8412785,0.95478237,0.9642122,0.96425676,0.9143813,0.95878625,0.9493549,0.97352445,0.947141,0.94732976,0.9279662,0.9435019,0.9596218,0.94420403,0.9459361,0.9470641,0.88701004,0.9564562,0.9204436,0.94564843,0.89471287,0.9315827,0.94179493,0.9219075,0.93066996,0.9645034,0.95117307,0.97568023,0.956242,0.9655557,0.9603759,0.96266073,0.93341607,0.93408924,0.90325415,0.9688295,0.95372045,0.9486068,0.9596425,0.96582013,0.9503794,0.91479045,0.95923924,0.95566195,0.94162184,0.95173466,0.9507278,0.97568023,0.95227855,0.9583818,0.970584,0.9502547
arcticmovie,0.9384543,0.91950184,0.95866954,0.94721407,0.9402133,0.9195175,0.9536114,0.95335317,0.9660023,0.95083517,0.953127,0.9420028,0.9639063,0.95535874,0.9591734,0.95624185,0.9999999,0.95976317,0.96190715,0.92952895,0.9453708,0.94579697,0.96937627,0.93756926,0.9387231,0.75417554,0.93835706,0.98411596,0.95473367,0.9469049,0.9540541,0.95887923,0.9608963,0.9303851,0.92321926,0.8620064,0.9607452,0.93557304,0.966217,0.9472793,0.9419892,0.9426735,0.8913287,0.9416753,0.93117815,0.9510218,0.9692843,0.9246975,0.9271819,0.9417292,0.9580285,0.95442533,0.9554132,0.93673056,0.945267,0.94811153,0.92508316,0.9503263,0.9554947,0.95353013,0.9324057,0.9614314,0.93486536,0.957145,0.92483723,0.9539587,0.92586666,0.93227285,0.915894,0.9062404,0.95274496,0.7450395,0.89399153,0.94331956,0.93102497,0.9220208,0.88653296,0.9487289,0.9479522,0.92463887,0.940337,0.96908236,0.9667107,0.92013484,0.9528986,0.93883485,0.92649734,0.9649,0.92918825,0.93154,0.9300815,0.95274496,0.9465038,0.93655807,0.9511341,0.944911,0.9370827,0.9332558,0.9476626,0.9493657,0.9489401,0.93145645,0.93002397,0.94602287,0.9258538,0.9627742,0.95948213,0.9434394,0.95492995,0.93368864,0.9590297,0.64709824,0.95140517,0.8927938,0.93794286,0.9435736,0.94226426,0.9593905,0.9403553,0.9546137,0.94149685,0.9436323,0.9568795,0.9339787,0.96433073,0.9541237,0.9371812,0.95988643,0.9428963,0.89756966,0.9302837,0.9230664,0.9849405,0.9322955,0.9359669,0.93195176,0.940645,0.94012773,0.95335835,0.94964945,0.9660023,0.9635071,0.9490448,0.94439405,0.95056635,0.93597317,0.9520994,0.9516616,0.9591413,0.92870104,0.9440546,0.956389,0.9557969,0.92524236,0.8797909,0.93151975,0.95290583,0.90754807,0.9581186,0.94733125,0.9660023,0.93946457,0.9540733,0.9563765,0.9547837
artofracingmovie,0.95247376,0.9453445,0.9648595,0.9533538,0.9643428,0.92131066,0.95319045,0.961759,0.9763569,0.96304125,0.9634733,0.95091414,0.95303506,0.96164334,0.9687764,0.9447068,0.95976317,1.0000001,0.95591897,0.9300598,0.9397131,0.9532916,0.9587775,0.93548876,0.9501249,0.7920703,0.9544236,0.95906246,0.95119613,0.9443639,0.950043,0.9450146,0.9796134,0.929926,0.86627275,0.83477116,0.9757194,0.9435213,0.950199,0.9286933,0.94335276,0.9561363,0.90088814,0.96288973,0.9568627,0.942438,0.9653397,0.9518236,0.93417877,0.95683444,0.96813047,0.9558636,0.92275894,0.93597543,0.9474789,0.97237366,0.9256971,0.96058476,0.9620141,0.94910336,0.9419315,0.97062105,0.9394502,0.96124023,0.94336265,0.962966,0.9322622,0.9240029,0.95184064,0.9165447,0.957744,0.69858754,0.9099614,0.96402174,0.89836115,0.93647486,0.8209868,0.96322286,0.9536429,0.935409,0.9594192,0.9600392,0.9631111,0.9356059,0.95686066,0.94200057,0.92342865,0.9613855,0.9288627,0.9504082,0.9603865,0.957744,0.95656663,0.947582,0.96975714,0.9643924,0.951476,0.96052015,0.9419506,0.92463356,0.9479009,0.9323807,0.9339605,0.95464444,0.93943053,0.962208,0.9643746,0.94329923,0.9428024,0.9397289,0.95887053,0.59207714,0.96689457,0.88461465,0.9467054,0.95603776,0.9544461,0.9309118,0.9545706,0.94094217,0.9536075,0.95345026,0.9522453,0.94063663,0.95287895,0.9656109,0.94855726,0.9541361,0.9492177,0.8929061,0.9614743,0.94798046,0.9624347,0.9013254,0.94884485,0.94900745,0.93358594,0.92934024,0.95628935,0.96509653,0.9763569,0.9576384,0.9499185,0.9589841,0.9306255,0.9399631,0.9298586,0.8921225,0.95189,0.9435737,0.948702,0.9633518,0.95205265,0.9175226,0.8892889,0.9465092,0.949755,0.9265302,0.96473193,0.9354078,0.9763569,0.9558236,0.9706415,0.95716035,0.9619752
avengers,0.9646768,0.9310071,0.9614294,0.953858,0.95125645,0.9275853,0.96394444,0.95601255,0.9767383,0.93631595,0.9701214,0.9391838,0.96803224,0.9619167,0.9719929,0.9560885,0.96190715,0.95591897,1.0000001,0.9268245,0.95322144,0.9512102,0.9603924,0.94748527,0.9289044,0.7958183,0.9496848,0.9651843,0.96329963,0.935113,0.97305757,0.9572047,0.9568069,0.9484359,0.9008978,0.85217637,0.94653624,0.9596616,0.96268606,0.95411396,0.9478717,0.9633141,0.9117724,0.95406395,0.94428957,0.94158286,0.9610898,0.9407198,0.95419097,0.96367615,0.9728992,0.97613424,0.9486244,0.9393605,0.9416154,0.9414527,0.9449085,0.9564316,0.9648229,0.9636933,0.9388562,0.97443354,0.945063,0.96403503,0.9575231,0.9665881,0.9345137,0.9565677,0.9505781,0.9383184,0.96771294,0.72950184,0.91741323,0.9597844,0.9369991,0.9410346,0.8517601,0.9677601,0.9743438,0.9336472,0.95737654,0.9587035,0.96629715,0.9216037,0.9595836,0.95401794,0.961397,0.9679564,0.95535785,0.9406894,0.94836974,0.96771294,0.9626455,0.93665177,0.9530358,0.9580766,0.96035117,0.95492697,0.9212121,0.9402316,0.92713153,0.9296574,0.9359141,0.959235,0.93240994,0.97039187,0.96731466,0.95116174,0.93428266,0.94766796,0.9731857,0.67445123,0.95277697,0.89223915,0.9404945,0.97361577,0.95596606,0.9457389,0.96961755,0.9556445,0.9596846,0.9659997,0.96016693,0.93332696,0.969874,0.96128494,0.96424437,0.9735669,0.94752544,0.9112685,0.9495357,0.9177297,0.9679669,0.9004033,0.9356482,0.9361216,0.94384503,0.961479,0.9638623,0.94327146,0.9767383,0.9680681,0.9365689,0.957621,0.95626295,0.9623936,0.9445357,0.9145899,0.9626458,0.93200105,0.9603098,0.96569175,0.9474201,0.93823713,0.9062794,0.95517516,0.9456535,0.93600345,0.9529636,0.93733156,0.9767383,0.9379974,0.9754749,0.9650011,0.9508965
beachbummovie,0.9346296,0.94327027,0.96147805,0.93109983,0.93022704,0.916323,0.93452406,0.916975,0.95623356,0.91506577,0.9205857,0.942289,0.9355522,0.9486502,0.96476734,0.9419253,0.92952895,0.9300598,0.9268245,0.9999999,0.9416241,0.9590512,0.9335589,0.9195555,0.9401632,0.8153504,0.93498313,0.92052317,0.9344212,0.92673737,0.91679436,0.908831,0.9287886,0.89083695,0.8562749,0.79476833,0.9419346,0.93176526,0.9322627,0.913382,0.91890806,0.9316664,0.90157217,0.93311495,0.9351367,0.94813263,0.9269253,0.9469152,0.9081845,0.9325569,0.9552194,0.9368906,0.920051,0.92488897,0.9076774,0.9203599,0.90128386,0.9325602,0.93985236,0.9310266,0.91264194,0.94873804,0.9192858,0.93557835,0.91805863,0.9351409,0.9180332,0.90812296,0.93330956,0.9350034,0.9488866,0.62026745,0.90473545,0.9248975,0.8691454,0.9157128,0.8200592,0.93319553,0.93232274,0.92947996,0.9356067,0.9320593,0.9332685,0.8926888,0.9556604,0.91537964,0.9067409,0.9430289,0.9279275,0.9367508,0.93141025,0.9488866,0.9307102,0.9322822,0.9421346,0.9365481,0.93415815,0.95542085,0.905222,0.89927167,0.9259465,0.9409865,0.9433794,0.9425879,0.93976134,0.9507334,0.9392791,0.9176197,0.93981117,0.91562545,0.9451061,0.59572977,0.92511857,0.8457356,0.9434534,0.94585896,0.94346386,0.8970144,0.94498473,0.9241206,0.9190849,0.93075806,0.9379902,0.9217948,0.9245319,0.9333328,0.9280483,0.91534233,0.93505925,0.87442905,0.92927086,0.90738475,0.92196304,0.8560785,0.9125132,0.9236676,0.92450523,0.908318,0.9416446,0.94267535,0.95623356,0.9524551,0.9367066,0.92315245,0.91593474,0.927318,0.9018387,0.88460004,0.9244814,0.93370587,0.9183344,0.92819625,0.91687584,0.914844,0.8828927,0.92796916,0.9173407,0.9357758,0.92189753,0.9325372,0.95623356,0.90817875,0.92494863,0.93631095,0.94699425
bernadettefilm,0.9502784,0.94676757,0.94643784,0.95751745,0.9390291,0.94469213,0.96189636,0.9514109,0.97732913,0.926555,0.94757366,0.94133073,0.96683353,0.9639076,0.9613886,0.9672331,0.9453708,0.9397131,0.95322144,0.9416241,1.0000002,0.95101273,0.9614487,0.9447406,0.9481934,0.8177083,0.94683963,0.94552094,0.9394944,0.9543021,0.9380971,0.953222,0.94224936,0.9159956,0.8752575,0.8533888,0.95764816,0.96258855,0.97129786,0.9480017,0.95269775,0.9523358,0.91594255,0.9614586,0.9459251,0.9640695,0.96448004,0.937116,0.9352438,0.96381384,0.96174896,0.9674878,0.93981034,0.944419,0.91417426,0.9304564,0.9269954,0.9581497,0.9585299,0.9678689,0.9452508,0.9658376,0.9387424,0.9674969,0.9421756,0.9481589,0.944267,0.9553262,0.9437489,0.9447396,0.9665218,0.6948192,0.91957325,0.959467,0.9249724,0.92511886,0.8381683,0.96047777,0.9676842,0.9564677,0.95949244,0.95270365,0.9685335,0.9145629,0.946707,0.9475054,0.9431772,0.9563289,0.95571244,0.9558413,0.94724905,0.9665218,0.96389,0.9490328,0.9527899,0.9542975,0.95569766,0.9571314,0.92599046,0.9381521,0.9436623,0.9536804,0.94652116,0.95775265,0.9548419,0.96380985,0.9559673,0.9455505,0.9230463,0.93434834,0.96385777,0.64806914,0.94579995,0.85930353,0.96424615,0.9583271,0.9525331,0.9256914,0.96431917,0.9547832,0.9618372,0.9483629,0.9329459,0.93883264,0.9530857,0.9620273,0.95574427,0.95694184,0.94810706,0.89163274,0.9652703,0.913709,0.94765997,0.88211584,0.9486044,0.94865656,0.9244323,0.9499047,0.95762587,0.9478374,0.97732913,0.9641945,0.9555814,0.9524328,0.96169657,0.95024675,0.9555078,0.9006778,0.9585587,0.927201,0.9533319,0.9503048,0.94910395,0.9364073,0.9061494,0.9581918,0.9422354,0.946904,0.94117486,0.94987965,0.97732913,0.9432651,0.95775163,0.9619484,0.9552667
