movie,21bridgesmovie,47metersdown,abeautifuldaymovie,abominablemovie,adastramovie,adogsjourneymovie,aftermathmovie,aftermovie,ahiddenlifefilm,alitamovie,angelhasfallen,angrybirdsmovie,annabellemovie,annamovie,apollo11movie,arcticdogsmovie,arcticmovie,artofracingmovie,avengers,beachbummovie,bernadettefilm,blackandbluemovie,blackchristmas,blindedbythelightmovie,bombshellmovie,booksmart,breakthroughmovie,brianbanksmovie,brightburnmovie,brittanyrunsmov,captainmarvelofficial,captivestatemovie,catsmovie,charliesangels,childsplaymovie,clarathefilm,coldpursuitmovie,countdown,currentwarmovie,darkwatersmovie,detectivepikachumovie,disneyaladdin,disneyfrozen,disneymaleficent,doctorsleepmovie,dolemiteismyname,dontletgomovie,doramovie,downtonabbey_official,dumbo,escaperoom,everybodyknowsmovie,fastandfuriousmovie,fightingwmyfam,fivefeetapartfilm,fordvferrari,freaksthefilm,geminimanmovie,glassmovie,gloriabellmovie,godzillamovie,goldfinchmovie,goodboysmovie,goodliarmovie,gretafilm,halathemovie,happydeathdaymovie,harrietfilm,hellboymovie,hersmellmovie,highlifemovie,highstrungmovie,honeyboymovie,hotelmumbaifilm,httydragon,hustlemovie,hustlersmovie,isntitromantic,itmovieofficial,jayandsilentbob,johnwickmovie,jojorabbitmovie,jokermovie,judythefilm,jumanjimovie,justmercyfilm,knivesout,lalloronamovie,lastblackmansf,lastchristmasthemovie,latenightmovie,lighthousemovie,lionking,littlethemovie,littlewomenmovie,littlewoodsfilm,longshotmovie,lordsofchaosmovie,lucyintheskyfilm,mamovie2019,marriagestory,meettheaddams,meninblack,midsommarmovie,midwaymovie,missbalamovie,missinglinkfilm,motherlessbklyn,onceinhollywood,onthebasisofsex,overcomermovie,peanutbutterfalcon,petsematarymovie,piercingmovie,playingwithfire,playmobilthemovie,pomsmovie,queenandslim,rambomovie,readyornotfilm,richardjewellfilm,rocketmanmovie,scarystoriesmovie,secretlifeofpets,serenityfilm,shaftmovie,shazammovie,spidermanmovie,spiesindisguise,starwars,stormboymovie,stubermovie,taosdfilm,teenspiritmov,terminator,theaeronautsmov,thebestofenemies,thedeaddontdie,thefarewell,thehighwaymen,thehummingbirdprojectfilm,theintrudermovie,theirishmanfilm,thekitchenmovie,thelegomovie,themustangfilm,thenightingalefilm,theprodigymovie,thesunisalsoastar,theupsidefilm,tolkienmovie,toystory,triplefrontier,uglydolls,uncutgems,underthesilverlake,usmovie,wavesmovie,whatmenwant,wonderparkmovie,wrinklestheclown,xmenmovies,yardiefilm,yesterdaymovie,zombieland
21bridgesmovie,0.9999997,0.8972657,0.9569666,0.94787526,0.9430106,0.9247104,0.95485383,0.93892646,0.97704107,0.9565781,0.958691,0.9541966,0.9448319,0.9576466,0.96373624,0.94336635,0.9600012,0.9392755,0.9809227,0.9346617,0.9533605,0.9483301,0.9635306,0.9579182,0.9375371,0.6621807,0.9301337,0.9608816,0.9469665,0.9512476,0.9565444,0.94614464,0.9338405,0.95241755,0.91075814,0.9133408,0.9613723,0.9699733,0.9536852,0.941354,0.90348864,0.9551079,0.93008137,0.9519711,0.95788157,0.9538849,0.95947015,0.9528434,0.9496226,0.9533336,0.96751666,0.96269816,0.9459797,0.9514083,0.9331492,0.93193763,0.9422536,0.9655136,0.96309334,0.9648537,0.9170541,0.94297427,0.9438724,0.9451198,0.941025,0.9400895,0.9374268,0.950693,0.9508794,0.93356556,0.9658159,0.9439898,0.8885333,0.95149887,0.9180718,0.94371784,0.8691358,0.9592529,0.93143463,0.93006504,0.9524764,0.9773202,0.9380929,0.92206776,0.96327555,0.9326001,0.93770325,0.9511053,0.9510215,0.9563969,0.94906795,0.9658159,0.9476505,0.95698076,0.96629554,0.9649966,0.956994,0.9569802,0.942311,0.92877024,0.9572304,0.9514909,0.9274195,0.9628406,0.934012,0.9642971,0.9619631,0.94724494,0.89664793,0.9190035,0.9538676,0.7795557,0.95271903,0.9064628,0.9460246,0.9698559,0.9900113,0.94724095,0.9530497,0.9441453,0.90484226,0.9515911,0.95915926,0.9251641,0.95559573,0.94946337,0.93682957,0.95276767,0.94203365,0.9188948,0.96065205,0.9086789,0.97322017,0.9295679,0.953107,0.94865245,0.9688931,0.9373776,0.96470004,0.9429878,0.97704107,0.95475024,0.94506264,0.9332037,0.9049141,0.95970327,0.9543833,0.94674706,0.9281602,0.9609788,0.9403925,0.95725816,0.9457914,0.9232911,0.93588436,0.9592359,0.9488155,0.9575374,0.9559709,0.9338541,0.97704107,0.93492943,0.9513623,0.96322274,0.9515688
47metersdown,0.8972657,1.0,0.9387765,0.9336449,0.9331534,0.9175037,0.92954576,0.9080225,0.9395933,0.89822185,0.9143455,0.8932639,0.922029,0.93163675,0.9232921,0.9416689,0.9172223,0.920416,0.8774806,0.8809902,0.9297752,0.9232425,0.9194895,0.9233424,0.88335377,0.54331213,0.91894805,0.9007268,0.9232203,0.9116524,0.8760646,0.92691714,0.87569785,0.895992,0.90662885,0.86768246,0.9189001,0.9113624,0.9333233,0.9115871,0.89055544,0.9086725,0.9157611,0.8979904,0.9338308,0.89467835,0.9184726,0.91453105,0.9124586,0.92210054,0.9150456,0.9487287,0.8608293,0.9048063,0.90006864,0.91680455,0.92890114,0.93401915,0.89882755,0.91940814,0.9125629,0.87767,0.92621803,0.9204908,0.93980044,0.90314496,0.87711823,0.9037646,0.9230652,0.91369605,0.9243257,0.91575164,0.90802056,0.88606423,0.891693,0.8579862,0.816801,0.88287055,0.88674706,0.9212452,0.92365515,0.91185313,0.887476,0.8665377,0.9088384,0.9061796,0.90877557,0.9002173,0.90421695,0.93362916,0.8910496,0.9243257,0.883279,0.9016554,0.90708596,0.89919376,0.92375267,0.8990641,0.90356094,0.894601,0.92442936,0.9128429,0.90032065,0.9298958,0.9103879,0.9215642,0.93335766,0.92873716,0.885109,0.87988794,0.9214589,0.74060273,0.9393519,0.84336174,0.9259631,0.9182271,0.91913897,0.876425,0.91034216,0.9391513,0.87251467,0.9228768,0.9232351,0.91442966,0.90364885,0.9158508,0.9209866,0.907362,0.92213446,0.8868866,0.91687334,0.87907547,0.9176002,0.8608833,0.9414977,0.907215,0.91675395,0.92561305,0.9000412,0.9054127,0.9395933,0.9255225,0.897102,0.9157877,0.8899688,0.93120337,0.9186239,0.93238485,0.9196011,0.9243985,0.92716074,0.9351683,0.92545563,0.87444454,0.8918443,0.9225755,0.9155947,0.922953,0.947581,0.9178782,0.9395933,0.9430697,0.9165886,0.90535814,0.89719385
abeautifuldaymovie,0.9569666,0.9387765,1.0,0.95626557,0.9734339,0.9259647,0.9499724,0.9486773,0.9791028,0.9471678,0.95021814,0.9547813,0.9477987,0.95887417,0.95120716,0.9664192,0.94131184,0.9565918,0.9380142,0.91727847,0.97176725,0.9626621,0.96513945,0.96499807,0.9159896,0.63452876,0.9521684,0.9540848,0.97590137,0.9445867,0.9296351,0.9660195,0.9099798,0.95887005,0.9074458,0.8952835,0.9603058,0.9505339,0.96207994,0.96809703,0.92747235,0.9526108,0.9623729,0.9419591,0.9812354,0.94839287,0.9669132,0.9556181,0.9366103,0.94833386,0.97873455,0.98081374,0.91402453,0.9429128,0.9428772,0.9537179,0.9545541,0.9828043,0.9508572,0.9624352,0.92761004,0.93607306,0.9642424,0.957521,0.9574692,0.946746,0.92043614,0.961458,0.9370716,0.9494649,0.96174926,0.9359098,0.9025309,0.9434285,0.9145323,0.90943086,0.89240855,0.93910706,0.92965347,0.9532149,0.9518815,0.94466084,0.94004387,0.90676624,0.9658896,0.93574864,0.9273265,0.9531038,0.9452237,0.9519392,0.9516737,0.96174926,0.92950875,0.9517069,0.97354305,0.93864113,0.9612596,0.9572231,0.9439067,0.93344253,0.96820146,0.9494114,0.95264065,0.97037834,0.93411744,0.97636324,0.96386087,0.9630344,0.94220144,0.93365335,0.9546282,0.789094,0.9751632,0.8716293,0.95206237,0.9621374,0.9713235,0.9252075,0.96138406,0.9529654,0.9098652,0.9641282,0.95602703,0.9431823,0.9543756,0.95070374,0.94760764,0.9705142,0.97863656,0.92059064,0.9602931,0.93152136,0.97065014,0.91486603,0.9689185,0.94790006,0.9492085,0.96740407,0.9458522,0.96219176,0.9791028,0.9707549,0.94404864,0.9445593,0.91925895,0.9621136,0.9421052,0.94579595,0.9390826,0.95150983,0.9499497,0.959725,0.9533282,0.88616025,0.94627976,0.95327437,0.9485644,0.952187,0.9641906,0.94958764,0.9791028,0.960254,0.9474014,0.94269633,0.96303344
abominablemovie,0.94787526,0.9336449,0.95626557,0.9999998,0.93584704,0.90780634,0.9525916,0.9351644,0.9674822,0.9299389,0.93918127,0.9487476,0.9266425,0.946208,0.94699246,0.93678623,0.95851403,0.9210252,0.9458775,0.93583083,0.96180874,0.9591299,0.93282336,0.9516074,0.9198777,0.63511276,0.9208547,0.9361169,0.9636894,0.9275908,0.92553604,0.9495746,0.89763576,0.94882816,0.8917325,0.9002101,0.9452009,0.95608044,0.94922096,0.9371952,0.8911702,0.9318874,0.91733634,0.9219459,0.95356053,0.95439535,0.9346917,0.9321266,0.93784785,0.93617576,0.9642936,0.96588784,0.904624,0.92983425,0.94748884,0.90135705,0.95681345,0.9635002,0.94551235,0.9514809,0.90608424,0.92154133,0.9350264,0.9344758,0.9421055,0.9294461,0.9153575,0.94354904,0.94346637,0.9316432,0.96330583,0.9382184,0.8800287,0.94741976,0.89997154,0.9128516,0.84295607,0.9288229,0.91470826,0.92819977,0.9392921,0.9482502,0.91907626,0.9025625,0.9433876,0.92544943,0.92272586,0.92330897,0.9478929,0.9552407,0.93320954,0.96330583,0.9376741,0.9585487,0.9470245,0.95500773,0.92824864,0.9436103,0.9394841,0.89189684,0.96469766,0.9355797,0.9265872,0.954855,0.9260217,0.9644487,0.9509926,0.9326084,0.8798269,0.94782,0.95508516,0.7624386,0.9598838,0.87997806,0.94912934,0.9478829,0.9547465,0.9199129,0.95427775,0.95555264,0.88847846,0.95890784,0.9621382,0.90727633,0.9359119,0.9530775,0.93085986,0.95839185,0.9284567,0.9069991,0.94498146,0.88508916,0.9570519,0.89996994,0.96293753,0.92598104,0.94171405,0.94612503,0.9436761,0.93777394,0.9674822,0.9586848,0.9431622,0.92103845,0.8985815,0.953595,0.93689674,0.93038905,0.91021466,0.9515047,0.9340966,0.9416249,0.9456861,0.8916606,0.9517624,0.95653397,0.9217807,0.9540671,0.959695,0.93705386,0.9674822,0.92837614,0.9467908,0.9255411,0.9449064
adastramovie,0.9430106,0.9331534,0.9734339,0.93584704,1.0,0.93105376,0.9525738,0.96179724,0.9745515,0.9399243,0.93390006,0.9574816,0.9453863,0.9656774,0.9516223,0.95715046,0.9402217,0.96361774,0.918109,0.91313195,0.961756,0.94092065,0.9690372,0.9711163,0.91248745,0.6139575,0.95784724,0.9388616,0.952081,0.92770195,0.9133206,0.96588075,0.8944646,0.9473707,0.92450994,0.8843301,0.96158963,0.93846154,0.9487745,0.9572297,0.89799505,0.94718415,0.96259767,0.9464513,0.9676564,0.9155673,0.9675543,0.9638806,0.9305781,0.9567997,0.9584512,0.97720855,0.9199853,0.9608949,0.9288649,0.9650847,0.9525886,0.96597636,0.9420035,0.96744406,0.92864066,0.90637165,0.9659967,0.9517793,0.9543563,0.9382455,0.90593183,0.94909275,0.93346214,0.95601064,0.96809757,0.936739,0.9085691,0.9321434,0.92942774,0.8920086,0.8669313,0.92730635,0.915654,0.96932304,0.95368385,0.9332222,0.9246196,0.93191224,0.9566703,0.9455806,0.92561805,0.9545621,0.9488304,0.95344865,0.91498184,0.96809757,0.91294223,0.9352382,0.96770734,0.93544567,0.9562102,0.9540581,0.9397458,0.9432894,0.9434937,0.9397937,0.93461984,0.9796254,0.9388035,0.9594024,0.950812,0.9409994,0.93714756,0.92428315,0.9470066,0.81134963,0.96610326,0.87558573,0.9650528,0.95154667,0.9577765,0.9213887,0.9564222,0.9541293,0.89036983,0.96605885,0.9513375,0.93061304,0.9439459,0.9400162,0.9567368,0.93378663,0.96517015,0.89811176,0.945905,0.96679604,0.9677622,0.93166435,0.96836555,0.9328832,0.9528115,0.959708,0.95544046,0.94857585,0.9745515,0.9510472,0.91021925,0.9424213,0.9032492,0.96408343,0.9418615,0.9470329,0.94617975,0.9299851,0.950815,0.95030123,0.9357176,0.86921644,0.9353256,0.9581854,0.9463911,0.9556086,0.96276534,0.966317,0.9745515,0.96429,0.94680166,0.9412009,0.942342
adogsjourneymovie,0.9247104,0.9175037,0.9259647,0.90780634,0.93105376,1.0,0.94674534,0.9388312,0.9507283,0.92097497,0.9120203,0.9232626,0.9384856,0.9384097,0.94829917,0.9151693,0.92649615,0.94788903,0.90439427,0.9181086,0.9152484,0.9331053,0.95089495,0.9321572,0.9021222,0.62544256,0.9430581,0.93695444,0.92447,0.9056438,0.921883,0.92101884,0.89641416,0.9120715,0.92119724,0.92613244,0.9270915,0.9301395,0.9332415,0.9223661,0.87807244,0.9275366,0.91972744,0.9166221,0.9171239,0.92788124,0.95776385,0.916844,0.929415,0.9263239,0.9346806,0.9340872,0.89974916,0.92564374,0.9095432,0.91663235,0.91346526,0.9395641,0.92636156,0.9441162,0.9421902,0.8980717,0.92068017,0.9401636,0.9096084,0.8840248,0.88723123,0.92801046,0.91194767,0.9254804,0.9457453,0.89344394,0.9196001,0.9218174,0.903894,0.9314219,0.8218574,0.9196943,0.90117204,0.9306527,0.92094004,0.92546004,0.92153096,0.9213078,0.9324186,0.9110548,0.8624954,0.9138348,0.9065028,0.9325644,0.9203999,0.9457453,0.9007237,0.9188083,0.9194735,0.9451573,0.9356256,0.92568827,0.91602033,0.94293493,0.92625076,0.93344235,0.9056349,0.94169664,0.93222964,0.938415,0.9552414,0.9195427,0.90698016,0.8675075,0.9414923,0.7603439,0.9433838,0.9011731,0.93496364,0.91886944,0.93778914,0.8989692,0.93030554,0.94529355,0.9233831,0.9267821,0.92826563,0.94293267,0.9483975,0.9326039,0.9303973,0.92641056,0.92783314,0.854012,0.91795707,0.8999677,0.9161688,0.907616,0.94312835,0.9111011,0.93271285,0.9010998,0.93857676,0.93737763,0.9507283,0.935014,0.9161592,0.94958854,0.90263456,0.9245987,0.93643177,0.9126687,0.9325226,0.93303776,0.9362777,0.9242604,0.95974857,0.834926,0.9126561,0.93394613,0.91439664,0.9459907,0.95791733,0.917247,0.9507283,0.92630184,0.92924696,0.9409605,0.9228078
aftermathmovie,0.95485383,0.92954576,0.9499724,0.9525916,0.9525738,0.94674534,0.99999994,0.9587841,0.9813149,0.9471161,0.9397587,0.94094265,0.9671074,0.9621233,0.9646575,0.94839716,0.95337147,0.94634014,0.94109184,0.93638563,0.94865626,0.9509757,0.9598417,0.96080226,0.94166535,0.6474987,0.9422456,0.9620028,0.9487901,0.9380634,0.9461205,0.95746183,0.9349109,0.9306706,0.94775414,0.9013107,0.95217824,0.94537264,0.9704207,0.94005644,0.90537393,0.96117604,0.93544745,0.9617727,0.95753264,0.9504359,0.9648518,0.947931,0.9594007,0.96623474,0.9542154,0.9641133,0.9226179,0.96021885,0.9363778,0.93968016,0.95092183,0.9562028,0.9514325,0.9717516,0.9460047,0.94067067,0.95269215,0.9606578,0.9345431,0.93100494,0.933946,0.94834876,0.93344945,0.9334666,0.9708593,0.9367037,0.91535985,0.96475494,0.91366637,0.93714917,0.85232115,0.951941,0.9459177,0.94805354,0.9404556,0.9742331,0.94993085,0.9153688,0.93890977,0.95283973,0.91544783,0.9648645,0.9463354,0.9781797,0.94897157,0.9708593,0.9397964,0.95168424,0.9374337,0.9537781,0.95308894,0.95556295,0.9707969,0.9400027,0.9481941,0.961622,0.942758,0.9717605,0.9555453,0.9609382,0.97329646,0.9552252,0.9073005,0.92551905,0.96181333,0.76489556,0.96122247,0.90824574,0.9565972,0.95167756,0.9604544,0.92659503,0.9558015,0.9919514,0.9419218,0.94178516,0.9607203,0.9310846,0.9571891,0.9622529,0.9662235,0.95290065,0.94214934,0.8791426,0.9409964,0.9224705,0.9537082,0.9214626,0.96155643,0.9475824,0.93978226,0.9259281,0.96316636,0.94800514,0.9813149,0.9502116,0.9439179,0.9570431,0.9372676,0.9481888,0.9599373,0.96044457,0.9648829,0.95790374,0.9788483,0.96253365,0.9543655,0.8704458,0.9385138,0.9674478,0.95057124,0.97028714,0.96363026,0.9459735,0.9813149,0.95547366,0.97402275,0.9617553,0.94303644
aftermovie,0.93892646,0.9080225,0.9486773,0.9351644,0.96179724,0.9388312,0.9587841,0.9999998,0.972626,0.9294412,0.94208634,0.94477737,0.9463919,0.97003675,0.955166,0.9484792,0.935675,0.9431256,0.9247346,0.9342865,0.9464459,0.9509319,0.95706815,0.967137,0.93690044,0.6938733,0.936298,0.9379545,0.9415552,0.91881883,0.9408737,0.9554399,0.90358394,0.93029946,0.92398745,0.8884005,0.9494177,0.9413174,0.9305227,0.9416455,0.8872167,0.9579542,0.9466285,0.9562572,0.94939095,0.92058766,0.95621395,0.9442662,0.9384929,0.96421915,0.95072925,0.962809,0.913991,0.9567396,0.9458791,0.9302281,0.9539881,0.94101727,0.94836575,0.9751315,0.93617535,0.9172767,0.92885697,0.94909483,0.92486185,0.9276676,0.908019,0.9536533,0.93457294,0.9504066,0.9722195,0.9300659,0.90054816,0.9490594,0.91787076,0.92227685,0.84636956,0.9384736,0.94814754,0.9448754,0.9532813,0.9363605,0.92727816,0.9426326,0.942512,0.9407944,0.90357023,0.95267636,0.9442918,0.9590902,0.9386401,0.9722195,0.9315513,0.93570685,0.93821377,0.94782174,0.94177175,0.9558632,0.95170224,0.94958884,0.93631387,0.9429482,0.9268312,0.96560055,0.96110106,0.9513936,0.96041596,0.9341837,0.93208426,0.92581016,0.94252783,0.8290406,0.95089346,0.89686674,0.9593214,0.9491042,0.95677054,0.92189723,0.961761,0.9546252,0.92667454,0.952496,0.9489869,0.92506826,0.9512601,0.94703007,0.95910096,0.93432134,0.9295523,0.85189366,0.93558496,0.9401856,0.95117897,0.93951917,0.9460336,0.927654,0.94205385,0.9412618,0.9663333,0.9465749,0.972626,0.9451669,0.91132414,0.96174264,0.9179055,0.9482622,0.94274116,0.9357013,0.95105636,0.93571067,0.93134964,0.9547216,0.9486991,0.8558485,0.9476493,0.9612376,0.9358605,0.9484585,0.95309085,0.9506735,0.972626,0.9338957,0.9701408,0.9387752,0.94343865
ahiddenlifefilm,0.97704107,0.9395933,0.9791028,0.9674822,0.9745515,0.9507283,0.9813149,0.972626,1.0000001,0.96765953,0.97091514,0.96345484,0.97484004,0.9818046,0.9817655,0.9743622,0.9741208,0.97217965,0.96427864,0.94943404,0.9780993,0.97581977,0.9811629,0.9821883,0.95766956,0.6621137,0.9603358,0.97684246,0.9725657,0.959962,0.96377146,0.97347146,0.94565934,0.96005166,0.93863106,0.9166406,0.9821722,0.9665569,0.97570753,0.9691163,0.93507034,0.9756911,0.960629,0.9729478,0.98095274,0.9621171,0.98117346,0.96421105,0.9656012,0.97808814,0.98096675,0.9876363,0.9518392,0.974439,0.9596667,0.96125275,0.9733067,0.9799834,0.97716993,0.9880984,0.9587071,0.96047544,0.9670067,0.9757617,0.9620466,0.9556743,0.9454478,0.9734777,0.9631385,0.9606936,0.98897415,0.96655023,0.92678463,0.9698883,0.9359728,0.9453417,0.87711155,0.96945035,0.95532423,0.9642336,0.9709297,0.97746795,0.96627235,0.94749534,0.9706382,0.96534795,0.93653995,0.977816,0.9629013,0.9817171,0.9647846,0.98897415,0.9526226,0.9714578,0.9728281,0.97339195,0.97352093,0.9754331,0.97494435,0.9511934,0.9734349,0.9721579,0.95861465,0.9890384,0.9643004,0.98159397,0.9840096,0.97158504,0.9395261,0.93951917,0.97425836,0.78458196,0.9772984,0.90391004,0.97516596,0.97489125,0.98581475,0.95063496,0.97710156,0.97798526,0.9385909,0.96867496,0.9767783,0.9432608,0.9765872,0.9732999,0.9715111,0.9690398,0.96768105,0.91943175,0.96977043,0.94059056,0.98308814,0.9419788,0.97483736,0.96641535,0.96429217,0.96374637,0.977749,0.97213864,1.0000001,0.97609365,0.9575607,0.969238,0.9448038,0.9761326,0.96760887,0.96855736,0.9686127,0.9708964,0.9660801,0.98007977,0.9709174,0.90740937,0.9567831,0.9811876,0.96856356,0.9773731,0.97760546,0.9657391,1.0000001,0.96531445,0.9805734,0.9734519,0.96762353
alitamovie,0.9565781,0.89822185,0.9471678,0.9299389,0.9399243,0.92097497,0.9471161,0.9294412,0.96765953,1.0,0.95474774,0.9470171,0.9497737,0.9555072,0.94535303,0.94289625,0.9552314,0.957119,0.93837506,0.89713717,0.96116185,0.9474875,0.95804334,0.9456245,0.918015,0.6318829,0.92203313,0.9616083,0.94522196,0.93318576,0.9392004,0.915226,0.93781686,0.93514687,0.91488665,0.8879924,0.9541335,0.94078016,0.93934035,0.9395044,0.8936733,0.94813484,0.9189103,0.952206,0.9408108,0.9372165,0.95764416,0.9247616,0.9402551,0.9449128,0.9519617,0.95061475,0.94300395,0.9459425,0.9369049,0.9316453,0.93903667,0.94341403,0.9552575,0.9562317,0.9253044,0.9344925,0.9298369,0.9550356,0.9324475,0.9327549,0.9399359,0.94916385,0.94025224,0.9115374,0.9553524,0.9264785,0.85848194,0.9550565,0.91159433,0.9409159,0.8685168,0.9530001,0.9278862,0.91255116,0.9329893,0.96244687,0.9495281,0.92325664,0.9326222,0.93986297,0.8933411,0.9625967,0.93057305,0.9472174,0.9264706,0.9553524,0.918394,0.93780154,0.94873077,0.9433189,0.95256275,0.939999,0.9463692,0.92843837,0.9395765,0.94875175,0.9153231,0.96263635,0.94983304,0.95153594,0.9478697,0.9451859,0.9104781,0.90136755,0.9514415,0.7208279,0.92816955,0.89919925,0.93830514,0.9460347,0.96582985,0.94142455,0.93835765,0.9409707,0.9237492,0.92021364,0.94106114,0.9089658,0.949583,0.9405121,0.9395155,0.9368524,0.9400104,0.9097097,0.95283586,0.9079341,0.96275353,0.92221767,0.93101573,0.9290431,0.9353336,0.93220705,0.95519036,0.9490332,0.96765953,0.9399492,0.9293059,0.94148165,0.9437483,0.95666575,0.95485246,0.9452113,0.9422779,0.9343625,0.92274326,0.9429926,0.94139487,0.89269036,0.9068096,0.95298964,0.94489455,0.94724995,0.93261826,0.91425294,0.96765953,0.9175778,0.9470932,0.958488,0.9290932
angelhasfallen,0.958691,0.9143455,0.95021814,0.93918127,0.93390006,0.9120203,0.9397587,0.94208634,0.97091514,0.95474774,1.0000001,0.954461,0.9475975,0.9595409,0.9552416,0.9534883,0.95367604,0.94232625,0.9510458,0.8991784,0.9576296,0.94741976,0.9446747,0.956458,0.9383875,0.63213485,0.9169046,0.9444217,0.9406441,0.95296556,0.9450878,0.94303393,0.9109375,0.93185794,0.89838415,0.8864454,0.95681375,0.9347232,0.934599,0.9469476,0.9327474,0.9527494,0.9317799,0.9511793,0.95033634,0.92824227,0.93901825,0.9260752,0.9464085,0.95629424,0.9506992,0.961268,0.9251476,0.9337336,0.9503436,0.92378294,0.9448891,0.9407678,0.95673347,0.9605398,0.93414426,0.93429095,0.92094785,0.9454726,0.94712263,0.9322192,0.92827904,0.95440096,0.9684715,0.92063063,0.9648513,0.9448152,0.8789204,0.9411028,0.9211636,0.9226667,0.83837944,0.94662845,0.9255436,0.90256035,0.966712,0.9550316,0.9502758,0.9259517,0.9451455,0.9215739,0.9099441,0.9556114,0.93789953,0.95227164,0.9269768,0.9648513,0.93387085,0.93536335,0.9477127,0.94540864,0.94714946,0.9331285,0.9452602,0.9218555,0.9462672,0.9454597,0.9039378,0.96332747,0.9424998,0.94678086,0.9513234,0.9453848,0.8998854,0.8989429,0.9458526,0.7296774,0.93557346,0.8795819,0.9382685,0.96616346,0.96614516,0.92841864,0.93990237,0.9354626,0.92238086,0.9368974,0.95561934,0.90781444,0.9409677,0.932277,0.93546015,0.9459369,0.93067515,0.9223042,0.95343965,0.8912711,0.9580733,0.91505575,0.9352424,0.948497,0.93819714,0.9419452,0.9626717,0.93505555,0.97091514,0.9472876,0.9250993,0.9430119,0.9477545,0.9571371,0.93733495,0.9376345,0.94216245,0.94763047,0.90687454,0.9559911,0.9441501,0.9218787,0.9094093,0.95220035,0.9446032,0.949563,0.93547475,0.9167486,0.97091514,0.9183057,0.94595355,0.9453746,0.93032205
angrybirdsmovie,0.9541966,0.8932639,0.9547813,0.9487476,0.9574816,0.9232626,0.94094265,0.94477737,0.96345484,0.9470171,0.954461,1.0000001,0.9244481,0.94470346,0.9494622,0.9272518,0.9473173,0.93852377,0.9344017,0.8985305,0.95309716,0.93431824,0.9587694,0.9527603,0.9059055,0.63124907,0.9362647,0.9306381,0.9446957,0.9249287,0.91659546,0.94407964,0.89416844,0.95504963,0.90824664,0.91307145,0.9455146,0.95381194,0.9361751,0.94596964,0.88450295,0.94152695,0.93384105,0.9326832,0.94480705,0.93186307,0.95494854,0.93858224,0.9422342,0.9412045,0.96029586,0.9610398,0.92727804,0.9416468,0.958075,0.9102519,0.9259995,0.9494122,0.9474958,0.95564497,0.90961254,0.89934915,0.92793673,0.9253336,0.9498587,0.92772484,0.905004,0.9549781,0.93737525,0.9348193,0.9663834,0.91036654,0.8622189,0.94155604,0.9200234,0.9170648,0.84638876,0.9462086,0.9023346,0.91831493,0.9571453,0.9398778,0.9227959,0.92434734,0.9542483,0.9136962,0.9034449,0.93562,0.95392394,0.9391443,0.9116623,0.9663834,0.933429,0.93745357,0.9663838,0.9551135,0.9353633,0.93987405,0.93302786,0.93609256,0.942906,0.92919624,0.8937033,0.9697028,0.93782675,0.9568634,0.9486988,0.9135772,0.8980859,0.91442454,0.95063335,0.76492745,0.94236547,0.9115326,0.9445309,0.9606063,0.96548814,0.9287056,0.9522612,0.9341558,0.8945425,0.9537966,0.9702612,0.9293945,0.92444444,0.9350303,0.92298955,0.9520604,0.9417373,0.9098396,0.94424736,0.9165854,0.95762134,0.93082005,0.9490954,0.91788346,0.95886403,0.9433811,0.9682069,0.9436465,0.96345484,0.9496365,0.9158248,0.943767,0.9155867,0.9536224,0.9414167,0.93051004,0.92333734,0.9380083,0.92017627,0.9318904,0.948251,0.8743576,0.916812,0.9525387,0.92329526,0.9565026,0.94070417,0.92337024,0.96345484,0.9243032,0.93429416,0.9448787,0.9333618
annabellemovie,0.9448319,0.922029,0.9477987,0.9266425,0.9453863,0.9384856,0.9671074,0.9463919,0.97484004,0.9497737,0.9475975,0.9244481,0.99999994,0.96862185,0.96673113,0.9520731,0.9570841,0.9604856,0.93277144,0.9161248,0.9544011,0.95381963,0.95781523,0.94614744,0.9244649,0.6568691,0.9474433,0.96176416,0.94810593,0.9348957,0.9399368,0.9536628,0.9342123,0.9180929,0.9320152,0.8801084,0.95121926,0.9429879,0.96614784,0.9478553,0.94383967,0.9509488,0.9280599,0.95546395,0.9531238,0.9376858,0.96563333,0.9407819,0.95419794,0.95270395,0.95142156,0.9601492,0.9220005,0.95280117,0.9461036,0.9460975,0.9508886,0.95315707,0.9538733,0.9585534,0.9673915,0.951044,0.9429585,0.97936654,0.93441385,0.91101956,0.9400314,0.95212746,0.9405649,0.9311429,0.95559436,0.9307023,0.91612506,0.9434346,0.89895135,0.9162246,0.84310895,0.94308865,0.9432247,0.94484836,0.93808323,0.9607694,0.97027034,0.9280715,0.93413705,0.9427171,0.9050341,0.97784686,0.9151026,0.96209997,0.9511833,0.95559436,0.927447,0.95290273,0.9374597,0.94093746,0.94350547,0.9369343,0.9595678,0.935495,0.94777614,0.958032,0.93449754,0.96412504,0.94544,0.9544324,0.96393853,0.9592177,0.9207712,0.89707786,0.9664927,0.74687296,0.9554526,0.879341,0.9530644,0.94434524,0.960012,0.91447294,0.9460181,0.9634673,0.9678392,0.92645246,0.95466983,0.9304875,0.95926315,0.94568706,0.96312505,0.9466446,0.95284486,0.8941227,0.9542611,0.91659534,0.9390822,0.9195343,0.94525224,0.94550747,0.92382175,0.9315958,0.94360137,0.94866806,0.97484004,0.9494416,0.9327978,0.95943373,0.9502284,0.9402761,0.9437493,0.9660679,0.9762435,0.9484057,0.95385736,0.9532583,0.95292085,0.87713414,0.91937023,0.9613796,0.9494574,0.9504015,0.96068245,0.9421964,0.97484004,0.94676805,0.95412564,0.953268,0.94197166
annamovie,0.9576466,0.93163675,0.95887417,0.946208,0.9656774,0.9384097,0.9621233,0.97003675,0.9818046,0.9555072,0.9595409,0.94470346,0.96862185,0.9999998,0.9746164,0.957614,0.9581307,0.9558676,0.9449436,0.9403236,0.9621374,0.9663675,0.9685768,0.96731013,0.93142015,0.6372283,0.93552446,0.9510555,0.95570284,0.95713603,0.9426863,0.9589805,0.9177457,0.9369945,0.9329805,0.88880885,0.96820474,0.95656735,0.9566884,0.945999,0.9114493,0.9654597,0.95178705,0.9638845,0.9684074,0.9354806,0.96898633,0.9592381,0.94124985,0.9712903,0.9605249,0.9714735,0.92382735,0.9614828,0.94875133,0.9518908,0.9557919,0.95582867,0.95069027,0.97692937,0.9417283,0.9301507,0.9544594,0.9797555,0.9455133,0.94004524,0.9316135,0.9585795,0.96615547,0.9368317,0.97428,0.95128304,0.91055554,0.94355935,0.9311195,0.9191586,0.85324574,0.947481,0.94131327,0.95717794,0.9550347,0.9569582,0.9502866,0.93932235,0.9539229,0.95539826,0.91909844,0.9646046,0.9538285,0.9698031,0.94664335,0.97428,0.9270299,0.9470992,0.9603649,0.9535254,0.9552792,0.9523669,0.9548435,0.9417334,0.9559352,0.9627517,0.9298877,0.9738932,0.9677355,0.95861304,0.9622242,0.9597755,0.92666,0.9318799,0.9604469,0.7710161,0.96293944,0.8926534,0.9528622,0.96358603,0.9698853,0.9367189,0.96506846,0.96195084,0.92905754,0.9433935,0.960472,0.92666847,0.95810205,0.9439097,0.9611456,0.94138354,0.95017725,0.8985853,0.95540744,0.9436352,0.966802,0.9316567,0.95386565,0.95895517,0.9416791,0.95778894,0.96622765,0.9525934,0.9818046,0.9581904,0.9238786,0.95719296,0.93983287,0.9662584,0.95474994,0.9612085,0.9615115,0.94851846,0.94526094,0.96315616,0.9547877,0.89511293,0.94415784,0.96926385,0.9629793,0.9508493,0.95998114,0.95167327,0.9818046,0.9532806,0.95750237,0.952122,0.9408676
apollo11movie,0.96373624,0.9232921,0.95120716,0.94699246,0.9516223,0.94829917,0.9646575,0.955166,0.9817655,0.94535303,0.9552416,0.9494622,0.96673113,0.9746164,1.0000001,0.9509593,0.96091217,0.95653677,0.951617,0.9535415,0.9562232,0.95585126,0.9656583,0.95448774,0.947296,0.6617609,0.94371367,0.957826,0.95289916,0.9575151,0.9526522,0.9563733,0.9304827,0.92544454,0.9264987,0.91761917,0.9668484,0.9558394,0.96477693,0.9443084,0.92814094,0.95599073,0.95230055,0.95985353,0.9588348,0.9455391,0.96938735,0.95309037,0.9440207,0.9624079,0.9624976,0.9669135,0.9316328,0.9477797,0.9407151,0.948537,0.9426255,0.9569345,0.9620842,0.96418524,0.9503293,0.9449313,0.95150447,0.96547395,0.9468365,0.9223057,0.92577785,0.9592305,0.9518091,0.942788,0.9672274,0.9430214,0.9262837,0.94450766,0.91110057,0.9323416,0.82444435,0.95168746,0.939053,0.9547552,0.9527783,0.9522541,0.96169126,0.94017804,0.93943924,0.9459879,0.9113455,0.9561584,0.93402344,0.9683134,0.9474027,0.9672274,0.9422457,0.9554271,0.95399,0.9768158,0.9524064,0.9518873,0.94976515,0.9423424,0.9573817,0.95864326,0.92616606,0.96684706,0.9490432,0.9588672,0.9706014,0.9505772,0.91276073,0.9162898,0.97246224,0.75701714,0.95135665,0.89352226,0.95128125,0.95570785,0.96818477,0.9281621,0.95714754,0.95926344,0.93851143,0.9451356,0.9634491,0.9297712,0.9546387,0.95307904,0.9497154,0.95788646,0.9500352,0.9019905,0.95473206,0.9166364,0.954904,0.931242,0.94917935,0.9603569,0.9435918,0.94199085,0.9588806,0.9639641,0.9817655,0.95693135,0.93646884,0.9593512,0.9417296,0.9516483,0.95415026,0.9511628,0.9650755,0.9503296,0.9518016,0.96136355,0.95578635,0.89386857,0.93116516,0.9636505,0.9524168,0.9601886,0.9588779,0.93395877,0.9817655,0.9529915,0.9556377,0.9601976,0.9493124
arcticdogsmovie,0.94336635,0.9416689,0.9664192,0.93678623,0.95715046,0.9151693,0.94839716,0.9484792,0.9743622,0.94289625,0.9534883,0.9272518,0.9520731,0.957614,0.9509593,1.0,0.94668645,0.95766836,0.9235028,0.9117551,0.9548403,0.9444961,0.94955015,0.954848,0.9355272,0.62057847,0.9358001,0.9487648,0.9452318,0.9412427,0.9272795,0.9468232,0.92355144,0.91654545,0.900196,0.878597,0.9675962,0.920205,0.94803786,0.9516851,0.9412543,0.95532876,0.95494074,0.96025795,0.96045583,0.91205406,0.9463721,0.9511326,0.92854536,0.957911,0.9532723,0.9689405,0.93197167,0.949764,0.9200583,0.9557749,0.9542258,0.95766854,0.9609988,0.9602263,0.9344664,0.9411637,0.9422075,0.96021074,0.9439821,0.9331744,0.91496885,0.94650304,0.9372236,0.9410766,0.95817745,0.94346154,0.91237974,0.9266896,0.90818226,0.9005912,0.8616924,0.9219715,0.9375491,0.9450211,0.95532864,0.94660705,0.950772,0.9227294,0.94375336,0.94512635,0.9050517,0.96176344,0.92079186,0.952313,0.9385362,0.95817745,0.9075698,0.9375419,0.9540265,0.9221807,0.9540548,0.9400476,0.9565199,0.9144685,0.94239956,0.9510878,0.9295392,0.9632228,0.93642044,0.9520042,0.9552334,0.9726648,0.9305777,0.92451555,0.9462914,0.769967,0.94551986,0.8587156,0.94332314,0.9469975,0.95588034,0.91422695,0.94427234,0.9461758,0.9161224,0.9408132,0.9403075,0.91374016,0.945513,0.9407149,0.9472202,0.9318934,0.95801455,0.90601546,0.9431208,0.92133194,0.9625202,0.91868514,0.9417427,0.94834566,0.9392242,0.9486606,0.93871236,0.9511804,0.9743622,0.9494653,0.90967226,0.9426236,0.9256435,0.9543654,0.940333,0.9429367,0.9671671,0.9337929,0.94009715,0.9687081,0.9356406,0.8874134,0.9206596,0.9487332,0.94436604,0.9439336,0.94518745,0.9375649,0.9743622,0.9563175,0.95481205,0.93956536,0.94615376
arcticmovie,0.9600012,0.9172223,0.94131184,0.95851403,0.9402217,0.92649615,0.95337147,0.935675,0.9741208,0.9552314,0.95367604,0.9473173,0.9570841,0.9581307,0.96091217,0.94668645,1.0000001,0.94802326,0.95227784,0.91998625,0.9566479,0.9451148,0.94643694,0.95852935,0.9339672,0.63004357,0.9334615,0.9607573,0.9418648,0.9411839,0.9461417,0.93198144,0.9270347,0.9324885,0.9153907,0.91154903,0.95013,0.9497248,0.9429251,0.9260745,0.90811896,0.9357879,0.9093836,0.94640326,0.9458493,0.9273653,0.9485634,0.9412623,0.9451483,0.9481515,0.95119315,0.95934,0.9478483,0.9560421,0.94402504,0.9339176,0.9529167,0.9473779,0.96018314,0.9591341,0.92476815,0.9386928,0.9356844,0.9561987,0.94947505,0.9213511,0.9379995,0.9463603,0.955571,0.92549694,0.9629733,0.95175904,0.88497776,0.9544564,0.9068832,0.9244732,0.81204575,0.93186927,0.9194938,0.93713266,0.9446844,0.9596269,0.9496048,0.9444715,0.9330297,0.95257735,0.91151893,0.95989895,0.9293133,0.960204,0.9335594,0.9629733,0.9345548,0.9508739,0.9400481,0.9607566,0.92870164,0.93610597,0.9519301,0.9059314,0.93828666,0.94533616,0.9122144,0.9598721,0.93517447,0.95372003,0.953375,0.94291544,0.8888942,0.9188636,0.9749246,0.73507714,0.94598716,0.88039905,0.96096766,0.94159704,0.963495,0.9355588,0.9486197,0.95375824,0.9198924,0.94966024,0.96379393,0.9078832,0.9530636,0.9507457,0.9540707,0.9392872,0.9229807,0.9020239,0.95178664,0.9033743,0.9666317,0.95029455,0.94095904,0.9369558,0.9527932,0.94766873,0.9501112,0.9394863,0.9741208,0.9458205,0.9315037,0.9338357,0.9202045,0.95364165,0.958371,0.9457652,0.94374126,0.9442047,0.9270317,0.9421651,0.94584066,0.9167962,0.91832864,0.962501,0.94041264,0.9521325,0.95794964,0.93984187,0.9741208,0.9259906,0.9549581,0.9519368,0.92998093
artofracingmovie,0.9392755,0.920416,0.9565918,0.9210252,0.96361774,0.94788903,0.94634014,0.9431256,0.97217965,0.957119,0.94232625,0.93852377,0.9604856,0.9558676,0.95653677,0.95766836,0.94802326,1.0000001,0.9177173,0.90964663,0.9504861,0.94737875,0.96927154,0.95398957,0.9206344,0.60394615,0.95921063,0.9482878,0.9442344,0.9150783,0.9410158,0.94176704,0.9225217,0.9329291,0.9250272,0.9189467,0.9608105,0.93175375,0.9471225,0.94743824,0.93209696,0.94009495,0.942453,0.9372987,0.9449504,0.92842346,0.96962386,0.93277967,0.9395223,0.9380443,0.9551821,0.9599298,0.93288434,0.9528128,0.9336868,0.96439135,0.95733106,0.9569658,0.94807315,0.9615142,0.9577597,0.9363335,0.9362929,0.96456563,0.9420369,0.9178475,0.9169927,0.94260305,0.9268905,0.95330477,0.9632321,0.92369676,0.92646104,0.9295054,0.91687274,0.93721956,0.864518,0.9448989,0.9219633,0.9561581,0.9434929,0.937691,0.9568002,0.9246181,0.9427489,0.9550708,0.8860538,0.95388025,0.9134372,0.94112223,0.9263048,0.9632321,0.8904685,0.9281574,0.9525915,0.9454901,0.96324146,0.9420839,0.9384684,0.94979787,0.9476144,0.95666635,0.92100745,0.96525186,0.9419334,0.9598334,0.95813715,0.95652246,0.92308116,0.88811314,0.945643,0.7394763,0.9492991,0.87898606,0.9511256,0.9488887,0.96318465,0.9154076,0.94274455,0.94943935,0.9289468,0.93718594,0.94496036,0.9323591,0.9655685,0.94283974,0.93764335,0.9351659,0.9610772,0.8944713,0.93967324,0.9393916,0.95430195,0.91933286,0.9501041,0.9190526,0.93705904,0.946134,0.9528161,0.9751187,0.97217965,0.95269823,0.9213965,0.9616609,0.94028693,0.95691735,0.9538525,0.9457373,0.9632509,0.93805146,0.9368217,0.95051324,0.9588701,0.8599845,0.9109166,0.96006465,0.9349845,0.9590522,0.9482848,0.9380283,0.97217965,0.9560268,0.9490804,0.9574799,0.943303
avengers,0.9809227,0.8774806,0.9380142,0.9458775,0.918109,0.90439427,0.94109184,0.9247346,0.96427864,0.93837506,0.9510458,0.9344017,0.93277144,0.9449436,0.951617,0.9235028,0.95227784,0.9177173,0.99999994,0.9250176,0.9410109,0.94718117,0.938152,0.9410375,0.93063074,0.70569414,0.91548276,0.9457466,0.9436898,0.9315562,0.9713925,0.93934083,0.92319816,0.948608,0.8891975,0.8904656,0.9422015,0.9563835,0.93599874,0.9249962,0.90254235,0.93402416,0.90353453,0.9323616,0.9383198,0.951984,0.93801206,0.9340211,0.93879986,0.93666595,0.9625839,0.9503794,0.9241374,0.9324169,0.9246093,0.9137375,0.9372715,0.94782025,0.95344913,0.9504941,0.9057735,0.94275516,0.92004496,0.93492514,0.92300993,0.91710526,0.9082469,0.9404625,0.950197,0.9109863,0.9532637,0.9372287,0.88299406,0.948307,0.89767253,0.94063526,0.83963233,0.9452851,0.9288197,0.91575015,0.933496,0.96966445,0.92766595,0.9041983,0.94407827,0.91081184,0.9291464,0.93749124,0.9347817,0.9446948,0.9445527,0.9532637,0.9420652,0.9515427,0.9478159,0.9603727,0.92816603,0.9362538,0.931761,0.8940021,0.9538252,0.93464094,0.9231125,0.9469428,0.9147388,0.9550116,0.9496172,0.93004215,0.86453134,0.9221732,0.94453526,0.7742847,0.9425861,0.882635,0.9318018,0.95300734,0.96457946,0.9332255,0.93547165,0.9352704,0.9026234,0.94342214,0.9439025,0.89208305,0.9458574,0.9406623,0.933111,0.95888156,0.915154,0.9088064,0.9487172,0.88159525,0.95484096,0.90738267,0.94252026,0.9361467,0.93318653,0.92652935,0.94428325,0.9224338,0.96427864,0.94528896,0.95008564,0.9141877,0.8894387,0.9468461,0.9369666,0.9302431,0.9071373,0.95783776,0.91278195,0.9414057,0.93233037,0.92361397,0.9376622,0.9479532,0.9294138,0.9415454,0.9406099,0.9207298,0.96427864,0.9084275,0.943005,0.9432214,0.94800323
beachbummovie,0.9346617,0.8809902,0.91727847,0.93583083,0.91313195,0.9181086,0.93638563,0.9342865,0.94943404,0.89713717,0.8991784,0.8985305,0.9161248,0.9403236,0.9535415,0.9117551,0.91998625,0.90964663,0.9250176,0.9999998,0.9032802,0.9411462,0.9218091,0.9350309,0.9303053,0.61698276,0.8888841,0.92494553,0.9274443,0.92715573,0.9280632,0.9226261,0.87437505,0.90011543,0.8946311,0.8890808,0.93393713,0.9349957,0.9371957,0.894993,0.8649577,0.92746186,0.90824157,0.9173488,0.9337893,0.92848265,0.93024236,0.9052002,0.8939842,0.92859024,0.9396874,0.9234598,0.88147414,0.9271444,0.8980925,0.9049507,0.91769993,0.9341514,0.91887426,0.9465238,0.88907623,0.9210881,0.93179154,0.92584467,0.88694066,0.9137896,0.90107775,0.90789634,0.9102949,0.9046077,0.9467051,0.92233115,0.88426155,0.91754663,0.8652087,0.9121083,0.83438265,0.91925997,0.9179189,0.9249964,0.90458643,0.9242802,0.9009899,0.9013678,0.92749816,0.92199767,0.87944704,0.9109656,0.9270986,0.9423573,0.9412443,0.9467051,0.9194052,0.94498765,0.9219106,0.95043796,0.9284799,0.9527517,0.9110723,0.8899036,0.9365543,0.93669254,0.9232066,0.9271345,0.92497075,0.9433838,0.93350285,0.9246199,0.87999153,0.92413867,0.9284158,0.7680307,0.9380438,0.8711102,0.9105652,0.9187416,0.93333954,0.900155,0.94482875,0.93511564,0.88628274,0.9136138,0.91458625,0.8810876,0.93374646,0.9306971,0.91826653,0.92622733,0.9066991,0.8365262,0.9085212,0.8869861,0.93094546,0.890158,0.92287636,0.93483895,0.90890336,0.8959643,0.93340015,0.9364474,0.94943404,0.9320237,0.91335374,0.9040893,0.86160576,0.9177078,0.9273945,0.91016203,0.9118586,0.92668766,0.93145674,0.9212692,0.92286706,0.84802085,0.93953466,0.92203707,0.9089365,0.9313338,0.94309264,0.91238105,0.94943404,0.9154727,0.93458235,0.90253764,0.92887056
bernadettefilm,0.9533605,0.9297752,0.97176725,0.96180874,0.961756,0.9152484,0.94865626,0.9464459,0.9780993,0.96116185,0.9576296,0.95309716,0.9544011,0.9621374,0.9562232,0.9548403,0.9566479,0.9504861,0.9410109,0.9032802,0.9999998,0.95498806,0.9519706,0.95572466,0.92356634,0.6478855,0.9450042,0.95168084,0.96793276,0.9431388,0.9344838,0.9482075,0.91417485,0.9522289,0.89919615,0.8673951,0.9607494,0.95454156,0.9574531,0.9652815,0.9249442,0.9487816,0.9498504,0.94922096,0.9713103,0.9376856,0.9500627,0.9479818,0.9442048,0.9546801,0.9652194,0.9817419,0.9197286,0.9511859,0.94390666,0.94081354,0.9612487,0.97461194,0.9640926,0.9585526,0.9398316,0.93071675,0.9495348,0.95935255,0.96183187,0.9315775,0.9348941,0.9671411,0.9491792,0.94397026,0.9618565,0.9460637,0.8899338,0.94209653,0.9112734,0.91046864,0.84577525,0.9487572,0.9263811,0.9401322,0.95323205,0.9483961,0.9478222,0.9247456,0.9522241,0.9391569,0.9230312,0.9522403,0.9433668,0.95689714,0.9270149,0.9618565,0.93268484,0.95265424,0.9603682,0.9497622,0.9481032,0.94972473,0.94905317,0.91867954,0.9544968,0.94017804,0.93468463,0.97020495,0.93801975,0.96247673,0.960271,0.94950604,0.9394941,0.91764164,0.9591493,0.7414485,0.964938,0.8578214,0.9614174,0.95394695,0.9661463,0.9298595,0.9558418,0.95061797,0.90500456,0.96209276,0.9574541,0.91610247,0.9564172,0.95615494,0.9432537,0.95396507,0.9598304,0.92335355,0.9798041,0.9181048,0.96452445,0.9116254,0.9658971,0.9473019,0.9420918,0.9712798,0.9468576,0.94609666,0.9780993,0.9576837,0.93221533,0.9464174,0.93359375,0.9686743,0.935392,0.9481105,0.9392915,0.9433482,0.93541306,0.95682836,0.94798726,0.9075631,0.9401823,0.96768034,0.9462642,0.9508757,0.96165514,0.95363957,0.9780993,0.94939214,0.9478222,0.9464402,0.9447752
