movie,21bridgesmovie,47metersdown,abeautifuldaymovie,abominablemovie,adastramovie,adogsjourneymovie,aftermathmovie,aftermovie,ahiddenlifefilm,alitamovie,amazinggracemov,angelhasfallen,angrybirdsmovie,annabellemovie,annamovie,apollo11movie,arcticdogsmovie,arcticmovie,artofracingmovie,avengers,beachbummovie,bernadettefilm,blackandbluemovie,blackchristmas,blindedbythelightmovie,bombshellmovie,booksmart,breakthroughmovie,brianbanksmovie,brightburnmovie,brittanyrunsmov,captainmarvelofficial,captivestatemovie,catsmovie,charliesangels,childsplaymovie,clarathefilm,coldpursuitmovie,countdown,currentwarmovie,darkwatersmovie,detectivepikachumovie,disneyaladdin,disneyfrozen,disneymaleficent,doctorsleepmovie,dolemiteismyname,dontletgomovie,doramovie,downtonabbey_official,dumbo,escaperoom,everybodyknowsmovie,fastandfuriousmovie,fightingwmyfam,fivefeetapartfilm,fordvferrari,freaksthefilm,geminimanmovie,glassmovie,gloriabellmovie,godzillamovie,goldfinchmovie,goodboysmovie,goodliarmovie,gretafilm,halathemovie,happydeathdaymovie,harrietfilm,hellboymovie,hersmellmovie,highlifemovie,highstrungmovie,honeyboymovie,hotelmumbaifilm,httydragon,hustlemovie,hustlersmovie,isntitromantic,itmovieofficial,jayandsilentbob,johnwickmovie,jojorabbitmovie,jokermovie,judythefilm,jumanjimovie,justmercyfilm,knivesout,lalloronamovie,lastblackmansf,lastchristmasthemovie,latenightmovie,lighthousemovie,lionking,littlethemovie,littlewomenmovie,littlewoodsfilm,longshotmovie,lordsofchaosmovie,lucyintheskyfilm,mamovie2019,marriagestory,meettheaddams,meninblack,midsommarmovie,midwaymovie,missbalamovie,missinglinkfilm,motherlessbklyn,onceinhollywood,onthebasisofsex,overcomermovie,peanutbutterfalcon,petsematarymovie,piercingmovie,playingwithfire,playmobilthemovie,pomsmovie,queenandslim,rambomovie,readyornotfilm,richardjewellfilm,rocketmanmovie,scarystoriesmovie,secretlifeofpets,serenityfilm,shaftmovie,shazammovie,spidermanmovie,spiesindisguise,starwars,stormboymovie,stubermovie,taosdfilm,teenspiritmov,terminator,theaeronautsmov,thebestofenemies,thedeaddontdie,thefarewell,thehighwaymen,thehummingbirdprojectfilm,theintrudermovie,theirishmanfilm,thekitchenmovie,thelegomovie,themustangfilm,thenightingalefilm,theprodigymovie,thesunisalsoastar,theupsidefilm,tolkienmovie,toystory,triplefrontier,uglydolls,uncutgems,underthesilverlake,usmovie,wavesmovie,whatmenwant,wonderparkmovie,wrinklestheclown,xmenmovies,yardiefilm,yesterdaymovie,zombieland
21bridgesmovie,0.99999994,0.93290055,0.9220271,0.86176544,0.9517139,0.7959964,0.9572648,0.9543603,0.969175,0.8908117,0.69394845,0.8985156,0.89759475,0.85248065,0.9439987,0.974586,0.96196884,0.9612641,0.9613275,0.9517914,0.9464323,0.9451955,0.8207703,0.95122385,0.95601135,0.88684136,0.50275475,0.8514377,0.92451215,0.8998931,0.9315278,0.9173728,0.8757872,0.8439969,0.8580174,0.6111881,0.54990685,0.9436501,0.92283416,0.9452521,0.9051688,0.90881324,0.96349883,0.6992382,0.95256186,0.97614986,0.8961208,0.9294223,0.96169215,0.8950798,0.9587812,0.88255113,0.95247746,0.8000504,0.82490766,0.93834513,0.9354577,0.9148661,0.9604479,0.96323574,0.9571331,0.88856816,0.9625293,0.95884496,0.91531706,0.8953216,0.87199163,0.9589028,0.93771267,0.9403875,0.82900566,0.9630953,0.42813352,0.79524976,0.9630776,0.76071024,0.93154216,0.56226486,0.9736977,0.9342324,0.84756684,0.92804915,0.92086864,0.9480216,0.8240491,0.8436644,0.92862284,0.7850954,0.9527686,0.85237885,0.9588584,0.93133765,0.9630953,0.8808081,0.9297124,0.85160303,0.9102838,0.9493217,0.9444885,0.9034053,0.94059175,0.9566482,0.8801484,0.82852226,0.9422879,0.8463477,0.86894697,0.96490717,0.9358749,0.88040864,0.8247857,0.96464914,0.45041743,0.95477855,0.59356105,0.90991193,0.9571355,0.991289,0.7718935,0.95892143,0.9483947,0.9551142,0.96755326,0.95019805,0.8233321,0.9640022,0.94347715,0.9128698,0.7750715,0.88134336,0.47691366,0.95043236,0.9300903,0.9779066,0.8775212,0.9374151,0.9353408,0.95375645,0.93147206,0.94939053,0.9333672,0.969175,0.867724,0.8792029,0.8591975,0.8594629,0.95633495,0.83743066,0.68080336,0.89359933,0.9361671,0.9334206,0.89867574,0.93677884,0.7313401,0.89222664,0.9277125,0.9517301,0.9560521,0.903496,0.94167304,0.969175,0.94821894,0.958864,0.95061046,0.7962244
47metersdown,0.93290055,1.0000001,0.91390306,0.9064537,0.91416276,0.7666255,0.9345575,0.9383338,0.93064064,0.8976629,0.5757245,0.88474137,0.88419086,0.8834322,0.9299664,0.9284347,0.9367301,0.92120576,0.9253425,0.91702783,0.9123908,0.9329337,0.8680728,0.92619324,0.90315765,0.871467,0.56870717,0.89754194,0.8815474,0.905375,0.9222336,0.8854594,0.8898326,0.8118491,0.84903747,0.7583874,0.69334525,0.89024794,0.9219273,0.9229244,0.899465,0.89824283,0.9480396,0.7846279,0.9357067,0.9198606,0.9043223,0.92683923,0.91042864,0.9189543,0.9436477,0.8980221,0.92106366,0.82640356,0.880957,0.92557853,0.8905713,0.8774009,0.9273242,0.9201048,0.93650055,0.8933101,0.91304487,0.90665776,0.8850677,0.8776244,0.8929301,0.92218107,0.92934525,0.9134534,0.8543222,0.9347911,0.45817292,0.8248887,0.9407905,0.88314295,0.94787675,0.6944801,0.9472136,0.92396927,0.8324536,0.8902227,0.9557262,0.9296705,0.90914565,0.88868153,0.90379614,0.8863123,0.92889506,0.8908383,0.89713234,0.8924215,0.9347911,0.87004876,0.91439694,0.86096495,0.8682549,0.94280815,0.9091736,0.92086905,0.9404216,0.9311266,0.8673545,0.86030394,0.94870794,0.903634,0.8923139,0.93175155,0.9034581,0.8312178,0.83655816,0.9257029,0.5097757,0.9104536,0.70316815,0.8756667,0.9394035,0.92894244,0.88412255,0.92550707,0.92221195,0.9093893,0.9283062,0.9198073,0.73873407,0.91744083,0.8878816,0.9365914,0.8113383,0.9023751,0.5560285,0.92375636,0.921124,0.93488973,0.8916918,0.91422606,0.92087835,0.88740087,0.9026286,0.9365394,0.9602969,0.93064064,0.8968372,0.8841025,0.8094423,0.78484774,0.93357766,0.8931214,0.80875003,0.89882797,0.87259924,0.9258396,0.9168694,0.94421417,0.7217477,0.92728436,0.9378891,0.9197112,0.95980364,0.8625659,0.88831544,0.93064064,0.953413,0.90617126,0.9206845,0.8505471
abeautifuldaymovie,0.9220271,0.91390306,0.9999999,0.8254973,0.95129013,0.80120075,0.95267826,0.959849,0.9695482,0.94959265,0.5599977,0.92731756,0.91943496,0.8441214,0.96061707,0.95023847,0.95365804,0.9452811,0.94260156,0.9601516,0.9292853,0.9415596,0.90699524,0.9704841,0.94785553,0.8975036,0.578109,0.8257617,0.88217217,0.98412806,0.9265437,0.95679766,0.86318755,0.76183563,0.878821,0.58610964,0.5017048,0.96336573,0.822529,0.9414416,0.90308774,0.906327,0.9615913,0.8267208,0.9613848,0.940913,0.8358929,0.9649148,0.9285808,0.9286827,0.96282464,0.97147447,0.9633529,0.8906315,0.9060273,0.92129135,0.9316052,0.8181078,0.934565,0.94302016,0.96402,0.8538162,0.8880578,0.93853366,0.9132891,0.9538614,0.86509395,0.9264032,0.94232845,0.94135153,0.7592371,0.96108955,0.3311775,0.70611453,0.9534493,0.76631856,0.8997231,0.4900575,0.92660236,0.93808085,0.8785059,0.8905763,0.90570325,0.9568035,0.784898,0.91511554,0.9133551,0.8149041,0.96814483,0.8725221,0.95337033,0.86422646,0.96108955,0.8488009,0.88451463,0.95568645,0.8819111,0.95214003,0.97685254,0.9113514,0.93780214,0.91372097,0.93001604,0.9342324,0.96506524,0.9141888,0.9683348,0.96155095,0.9150183,0.8548144,0.8209343,0.95291096,0.5893542,0.9108098,0.55620587,0.8829615,0.86330116,0.94289035,0.7424952,0.9346383,0.94274646,0.9469677,0.93063813,0.94812274,0.7093866,0.95145416,0.9526871,0.9364993,0.9015208,0.89444786,0.6454314,0.94568115,0.9640221,0.95368505,0.79139185,0.91699696,0.92385745,0.8551409,0.9311071,0.95758605,0.9216492,0.9695482,0.9214346,0.7881561,0.79706025,0.81174886,0.9532983,0.8172219,0.65655166,0.9005807,0.7983307,0.9339601,0.94829756,0.93100554,0.62114054,0.87346894,0.95491767,0.94694215,0.9074998,0.8474867,0.8888688,0.9695482,0.92549443,0.94408214,0.9677053,0.9042218
abominablemovie,0.86176544,0.9064537,0.8254973,0.9999999,0.8414614,0.68606955,0.8467289,0.88861156,0.84738827,0.8350882,0.5010841,0.8220308,0.8505614,0.91102743,0.85644484,0.88177425,0.8803496,0.8633936,0.87141526,0.85407597,0.87836874,0.85383826,0.81503755,0.85871303,0.83261657,0.8898136,0.6265264,0.94068265,0.82621276,0.8155784,0.86174965,0.8376438,0.8711539,0.68072456,0.85264325,0.7913501,0.7344608,0.78069454,0.88501257,0.8816678,0.87084246,0.90825874,0.893308,0.7927014,0.87956685,0.86860704,0.9246211,0.87080175,0.84413123,0.88239247,0.88772744,0.82407933,0.8381672,0.81162316,0.84690225,0.8843661,0.7957249,0.90023327,0.8887128,0.88310754,0.87137586,0.9157832,0.8863495,0.8517355,0.86971605,0.81405514,0.8903956,0.86903775,0.85677963,0.8280758,0.80829746,0.86275774,0.38739932,0.7972995,0.87131923,0.8573962,0.89652383,0.6874098,0.891174,0.9138163,0.85477465,0.8531218,0.9028435,0.8888708,0.8431282,0.8680857,0.90171295,0.84765345,0.8627502,0.87251675,0.81345564,0.8487182,0.86275774,0.86863,0.83679575,0.77375954,0.89009196,0.88566715,0.82321405,0.9145779,0.9019998,0.8822674,0.8253591,0.77565473,0.8896028,0.85794604,0.8185345,0.85145855,0.88861394,0.7724339,0.85258776,0.8529938,0.4693982,0.8990888,0.7233279,0.84689224,0.8794963,0.8462817,0.84721833,0.86468685,0.832147,0.8510207,0.8770273,0.86589783,0.7296255,0.8625276,0.8228602,0.90034944,0.8009897,0.9101804,0.56004953,0.82343173,0.8568812,0.86971,0.8354343,0.8996015,0.85423505,0.8089787,0.79508364,0.8725157,0.8999634,0.84738827,0.8642028,0.90380496,0.8376668,0.78490525,0.86036116,0.9155757,0.8360861,0.910775,0.8235904,0.8557355,0.88327825,0.9159921,0.66143495,0.876483,0.8712462,0.84576297,0.890531,0.8084192,0.84881335,0.84738827,0.9181945,0.779146,0.85357946,0.8103228
adastramovie,0.9517139,0.91416276,0.95129013,0.8414614,0.99999976,0.76390314,0.97266334,0.97384703,0.98582596,0.937892,0.60525155,0.9388536,0.8827334,0.8634784,0.9656418,0.9609726,0.9427357,0.9675082,0.9837891,0.9536396,0.9124185,0.9411221,0.83081245,0.96947604,0.97132146,0.88170695,0.53403544,0.8574298,0.91945094,0.9291017,0.9352155,0.9556011,0.8843897,0.7683746,0.839656,0.6017244,0.5074685,0.96491957,0.852794,0.95513546,0.92273736,0.926079,0.96109045,0.75996464,0.9475027,0.972611,0.8579019,0.9562929,0.96448755,0.9040276,0.96147525,0.8987751,0.9729891,0.82233155,0.8601495,0.9416951,0.97938025,0.8511949,0.9387489,0.9513262,0.97273284,0.8927621,0.9004261,0.93938965,0.9318993,0.9262735,0.86305463,0.9354306,0.9552292,0.9643717,0.79224175,0.972601,0.3131232,0.7306287,0.9782024,0.76360005,0.91213405,0.4959398,0.9553425,0.93551856,0.85702133,0.93895733,0.91247505,0.9768333,0.81767344,0.8551458,0.93504304,0.7867047,0.9647672,0.8567287,0.97048014,0.87935567,0.972601,0.8632933,0.8796504,0.87129563,0.91873896,0.9507692,0.9767735,0.91436267,0.9506465,0.94893706,0.86868703,0.8451608,0.9478264,0.8675442,0.89033896,0.9847282,0.94659275,0.83540267,0.8421075,0.9857277,0.49166566,0.9192082,0.5383601,0.8487521,0.90023345,0.97029656,0.7568814,0.9792648,0.96417576,0.97540426,0.9519491,0.97071314,0.7464209,0.98060983,0.9537523,0.91768754,0.8190536,0.9277861,0.56299514,0.96789044,0.977584,0.97235745,0.8101186,0.92741334,0.92857724,0.875735,0.9337047,0.96406,0.9358001,0.98582596,0.8554474,0.8603811,0.8533735,0.88774294,0.95667905,0.8117333,0.6814525,0.9042522,0.84569204,0.9295768,0.8956149,0.95599777,0.61002874,0.879603,0.9494324,0.95547664,0.9251188,0.84344333,0.8840658,0.98582596,0.9320316,0.9615431,0.96984357,0.8132246
adogsjourneymovie,0.7959964,0.7666255,0.80120075,0.68606955,0.76390314,1.0000002,0.82247233,0.7897591,0.80564624,0.81199723,0.5668834,0.7590269,0.8399465,0.68615097,0.79572636,0.82856303,0.81823075,0.78682005,0.79048395,0.8518291,0.8285344,0.8370824,0.78987825,0.83212227,0.7886798,0.80313855,0.44762227,0.6747636,0.7049747,0.81776977,0.8195501,0.8289973,0.7476254,0.8065039,0.8074263,0.5060515,0.51135516,0.8079553,0.774882,0.81561613,0.80538,0.689197,0.81099796,0.777314,0.8351201,0.78583026,0.7511503,0.8062778,0.7638263,0.7872765,0.81549656,0.80779564,0.8155054,0.87741244,0.78947145,0.79207134,0.7854869,0.7796539,0.8144,0.7621169,0.79804975,0.64634955,0.7627586,0.79951817,0.7169832,0.819558,0.71579343,0.7700223,0.83186305,0.780187,0.665081,0.80014753,0.50136876,0.7462969,0.77900004,0.68137354,0.7102049,0.5133782,0.7803936,0.77618384,0.79516125,0.7002155,0.81762904,0.73284984,0.6717566,0.8248182,0.76653737,0.761385,0.8207325,0.7999745,0.8045425,0.7749635,0.80014753,0.8413882,0.8143074,0.8345926,0.7246126,0.81035435,0.8029802,0.78169745,0.80603474,0.80534476,0.8481531,0.8119507,0.8251259,0.8181729,0.8052588,0.78533137,0.7093454,0.79905325,0.67856747,0.7557566,0.6868753,0.81916994,0.5734171,0.84517485,0.7763942,0.7984499,0.6434662,0.7514179,0.8080435,0.7235463,0.8271521,0.76064456,0.8381223,0.78751266,0.771638,0.8737057,0.76479304,0.71588236,0.691827,0.78062063,0.7679288,0.7762318,0.78475076,0.78444105,0.82897997,0.71529764,0.8456843,0.81661284,0.798033,0.80564624,0.8039625,0.65760106,0.5906022,0.58657837,0.85091114,0.79838485,0.55635256,0.7165788,0.7731714,0.8696921,0.8081057,0.75341415,0.72337526,0.7843941,0.7794808,0.8528985,0.80560493,0.75136936,0.82867104,0.80564624,0.81836486,0.7905301,0.82409024,0.7840857
aftermathmovie,0.9572648,0.9345575,0.95267826,0.8467289,0.97266334,0.82247233,0.9999998,0.9718676,0.9889129,0.92604065,0.6124084,0.9384757,0.8959852,0.8386246,0.9738586,0.9714382,0.952222,0.97805727,0.97704417,0.96181047,0.9321142,0.9597562,0.8501996,0.9728886,0.959146,0.8864389,0.5130654,0.8568344,0.9034914,0.93958175,0.9538514,0.9495825,0.8887896,0.8279254,0.8337476,0.62011653,0.5629156,0.97412246,0.8681512,0.966162,0.92528373,0.8995602,0.9639239,0.7950323,0.9556188,0.96743923,0.87532085,0.952621,0.9538058,0.90509456,0.96909,0.9114711,0.9780096,0.8387212,0.88425845,0.9609335,0.962392,0.87242264,0.95435584,0.9488583,0.9824595,0.8696421,0.92338187,0.9418627,0.91775864,0.92349017,0.86770505,0.95543337,0.964433,0.97686666,0.8230174,0.98191947,0.40153232,0.7854949,0.9799152,0.79056567,0.9067257,0.55926186,0.9594681,0.9387374,0.853607,0.9277748,0.9498675,0.96427983,0.834729,0.8719457,0.9323138,0.82383853,0.9660517,0.8654907,0.9719529,0.90913486,0.98191947,0.8870741,0.90467083,0.88968706,0.8920108,0.96921915,0.9768512,0.94038,0.964212,0.9591561,0.88542867,0.8724251,0.96305627,0.8997796,0.9100902,0.9814721,0.9302364,0.8539022,0.83275497,0.98226696,0.5228296,0.9378543,0.5857162,0.8980507,0.92859083,0.97598493,0.782385,0.9727409,0.9929557,0.9562079,0.9649316,0.97226083,0.769898,0.9763471,0.9461759,0.94166577,0.8231989,0.9111871,0.59941113,0.97885096,0.9584683,0.9745773,0.8544271,0.936452,0.9602105,0.8994151,0.95950204,0.9741567,0.95563364,0.9889129,0.8768479,0.86016655,0.832787,0.8560982,0.96920544,0.84301025,0.6869825,0.89055026,0.8737747,0.9765078,0.9012867,0.9552255,0.6938365,0.9019577,0.96254754,0.9586237,0.9471645,0.871157,0.91231525,0.9889129,0.93392605,0.970527,0.9695105,0.8402536
aftermovie,0.9543603,0.9383338,0.959849,0.88861156,0.97384703,0.7897591,0.9718676,0.99999994,0.9832819,0.9327458,0.574253,0.9215048,0.9046468,0.89776814,0.9819168,0.96600956,0.95979685,0.9678311,0.9717887,0.9738851,0.92519933,0.95813805,0.85586745,0.97982806,0.96620864,0.90167767,0.5468235,0.8921225,0.91078943,0.93969744,0.95531255,0.96507215,0.91127175,0.7909864,0.86384004,0.6622696,0.57640123,0.9611445,0.8836091,0.97086346,0.9462452,0.9319235,0.97857577,0.81997323,0.966402,0.9702128,0.87765634,0.9732208,0.95758975,0.9302412,0.97868675,0.923855,0.9781696,0.8685742,0.894689,0.9570294,0.9535365,0.88526684,0.95716006,0.96048886,0.9828504,0.9052725,0.92471856,0.9473427,0.93830436,0.93865347,0.87506765,0.958117,0.9701931,0.9600019,0.8227804,0.9830253,0.3560012,0.78044254,0.97727585,0.81567335,0.9289135,0.5618614,0.9629637,0.9551724,0.8746394,0.92519176,0.94535875,0.9761006,0.8508327,0.8999026,0.9509279,0.847808,0.9794564,0.8987414,0.9691714,0.89277834,0.9830253,0.8913105,0.9036563,0.89310205,0.8996696,0.97549164,0.9768437,0.94205,0.974535,0.94734454,0.8890709,0.8658854,0.972453,0.91683644,0.92201793,0.98444086,0.9434537,0.84027135,0.87306285,0.9809605,0.5159399,0.947564,0.61846584,0.88977873,0.9107648,0.964865,0.8053051,0.97369766,0.9648222,0.9654255,0.9691004,0.9702061,0.77100027,0.97600514,0.94988126,0.9516702,0.8562734,0.93073964,0.6133567,0.9652697,0.9657212,0.9775309,0.8433874,0.94103324,0.95185244,0.8808711,0.95193344,0.97767276,0.9442835,0.9832819,0.89134324,0.85826355,0.8404064,0.8464471,0.97195035,0.87284875,0.73682547,0.9209882,0.85037017,0.9468961,0.9294149,0.95651686,0.6711789,0.92279327,0.9707232,0.9581032,0.94369996,0.87369627,0.9085174,0.9832819,0.95908636,0.9538721,0.97626674,0.8616734
ahiddenlifefilm,0.969175,0.93064064,0.9695482,0.84738827,0.98582596,0.80564624,0.9889129,0.9832819,0.9999999,0.9323864,0.6239603,0.9352755,0.9013534,0.8526161,0.9800131,0.9793402,0.9641925,0.97684693,0.9823567,0.9708407,0.9343285,0.9661012,0.8478381,0.98278433,0.98354477,0.88399065,0.52401084,0.85316414,0.9217707,0.9531033,0.9536659,0.9589107,0.8824364,0.8222744,0.8559883,0.60697556,0.536433,0.98760426,0.8742441,0.9618114,0.9270999,0.9117808,0.97402614,0.77829957,0.96420753,0.9791062,0.86297435,0.96518934,0.970109,0.9179731,0.9760637,0.92199653,0.9876595,0.84086317,0.87087625,0.95021826,0.97508717,0.8644704,0.9600029,0.9615927,0.9906867,0.8771663,0.92732763,0.951305,0.9265632,0.9412004,0.8660172,0.9662196,0.96783394,0.9755794,0.8083238,0.9914662,0.3779064,0.76887,0.9849348,0.7765496,0.91796213,0.5338943,0.96895283,0.94114476,0.8505238,0.9296751,0.9333667,0.97504574,0.83087015,0.87199044,0.94213796,0.80700564,0.98029435,0.8705879,0.9883413,0.90373844,0.9914662,0.8709204,0.9049643,0.89440763,0.9059544,0.97128916,0.9891916,0.9230555,0.9616476,0.95496255,0.89026463,0.86947227,0.9675323,0.89056116,0.91711897,0.9941724,0.93836504,0.86136323,0.8341558,0.9925834,0.50392866,0.94009775,0.5723048,0.89364827,0.91264266,0.9862474,0.77068466,0.98089266,0.9846944,0.97604734,0.97291344,0.9744893,0.7718704,0.9865857,0.96177125,0.94035816,0.8287269,0.9069208,0.57478434,0.9855365,0.9695976,0.98353326,0.8403042,0.9375474,0.9572537,0.9077266,0.96110547,0.98043954,0.9434495,0.9999999,0.8798844,0.8503427,0.8404222,0.8669297,0.9760456,0.8339602,0.6796625,0.89702374,0.8662759,0.95295894,0.9098065,0.9554236,0.6768825,0.90215766,0.9645775,0.9720271,0.9452316,0.8736912,0.91560185,0.9999999,0.9365285,0.9848297,0.9843477,0.8362723
alitamovie,0.8908117,0.8976629,0.94959265,0.8350882,0.937892,0.81199723,0.92604065,0.9327458,0.9323864,1.0000001,0.51241755,0.9407735,0.9187516,0.8904802,0.9317233,0.9260563,0.9272348,0.9254887,0.9267068,0.9310766,0.91016114,0.90325576,0.9135979,0.9453717,0.9034025,0.9076644,0.5999047,0.8327704,0.8832346,0.9513035,0.8876785,0.9466664,0.89826936,0.71307135,0.8805645,0.6236823,0.5264264,0.91533846,0.8191524,0.9362903,0.91215485,0.9189256,0.941991,0.84108984,0.943645,0.921046,0.8478692,0.9446124,0.91326636,0.90507865,0.9409691,0.95049006,0.9306389,0.90746015,0.9377584,0.9015683,0.9109716,0.81709254,0.92065185,0.9122673,0.9274994,0.88166785,0.8549366,0.9217494,0.9128368,0.93850356,0.88017875,0.87978727,0.9268905,0.91055006,0.76017445,0.9197312,0.28122467,0.7002209,0.9457553,0.79255337,0.88718724,0.487687,0.9149897,0.9385155,0.91908526,0.91623104,0.91700864,0.93605775,0.80023265,0.9342582,0.91521305,0.83310014,0.9406925,0.89342487,0.8935219,0.8177273,0.9197312,0.90242183,0.8676475,0.94510204,0.91654015,0.93989944,0.9385297,0.91126406,0.9358542,0.909387,0.94362754,0.9179596,0.949116,0.9227646,0.94011116,0.9182663,0.9112385,0.82151455,0.86617947,0.91261506,0.6136052,0.8863235,0.55437624,0.8317236,0.8611604,0.90816885,0.77328426,0.9200153,0.90327626,0.916359,0.9014415,0.9142272,0.70664805,0.9273624,0.92336017,0.9334473,0.91917646,0.91615003,0.674378,0.9078294,0.9616571,0.9268165,0.7908711,0.9160909,0.87804705,0.7888548,0.89615524,0.9229154,0.9289508,0.9323864,0.90466136,0.79540014,0.83463174,0.8187322,0.9274514,0.83744776,0.7009345,0.9126289,0.77805114,0.9251341,0.9403765,0.9237012,0.5572799,0.838662,0.927335,0.9249884,0.88655376,0.8091125,0.8379857,0.9323864,0.92998123,0.8947594,0.9381729,0.9105454
amazinggracemov,0.69394845,0.5757245,0.5599977,0.5010841,0.60525155,0.5668834,0.6124084,0.574253,0.6239603,0.51241755,1.0000001,0.5856914,0.66692877,0.43017277,0.5564201,0.67241746,0.6350007,0.62775034,0.6188885,0.5931989,0.64852744,0.60270715,0.53075033,0.56700945,0.6475159,0.56163514,0.2722731,0.5263926,0.7028454,0.5760497,0.5896551,0.5484689,0.4379196,0.71008414,0.5496559,0.21266511,0.25322676,0.59143335,0.5822246,0.5568987,0.5250369,0.5401811,0.5684486,0.30670637,0.56843436,0.63327545,0.618276,0.5179429,0.6137902,0.49673754,0.57258064,0.54505056,0.5720501,0.414689,0.4196962,0.61203825,0.62595457,0.6077686,0.6136543,0.6256155,0.5724143,0.546914,0.70682603,0.61284244,0.56048685,0.49133226,0.5763469,0.61127776,0.56070983,0.6346564,0.5379648,0.578856,0.6541191,0.541242,0.590817,0.35509098,0.59435445,0.29358637,0.6703643,0.59027463,0.52159435,0.61829156,0.56172466,0.5917838,0.45517424,0.48869917,0.6152549,0.34864485,0.5704417,0.41653717,0.63188803,0.7162749,0.578856,0.48637936,0.6129672,0.502216,0.644304,0.5597362,0.58723736,0.5066136,0.51290053,0.6593915,0.5160141,0.5343134,0.55185145,0.42420962,0.5267648,0.60846263,0.61119694,0.74240994,0.4026839,0.6278635,0.3632881,0.61547065,0.3082756,0.6125684,0.66022766,0.6735296,0.36006,0.61590606,0.6138903,0.6178219,0.6184291,0.60857236,0.7373664,0.60376906,0.6145918,0.51575875,0.41570574,0.44914275,0.1634054,0.61052126,0.573651,0.6375857,0.5722691,0.5863545,0.59692293,0.71529394,0.6019513,0.5494295,0.5906819,0.6239603,0.5529706,0.6254982,0.6636638,0.65913516,0.5922644,0.4625947,0.24927777,0.5090559,0.78874487,0.58706737,0.49733466,0.6102136,0.69522107,0.4955068,0.5285593,0.58840626,0.6077214,0.6624417,0.6415132,0.6239603,0.58550316,0.6601873,0.582131,0.45504856
angelhasfallen,0.8985156,0.88474137,0.92731756,0.8220308,0.9388536,0.7590269,0.9384757,0.9215048,0.9352755,0.9407735,0.5856914,1.0000001,0.8849731,0.8409987,0.93118083,0.9264096,0.913356,0.94384587,0.9412075,0.9171737,0.91536087,0.90109164,0.88220066,0.93155736,0.90733105,0.9070934,0.6114555,0.82593125,0.8899604,0.9293778,0.9038005,0.9211822,0.8833998,0.72602254,0.8014376,0.5886269,0.51362264,0.9115337,0.78729844,0.92759484,0.89267766,0.9256647,0.92520154,0.7902206,0.92425233,0.93772286,0.84047544,0.92204607,0.8998406,0.88400435,0.93328416,0.9074697,0.9280366,0.84031045,0.89512444,0.9211199,0.9285333,0.8060297,0.905982,0.92371017,0.925149,0.8726653,0.8882382,0.92908055,0.935938,0.8976218,0.9126163,0.8772304,0.93271697,0.95065224,0.819071,0.9236276,0.3406377,0.7411168,0.94523466,0.7765831,0.8843897,0.4944519,0.9239176,0.9308201,0.8776375,0.93074006,0.90618753,0.94376546,0.7838531,0.879185,0.9021612,0.78406996,0.91666496,0.81365925,0.9047172,0.8617517,0.9236276,0.8546244,0.8524037,0.87458926,0.9187279,0.9292578,0.9400352,0.90908813,0.92130023,0.9262624,0.8748881,0.86452436,0.92734426,0.86225766,0.9018028,0.9213359,0.93051374,0.8543215,0.8669804,0.9295529,0.61288553,0.8862572,0.5507039,0.81761914,0.8856959,0.9140104,0.743256,0.9290421,0.9164656,0.9406253,0.890146,0.93646574,0.69693476,0.9320291,0.93450737,0.8945782,0.8459481,0.9133294,0.631024,0.9197666,0.9522472,0.9298906,0.7781953,0.9088805,0.89866704,0.8135188,0.90463763,0.92455703,0.9293256,0.9352755,0.8689663,0.8224131,0.86574626,0.89739615,0.92204314,0.8350401,0.66501325,0.9135029,0.81588477,0.920313,0.895994,0.9401816,0.6231267,0.82567406,0.9259595,0.9044303,0.8934398,0.80125266,0.82418257,0.9352755,0.90816796,0.9027408,0.92327213,0.8385895
angrybirdsmovie,0.89759475,0.88419086,0.91943496,0.8505614,0.8827334,0.8399465,0.8959852,0.9046468,0.9013534,0.9187516,0.66692877,0.8849731,0.99999976,0.8378198,0.8944713,0.9329842,0.94866556,0.90304726,0.9033616,0.91355264,0.9365827,0.89312977,0.9373383,0.9099696,0.89105374,0.90110606,0.5528434,0.83798647,0.8640862,0.92866385,0.89562726,0.89741576,0.8266853,0.78515315,0.89308393,0.58871436,0.54403305,0.8672735,0.8331133,0.90416473,0.8669567,0.88520426,0.90603364,0.8012147,0.9139319,0.8973024,0.89689714,0.8977712,0.8877214,0.8875641,0.9092693,0.94377804,0.8821248,0.87773556,0.8941845,0.8914068,0.86730134,0.86644626,0.9037532,0.892903,0.8897689,0.8651707,0.90456355,0.91304034,0.88781816,0.86791104,0.85506207,0.87556565,0.8859713,0.87302214,0.7666983,0.88736504,0.45748058,0.7569404,0.8935018,0.7648867,0.8759003,0.53089464,0.9128642,0.92855906,0.92135715,0.8774918,0.8997011,0.90574944,0.7824777,0.94046336,0.9027971,0.8019042,0.90464437,0.84617853,0.88558376,0.9087828,0.88736504,0.8836303,0.8832307,0.9242631,0.8974969,0.89331603,0.89793456,0.9006936,0.8902507,0.9155295,0.90344113,0.9119659,0.9229259,0.8720206,0.9321539,0.8859682,0.89642715,0.92396003,0.787239,0.8778778,0.65021425,0.90606135,0.58633804,0.8934834,0.8740812,0.89800566,0.7493416,0.88580185,0.8802727,0.8832972,0.89675456,0.89042544,0.8294414,0.88596797,0.8921282,0.9031219,0.90385234,0.84514177,0.63104,0.87416226,0.8961755,0.90020555,0.8169057,0.8942545,0.8908053,0.85316133,0.87729317,0.8928295,0.9057989,0.9013534,0.93304974,0.8217338,0.8369918,0.805128,0.9033404,0.83731824,0.65050447,0.875673,0.86693865,0.9105104,0.915641,0.91182905,0.6848612,0.8514567,0.8836465,0.89716864,0.89206165,0.8603107,0.8848481,0.9013534,0.92164266,0.8739241,0.8975657,0.8980268
annabellemovie,0.85248065,0.8834322,0.8441214,0.91102743,0.8634784,0.68615097,0.8386246,0.89776814,0.8526161,0.8904802,0.43017277,0.8409987,0.8378198,1.0000001,0.8799523,0.8551484,0.874212,0.85141134,0.85727036,0.85746276,0.8376922,0.8442445,0.8183032,0.8833984,0.8403243,0.86877567,0.68643457,0.91280305,0.8240798,0.82962596,0.84607404,0.8678568,0.9181238,0.6743018,0.81143165,0.7779922,0.66999793,0.8039992,0.86310226,0.90407664,0.9069101,0.9262295,0.8918367,0.7948107,0.876528,0.86610013,0.8344669,0.8978209,0.85798705,0.9087442,0.8798821,0.8517833,0.8628732,0.8337136,0.86959493,0.86235434,0.8204264,0.85105485,0.8891639,0.87355995,0.8740038,0.92755365,0.84491307,0.87212664,0.90966237,0.8674296,0.86535704,0.8473326,0.8863087,0.8266168,0.81372464,0.87224627,0.32810587,0.75088835,0.8800125,0.8648044,0.90261304,0.6244743,0.88055867,0.9006479,0.8659738,0.8803286,0.9023655,0.90039515,0.8693534,0.8877083,0.89067644,0.8698938,0.90629905,0.88113725,0.8214324,0.77127475,0.87224627,0.8745326,0.8511155,0.81452185,0.8715432,0.8992713,0.8449415,0.91755086,0.90953577,0.8474545,0.85996747,0.7910663,0.90675455,0.87422895,0.8415919,0.85332227,0.90218115,0.73644125,0.9311316,0.850817,0.48658082,0.8685128,0.69914806,0.8002363,0.8495275,0.8398095,0.8693663,0.87773,0.82019025,0.8625042,0.8672393,0.85485333,0.7134941,0.8725542,0.85339165,0.8974663,0.8470139,0.9047886,0.5731426,0.8384533,0.8788776,0.8678863,0.7549796,0.89170915,0.8292803,0.75293773,0.846347,0.8870961,0.8862408,0.8526161,0.846787,0.8059295,0.8389076,0.782588,0.8740861,0.8881733,0.8397736,0.94329596,0.75580883,0.84960884,0.8922569,0.88640946,0.6062648,0.87021035,0.9053894,0.854066,0.8879134,0.80287933,0.8171254,0.8526161,0.9237278,0.7965703,0.87697214,0.8330453
annamovie,0.9439987,0.9299664,0.96061707,0.85644484,0.9656418,0.79572636,0.9738586,0.9819168,0.9800131,0.9317233,0.5564201,0.93118083,0.8944713,0.8799523,1.0000002,0.96170986,0.9618056,0.9532669,0.9668878,0.956792,0.9259906,0.96570283,0.8589053,0.980147,0.9556574,0.89888567,0.54459614,0.86015666,0.8955354,0.9396087,0.9327913,0.9489462,0.9130142,0.80497974,0.8364193,0.6183092,0.5396403,0.9669626,0.86653185,0.96500385,0.9482883,0.9249155,0.96390665,0.81604797,0.9577487,0.97264934,0.8525028,0.9753891,0.94886214,0.9095112,0.9681073,0.9286919,0.9787217,0.857545,0.8922078,0.95325416,0.94859034,0.861951,0.95318717,0.95620257,0.9711358,0.89796066,0.9139862,0.9584811,0.94731337,0.9420434,0.87951213,0.947694,0.97243124,0.9577979,0.8076521,0.9761782,0.34860945,0.7700657,0.9701442,0.79444706,0.9199382,0.5250495,0.9481338,0.9441514,0.8691804,0.92948294,0.9315854,0.96852523,0.82361996,0.9036699,0.9381309,0.834585,0.9731287,0.87666816,0.96145546,0.88354754,0.9761782,0.8954115,0.9126061,0.90387225,0.8844694,0.97097546,0.97117615,0.9349969,0.97049844,0.9353113,0.8915778,0.87329715,0.97233266,0.9243028,0.9266929,0.9810675,0.945312,0.8551598,0.878283,0.9764859,0.5106358,0.9493107,0.5766054,0.90024775,0.8960478,0.95492834,0.78488356,0.9667249,0.9681371,0.9581533,0.9692008,0.97434014,0.754712,0.96920353,0.95347345,0.94242334,0.8549526,0.917376,0.6124064,0.9724384,0.9655005,0.9656276,0.80897206,0.9427287,0.9351697,0.8748601,0.9503529,0.97323436,0.94092876,0.9800131,0.89871544,0.82050985,0.8308801,0.8338956,0.97257346,0.85416675,0.6953909,0.91863513,0.8379075,0.95202327,0.9214867,0.9583584,0.68095064,0.89858985,0.96435875,0.9594395,0.93917465,0.8719307,0.90996045,0.9800131,0.93736374,0.9603777,0.9761698,0.8660367
apollo11movie,0.974586,0.9284347,0.95023847,0.88177425,0.9609726,0.82856303,0.9714382,0.96600956,0.9793402,0.9260563,0.67241746,0.9264096,0.9329842,0.8551484,0.96170986,0.99999994,0.97113335,0.96778107,0.97184855,0.9616214,0.971785,0.95558715,0.875861,0.96419716,0.9593253,0.9140672,0.5313803,0.85651743,0.9185956,0.93926376,0.94243413,0.9399272,0.8673501,0.8286206,0.88539,0.6076583,0.55247974,0.95687175,0.8934417,0.9544293,0.9157466,0.9174425,0.9673481,0.7738745,0.96426076,0.9817516,0.905721,0.9479556,0.9562819,0.9148507,0.9692078,0.9237457,0.96156967,0.8551411,0.8706079,0.9520136,0.94912285,0.8968177,0.9625547,0.96377414,0.96708244,0.88817394,0.9564342,0.96114016,0.92395043,0.91030866,0.8838982,0.9582282,0.9494064,0.9536619,0.81605244,0.96687526,0.4101917,0.7949207,0.9701968,0.7743337,0.9252557,0.5521397,0.97395223,0.9491141,0.8859337,0.9241951,0.93270767,0.9596213,0.8183112,0.8937783,0.9469543,0.80644,0.96574193,0.8630099,0.9640106,0.9327144,0.96687526,0.8917062,0.91041416,0.89547336,0.9375471,0.95801735,0.9640826,0.927266,0.9499739,0.9621491,0.9030521,0.871843,0.9605998,0.88768125,0.91504043,0.97231007,0.9375595,0.90031123,0.8307354,0.9702399,0.5213263,0.9597575,0.5807544,0.92105705,0.9271321,0.97970766,0.7627016,0.95537305,0.96246105,0.95935404,0.9742232,0.96512884,0.8063461,0.97206867,0.94390094,0.94050044,0.8344829,0.90648687,0.5726506,0.95613706,0.9540228,0.97569096,0.8608083,0.9474908,0.9451623,0.9256052,0.9350009,0.9595803,0.94386977,0.9793402,0.91077054,0.87194705,0.85391116,0.86301064,0.9658205,0.8544626,0.6731355,0.9010582,0.91445434,0.9514569,0.92626554,0.9588398,0.7134773,0.88959384,0.93868697,0.9648578,0.9471846,0.8852979,0.9308352,0.9793402,0.94456667,0.95692194,0.9631219,0.84808064
arcticdogsmovie,0.96196884,0.9367301,0.95365804,0.8803496,0.9427357,0.81823075,0.952222,0.95979685,0.9641925,0.9272348,0.6350007,0.913356,0.94866556,0.874212,0.9618056,0.97113335,0.9999998,0.9517652,0.96261525,0.95193803,0.95469457,0.95656693,0.8886319,0.95946467,0.94453055,0.91037905,0.5534225,0.8596512,0.89333165,0.94266075,0.94546247,0.9307701,0.8915572,0.82482636,0.8800561,0.63769305,0.5782974,0.9330327,0.9106803,0.95218235,0.92739856,0.9199818,0.96726185,0.8050055,0.968333,0.96071,0.8932822,0.94877064,0.9425291,0.9226297,0.9698039,0.94159174,0.95435137,0.8661749,0.8873862,0.9325838,0.9256176,0.89071065,0.95651186,0.95213103,0.9520838,0.8917895,0.93736434,0.9625249,0.92949706,0.93053114,0.88854986,0.95417154,0.9525269,0.9401375,0.8379166,0.9571905,0.42985854,0.8104336,0.95451826,0.8038584,0.9212325,0.570768,0.96159375,0.95053893,0.9023214,0.92572075,0.9285047,0.9566866,0.82976043,0.919073,0.94669694,0.8352784,0.9566989,0.8876888,0.9489211,0.9311905,0.9571905,0.9059262,0.9392773,0.90826195,0.8978159,0.95604587,0.95428914,0.9325543,0.95636743,0.9397217,0.90015554,0.89381707,0.96344024,0.90854794,0.93201977,0.96230423,0.9392403,0.91503584,0.8416585,0.95061517,0.54872966,0.95449466,0.62283725,0.9288296,0.9230719,0.9628584,0.79451865,0.94612837,0.9477226,0.9499056,0.9598298,0.945361,0.7959075,0.9512999,0.9449201,0.9438005,0.8667495,0.8884304,0.5940931,0.9436869,0.95003617,0.95912623,0.8696708,0.94423205,0.94525695,0.92627335,0.9313284,0.95362836,0.94597423,0.9641925,0.9238839,0.839561,0.843976,0.827154,0.96836233,0.8771133,0.70662564,0.9167568,0.88171744,0.9486452,0.93786985,0.9496547,0.71568745,0.90225637,0.9362986,0.9543616,0.95035344,0.9009333,0.9334172,0.9641925,0.95468503,0.9456562,0.9532451,0.8755587
arcticmovie,0.9612641,0.92120576,0.9452811,0.8633936,0.9675082,0.78682005,0.97805727,0.9678311,0.97684693,0.9254887,0.62775034,0.94384587,0.90304726,0.85141134,0.9532669,0.96778107,0.9517652,1.0000004,0.9696507,0.9544959,0.9329842,0.94756305,0.85324484,0.9674764,0.95070225,0.89659876,0.5144709,0.8601559,0.9400867,0.9283761,0.9511408,0.9557394,0.8920183,0.8052158,0.85559416,0.5929438,0.5252578,0.9490007,0.8553896,0.96327275,0.92357844,0.91613704,0.964604,0.77794003,0.9505224,0.9637381,0.8937728,0.94294274,0.95701134,0.916966,0.9653623,0.90413827,0.9737744,0.84086937,0.8702913,0.94933116,0.94864297,0.8907133,0.95656705,0.95977074,0.97244716,0.8964884,0.9463236,0.9402401,0.9230756,0.92568636,0.8630752,0.9399938,0.9584907,0.9680918,0.8072619,0.97096914,0.37405494,0.76206774,0.9740004,0.75641346,0.90204424,0.52257425,0.9588608,0.94321436,0.8766783,0.93763375,0.93556786,0.97063535,0.80870503,0.86717033,0.9542974,0.7805584,0.9628838,0.8630727,0.9614266,0.9250145,0.97096914,0.87631905,0.90813416,0.8730328,0.92143905,0.9648985,0.9717616,0.93598694,0.9513287,0.95634335,0.8815583,0.86200655,0.9511164,0.87552667,0.8990544,0.969592,0.94009817,0.85553014,0.8413835,0.9732217,0.51785195,0.9440996,0.5624556,0.88334125,0.9298218,0.9760644,0.7480081,0.96838903,0.97024804,0.96637785,0.9471272,0.9702746,0.7790746,0.9747306,0.95743465,0.91732085,0.8288062,0.90893507,0.58009803,0.9644776,0.95128024,0.989574,0.8590108,0.94527626,0.95436573,0.8952832,0.9479368,0.9597619,0.9408747,0.97684693,0.87315196,0.87784004,0.8730269,0.89821404,0.96485615,0.83413255,0.66604596,0.89825153,0.8894059,0.95593786,0.9074921,0.953028,0.6747073,0.88185745,0.9534164,0.9447362,0.94039017,0.885773,0.91273737,0.97684693,0.9428067,0.9531544,0.95885044,0.8326584
artofracingmovie,0.9613275,0.9253425,0.94260156,0.87141526,0.9837891,0.79048395,0.97704417,0.9717887,0.9823567,0.9267068,0.6188885,0.9412075,0.9033616,0.85727036,0.9668878,0.97184855,0.96261525,0.9696507,1.0000002,0.95588017,0.9408515,0.9525774,0.8380004,0.96530926,0.9651475,0.89692354,0.52857006,0.8606278,0.9058093,0.9251726,0.9479024,0.94565904,0.8886812,0.7944548,0.8479324,0.62225014,0.546368,0.9549459,0.8895944,0.95926666,0.9255477,0.9306562,0.96397036,0.77386546,0.9559458,0.9769492,0.89518327,0.95151645,0.9603804,0.90737516,0.9693566,0.9005677,0.96659905,0.82997096,0.8729345,0.9545335,0.9710607,0.87993777,0.945913,0.9550896,0.968357,0.8955026,0.9264425,0.94594616,0.93676335,0.91590655,0.8718118,0.94495904,0.9573709,0.96765774,0.82255274,0.97063625,0.37028393,0.78592616,0.9755044,0.78528666,0.9159409,0.5426526,0.9638868,0.9510176,0.8733605,0.9430847,0.9292354,0.97328705,0.8220224,0.8713868,0.9395968,0.81391364,0.95364773,0.8681832,0.9667368,0.9133221,0.97063625,0.8923448,0.9050192,0.86690056,0.9229998,0.9504318,0.9695911,0.9320942,0.9633321,0.9649106,0.87022495,0.84997606,0.9508285,0.879386,0.8933359,0.977978,0.9533761,0.8692458,0.8404935,0.9797145,0.5218375,0.9415978,0.56679916,0.89018637,0.9267867,0.97491854,0.77498025,0.97181094,0.96936166,0.9688082,0.9648664,0.9721402,0.7748944,0.9784224,0.9517987,0.93382084,0.8187377,0.9348995,0.5800839,0.96088046,0.9700829,0.9696702,0.8474193,0.9373906,0.944938,0.90832114,0.93010247,0.9654793,0.9549807,0.9823567,0.86938655,0.88581103,0.85906464,0.8798918,0.9608494,0.84233063,0.70263153,0.9102162,0.8780768,0.9453069,0.9043361,0.96424305,0.6667351,0.8943328,0.9419107,0.95728743,0.9401373,0.8683537,0.9108195,0.9823567,0.94925696,0.9549502,0.9641662,0.8177351
avengers,0.9517914,0.91702783,0.9601516,0.85407597,0.9536396,0.8518291,0.96181047,0.9738851,0.9708407,0.9310766,0.5931989,0.9171737,0.91355264,0.85746276,0.956792,0.9616214,0.95193803,0.9544959,0.95588017,0.99999994,0.9378811,0.9419116,0.87908304,0.9690792,0.95701665,0.9028084,0.5380565,0.8502279,0.8779741,0.95110035,0.9523383,0.9752429,0.8812119,0.7965119,0.8860256,0.63914305,0.5614624,0.95816535,0.8729953,0.9604439,0.9154875,0.9042751,0.9756734,0.8177356,0.96808946,0.9549756,0.8654582,0.9566944,0.93390536,0.916951,0.97274387,0.9290365,0.9605361,0.8849512,0.9026161,0.94008255,0.946977,0.88771886,0.9440296,0.9491105,0.973201,0.86079484,0.9084974,0.9464425,0.9134712,0.9363678,0.86891556,0.9347893,0.9544744,0.9468549,0.8129649,0.9706845,0.38834465,0.7910273,0.96046025,0.8037407,0.904384,0.5571117,0.9451453,0.9369066,0.8777683,0.88659483,0.9338032,0.9468706,0.82161385,0.8946269,0.91834474,0.8518435,0.9648619,0.8990796,0.9615816,0.88458633,0.9706845,0.89578885,0.8916242,0.9172839,0.8766712,0.9635796,0.9719789,0.9177966,0.9517531,0.9378286,0.90901285,0.8813145,0.9688561,0.8985377,0.9260081,0.9616108,0.90608436,0.86484987,0.8280018,0.9554329,0.5903743,0.93175584,0.62985855,0.89813626,0.9082837,0.95453125,0.77666885,0.94377446,0.94869405,0.9386225,0.94713897,0.9444925,0.78095347,0.9585414,0.94447047,0.95334756,0.866818,0.91245294,0.6539713,0.93890053,0.9466853,0.958136,0.8486483,0.9214216,0.94757295,0.87160236,0.9511806,0.9655337,0.9269144,0.9708407,0.90203327,0.81752115,0.7819794,0.8062793,0.96431506,0.87379164,0.70971924,0.89896125,0.8448791,0.94576687,0.93187195,0.9222133,0.6931515,0.91485053,0.9519372,0.9481857,0.93563575,0.8536661,0.9082819,0.9708407,0.95010865,0.9410678,0.96076,0.86549115
beachbummovie,0.9464323,0.9123908,0.9292853,0.87836874,0.9124185,0.8285344,0.9321142,0.92519933,0.9343285,0.91016114,0.64852744,0.91536087,0.9365827,0.8376922,0.9259906,0.971785,0.95469457,0.9329842,0.9408515,0.9378811,1.0000004,0.92699206,0.903877,0.9254595,0.91048825,0.91810095,0.5388428,0.83496976,0.8766191,0.92690235,0.9122937,0.91004455,0.8331391,0.78439415,0.8946139,0.60902625,0.5678305,0.9071608,0.89462715,0.9213555,0.8818124,0.9194292,0.941185,0.7623295,0.9440677,0.9495792,0.91192967,0.91016155,0.92152345,0.89170617,0.9413946,0.92052436,0.91086113,0.85866004,0.87615937,0.9417284,0.9054436,0.90430874,0.93649316,0.9419827,0.92188394,0.8737166,0.93342996,0.9539184,0.9058315,0.8735026,0.89597833,0.920446,0.9029074,0.9190535,0.81926495,0.92062515,0.42449272,0.80441976,0.9321517,0.7766699,0.91978574,0.57234234,0.94419044,0.9324457,0.90373886,0.88543606,0.91488206,0.9268163,0.7843742,0.898691,0.9177634,0.80756193,0.9251091,0.8542282,0.9129166,0.92454106,0.92062515,0.87627023,0.905795,0.89336663,0.9204222,0.92284447,0.92842114,0.9155853,0.9190564,0.94672936,0.91106635,0.8833684,0.9383461,0.8824753,0.9089847,0.9259001,0.9187784,0.9137888,0.80148774,0.92305195,0.5798606,0.95273316,0.6012348,0.9258144,0.9210161,0.9411406,0.75098073,0.8971856,0.91415715,0.9233154,0.9380913,0.92894393,0.7909132,0.9330963,0.9249575,0.9239334,0.8401104,0.89222753,0.5750283,0.90240186,0.9265149,0.9410035,0.84907174,0.9390707,0.90781397,0.91200197,0.8892197,0.91880524,0.9409716,0.9343285,0.9234079,0.8637449,0.8266591,0.819616,0.9292524,0.8584449,0.66891503,0.8978953,0.90544593,0.92343086,0.92628866,0.93960816,0.71728396,0.86400056,0.9033995,0.92376703,0.92947286,0.876378,0.9290403,0.9343285,0.9410658,0.9014066,0.9194382,0.85675323
