movie,21bridgesmovie,47metersdown,abeautifuldaymovie,abominablemovie,adastramovie,adogsjourneymovie,aftermathmovie,aftermovie,ahiddenlifefilm,alitamovie,amazinggracemov,angelhasfallen,angrybirdsmovie,annabellemovie,annamovie,apollo11movie,arcticdogsmovie,arcticmovie,artofracingmovie,avengers,beachbummovie,bernadettefilm,blackandbluemovie,blackchristmas,blindedbythelightmovie,bombshellmovie,booksmart,breakthroughmovie,brianbanksmovie,brightburnmovie,brittanyrunsmov,captainmarvelofficial,captivestatemovie,catsmovie,charliesangels,childsplaymovie,clarathefilm,coldpursuitmovie,countdown,currentwarmovie,darkwatersmovie,detectivepikachumovie,disneyaladdin,disneyfrozen,disneymaleficent,doctorsleepmovie,dolemiteismyname,dontletgomovie,doramovie,downtonabbey_official,dumbo,escaperoom,everybodyknowsmovie,fastandfuriousmovie,fightingwmyfam,fivefeetapartfilm,fordvferrari,freaksthefilm,geminimanmovie,glassmovie,gloriabellmovie,godzillamovie,goldfinchmovie,goodboysmovie,goodliarmovie,gretafilm,halathemovie,happydeathdaymovie,harrietfilm,hellboymovie,hersmellmovie,highlifemovie,highstrungmovie,honeyboymovie,hotelmumbaifilm,httydragon,hustlemovie,hustlersmovie,isntitromantic,itmovieofficial,jayandsilentbob,johnwickmovie,jojorabbitmovie,jokermovie,judythefilm,jumanjimovie,justmercyfilm,knivesout,lalloronamovie,lastblackmansf,lastchristmasthemovie,latenightmovie,lighthousemovie,lionking,littlethemovie,littlewomenmovie,littlewoodsfilm,longshotmovie,lordsofchaosmovie,lucyintheskyfilm,mamovie2019,marriagestory,meettheaddams,meninblack,midsommarmovie,midwaymovie,missbalamovie,missinglinkfilm,motherlessbklyn,onceinhollywood,onthebasisofsex,overcomermovie,peanutbutterfalcon,petsematarymovie,piercingmovie,playingwithfire,playmobilthemovie,pomsmovie,queenandslim,rambomovie,readyornotfilm,richardjewellfilm,rocketmanmovie,scarystoriesmovie,secretlifeofpets,serenityfilm,shaftmovie,shazammovie,spidermanmovie,spiesindisguise,starwars,stormboymovie,stubermovie,taosdfilm,teenspiritmov,terminator,theaeronautsmov,thebestofenemies,thedeaddontdie,thefarewell,thehighwaymen,thehummingbirdprojectfilm,theintrudermovie,theirishmanfilm,thekitchenmovie,thelegomovie,themustangfilm,thenightingalefilm,theprodigymovie,thesunisalsoastar,theupsidefilm,tolkienmovie,toystory,triplefrontier,uglydolls,uncutgems,underthesilverlake,usmovie,wavesmovie,whatmenwant,wonderparkmovie,wrinklestheclown,xmenmovies,yardiefilm,yesterdaymovie,zombieland
21bridgesmovie,1.0,0.9516441,0.96489286,0.94644207,0.96677536,0.94431925,0.9766384,0.963447,0.9791128,0.94639635,0.86705285,0.9483334,0.95276314,0.9594838,0.9526324,0.95274985,0.95135134,0.95894814,0.9492641,0.9753678,0.9429412,0.94421905,0.95804113,0.9474837,0.9726104,0.9527112,0.56084704,0.95768106,0.969212,0.9651415,0.95247024,0.9332927,0.9459023,0.9446041,0.9299549,0.8683939,0.7689614,0.9657864,0.96821856,0.9638555,0.9652934,0.9680898,0.9712351,0.95868224,0.9641929,0.9638924,0.9619483,0.9426365,0.9578092,0.9618037,0.97398514,0.94968015,0.97474855,0.944466,0.9540085,0.9489482,0.9488764,0.97208613,0.9636159,0.9533953,0.96966743,0.9677801,0.97759426,0.96672505,0.9643814,0.97710115,0.9460467,0.9574272,0.9675076,0.94742894,0.93527204,0.97237515,0.4493689,0.88904387,0.9600125,0.9066278,0.9362252,0.8755981,0.9592807,0.9711303,0.9554435,0.94734335,0.9560179,0.96009535,0.93091893,0.94724834,0.95148355,0.9351736,0.9679224,0.9516133,0.9654733,0.9603198,0.97237515,0.9590547,0.9617731,0.95722514,0.94317335,0.95870686,0.94907635,0.9578128,0.94387376,0.95600927,0.9556711,0.9631634,0.97101766,0.9370766,0.9581073,0.972845,0.9653534,0.9494911,0.96643823,0.9705939,0.59019923,0.9683705,0.7607825,0.9484575,0.9691919,0.99261206,0.9231566,0.9601467,0.9633833,0.9664732,0.9567247,0.9581432,0.933898,0.9630843,0.9627403,0.96302396,0.9644194,0.9740858,0.89345425,0.95783216,0.95698494,0.9667411,0.9424641,0.96271396,0.9465508,0.9672774,0.95172757,0.9671274,0.962896,0.9791128,0.9536612,0.9530783,0.96582717,0.95249474,0.9518364,0.9234855,0.8991587,0.97214997,0.976071,0.97337365,0.9636426,0.9677684,0.86392224,0.9585389,0.9585601,0.9519113,0.9604188,0.95070624,0.9540379,0.9791128,0.9557771,0.96085477,0.954171,0.94858867
47metersdown,0.9516441,0.9999997,0.93780386,0.94301564,0.95431036,0.9360887,0.956085,0.9570702,0.97184986,0.9479422,0.89095485,0.9655475,0.9358367,0.9483225,0.9575244,0.9603184,0.95598805,0.957192,0.9609808,0.94852084,0.94650364,0.9424412,0.9503308,0.9486704,0.95978075,0.9454188,0.603092,0.9436914,0.9519692,0.9516497,0.9559419,0.9456805,0.93181854,0.9422598,0.9245163,0.8997408,0.8174559,0.9611873,0.93530804,0.9580377,0.9570209,0.94033074,0.9521538,0.9214276,0.9493275,0.9517152,0.9489869,0.93727237,0.96037763,0.94583714,0.95271194,0.9416632,0.9552165,0.9327433,0.9607917,0.9292472,0.9571121,0.9581233,0.9546793,0.9512133,0.9567383,0.9506252,0.9588669,0.9680088,0.9596138,0.9600022,0.94531596,0.933699,0.9449649,0.93786633,0.94222695,0.96648306,0.36817154,0.91393155,0.96584827,0.91484153,0.9546021,0.88157237,0.94891584,0.95444053,0.9231197,0.9589283,0.945135,0.9615338,0.9468827,0.9297533,0.9321902,0.9528129,0.9630458,0.93369013,0.9532577,0.95895153,0.96648306,0.9401863,0.9575128,0.94782066,0.9549826,0.9616992,0.95475125,0.94921553,0.93809265,0.952267,0.9555971,0.92433983,0.9670491,0.94747204,0.9519521,0.95889413,0.9588633,0.92835504,0.9433731,0.95682263,0.59813905,0.9481867,0.8082067,0.92583054,0.95465857,0.96876836,0.9448544,0.9627798,0.9438307,0.9713554,0.94142264,0.9468398,0.9485411,0.97215176,0.9534422,0.95952433,0.9410108,0.9644376,0.8947699,0.97359943,0.96283776,0.9598348,0.9315426,0.9479362,0.94937587,0.9518562,0.94722414,0.9474763,0.9530794,0.97184986,0.9379906,0.94709074,0.9599798,0.956159,0.9455337,0.94067293,0.9046772,0.96418,0.9485978,0.9482643,0.9378968,0.9545921,0.86186796,0.94420296,0.9586069,0.95402384,0.9542584,0.9419683,0.9357873,0.97184986,0.94454813,0.95290065,0.95895374,0.94647324
abeautifuldaymovie,0.96489286,0.93780386,0.99999994,0.92766327,0.95116496,0.9400805,0.9636644,0.97001344,0.9749674,0.93759996,0.87157774,0.93585116,0.9651597,0.9513723,0.945194,0.94938564,0.95770735,0.95321745,0.9489234,0.9577809,0.948393,0.939202,0.97230446,0.95305425,0.96675783,0.94728136,0.5408955,0.94556874,0.96183634,0.9789717,0.94778246,0.93523914,0.9403768,0.9488395,0.9327497,0.8944291,0.7467455,0.9665827,0.9589717,0.96421605,0.9561649,0.95481235,0.95445156,0.9546565,0.9509766,0.9635648,0.9537928,0.9487001,0.9663943,0.95151705,0.9574909,0.97553843,0.9654712,0.9491528,0.93841773,0.9585369,0.9470293,0.9583818,0.95162207,0.96979815,0.97113746,0.96432126,0.965502,0.95519847,0.9559777,0.96282053,0.9328745,0.95287794,0.9602814,0.9426216,0.9309466,0.97301364,0.43287373,0.90209323,0.95699185,0.9134456,0.9389897,0.8520232,0.9419257,0.96312517,0.9613856,0.94071186,0.9461291,0.9532509,0.9208669,0.9705185,0.95990545,0.9304958,0.9521186,0.94444287,0.9638942,0.9342747,0.97301364,0.9566842,0.95028925,0.9707039,0.9312453,0.95534533,0.9515394,0.9422252,0.93975484,0.9509465,0.94217485,0.97171545,0.9663247,0.93111885,0.9757371,0.9697802,0.95205504,0.9476336,0.95308536,0.97403693,0.5865966,0.9592769,0.7541055,0.9344628,0.9515616,0.96160454,0.92315996,0.9574396,0.9566851,0.95144826,0.9570039,0.9623469,0.9158007,0.9445787,0.9649117,0.95497006,0.9788915,0.9656919,0.88299036,0.94024175,0.9591406,0.9632272,0.9328344,0.9449056,0.94071907,0.9446863,0.93995965,0.970788,0.9540948,0.9749674,0.9702982,0.9310683,0.94206375,0.94279575,0.93127483,0.9260766,0.9281669,0.95770776,0.95925754,0.953049,0.97257876,0.965845,0.8599727,0.9607797,0.9576928,0.9487309,0.9629167,0.9336378,0.9414606,0.9749674,0.9508522,0.9684337,0.95799786,0.96763927
abominablemovie,0.94644207,0.94301564,0.92766327,1.0,0.9567052,0.9409703,0.95287114,0.943894,0.96770227,0.9441132,0.92509663,0.93404174,0.9365003,0.9731102,0.96432847,0.95393,0.94010377,0.9651245,0.9608518,0.9509577,0.92960215,0.93315756,0.9504295,0.9494255,0.9585753,0.92906344,0.55125195,0.9596222,0.9513737,0.9566698,0.94298106,0.9459467,0.96368235,0.9355578,0.9403014,0.9254553,0.81023616,0.9587048,0.94997084,0.95194304,0.9570664,0.95424116,0.95512915,0.9182352,0.9594968,0.94386744,0.9356358,0.9513457,0.93679196,0.9486071,0.95652515,0.95391566,0.9566854,0.9299839,0.933592,0.9303657,0.95297974,0.953206,0.9539658,0.9497632,0.9525317,0.963335,0.9563966,0.95607746,0.9582438,0.95231944,0.9466413,0.920151,0.95962894,0.9247813,0.9433061,0.9615106,0.33133382,0.90502685,0.96214163,0.9402501,0.92709106,0.86774826,0.95768255,0.9430989,0.92962104,0.94781965,0.96019155,0.956775,0.9257399,0.95140815,0.9206767,0.9660131,0.95754135,0.93455327,0.95631826,0.92791957,0.9615106,0.9539522,0.9422661,0.94268006,0.94848615,0.93557525,0.950222,0.9411111,0.9487436,0.9529359,0.9458761,0.93555343,0.9534885,0.9502581,0.9590769,0.96006197,0.95455265,0.9382808,0.95747614,0.95906776,0.55548203,0.9538839,0.8133583,0.94977236,0.95142347,0.95282114,0.94752085,0.95916885,0.9523569,0.94547164,0.95368385,0.9373684,0.9308838,0.9577139,0.9594745,0.9515372,0.94735163,0.9534143,0.917637,0.94333947,0.94110143,0.9662605,0.9292807,0.9519067,0.93722445,0.9477586,0.9577341,0.9484818,0.94765663,0.96770227,0.9546131,0.9551998,0.95716184,0.93935996,0.9594417,0.9466328,0.9198166,0.9449835,0.9373366,0.9523194,0.9236695,0.9492531,0.87301195,0.9492008,0.95221776,0.9399083,0.9388378,0.95905495,0.9594924,0.96770227,0.95486635,0.95234114,0.94552124,0.95780647
adastramovie,0.96677536,0.95431036,0.95116496,0.9567052,0.9999999,0.95568585,0.98112357,0.96274626,0.98576665,0.9708569,0.88970256,0.95987815,0.9680263,0.95375293,0.9683343,0.96732306,0.96491444,0.96672004,0.97916806,0.97259563,0.96528506,0.95236146,0.96978164,0.9597266,0.96787363,0.9390292,0.5967221,0.97050023,0.97128546,0.97442085,0.9526912,0.9617074,0.9551155,0.95813715,0.95175767,0.89490646,0.81783855,0.9759613,0.96316826,0.9684363,0.97470146,0.96165276,0.9542495,0.9345305,0.95019966,0.9689195,0.96554273,0.9560747,0.96964574,0.96156454,0.95268565,0.9668085,0.97886574,0.94501436,0.9663088,0.94357663,0.9677887,0.96918243,0.97304165,0.96768874,0.97340584,0.96286213,0.9713215,0.9677705,0.96743345,0.9815563,0.9455642,0.94874126,0.974559,0.9645877,0.9610955,0.984066,0.39120993,0.9048378,0.9732581,0.93230593,0.9540303,0.8593693,0.96984583,0.9686523,0.95257413,0.9694276,0.97534895,0.97510207,0.94170713,0.95247877,0.95849085,0.95706767,0.9660387,0.97121555,0.9635002,0.9474845,0.984066,0.94245803,0.9742858,0.9752065,0.9567154,0.9564406,0.97519433,0.966006,0.95968753,0.96853006,0.9584119,0.9568097,0.9844447,0.9538793,0.970481,0.9776926,0.96937776,0.963341,0.9691043,0.9758803,0.5992068,0.9723329,0.800644,0.959663,0.97340703,0.97346884,0.9568504,0.9721979,0.97029954,0.9736795,0.95811534,0.9681583,0.94170076,0.97398186,0.98271674,0.9635604,0.9681365,0.9734759,0.9232539,0.9634297,0.97308695,0.9718526,0.9483546,0.97345024,0.9420878,0.9793248,0.9544185,0.9722998,0.96457857,0.98576665,0.9621011,0.9554891,0.9676423,0.9616889,0.9672301,0.9477511,0.9125018,0.965007,0.9609903,0.97533447,0.9381528,0.9575215,0.84762025,0.9637918,0.9729055,0.96130526,0.9726084,0.9677579,0.9677867,0.98576665,0.96267754,0.9702895,0.9691749,0.9631518
adogsjourneymovie,0.94431925,0.9360887,0.9400805,0.9409703,0.95568585,1.0,0.9510065,0.93778646,0.9698963,0.9441557,0.8901047,0.94386244,0.92463493,0.9553203,0.9565966,0.94952625,0.965011,0.96851957,0.95785517,0.936523,0.9303391,0.94637597,0.9469017,0.9826609,0.94671917,0.9413772,0.63390213,0.9574178,0.96270776,0.9519163,0.94179887,0.92658246,0.95024157,0.9358622,0.917318,0.9272147,0.7995205,0.9612557,0.954697,0.94836354,0.96402013,0.9605504,0.9590476,0.9491133,0.95742565,0.94519395,0.9293193,0.97832555,0.92928654,0.9550695,0.9607131,0.9371619,0.9582589,0.9431351,0.95296884,0.92673165,0.96404433,0.95111424,0.9519003,0.9526858,0.9547323,0.9604766,0.9542281,0.95790684,0.9589142,0.96146625,0.93485194,0.9182867,0.9519458,0.9546483,0.9353451,0.966961,0.34437156,0.9455033,0.9563696,0.9497857,0.9256827,0.86214423,0.9609088,0.9471491,0.931383,0.9244042,0.9537594,0.95997655,0.9501246,0.94406027,0.9491048,0.9333314,0.9573153,0.95684355,0.95589954,0.92641824,0.966961,0.96008563,0.9392654,0.937528,0.9427968,0.95905596,0.9559401,0.9485579,0.9547522,0.9626053,0.94135994,0.9299543,0.9602172,0.93200105,0.94497305,0.9615654,0.96809465,0.94431794,0.9573262,0.95540476,0.5937516,0.9430281,0.8082687,0.9541658,0.9667919,0.9588982,0.94762385,0.95547163,0.94065535,0.945935,0.9437545,0.94466114,0.96988297,0.9340395,0.9485543,0.9559536,0.9304385,0.9338929,0.92427826,0.946097,0.9373461,0.97905,0.9509201,0.95043355,0.93330497,0.9429684,0.9303168,0.9543423,0.941955,0.9698963,0.95881915,0.9466169,0.95732063,0.92785376,0.9382861,0.9210285,0.94986415,0.9668238,0.94948786,0.9434344,0.9438346,0.9531462,0.8803918,0.9472771,0.9612492,0.9600231,0.96184886,0.9512226,0.9562864,0.9698963,0.9584495,0.94754666,0.9765778,0.93529606
aftermathmovie,0.9766384,0.956085,0.9636644,0.95287114,0.98112357,0.9510065,1.0000001,0.963571,0.988337,0.9671914,0.890845,0.9607667,0.96653247,0.9548689,0.9610749,0.9685918,0.97014815,0.97108847,0.9773927,0.97920495,0.96050227,0.9553263,0.9638802,0.96178687,0.97910315,0.9545689,0.6161317,0.9639333,0.9700929,0.9707707,0.95793897,0.96242046,0.95678383,0.95506537,0.9459117,0.88627565,0.7844633,0.97122085,0.9601385,0.97152174,0.9689115,0.96477383,0.96987003,0.95106435,0.96198493,0.9677136,0.96694326,0.95875466,0.973069,0.9646105,0.9682684,0.95967704,0.98222554,0.95596635,0.9651906,0.954569,0.95621294,0.96709853,0.968999,0.9727627,0.97987366,0.9597836,0.98041356,0.96424896,0.962879,0.9807743,0.9574191,0.9612969,0.98143625,0.96708035,0.95758885,0.98439807,0.41821575,0.8899494,0.96900564,0.9119268,0.9485864,0.86474484,0.97249573,0.9698787,0.9637923,0.96832144,0.9777202,0.9708557,0.9349253,0.95586216,0.95877546,0.9558145,0.9687204,0.96586794,0.9651667,0.9569427,0.98439807,0.9549706,0.9743703,0.9681381,0.9478858,0.95550245,0.9694999,0.9813909,0.9548638,0.9577088,0.96346205,0.9492298,0.97754806,0.95310944,0.9644336,0.9752802,0.9637389,0.9723659,0.9736932,0.9842358,0.57606554,0.97324884,0.76407385,0.9568029,0.9747223,0.9777723,0.9427705,0.9741718,0.9925354,0.970716,0.9704909,0.9784157,0.93720174,0.9676468,0.98035276,0.96477324,0.9635609,0.98026097,0.9086441,0.9579338,0.96998036,0.97379017,0.9423129,0.9702395,0.9530076,0.96606886,0.9619235,0.97359884,0.9703818,0.988337,0.9603703,0.9534897,0.96217525,0.9573111,0.96870124,0.9415631,0.9122524,0.96394557,0.97066057,0.99179035,0.95088446,0.9724398,0.8554455,0.9683747,0.9723164,0.9563993,0.96732754,0.96096486,0.9596885,0.988337,0.95333135,0.9737646,0.9675466,0.95589507
aftermovie,0.963447,0.9570702,0.97001344,0.943894,0.96274626,0.93778646,0.963571,0.9999997,0.97898984,0.94499475,0.87512773,0.9413655,0.9637752,0.95539784,0.95114285,0.95713454,0.9476744,0.96360207,0.9557736,0.9694888,0.94619584,0.9561291,0.9680352,0.9506458,0.96747804,0.9537317,0.55440104,0.96217656,0.9643722,0.9690001,0.96495533,0.95248187,0.93723345,0.9458346,0.9274245,0.90006715,0.81042284,0.9727225,0.9530188,0.9731147,0.95187616,0.9551038,0.9597563,0.9471316,0.9596741,0.9614016,0.9523129,0.94159025,0.975732,0.96708524,0.9636207,0.96003306,0.9673902,0.9262458,0.9422273,0.9609148,0.9629468,0.96931565,0.9628085,0.96962184,0.97161186,0.9700225,0.9666615,0.9630349,0.96172047,0.96728516,0.9372424,0.96422267,0.95796216,0.9474933,0.9413382,0.9750337,0.43304697,0.9191583,0.9632385,0.92759705,0.92659307,0.8329083,0.9367351,0.9718838,0.9608874,0.9562074,0.9513596,0.97349185,0.94049346,0.9499517,0.9491765,0.9540079,0.9702114,0.93857235,0.97227657,0.9582193,0.9750337,0.9557441,0.9584157,0.9616388,0.9473842,0.95449215,0.95192736,0.95380765,0.94990695,0.95926625,0.94905835,0.94978094,0.966971,0.9382506,0.96570003,0.97018397,0.95629203,0.9347937,0.9626905,0.97477627,0.52179235,0.9643736,0.78165084,0.9428301,0.9529334,0.96755236,0.93153197,0.96625143,0.9576907,0.96973926,0.9591746,0.9599405,0.9236888,0.96158075,0.96831685,0.96139956,0.96804696,0.970525,0.90269136,0.9631985,0.95855117,0.9681205,0.9345513,0.9566241,0.96120256,0.9571467,0.9527448,0.9694123,0.95530134,0.97898984,0.959665,0.9462267,0.9475915,0.95534754,0.9560155,0.9513372,0.9186519,0.95509505,0.9541815,0.9535951,0.9615108,0.96125287,0.84355783,0.95873314,0.96731037,0.9557807,0.96480036,0.95772016,0.95061547,0.97898984,0.9536286,0.96871895,0.9647503,0.96257955
ahiddenlifefilm,0.9791128,0.97184986,0.9749674,0.96770227,0.98576665,0.9698963,0.988337,0.97898984,0.99999994,0.9727169,0.9083003,0.97233266,0.97616684,0.97613233,0.9793145,0.9806989,0.97926337,0.986777,0.98671967,0.9814594,0.9707567,0.9730081,0.9790646,0.9807808,0.98587906,0.9649365,0.60011107,0.97292763,0.9842458,0.98601985,0.97573644,0.9712975,0.9692991,0.96986914,0.95583254,0.9213764,0.81907225,0.9898373,0.975487,0.98305196,0.9824706,0.97964305,0.97991467,0.96145505,0.9768561,0.9837117,0.971228,0.9760045,0.9810641,0.97363067,0.9803965,0.97775906,0.9887814,0.9625807,0.9723977,0.96324015,0.9790013,0.9789318,0.9824255,0.9808304,0.98750794,0.9822903,0.98403585,0.98292583,0.983349,0.9881173,0.9675978,0.96392053,0.9858045,0.97212255,0.96401215,0.9947799,0.4126841,0.933446,0.9845004,0.9505069,0.95971334,0.8740256,0.9778652,0.98110664,0.9679278,0.97433835,0.9793443,0.9875863,0.95848835,0.9700377,0.96818674,0.9682452,0.98604846,0.9737228,0.98613036,0.96335804,0.9947799,0.97298336,0.98083425,0.9807579,0.9640879,0.97262543,0.981695,0.97688055,0.9701779,0.9785416,0.96989,0.964625,0.987839,0.9644575,0.9822072,0.98849326,0.9814765,0.96932054,0.97842735,0.99004,0.5987017,0.980578,0.80951667,0.97070324,0.9802472,0.98657155,0.96267116,0.9895433,0.9819881,0.9841924,0.97831625,0.98109823,0.9574259,0.98279727,0.9871203,0.9789213,0.9786117,0.98026264,0.9281709,0.97849464,0.97765714,0.9900869,0.9627175,0.9794349,0.96951437,0.9742441,0.96824145,0.98578304,0.97704464,0.99999994,0.9738101,0.9677231,0.9738913,0.97333497,0.9711302,0.9621356,0.941936,0.980398,0.9752689,0.982079,0.96659845,0.9841193,0.88271636,0.9789894,0.984761,0.97694683,0.97969466,0.97384876,0.97345376,0.99999994,0.97191143,0.9859679,0.9847397,0.97415864
alitamovie,0.94639635,0.9479422,0.93759996,0.9441132,0.9708569,0.9441557,0.9671914,0.94499475,0.9727169,1.0,0.90990466,0.9427143,0.94877756,0.94473755,0.96657604,0.94482374,0.9571632,0.961785,0.97370267,0.95195204,0.9419247,0.9336652,0.9532137,0.9550437,0.95910674,0.940351,0.6243919,0.9540905,0.9488935,0.9683423,0.9504575,0.9571505,0.961673,0.9562503,0.96211535,0.90134466,0.8250056,0.9480683,0.943021,0.9579401,0.96587735,0.94649535,0.939643,0.91703415,0.93819743,0.9478119,0.9457721,0.9536972,0.9463438,0.9462379,0.9373736,0.95745164,0.9657041,0.9504589,0.9457798,0.9339859,0.9511133,0.94372594,0.9408427,0.95980054,0.956263,0.96246475,0.96180975,0.9547107,0.96223104,0.9629833,0.95382965,0.9127551,0.955523,0.9350769,0.97244745,0.96921647,0.37888038,0.90919805,0.9575903,0.9233265,0.94509953,0.8669601,0.9701846,0.9537905,0.9212293,0.95206755,0.96428794,0.9649568,0.9350084,0.94648916,0.92347586,0.9606355,0.94529504,0.9593884,0.95777714,0.9462055,0.96921647,0.9389452,0.9566198,0.9434083,0.93476313,0.95458645,0.9630507,0.9647481,0.9492086,0.9403053,0.96225524,0.92757577,0.9680053,0.9715257,0.9640863,0.9563983,0.9585539,0.9491903,0.9479487,0.96380675,0.5946971,0.942594,0.8128892,0.9398742,0.951279,0.95615256,0.9545889,0.96119446,0.96078885,0.96168303,0.941273,0.9523469,0.9302125,0.96035385,0.9615486,0.94099975,0.9521644,0.95051515,0.93340284,0.9457834,0.9481465,0.9610334,0.94818854,0.9550216,0.94156224,0.95449203,0.95276666,0.954032,0.9610474,0.9727169,0.94997466,0.94008166,0.96099496,0.9597708,0.95371103,0.931415,0.91397476,0.9545526,0.9344436,0.96445036,0.9250283,0.9401153,0.8684918,0.9579125,0.971512,0.95402986,0.9501635,0.9429964,0.93843734,0.9727169,0.9562993,0.96273077,0.9477914,0.95998603
amazinggracemov,0.86705285,0.89095485,0.87157774,0.92509663,0.88970256,0.8901047,0.890845,0.87512773,0.9083003,0.90990466,0.9999998,0.8973419,0.8758531,0.9161096,0.92570275,0.8884832,0.90750754,0.92126,0.917062,0.88166964,0.8726404,0.8626119,0.8916361,0.9101313,0.8942493,0.8717359,0.57337147,0.9113877,0.8959795,0.9030632,0.8807105,0.8903323,0.9218556,0.8873376,0.9061573,0.9262714,0.8160299,0.881565,0.8617935,0.8908566,0.9211047,0.87456536,0.8771501,0.84308535,0.8876138,0.87673014,0.88659656,0.9118753,0.8633548,0.8800773,0.88344306,0.910665,0.91189593,0.88726395,0.88262063,0.86425316,0.9223577,0.8935489,0.8764143,0.9071729,0.8762768,0.9093637,0.8963864,0.9106435,0.91478837,0.89640296,0.91987103,0.8525828,0.90370244,0.84447086,0.89186835,0.89254713,0.255454,0.8853503,0.89731055,0.9037228,0.8877136,0.86601055,0.9063225,0.8769964,0.8661972,0.8949371,0.89912355,0.8983223,0.88413435,0.9163504,0.86604214,0.9128889,0.8955018,0.86618865,0.9054721,0.8688676,0.89254713,0.8959427,0.88427335,0.87811506,0.88154477,0.8987357,0.91108435,0.8834087,0.903534,0.9055542,0.89327985,0.8751356,0.8887501,0.9153532,0.91633594,0.88578373,0.9119008,0.89618474,0.8904854,0.89730793,0.5514301,0.8684601,0.8391776,0.8844977,0.8737693,0.8761768,0.9275547,0.9053937,0.90235156,0.8818047,0.87013394,0.8799853,0.8752526,0.88741714,0.87868994,0.8966584,0.8917823,0.87645876,0.87702996,0.8659721,0.8944772,0.9196836,0.8788675,0.88623255,0.87546504,0.89546037,0.90783244,0.88507473,0.8983748,0.9083003,0.88934433,0.9111638,0.90491986,0.90453166,0.8963563,0.89115226,0.91038567,0.9120388,0.87216836,0.89712924,0.87073773,0.89479584,0.91958374,0.8812895,0.8909388,0.8929722,0.87247723,0.8957712,0.8821933,0.9083003,0.8929589,0.9042166,0.88304514,0.91867095
angelhasfallen,0.9483334,0.9655475,0.93585116,0.93404174,0.95987815,0.94386244,0.9607667,0.9413655,0.97233266,0.9427143,0.8973419,1.0000001,0.9356495,0.9475492,0.94840854,0.96395826,0.95665896,0.9637539,0.96474063,0.949237,0.9538288,0.9397517,0.94710577,0.9616181,0.9530943,0.93732107,0.6325931,0.9521368,0.9617913,0.956486,0.93679893,0.9428098,0.9297219,0.937672,0.9200765,0.8892024,0.8140487,0.9622649,0.93569976,0.9478456,0.9593077,0.94387156,0.94787264,0.9216515,0.94892764,0.96366847,0.96105015,0.95547295,0.95183235,0.9465502,0.95460093,0.94626886,0.9559714,0.926696,0.9566017,0.93275684,0.96428305,0.9592583,0.9572369,0.94903225,0.95668954,0.9417236,0.95975333,0.97075504,0.9612788,0.9604797,0.9381925,0.9316616,0.94745684,0.96451384,0.92097837,0.96197283,0.35042727,0.90701765,0.9630594,0.9203505,0.9398102,0.8680724,0.9549902,0.95377594,0.92359036,0.96920013,0.95082134,0.95494735,0.94135594,0.93217665,0.9521058,0.94433075,0.9637995,0.9473375,0.95011055,0.9335207,0.96197283,0.93850803,0.95865965,0.9640088,0.96208453,0.9552907,0.96706206,0.9475328,0.94507235,0.9662625,0.9474714,0.9420088,0.9586781,0.937194,0.95232093,0.9595571,0.96381885,0.9364607,0.94220906,0.9606322,0.6100877,0.94907206,0.81303334,0.9496309,0.9562683,0.96286523,0.9510238,0.9703164,0.94528145,0.95705473,0.94001937,0.95539737,0.94001305,0.9613263,0.9565631,0.9685596,0.9505683,0.95056957,0.89509714,0.9616399,0.9646747,0.963649,0.937745,0.9461085,0.92579144,0.9471557,0.94525605,0.94371927,0.9528447,0.97233266,0.93583214,0.96152407,0.95816594,0.9555139,0.93403494,0.9316725,0.90898746,0.9700865,0.95634663,0.9511127,0.9369718,0.96076685,0.86679727,0.9327529,0.9534209,0.9568547,0.9484569,0.939783,0.9434417,0.97233266,0.94145834,0.9527624,0.9647002,0.94464624
angrybirdsmovie,0.95276314,0.9358367,0.9651597,0.9365003,0.9680263,0.92463493,0.96653247,0.9637752,0.97616684,0.94877756,0.8758531,0.9356495,1.0000001,0.93868214,0.9424375,0.9636903,0.95805496,0.9505576,0.9677434,0.9670075,0.96988505,0.94972306,0.96634424,0.9440895,0.96614075,0.933899,0.55006623,0.9513632,0.9635024,0.9671455,0.9524899,0.958713,0.940431,0.9555741,0.94535923,0.88778305,0.7969342,0.97108436,0.956983,0.95602155,0.94933665,0.9503187,0.95013267,0.93525654,0.93906295,0.96279037,0.9507386,0.93943214,0.9724718,0.9404042,0.94500667,0.9695931,0.96758455,0.9297226,0.9347784,0.9404949,0.9517069,0.9483556,0.96096635,0.96765625,0.96980566,0.9576227,0.9625835,0.9569211,0.9515772,0.96537775,0.9415368,0.9543897,0.9758085,0.9464882,0.9510325,0.9706453,0.45703608,0.8991163,0.9671345,0.927724,0.9324296,0.84237987,0.94325745,0.96201605,0.9594863,0.9591345,0.95601374,0.9603529,0.9263032,0.9514423,0.94291776,0.9369675,0.95308405,0.94024974,0.9621582,0.9344411,0.9706453,0.93608266,0.9656542,0.9746913,0.93777496,0.9295882,0.95772797,0.96107906,0.94223094,0.9580149,0.94614923,0.9529812,0.96343285,0.9327952,0.9640541,0.96368414,0.95394105,0.9491279,0.9591894,0.97358966,0.613575,0.96148825,0.77952015,0.94228226,0.9440161,0.9540977,0.9352725,0.9722031,0.96233493,0.9636604,0.96187466,0.9644658,0.9101098,0.957705,0.97335273,0.952758,0.972478,0.96736985,0.90509015,0.95021987,0.96299154,0.95196253,0.92152387,0.95981914,0.94499016,0.95778596,0.93975544,0.9702866,0.9576292,0.97616684,0.9514285,0.93838847,0.9458588,0.9576142,0.9549482,0.94959486,0.9125861,0.9432421,0.94303334,0.9549722,0.9431702,0.95313853,0.8529455,0.9676653,0.9572419,0.95052063,0.96229506,0.95067495,0.9452472,0.97616684,0.9395302,0.96800435,0.9538619,0.9623171
annabellemovie,0.9594838,0.9483225,0.9513723,0.9731102,0.95375293,0.9553203,0.9548689,0.95539784,0.97613233,0.94473755,0.9161096,0.9475492,0.93868214,1.0000001,0.96536803,0.9541912,0.9529012,0.9736694,0.9613287,0.95470893,0.93247795,0.9376185,0.95071894,0.9660663,0.9676405,0.940098,0.56271714,0.9604657,0.9596388,0.9681713,0.95095575,0.9456953,0.97584635,0.9474343,0.9498512,0.9237214,0.78224397,0.9607735,0.96674645,0.9558424,0.96795183,0.9662555,0.96199495,0.94312656,0.9610216,0.96056193,0.9379321,0.96564394,0.9409653,0.9536756,0.965521,0.96251357,0.966069,0.953348,0.9432034,0.9469318,0.9614081,0.95689327,0.96560377,0.9499997,0.9615495,0.97789747,0.95403755,0.9606842,0.97098535,0.965312,0.94607216,0.93509626,0.96379447,0.93736243,0.9318565,0.969216,0.36061534,0.9135032,0.96055984,0.9362483,0.9364967,0.85146886,0.96186155,0.9518099,0.93387747,0.95484304,0.9538743,0.9728327,0.916565,0.9744208,0.9378037,0.95483327,0.97389776,0.94411236,0.9745203,0.93613833,0.969216,0.9714382,0.951459,0.9513207,0.9516979,0.95215786,0.94715416,0.9435183,0.9579836,0.9554087,0.94865716,0.94539046,0.96082556,0.95347524,0.9670068,0.96505415,0.9711813,0.9399709,0.96284276,0.9664122,0.56614894,0.9657066,0.7824701,0.9512754,0.96580005,0.96733147,0.93988794,0.9700065,0.95006824,0.9616336,0.96427226,0.947251,0.93681383,0.96001005,0.95994455,0.9616405,0.95960534,0.9584528,0.91128284,0.9592618,0.95210886,0.97605926,0.9406311,0.9587122,0.9491715,0.95454174,0.9647597,0.9611503,0.9487005,0.97613233,0.96191907,0.9569511,0.9657498,0.9572561,0.94785315,0.9389545,0.9327546,0.9691517,0.9511196,0.9512149,0.95758504,0.96056116,0.88374853,0.9507552,0.9640519,0.9606452,0.9545423,0.96307564,0.9677415,0.97613233,0.9584471,0.96313983,0.9587385,0.9662219
annamovie,0.9526324,0.9575244,0.945194,0.96432847,0.9683343,0.9565966,0.9610749,0.95114285,0.9793145,0.96657604,0.92570275,0.94840854,0.9424375,0.96536803,0.99999994,0.9577032,0.95860374,0.97998345,0.9717509,0.95996505,0.94823045,0.94102156,0.9631521,0.9649795,0.9576065,0.9446536,0.5879686,0.955413,0.955272,0.9729278,0.9638281,0.9487986,0.9659072,0.95462966,0.94429463,0.9352921,0.86463594,0.96766454,0.9466394,0.9647332,0.9756464,0.9492855,0.95930284,0.9333078,0.9626704,0.95958966,0.95221,0.95951605,0.9437462,0.95580435,0.9570117,0.9659642,0.9662074,0.9480518,0.95533615,0.926602,0.95708644,0.9631574,0.9567002,0.95384943,0.9592334,0.96423846,0.96888137,0.96569574,0.9862248,0.9606282,0.96458,0.91879153,0.95860577,0.93331116,0.96771246,0.97463846,0.37976813,0.936243,0.9643703,0.9539464,0.952778,0.88131285,0.9721189,0.96416086,0.93171734,0.9468894,0.9644763,0.97807664,0.9493283,0.96013546,0.9375641,0.96474916,0.96522254,0.9551071,0.97352004,0.9479797,0.97463846,0.9545648,0.9476532,0.95481586,0.95105493,0.9587318,0.97498596,0.95339626,0.9602487,0.9573072,0.9599207,0.94253534,0.9663535,0.9739262,0.97610354,0.97020483,0.96100765,0.95603967,0.95562184,0.97077495,0.56737554,0.94714165,0.8597862,0.94674945,0.9596918,0.9625467,0.9714124,0.9655512,0.95673954,0.9640632,0.95489126,0.950853,0.9496734,0.9733017,0.9608504,0.9591966,0.955934,0.9477145,0.9200385,0.95084596,0.9479999,0.9785636,0.96191007,0.9577538,0.9583635,0.95761526,0.9504072,0.96199673,0.9609992,0.9793145,0.9612799,0.9552591,0.9634086,0.9565377,0.95466423,0.9503384,0.93956155,0.96641254,0.9601553,0.9639942,0.9284413,0.95688653,0.8849731,0.9543522,0.9607127,0.9597165,0.95777184,0.9493574,0.95332146,0.9793145,0.9677137,0.9662822,0.9667686,0.95991457
apollo11movie,0.95274985,0.9603184,0.94938564,0.95393,0.96732306,0.94952625,0.9685918,0.95713454,0.9806989,0.94482374,0.8884832,0.96395826,0.9636903,0.9541912,0.9577032,0.9999997,0.956321,0.96545774,0.97756815,0.9653701,0.9794125,0.9551821,0.9551683,0.9584209,0.9675985,0.93767446,0.6087339,0.95379424,0.96300805,0.9611349,0.9639,0.96245676,0.93963605,0.9433233,0.9296065,0.8944796,0.8015959,0.9790698,0.9508137,0.9586054,0.9570006,0.9626767,0.9686936,0.9433156,0.9612244,0.9687601,0.9433091,0.95556796,0.9748771,0.9563757,0.96632385,0.9524762,0.96790123,0.91982436,0.9598164,0.954852,0.9606995,0.9685786,0.9721243,0.95650166,0.97367835,0.9565653,0.9612489,0.9707291,0.96530974,0.96747917,0.945984,0.94157404,0.968638,0.96754056,0.9418606,0.9756193,0.37699625,0.90968364,0.97360796,0.9296641,0.94438463,0.8624346,0.9649189,0.966538,0.95028484,0.96450776,0.96013266,0.9714703,0.93095785,0.9401397,0.95465255,0.9495873,0.96735394,0.9404193,0.96256566,0.94111454,0.9756193,0.94088197,0.9611952,0.97067493,0.9651083,0.9517574,0.96867704,0.96457976,0.9420699,0.9651643,0.9479748,0.9423549,0.96673936,0.9408281,0.95651346,0.9748028,0.95989454,0.9455574,0.95624244,0.9687158,0.6032821,0.96122766,0.7941665,0.95635146,0.97172177,0.96434253,0.93554837,0.98372036,0.9623618,0.9646136,0.967616,0.97134763,0.94307274,0.9705478,0.9678128,0.9756778,0.9521862,0.9669933,0.8974462,0.95971894,0.9634714,0.967741,0.9252678,0.9635452,0.95795393,0.95350313,0.96137017,0.95379287,0.9553958,0.9806989,0.9490345,0.9437328,0.9525352,0.95441055,0.9574558,0.9520895,0.91220236,0.963207,0.95269066,0.96090513,0.94035584,0.96218365,0.84254926,0.9466485,0.9658356,0.9524936,0.9561766,0.9541146,0.95455045,0.9806989,0.94733065,0.96501505,0.9714176,0.9507545
arcticdogsmovie,0.95135134,0.95598805,0.95770735,0.94010377,0.96491444,0.965011,0.97014815,0.9476744,0.97926337,0.9571632,0.90750754,0.95665896,0.95805496,0.9529012,0.95860374,0.956321,0.9999999,0.96514475,0.97384125,0.9569851,0.9534584,0.9551083,0.952968,0.97398996,0.96808815,0.9555537,0.6378948,0.9611789,0.96691906,0.9636512,0.94230497,0.9460879,0.94997764,0.9490515,0.9449287,0.9149181,0.79374784,0.9679237,0.9625939,0.95477,0.96976316,0.95976454,0.9441484,0.94500226,0.9460767,0.9578672,0.94592255,0.97143906,0.9511871,0.9490196,0.94732404,0.95626515,0.96703506,0.95255077,0.9678776,0.93969977,0.97021145,0.94902366,0.94731385,0.9718086,0.9661166,0.96293384,0.96764827,0.9590744,0.96092904,0.97186196,0.94723946,0.9329947,0.96648985,0.9587333,0.9507977,0.9751222,0.40701646,0.91975504,0.96384794,0.9264977,0.9420214,0.86413056,0.96041995,0.9477791,0.9462092,0.94789743,0.96382135,0.96426225,0.9435044,0.9569726,0.95041144,0.9371686,0.96092045,0.9646592,0.9537953,0.9413923,0.9751222,0.9580259,0.97638637,0.9602988,0.95035315,0.9609032,0.9676101,0.96303725,0.949194,0.9625782,0.95257175,0.9350189,0.9741192,0.9502617,0.9622302,0.9666347,0.97859466,0.97218126,0.96176445,0.9638024,0.66836536,0.9584564,0.80105376,0.9467304,0.9624526,0.96123123,0.9561153,0.9609384,0.9646483,0.9536431,0.95054567,0.96015954,0.93831205,0.94842386,0.971735,0.95074934,0.96072143,0.95225644,0.91478705,0.953184,0.9645382,0.9749123,0.9556206,0.9575707,0.93652177,0.95178384,0.93527913,0.9712664,0.9469803,0.97926337,0.9511426,0.94703674,0.9586377,0.95398474,0.94308823,0.9359096,0.9319955,0.96738076,0.95789486,0.9582281,0.9506419,0.95986867,0.8918034,0.9725935,0.9695457,0.96616143,0.96126986,0.96146804,0.9504012,0.97926337,0.94410574,0.96470225,0.96988493,0.9494334
arcticmovie,0.95894814,0.957192,0.95321745,0.9651245,0.96672004,0.96851957,0.97108847,0.96360207,0.986777,0.961785,0.92126,0.9637539,0.9505576,0.9736694,0.97998345,0.96545774,0.96514475,1.0,0.9706773,0.9682382,0.94817954,0.96510947,0.96397513,0.97639906,0.97053844,0.9589581,0.57993436,0.9684445,0.9733642,0.9722753,0.9695737,0.96084076,0.96604234,0.9572255,0.9344972,0.9363901,0.844382,0.97156125,0.9581942,0.97197825,0.9701229,0.9638142,0.97360945,0.95306134,0.9734385,0.9691921,0.9565563,0.972934,0.95504624,0.969765,0.97606885,0.963478,0.9730416,0.94855464,0.94961226,0.9435243,0.97138417,0.9599947,0.9667627,0.967819,0.96575207,0.9726684,0.9723442,0.9720177,0.98159736,0.96797615,0.96574783,0.93456346,0.9699953,0.9490047,0.9555322,0.9768751,0.3856387,0.94606227,0.9734066,0.95862305,0.93950117,0.87524396,0.9731205,0.9652887,0.9523558,0.9557133,0.979766,0.97849053,0.95624816,0.9597642,0.9560683,0.97024554,0.97841895,0.9585112,0.97988415,0.9528716,0.9768751,0.96909463,0.95628893,0.95495206,0.9592134,0.9657696,0.9803451,0.96298736,0.96794146,0.9677866,0.95635855,0.9473035,0.9664895,0.9682493,0.97042876,0.97719574,0.9718704,0.9599943,0.96047014,0.98242587,0.55461484,0.958868,0.8468743,0.9623749,0.9673426,0.96919185,0.96590656,0.97904056,0.9668632,0.967031,0.9642475,0.9597654,0.95872056,0.9661515,0.9644587,0.9675974,0.95972455,0.95564276,0.9349662,0.963095,0.95831674,0.98908937,0.9680746,0.9608864,0.9671268,0.9539045,0.9601963,0.96706104,0.9619265,0.986777,0.96737933,0.96711975,0.96280795,0.9562292,0.9549673,0.94943565,0.95267284,0.9686476,0.9635847,0.9687262,0.9526347,0.9774811,0.9015518,0.96087873,0.9687974,0.9630034,0.96180934,0.96075195,0.9583603,0.986777,0.9678322,0.9741998,0.9777224,0.9620732
artofracingmovie,0.9492641,0.9609808,0.9489234,0.9608518,0.97916806,0.95785517,0.9773927,0.9557736,0.98671967,0.97370267,0.917062,0.96474063,0.9677434,0.9613287,0.9717509,0.97756815,0.97384125,0.9706773,0.9999999,0.9626304,0.9635832,0.9588772,0.96267873,0.97392124,0.96608824,0.93885016,0.615831,0.9622426,0.96375364,0.97342294,0.9609584,0.971256,0.9584708,0.9591327,0.95468503,0.92398477,0.8251275,0.97495395,0.9610347,0.9613557,0.96963465,0.9634503,0.95855504,0.9358022,0.9616622,0.96966726,0.94523525,0.9726228,0.96933174,0.95077354,0.95994145,0.9675158,0.9738929,0.9430442,0.9632153,0.9534672,0.96948487,0.9622258,0.9622882,0.97089916,0.97683686,0.9646268,0.96894616,0.97102547,0.9683614,0.97551364,0.95268416,0.94321275,0.97710645,0.9689428,0.9607932,0.98413265,0.37344417,0.9195583,0.9712525,0.9430934,0.9433583,0.85961473,0.97208047,0.96502596,0.9472482,0.97396475,0.9689139,0.97727066,0.9438078,0.9584537,0.9503333,0.96859133,0.96499497,0.9634114,0.96985173,0.9458569,0.98413265,0.9549981,0.9689228,0.9727275,0.95520926,0.95170236,0.9725335,0.9705691,0.96080995,0.962346,0.9527691,0.9382787,0.97736806,0.96008754,0.9696855,0.9713667,0.96772087,0.9614752,0.9616491,0.97417074,0.60223836,0.964954,0.8111864,0.95622975,0.9707151,0.96196145,0.9579673,0.98094183,0.9769726,0.9693792,0.9613425,0.9747999,0.93966115,0.9695679,0.9784257,0.96382385,0.95546955,0.9606049,0.92852503,0.96516633,0.9697298,0.9735697,0.94225687,0.96991134,0.95420027,0.9655755,0.95809835,0.97066545,0.9626759,0.98671967,0.951145,0.947107,0.96130145,0.9577814,0.96619284,0.9662575,0.92861986,0.96372026,0.9569485,0.97104824,0.944088,0.96371466,0.8651412,0.96535677,0.977993,0.96715933,0.9616251,0.96108997,0.9598951,0.98671967,0.9508152,0.97784346,0.97236025,0.96390533
avengers,0.9753678,0.94852084,0.9577809,0.9509577,0.97259563,0.936523,0.97920495,0.9694888,0.9814594,0.95195204,0.88166964,0.949237,0.9670075,0.95470893,0.95996505,0.9653701,0.9569851,0.9682382,0.9626304,0.9999997,0.9546205,0.9501191,0.964673,0.9486351,0.97339123,0.94501776,0.54783857,0.96395826,0.9587931,0.9678006,0.95480794,0.9623706,0.9439196,0.9509051,0.93628,0.8865309,0.8032016,0.9744884,0.95284146,0.9687488,0.9590072,0.9608994,0.96506286,0.94106764,0.9590788,0.9647309,0.96336055,0.94724274,0.96618694,0.9667402,0.9626115,0.9553907,0.9725969,0.9315283,0.95560974,0.95347,0.9523304,0.96789783,0.97297114,0.96010154,0.9720195,0.96598923,0.97089964,0.9595641,0.97113657,0.9667282,0.953963,0.95312047,0.973294,0.9465509,0.9473397,0.9742222,0.46296024,0.8899492,0.9630406,0.90780205,0.9300343,0.87897104,0.95784545,0.97084856,0.9621065,0.9547138,0.9670991,0.97372633,0.93427694,0.94804865,0.95495576,0.9529748,0.96392494,0.948357,0.97164404,0.95265687,0.9742222,0.9539072,0.9680775,0.96140593,0.9481888,0.95578647,0.9622758,0.9712676,0.9373044,0.96339047,0.9517458,0.95568,0.97013247,0.94482553,0.96005046,0.97585565,0.9647155,0.9506184,0.96802586,0.9757896,0.56322825,0.9720631,0.7865381,0.9593855,0.96071726,0.97116995,0.9331791,0.96806157,0.9750141,0.9672235,0.97522277,0.96564686,0.9294823,0.9664273,0.9710408,0.9582423,0.9675065,0.97005326,0.8976829,0.9533619,0.9570024,0.9700667,0.9374922,0.9724942,0.9470702,0.95735574,0.9645804,0.966003,0.9673428,0.9814594,0.9528182,0.9568617,0.95143044,0.9602469,0.964973,0.946617,0.9052853,0.9590461,0.9637762,0.97879493,0.9404357,0.9661809,0.84046113,0.958563,0.95942444,0.94758576,0.9553997,0.96363217,0.9599238,0.9814594,0.956316,0.97263277,0.95689684,0.9530755
beachbummovie,0.9429412,0.94650364,0.948393,0.92960215,0.96528506,0.9303391,0.96050227,0.94619584,0.9707567,0.9419247,0.8726404,0.9538288,0.96988505,0.93247795,0.94823045,0.9794125,0.9534584,0.94817954,0.9635832,0.9546205,1.0000001,0.9378454,0.956074,0.94214404,0.95471007,0.9293042,0.61715764,0.94171405,0.96247953,0.95953625,0.95300555,0.94725925,0.92940617,0.95033574,0.9321822,0.8718764,0.79536194,0.9714633,0.9367266,0.93902814,0.9485477,0.94234884,0.9421587,0.93433076,0.9359184,0.9596611,0.9497205,0.9369011,0.96732265,0.9362635,0.94173855,0.9562626,0.9571372,0.92085123,0.9487223,0.94358045,0.95097977,0.94905347,0.9654731,0.9457397,0.9678598,0.93933976,0.95431006,0.9597613,0.9538723,0.9573739,0.93475795,0.93410134,0.95905507,0.9536074,0.9424073,0.9680534,0.42084396,0.90045494,0.972157,0.9171216,0.9524758,0.85762143,0.951683,0.95345354,0.93011254,0.96280265,0.9472617,0.95554113,0.9253548,0.933236,0.9466346,0.9261075,0.95210993,0.9400931,0.95245683,0.9314836,0.9680534,0.926538,0.96186984,0.96597636,0.9493595,0.9382538,0.96721184,0.9539176,0.936075,0.9656141,0.9494579,0.9391286,0.95942825,0.93391454,0.95783836,0.97105867,0.9537329,0.94207853,0.9551183,0.96109676,0.6484545,0.95646656,0.78019726,0.94365025,0.95240057,0.95645607,0.9378315,0.979869,0.94759476,0.9521155,0.9618166,0.97168946,0.92801785,0.9609407,0.96372205,0.9590409,0.95188534,0.9573129,0.8842636,0.9450806,0.9558393,0.95345914,0.9129055,0.95496714,0.94628733,0.9580032,0.9358462,0.9488888,0.95059204,0.9707567,0.93880326,0.9407062,0.9409406,0.9600782,0.94638956,0.9425363,0.8975754,0.9533,0.9431334,0.9434751,0.93136686,0.9431024,0.8237943,0.95170873,0.95426244,0.93975806,0.9593794,0.9480916,0.949724,0.9707567,0.9306674,0.9626854,0.9571509,0.95230675
