movie,21bridgesmovie,47metersdown,abeautifuldaymovie,abominablemovie,adastramovie,adogsjourneymovie,aftermathmovie,aftermovie,ahiddenlifefilm,alitamovie,angelhasfallen,angrybirdsmovie,annabellemovie,annamovie,apollo11movie,arcticdogsmovie,arcticmovie,artofracingmovie,avengers,beachbummovie,bernadettefilm,blackandbluemovie,blackchristmas,blindedbythelightmovie,bombshellmovie,booksmart,breakthroughmovie,brianbanksmovie,brightburnmovie,brittanyrunsmov,captainmarvelofficial,captivestatemovie,catsmovie,charliesangels,childsplaymovie,clarathefilm,coldpursuitmovie,countdown,currentwarmovie,darkwatersmovie,detectivepikachumovie,disneyaladdin,disneyfrozen,disneymaleficent,doctorsleepmovie,dolemiteismyname,dontletgomovie,doramovie,downtonabbey_official,dumbo,escaperoom,everybodyknowsmovie,fastandfuriousmovie,fightingwmyfam,fivefeetapartfilm,fordvferrari,freaksthefilm,geminimanmovie,glassmovie,gloriabellmovie,godzillamovie,goldfinchmovie,goodboysmovie,goodliarmovie,gretafilm,halathemovie,happydeathdaymovie,harrietfilm,hellboymovie,hersmellmovie,highlifemovie,highstrungmovie,honeyboymovie,hotelmumbaifilm,httydragon,hustlemovie,hustlersmovie,isntitromantic,itmovieofficial,jayandsilentbob,johnwickmovie,jojorabbitmovie,jokermovie,judythefilm,jumanjimovie,justmercyfilm,knivesout,lalloronamovie,lastblackmansf,lastchristmasthemovie,latenightmovie,lighthousemovie,lionking,littlethemovie,littlewomenmovie,littlewoodsfilm,longshotmovie,lordsofchaosmovie,lucyintheskyfilm,mamovie2019,marriagestory,meettheaddams,meninblack,midsommarmovie,midwaymovie,missbalamovie,missinglinkfilm,motherlessbklyn,onceinhollywood,onthebasisofsex,overcomermovie,peanutbutterfalcon,petsematarymovie,piercingmovie,playingwithfire,playmobilthemovie,pomsmovie,queenandslim,rambomovie,readyornotfilm,richardjewellfilm,rocketmanmovie,scarystoriesmovie,secretlifeofpets,serenityfilm,shaftmovie,shazammovie,spidermanmovie,spiesindisguise,starwars,stormboymovie,stubermovie,taosdfilm,teenspiritmov,terminator,theaeronautsmov,thebestofenemies,thedeaddontdie,thefarewell,thehighwaymen,thehummingbirdprojectfilm,theintrudermovie,theirishmanfilm,thekitchenmovie,thelegomovie,themustangfilm,thenightingalefilm,theprodigymovie,thesunisalsoastar,theupsidefilm,tolkienmovie,toystory,triplefrontier,uglydolls,uncutgems,underthesilverlake,usmovie,wavesmovie,whatmenwant,wonderparkmovie,wrinklestheclown,xmenmovies,yardiefilm,yesterdaymovie,zombieland
21bridgesmovie,1.0,0.9519577,0.96567154,0.9770253,0.976534,0.96719563,0.97525126,0.9722053,0.9895413,0.97810584,0.9558641,0.9576281,0.97826177,0.9823977,0.98121476,0.97937953,0.96945894,0.9618741,0.9839232,0.9819376,0.9761783,0.97089785,0.97593695,0.97579795,0.9793858,0.9659054,0.957278,0.9669788,0.9731274,0.96765745,0.97568494,0.96902764,0.9641181,0.96620244,0.9626014,0.9569512,0.9802614,0.985357,0.97752655,0.96775395,0.9675757,0.96903336,0.9633461,0.97545886,0.9798273,0.9688757,0.9767566,0.9779312,0.96585006,0.9713305,0.9755621,0.97955143,0.9697363,0.97127557,0.9666759,0.97970146,0.9682042,0.97019106,0.97548187,0.9786813,0.9715259,0.9761069,0.96283424,0.97683936,0.9782129,0.9675435,0.9468387,0.96750945,0.9674474,0.97035617,0.975862,0.96122056,0.9713388,0.9744427,0.973017,0.9640722,0.9610374,0.97184044,0.9706471,0.9676313,0.9664517,0.9603677,0.97184455,0.9715093,0.9687456,0.9719575,0.9704843,0.97271705,0.9770074,0.981647,0.95454884,0.975862,0.962766,0.97438693,0.97134405,0.97714955,0.9748181,0.9819801,0.9557893,0.97582847,0.97254777,0.9775765,0.9612685,0.9741564,0.97162867,0.9751974,0.9702519,0.9744986,0.9728062,0.97627884,0.9661412,0.97043765,0.9668915,0.9591203,0.96265453,0.98323613,0.9934884,0.9720543,0.9759953,0.9705458,0.9728601,0.9647092,0.9710383,0.9631854,0.9706878,0.97599995,0.97016275,0.9703296,0.9740404,0.97013724,0.9747816,0.97986686,0.97567207,0.9524134,0.97672075,0.9619169,0.98180604,0.9589277,0.97636324,0.97432184,0.9895413,0.96730816,0.9675332,0.9718111,0.9628099,0.9762104,0.96639746,0.96798277,0.9852543,0.97473204,0.97337866,0.9577784,0.97496563,0.96791106,0.9752547,0.9696473,0.97346836,0.9704607,0.9677762,0.96900845,0.9895413,0.9743427,0.9747279,0.9751821,0.97024477
47metersdown,0.9519577,1.0000001,0.9279022,0.9189876,0.9524719,0.94873565,0.9351444,0.936322,0.95977366,0.94530153,0.9344961,0.9368624,0.946193,0.9584205,0.95504636,0.96553344,0.9318404,0.9307963,0.9312167,0.94596493,0.9485004,0.93870497,0.95112073,0.95496464,0.943715,0.9226316,0.928578,0.9351873,0.9400638,0.93824553,0.94381964,0.9389586,0.93467057,0.91416556,0.9476352,0.9358795,0.9507839,0.9534896,0.9474693,0.95378244,0.91222084,0.9399511,0.9507145,0.9457491,0.94961864,0.9376803,0.9497273,0.9466779,0.9449635,0.94553554,0.9461177,0.96038216,0.9503639,0.9312961,0.9609963,0.9536577,0.95587236,0.92654,0.9422235,0.94184446,0.9390664,0.94858134,0.91772735,0.94601536,0.9562136,0.9339775,0.9408344,0.9619019,0.94469494,0.9438616,0.94539815,0.9502679,0.9459443,0.9461827,0.9415019,0.9241236,0.9317253,0.94062823,0.9544913,0.9388892,0.9678836,0.9329814,0.937637,0.9430788,0.9517312,0.94284046,0.96363795,0.95807695,0.9258284,0.950438,0.93802935,0.94539815,0.931139,0.9467479,0.9325666,0.9424861,0.9502316,0.9457843,0.9211103,0.95694447,0.9515816,0.95100594,0.9336738,0.93095577,0.9719101,0.94749653,0.95506227,0.9383325,0.96010166,0.9481988,0.9434467,0.94451153,0.9412134,0.94454527,0.9448031,0.94684184,0.952055,0.9563525,0.9661758,0.9320215,0.93961996,0.93064547,0.9633031,0.948471,0.9501126,0.9642717,0.9582702,0.93337375,0.9266914,0.93529177,0.9328255,0.95033026,0.94426614,0.8979742,0.9304027,0.9185259,0.95084,0.9411984,0.94367,0.95040375,0.95977366,0.9350052,0.9489748,0.9366546,0.9196025,0.93817294,0.9421372,0.95529896,0.9458985,0.95035696,0.94295114,0.92553705,0.9319273,0.9440362,0.94671714,0.94336766,0.94077355,0.9413697,0.9297605,0.9466229,0.95977366,0.9491151,0.94277674,0.95828295,0.9478773
abeautifuldaymovie,0.96567154,0.9279022,0.9999999,0.9628263,0.9732628,0.9609682,0.96579087,0.9662652,0.9792896,0.97989887,0.9554466,0.9712278,0.95868474,0.96788245,0.9556599,0.9595107,0.9528505,0.9664094,0.95466864,0.95775235,0.9786847,0.9741461,0.9571851,0.94195116,0.9619742,0.9693707,0.9479147,0.96664023,0.9843935,0.95363027,0.966012,0.9489621,0.9488302,0.98190266,0.97029066,0.9785493,0.9781172,0.9645696,0.96570796,0.9378265,0.9609654,0.97739875,0.9718187,0.9734907,0.9565782,0.9786806,0.9591557,0.9500537,0.96413624,0.9761923,0.9885153,0.95996886,0.9569791,0.95912766,0.96231455,0.9764968,0.9629469,0.97741604,0.9687275,0.9622533,0.95583975,0.9512545,0.9542186,0.97242147,0.9547454,0.9797818,0.9668109,0.9506079,0.9635888,0.9811134,0.96122646,0.9662455,0.98526156,0.97190064,0.9563652,0.9494042,0.96134853,0.94742894,0.9584884,0.97073466,0.9721811,0.9461313,0.9511187,0.9719573,0.9744503,0.96183133,0.9580711,0.9556204,0.9595564,0.9694729,0.94475204,0.96122646,0.9652232,0.9664414,0.9881237,0.96806574,0.9554244,0.9699637,0.94780874,0.96734065,0.9774315,0.94108456,0.97852194,0.9596787,0.9610831,0.9898184,0.95873225,0.94809467,0.9806829,0.95714116,0.9712662,0.97283864,0.9659172,0.9588675,0.97682136,0.9575101,0.97617996,0.96414006,0.9794454,0.96624124,0.95350003,0.9555443,0.97010654,0.9652191,0.94609237,0.9715951,0.9506323,0.982079,0.9706612,0.97490567,0.98190916,0.9666832,0.95858955,0.916369,0.98065287,0.9457812,0.96390754,0.94697106,0.9631143,0.9766693,0.9792896,0.9727334,0.971992,0.9723684,0.9540694,0.9594936,0.96104187,0.9646213,0.96059185,0.9634026,0.9642777,0.98618746,0.96567506,0.94530725,0.97218263,0.9297154,0.95743835,0.9494863,0.97752404,0.97137797,0.9792896,0.9789117,0.9658597,0.967415,0.98364216
abominablemovie,0.9770253,0.9189876,0.9628263,0.99999994,0.9727096,0.9637451,0.97763944,0.97736454,0.98241943,0.96694815,0.9375524,0.9584125,0.9740401,0.97819424,0.97304034,0.96768004,0.96880794,0.94585365,0.97453696,0.96713954,0.9702064,0.973823,0.969602,0.9583759,0.97637856,0.9696787,0.9509526,0.97569036,0.96720755,0.973504,0.97416526,0.9662762,0.9681758,0.9737702,0.9600356,0.95647734,0.976454,0.97619754,0.9663038,0.9532607,0.9648735,0.9712422,0.9691962,0.9782772,0.97202486,0.9708747,0.9684671,0.96420455,0.9538247,0.9745718,0.9736303,0.968893,0.96829903,0.9628507,0.9616854,0.9602763,0.9501165,0.969232,0.9733833,0.9727889,0.9625369,0.9697175,0.97251856,0.97641367,0.9623853,0.9623539,0.9397794,0.9374211,0.9645723,0.9627101,0.9678676,0.9549645,0.9606603,0.9696606,0.96662974,0.96338505,0.96096766,0.95588416,0.95980805,0.962728,0.94757956,0.9704985,0.96318835,0.9773598,0.96290374,0.9582465,0.96269816,0.96761876,0.9803197,0.971308,0.9524087,0.9678676,0.96056366,0.9716308,0.97024316,0.9775704,0.96673715,0.9721053,0.9507907,0.9743534,0.9707952,0.9681391,0.970208,0.9684545,0.95359373,0.9720861,0.9583,0.9682754,0.96412915,0.97727877,0.97027993,0.96320134,0.9620854,0.9515993,0.96053886,0.96452326,0.9742969,0.9677243,0.970111,0.97892267,0.96114266,0.95258325,0.96692187,0.9586437,0.9666553,0.9661128,0.962149,0.9705646,0.9544157,0.96801984,0.9751818,0.96645284,0.976335,0.96724826,0.9746133,0.9650184,0.959292,0.95448583,0.97276485,0.9684727,0.98241943,0.96563095,0.96731544,0.96816236,0.9539831,0.9668167,0.9655208,0.9666021,0.9753131,0.96736294,0.9698127,0.96927613,0.9772129,0.94427973,0.969039,0.9521484,0.977451,0.96075577,0.98019797,0.9690253,0.98241943,0.97238123,0.9724191,0.9698771,0.96955526
adastramovie,0.976534,0.9524719,0.9732628,0.9727096,1.0000001,0.9713727,0.9781056,0.97069657,0.9890455,0.97718763,0.9558249,0.9744494,0.97397804,0.98116386,0.9666431,0.9685744,0.96859103,0.98101103,0.9666421,0.9632082,0.98651254,0.97867066,0.9720399,0.9714903,0.9715824,0.96116143,0.9710639,0.96855587,0.98325807,0.9666712,0.96937674,0.9727829,0.95942104,0.9698966,0.96611834,0.966181,0.9787684,0.9703817,0.9853172,0.95756185,0.9543208,0.9721051,0.9698225,0.9809343,0.96569484,0.9793158,0.9729589,0.96904,0.9703188,0.97576606,0.9834412,0.97873986,0.9699423,0.95896655,0.97301835,0.98221064,0.9708198,0.97757727,0.9788291,0.97762835,0.96204436,0.96754307,0.96257246,0.9794386,0.9708313,0.9750313,0.95479333,0.9632039,0.9642144,0.9718993,0.9799103,0.9568752,0.96834433,0.97355634,0.9634028,0.9494223,0.9603912,0.963039,0.97592235,0.96740794,0.969322,0.9591994,0.96576214,0.9786947,0.97385854,0.9650616,0.96576595,0.9770548,0.9697379,0.9841799,0.96291655,0.9799103,0.97119576,0.97505933,0.97427,0.9753659,0.96800315,0.9794007,0.96127796,0.975075,0.9781443,0.9721219,0.9838003,0.9710682,0.96764195,0.9848561,0.9743064,0.96849185,0.98009825,0.97361344,0.97687304,0.9682347,0.97951055,0.95616883,0.9747576,0.9629829,0.9773875,0.96551675,0.98326206,0.9703776,0.9712129,0.9749399,0.98133606,0.9548142,0.9652361,0.9716571,0.97492206,0.9760647,0.9744392,0.9633006,0.9856926,0.989268,0.9752829,0.9369296,0.9810745,0.9566302,0.9614265,0.962455,0.977787,0.9856322,0.9890455,0.9780612,0.97837365,0.96940845,0.9592858,0.9672879,0.96853304,0.97070533,0.97450316,0.9646751,0.97814023,0.97143394,0.9658677,0.9536212,0.97649634,0.96663666,0.96394473,0.9631819,0.97543585,0.9728287,0.9890455,0.9804628,0.97540617,0.9745164,0.979326
adogsjourneymovie,0.96719563,0.94873565,0.9609682,0.9637451,0.9713727,1.0,0.9669933,0.9537237,0.9825642,0.96430534,0.9665723,0.9623595,0.9811889,0.9773885,0.975885,0.96566457,0.9451067,0.96644896,0.9565069,0.9689539,0.97315127,0.9737831,0.97405446,0.9643497,0.97506475,0.97135615,0.95787466,0.95807505,0.9684967,0.9716342,0.97477454,0.9711467,0.9810924,0.9558427,0.9683647,0.9758768,0.9798703,0.97301084,0.9736237,0.9771061,0.9455708,0.9693525,0.96611357,0.97998875,0.95576084,0.97786164,0.97539055,0.9560807,0.97687984,0.97258747,0.9712669,0.9809094,0.988108,0.97546893,0.9673468,0.9724812,0.96248966,0.97183967,0.98212856,0.9827526,0.96791196,0.9688049,0.9500492,0.9759234,0.98037887,0.97237223,0.954463,0.9681074,0.9779888,0.95518196,0.9782006,0.9733908,0.976328,0.9643821,0.97123307,0.97442096,0.98067266,0.9790339,0.9784304,0.9706437,0.97813016,0.97597986,0.9600454,0.971723,0.98184246,0.9699061,0.98630124,0.9807064,0.96985453,0.97290885,0.9741428,0.9782006,0.96513015,0.96984416,0.9683962,0.97446615,0.96685123,0.9593574,0.9568117,0.982208,0.98177594,0.9642962,0.96973914,0.97552717,0.95877165,0.9766427,0.97984594,0.96688706,0.9665258,0.9677891,0.97052145,0.9814264,0.96496075,0.9673699,0.9679984,0.97180146,0.97835875,0.9722071,0.9758348,0.96498144,0.97538275,0.9559003,0.975682,0.9745511,0.9706465,0.97485864,0.9773925,0.9725815,0.9683448,0.9718736,0.9718187,0.97724956,0.9557066,0.9233577,0.9653695,0.96552074,0.9729956,0.96845764,0.9724564,0.97598994,0.9825642,0.96683335,0.97758996,0.96766114,0.94774044,0.97712946,0.96388197,0.9756133,0.97359514,0.9717628,0.9732486,0.96032554,0.9738503,0.96218926,0.98084307,0.96445143,0.9692061,0.974263,0.9660503,0.964099,0.9825642,0.9802457,0.968311,0.9785716,0.96783835
aftermathmovie,0.97525126,0.9351444,0.96579087,0.97763944,0.9781056,0.9669933,1.0000001,0.96836036,0.98679084,0.96569186,0.94964904,0.96231943,0.9839389,0.9780094,0.9706039,0.96756333,0.95698017,0.9689548,0.9679943,0.96399933,0.9759216,0.97619355,0.9710107,0.97633,0.98504955,0.9654908,0.9596756,0.9661284,0.97375745,0.97427815,0.96978706,0.96535945,0.9617002,0.9730773,0.96230114,0.9592815,0.9830849,0.9683597,0.97717386,0.96648014,0.9558138,0.97174764,0.9625242,0.975979,0.9686428,0.97407764,0.9726822,0.9701634,0.9661127,0.9750029,0.9767498,0.9751316,0.9684207,0.9676186,0.962386,0.97237414,0.9583064,0.9766519,0.98106027,0.9764704,0.97521794,0.9835849,0.96332824,0.97451043,0.9642843,0.9673636,0.95718133,0.9464347,0.96889895,0.96591586,0.9758008,0.95001185,0.9665705,0.9778662,0.95923114,0.9710881,0.960341,0.95911187,0.97820973,0.966771,0.95962197,0.97902936,0.982189,0.9787067,0.97210675,0.9708245,0.9646003,0.9764006,0.9656762,0.9842122,0.9678682,0.9758008,0.97643197,0.96556926,0.97368866,0.96933806,0.9704919,0.97584116,0.9841908,0.9765544,0.9769117,0.95786893,0.9644312,0.97202915,0.95701146,0.9764949,0.9761731,0.9742373,0.9660115,0.96829057,0.9795127,0.96956974,0.9688338,0.9540534,0.97165495,0.96638197,0.97572476,0.97226566,0.98101765,0.9933769,0.97654676,0.97492987,0.97150874,0.96499014,0.97709143,0.96339667,0.9729344,0.96872616,0.9653134,0.9663267,0.9701273,0.97406286,0.97151846,0.9368904,0.97924215,0.97190154,0.9584069,0.96493757,0.9754433,0.9817382,0.98679084,0.9637347,0.97401077,0.9653828,0.9731206,0.96961474,0.96440834,0.9609131,0.97399956,0.9669039,0.9908464,0.97042906,0.97656053,0.9497102,0.96748567,0.9628522,0.9706704,0.95998085,0.96546155,0.974178,0.98679084,0.97061026,0.97983104,0.97217286,0.9741666
aftermovie,0.9722053,0.936322,0.9662652,0.97736454,0.97069657,0.9537237,0.96836036,0.99999994,0.98188627,0.9718376,0.93944067,0.95794296,0.9687298,0.9755469,0.9736081,0.96278846,0.9697198,0.95010334,0.97103065,0.9696894,0.97687066,0.97587466,0.96891516,0.9578185,0.97109723,0.9582445,0.95267034,0.9562852,0.96948916,0.95576495,0.96629786,0.9573708,0.9542607,0.972463,0.96188605,0.9540441,0.97903126,0.9746892,0.9593546,0.94884586,0.96291435,0.9644112,0.96992576,0.97719765,0.96753615,0.9673413,0.96842474,0.94796306,0.95168096,0.97195107,0.9781222,0.9682617,0.9617129,0.9596016,0.9736409,0.9712361,0.9581893,0.9543579,0.9655199,0.9696756,0.9587298,0.96799654,0.96741056,0.96037674,0.95652086,0.95674306,0.963378,0.9526886,0.9679691,0.9683029,0.967807,0.9520293,0.9617074,0.9652855,0.96414846,0.9443085,0.9476178,0.9515648,0.974939,0.9599967,0.95857716,0.95375884,0.9513624,0.97184026,0.9730759,0.9744149,0.96951985,0.9627671,0.97154826,0.963973,0.9425614,0.967807,0.9531665,0.9632921,0.9765793,0.9767928,0.9751761,0.9706066,0.9437164,0.9716112,0.9757623,0.9715597,0.9630448,0.9642279,0.97124684,0.97766995,0.9613976,0.9550718,0.9739709,0.96429825,0.96757954,0.962826,0.95216084,0.94500685,0.9612128,0.95626616,0.9714759,0.96194065,0.9749861,0.96771276,0.9529147,0.94449437,0.9745109,0.95440143,0.953286,0.9709228,0.96496993,0.96312076,0.954155,0.9644994,0.97907066,0.9671458,0.9703725,0.9571189,0.963481,0.9414331,0.96017265,0.9484772,0.9746588,0.9728436,0.98188627,0.9726571,0.9734174,0.95854425,0.9564634,0.9657713,0.95635694,0.96967167,0.9623804,0.9670391,0.9560187,0.96305335,0.9687604,0.9433455,0.9655029,0.9467572,0.96925914,0.95909756,0.97079223,0.97330374,0.98188627,0.9734368,0.97100216,0.9715848,0.97399586
ahiddenlifefilm,0.9895413,0.95977366,0.9792896,0.98241943,0.9890455,0.9825642,0.98679084,0.98188627,0.9999998,0.98307663,0.97040474,0.97170025,0.9880283,0.9910519,0.989042,0.984449,0.9750153,0.97675097,0.9830104,0.98447794,0.9882936,0.9865691,0.9852722,0.9814959,0.98967737,0.9783857,0.9712395,0.9793357,0.9878339,0.9779024,0.9867176,0.9786587,0.97702634,0.9795167,0.97814095,0.97608066,0.9939622,0.98642904,0.98790675,0.97601247,0.97262776,0.9859862,0.98295146,0.9926667,0.98402536,0.98379356,0.9849419,0.97796667,0.9746218,0.98950034,0.9904642,0.989417,0.9840573,0.9809898,0.9785865,0.9857593,0.97730726,0.98354524,0.98774123,0.9892418,0.9804462,0.9850449,0.97008735,0.987295,0.98188275,0.98243904,0.97148234,0.97390264,0.9824331,0.9775198,0.98730445,0.97193563,0.9823828,0.9857885,0.98095846,0.97493434,0.9753205,0.9795561,0.9858428,0.9837972,0.98140675,0.9762032,0.98109645,0.988511,0.9850767,0.9831133,0.9843931,0.9877412,0.98064214,0.991356,0.9706432,0.98730445,0.980261,0.98451596,0.98565996,0.9873421,0.9848313,0.9877274,0.97268933,0.9884,0.987131,0.9786358,0.9809715,0.9850502,0.9804539,0.99107975,0.98465484,0.9806536,0.9846677,0.9820593,0.9872765,0.983962,0.98047626,0.9722373,0.97975755,0.9833566,0.9916979,0.98494637,0.98977935,0.98495245,0.98027754,0.9764747,0.9873668,0.9770182,0.98128563,0.98555934,0.9852837,0.98591495,0.9795275,0.98446304,0.9857991,0.9900679,0.9832434,0.9508281,0.9853055,0.97264534,0.9794921,0.9711099,0.986241,0.9885311,0.9999998,0.98170024,0.98279077,0.98051184,0.9719839,0.9858429,0.98142946,0.9818398,0.98960227,0.98109436,0.98477036,0.97956663,0.98677075,0.9708803,0.98332745,0.97581387,0.98483837,0.9758031,0.98236823,0.9843394,0.9999998,0.9882811,0.98683614,0.9866177,0.9864858
alitamovie,0.97810584,0.94530153,0.97989887,0.96694815,0.97718763,0.96430534,0.96569186,0.9718376,0.98307663,0.99999994,0.9465723,0.96721673,0.962086,0.97715604,0.96487343,0.9649046,0.9673388,0.9584795,0.9678393,0.9618798,0.9794676,0.9728395,0.9610765,0.9590124,0.96489346,0.9621159,0.9668016,0.9713447,0.9800354,0.95190006,0.9726298,0.95394546,0.95552313,0.9743862,0.96418166,0.9708034,0.9760789,0.97040004,0.97525716,0.9457114,0.9619369,0.97193396,0.9637945,0.9745387,0.9706178,0.9743573,0.96408224,0.9647217,0.9576772,0.97451377,0.98384714,0.96368736,0.9621422,0.9566168,0.9672213,0.97897494,0.9726915,0.97074485,0.97163665,0.9693733,0.95381486,0.9631322,0.9600862,0.96912867,0.9627734,0.9642684,0.9608091,0.9544128,0.9632126,0.98106015,0.96854675,0.9640349,0.98065567,0.97732496,0.9589236,0.9475801,0.9576544,0.9575531,0.9632323,0.96447766,0.9698608,0.94613785,0.9570904,0.9763488,0.9744236,0.9610977,0.96285444,0.9594461,0.9632744,0.9733498,0.9437271,0.96854675,0.9654241,0.9618514,0.9779986,0.9732512,0.9645259,0.96989465,0.9449033,0.9739707,0.9772134,0.9661326,0.9780888,0.9679517,0.9778513,0.98147917,0.9613568,0.95840377,0.9820185,0.96597755,0.9733851,0.9674848,0.97137684,0.95465547,0.9714991,0.9676968,0.9852733,0.96194625,0.97758067,0.96252066,0.9593169,0.95837545,0.9771122,0.96717477,0.9491378,0.9789891,0.9568467,0.9790215,0.9683223,0.9702305,0.98433334,0.9730876,0.96572626,0.94613814,0.97470015,0.93991977,0.975941,0.9460822,0.9691219,0.9780527,0.98307663,0.9783637,0.9792114,0.96366984,0.9484096,0.9627326,0.9635412,0.96271545,0.9681712,0.97435087,0.9685315,0.97052824,0.9664251,0.9515562,0.9742061,0.9516473,0.9587484,0.9594753,0.9715583,0.9699079,0.98307663,0.9824447,0.97036266,0.96721596,0.9779365
angelhasfallen,0.9558641,0.9344961,0.9554466,0.9375524,0.9558249,0.9665723,0.94964904,0.93944067,0.97040474,0.9465723,0.99999976,0.9356548,0.96483123,0.9544168,0.96170133,0.94826955,0.915289,0.9605562,0.9503675,0.96898615,0.94951296,0.9576388,0.9647783,0.9441795,0.95062214,0.95501024,0.93090564,0.9422676,0.9645311,0.9531532,0.9560654,0.95423025,0.96744007,0.95156467,0.96283,0.962028,0.96899694,0.962161,0.9496541,0.9473829,0.95757854,0.95360124,0.94637316,0.9613667,0.94816273,0.95303136,0.96402204,0.923945,0.95417154,0.9550557,0.9663478,0.9625258,0.9643872,0.9706149,0.94759035,0.962281,0.9416048,0.9608113,0.96083057,0.9729959,0.9699268,0.9492755,0.94289154,0.96112114,0.9567495,0.9714073,0.94610596,0.9562992,0.97478217,0.9361489,0.9723255,0.9596827,0.96416193,0.95532006,0.9779479,0.96163356,0.97038823,0.9745611,0.95805204,0.97141945,0.97303027,0.96212363,0.95705795,0.9513301,0.9538473,0.97121465,0.97143316,0.970843,0.9641553,0.96098065,0.9554205,0.9723255,0.9532815,0.9612438,0.9658792,0.9680876,0.9650287,0.9574196,0.94113356,0.95922005,0.95956695,0.9385702,0.9488319,0.9632999,0.947818,0.97111297,0.9661057,0.9453804,0.9420148,0.93754506,0.9552226,0.97975284,0.9416471,0.96957827,0.9429703,0.96575654,0.96797854,0.97064203,0.96053666,0.9415307,0.9639634,0.9347199,0.9450344,0.94307685,0.9456143,0.95732033,0.9603141,0.9704111,0.9566548,0.96536094,0.9505306,0.9601134,0.9264857,0.87501997,0.9487478,0.9583357,0.96488124,0.95584595,0.96427673,0.9532659,0.97040474,0.9532575,0.9499153,0.9503592,0.95697755,0.9645112,0.9575548,0.9676146,0.96929634,0.9415343,0.9459858,0.9424181,0.963156,0.96206146,0.9659783,0.9497832,0.96348065,0.9660154,0.94703126,0.9470715,0.97040474,0.9644709,0.95435625,0.96840847,0.96441466
angrybirdsmovie,0.9576281,0.9368624,0.9712278,0.9584125,0.9744494,0.9623595,0.96231943,0.95794296,0.97170025,0.96721673,0.9356548,0.9999999,0.95788175,0.9630032,0.9500585,0.95591927,0.9363037,0.9521499,0.95084375,0.9430867,0.9677216,0.97081804,0.96348196,0.9470003,0.95954907,0.9419035,0.96315134,0.9588406,0.9711204,0.9591637,0.9655474,0.96597207,0.95240664,0.9718893,0.9646467,0.95829844,0.9674941,0.9629114,0.9727575,0.9532075,0.9400437,0.9605244,0.96548253,0.9713336,0.9620311,0.97771764,0.96612674,0.95133555,0.96697587,0.9667606,0.9761912,0.96578586,0.9608998,0.94428873,0.9710703,0.9743102,0.95711535,0.96077925,0.9723193,0.9589108,0.95192194,0.9609832,0.97238207,0.9609789,0.9587155,0.96075475,0.9476099,0.9460239,0.95504916,0.96277577,0.9678054,0.9635289,0.9723413,0.95417726,0.950198,0.9347298,0.95412153,0.94157034,0.95780134,0.9612667,0.9666544,0.9446995,0.93601054,0.96323055,0.9749226,0.9562737,0.95215046,0.9567244,0.9568654,0.957471,0.94980705,0.9678054,0.9731941,0.95652986,0.97775704,0.96813047,0.96226674,0.9577887,0.93495023,0.97067344,0.9666042,0.95858383,0.97339034,0.9603106,0.9508175,0.97490746,0.95062214,0.9391567,0.9772504,0.9590569,0.97179735,0.96059823,0.9738073,0.9438997,0.9669099,0.957883,0.9681337,0.95455295,0.974435,0.95629704,0.94596595,0.95242774,0.97181857,0.96069956,0.95643723,0.95689,0.9628855,0.9694696,0.96265775,0.9529212,0.97450733,0.95852065,0.9468282,0.92576855,0.96512294,0.9306826,0.95849997,0.94416547,0.9734397,0.9702782,0.97170025,0.97169614,0.9715366,0.96210814,0.95755416,0.9491855,0.9551826,0.9718748,0.9454993,0.9713574,0.96704876,0.95836914,0.9564283,0.93018854,0.9795266,0.94325906,0.9469068,0.9645875,0.97143674,0.9799916,0.97170025,0.9744403,0.9615447,0.9688453,0.9777027
annabellemovie,0.97826177,0.946193,0.95868474,0.9740401,0.97397804,0.9811889,0.9839389,0.9687298,0.9880283,0.962086,0.96483123,0.95788175,1.0000001,0.97955954,0.98334605,0.9725836,0.95093554,0.95978963,0.97796667,0.9775086,0.9736988,0.98124665,0.98818976,0.97326404,0.9815496,0.9759474,0.9627094,0.9644796,0.9716038,0.98188585,0.9829298,0.9765485,0.97649765,0.96744007,0.9731191,0.96812576,0.9818691,0.9824725,0.9730567,0.97418493,0.95859206,0.97621393,0.96733594,0.9818348,0.9671906,0.9725523,0.9875967,0.9653246,0.9726277,0.97551113,0.97411907,0.98157036,0.98295224,0.9742815,0.97225845,0.9690879,0.9528648,0.97405374,0.98232514,0.98367965,0.98282814,0.9809616,0.96507984,0.9806312,0.9803619,0.9729555,0.956176,0.9636977,0.97780704,0.9572959,0.97778654,0.9692949,0.9663395,0.9700592,0.97902924,0.9784303,0.98188126,0.9752673,0.9800736,0.9742433,0.97018605,0.9855877,0.97684824,0.978304,0.9794002,0.9783654,0.98314345,0.9892819,0.96880686,0.98145574,0.9766166,0.97778654,0.9682617,0.976744,0.97108907,0.9798726,0.9774269,0.9744354,0.9682965,0.9845338,0.9778791,0.97018003,0.9652357,0.97122586,0.96254164,0.97565675,0.979827,0.97612226,0.96107596,0.967448,0.9766719,0.980996,0.9629756,0.9714441,0.96463114,0.973061,0.97981274,0.97978693,0.9783526,0.978323,0.98245054,0.95866776,0.9737885,0.9676813,0.9802719,0.97157204,0.9796231,0.97077537,0.97005427,0.9724518,0.9675701,0.9803077,0.96349066,0.92652196,0.9687604,0.9771247,0.9735766,0.9672513,0.9742083,0.97348005,0.9880283,0.96936744,0.97335577,0.9702778,0.97079045,0.9728625,0.9659401,0.977373,0.9810935,0.9700024,0.97690463,0.9595329,0.9757974,0.97621834,0.9753613,0.9692792,0.9782462,0.97098565,0.97040105,0.96805644,0.9880283,0.97163624,0.97279614,0.9831286,0.9702278
annamovie,0.9823977,0.9584205,0.96788245,0.97819424,0.98116386,0.9773885,0.9780094,0.9755469,0.9910519,0.97715604,0.9544168,0.9630032,0.97955954,1.0,0.9860917,0.9779329,0.97871155,0.9624079,0.9722254,0.9825543,0.98190236,0.9837452,0.979702,0.9702876,0.98244804,0.98026395,0.9626998,0.98134625,0.9794855,0.97424483,0.97855633,0.9702934,0.97892207,0.96656865,0.98245215,0.976283,0.9842483,0.9817524,0.98184663,0.96700466,0.95597905,0.9709222,0.9732787,0.98070776,0.9787436,0.97526646,0.9831509,0.9748342,0.9736929,0.9747029,0.9828288,0.98386365,0.9753151,0.970973,0.96883976,0.9736188,0.9722723,0.97130966,0.97695947,0.98356515,0.96976006,0.981902,0.9619122,0.9813575,0.977435,0.9679658,0.9532548,0.96163815,0.97421104,0.97182304,0.98381776,0.969551,0.97382283,0.9847092,0.9727821,0.9690164,0.9742328,0.96264,0.9773851,0.9662229,0.9660739,0.9702122,0.97407174,0.98764026,0.9771848,0.97072065,0.9819418,0.981818,0.97629637,0.983747,0.9757554,0.98381776,0.96682477,0.9775206,0.9729123,0.9792267,0.97134036,0.98217046,0.96770835,0.9859957,0.9835946,0.9708374,0.975578,0.9780475,0.9828798,0.98183954,0.9722009,0.9662864,0.97987515,0.982869,0.9793797,0.9771458,0.97018737,0.97857255,0.9678303,0.96806157,0.9854497,0.9835263,0.98095125,0.97182703,0.97936076,0.9632782,0.98013777,0.9749089,0.9728622,0.9777152,0.9796668,0.97702056,0.96294355,0.97404754,0.98078555,0.98311526,0.98244137,0.9609712,0.9739555,0.96936935,0.9710198,0.97311264,0.98102856,0.9794838,0.9910519,0.9788675,0.97797066,0.96563226,0.9453863,0.97773504,0.97516006,0.9797004,0.97913265,0.9816761,0.9779936,0.96463853,0.97174585,0.96474,0.9779599,0.97263014,0.9858045,0.9718103,0.9770158,0.9676536,0.9910519,0.9827324,0.9814239,0.9821262,0.97694314
apollo11movie,0.98121476,0.95504636,0.9556599,0.97304034,0.9666431,0.975885,0.9706039,0.9736081,0.989042,0.96487343,0.96170133,0.9500585,0.98334605,0.9860917,1.0000001,0.9766069,0.9672215,0.94893014,0.9779185,0.98844737,0.9675999,0.9811755,0.9832016,0.9722792,0.9840089,0.9745026,0.9551879,0.9701555,0.966958,0.97611374,0.98024464,0.97359824,0.97767216,0.9622959,0.97612077,0.965389,0.9819064,0.9858061,0.9700382,0.9778266,0.95563895,0.97492933,0.97040606,0.98563695,0.98041373,0.96311474,0.982442,0.9672572,0.965274,0.9794454,0.97210664,0.98518634,0.9810038,0.9771587,0.9627708,0.9679076,0.9557101,0.9604152,0.9718802,0.98527306,0.97386575,0.9776647,0.96189666,0.97194004,0.97757757,0.96222013,0.95797175,0.96521515,0.98087656,0.9543729,0.9809973,0.97009724,0.96696526,0.9697133,0.9816326,0.9737653,0.9758853,0.9726576,0.97522163,0.9669237,0.96994245,0.9766745,0.9682808,0.9797948,0.9757502,0.97782445,0.9882785,0.98319626,0.97295547,0.9784327,0.9655589,0.9809973,0.96071935,0.97763366,0.969294,0.9876387,0.98294044,0.9763025,0.9608904,0.98289603,0.9718696,0.97319865,0.9604052,0.97928834,0.97622585,0.97149336,0.9701751,0.9676121,0.96745557,0.97809666,0.97501767,0.98128676,0.9595846,0.9746602,0.9524631,0.98004013,0.9815658,0.98395634,0.97407436,0.96906394,0.9694973,0.9483084,0.9723544,0.96924853,0.97683877,0.97477317,0.98188853,0.967266,0.957708,0.97671425,0.9671372,0.9763561,0.97518027,0.950762,0.9602439,0.97353053,0.97541016,0.97340393,0.97957706,0.96661776,0.989042,0.96777576,0.96739316,0.96802634,0.9525976,0.9819486,0.9750328,0.97812736,0.98198915,0.980156,0.9668308,0.95525354,0.9761576,0.97354925,0.9692129,0.97790545,0.98622894,0.9735361,0.97235817,0.9656919,0.989042,0.96795964,0.9730008,0.98173404,0.9674641
arcticdogsmovie,0.97937953,0.96553344,0.9595107,0.96768004,0.9685744,0.96566457,0.96756333,0.96278846,0.984449,0.9649046,0.94826955,0.95591927,0.9725836,0.9779329,0.9766069,0.99999994,0.95989203,0.95244557,0.9678976,0.974097,0.9698975,0.9659152,0.9741854,0.9704888,0.9798876,0.9611227,0.94797367,0.96611834,0.9651139,0.96342945,0.97397316,0.9589261,0.96073127,0.9538806,0.96851045,0.95771575,0.9791672,0.97616005,0.9732331,0.96844274,0.95872027,0.9708332,0.97514164,0.9717826,0.98158866,0.96713966,0.9748008,0.9685052,0.9680437,0.9702814,0.96798724,0.9765553,0.96967095,0.9648274,0.9678423,0.96539825,0.9656225,0.9621377,0.9689657,0.96642715,0.9625196,0.97411025,0.95517606,0.9768863,0.97303736,0.9657649,0.9577061,0.9605722,0.9575475,0.9675517,0.96533847,0.9583349,0.96322846,0.97238714,0.9685207,0.96167845,0.95743144,0.9653091,0.96622354,0.9715344,0.9651154,0.95813006,0.97175276,0.97205526,0.9633389,0.9561439,0.96993375,0.9746312,0.95820767,0.9722061,0.9584328,0.96533847,0.95871687,0.97615224,0.96458185,0.96801746,0.96558005,0.9739111,0.95556194,0.97594875,0.97067416,0.9679213,0.9573028,0.96685475,0.97205555,0.9694922,0.96754783,0.97042865,0.9756356,0.9782388,0.96414846,0.96177596,0.96762204,0.96035653,0.9630021,0.9714442,0.97731084,0.9766995,0.9742765,0.97042245,0.9624445,0.95463264,0.9720803,0.96902764,0.97917044,0.9743451,0.9735912,0.96376103,0.9643274,0.96648335,0.95817226,0.9692433,0.97216934,0.9388586,0.9677954,0.95578283,0.9680369,0.95562524,0.9685557,0.972034,0.984449,0.9551557,0.9590992,0.974584,0.9561976,0.9687743,0.9706266,0.97230387,0.98108375,0.97025853,0.9701731,0.9617289,0.97452337,0.95945865,0.96579945,0.9613422,0.9713045,0.954035,0.9678763,0.9710117,0.984449,0.9713486,0.96872056,0.97943574,0.9649107
arcticmovie,0.96945894,0.9318404,0.9528505,0.96880794,0.96859103,0.9451067,0.95698017,0.9697198,0.9750153,0.9673388,0.915289,0.9363037,0.95093554,0.97871155,0.9672215,0.95989203,1.0000001,0.9426542,0.95881957,0.96360135,0.9703218,0.9657628,0.94734776,0.95760095,0.96560967,0.9584281,0.9470565,0.9677512,0.9617668,0.9517197,0.9561926,0.9480824,0.938274,0.95359695,0.95052934,0.9470808,0.96269673,0.9615927,0.96879137,0.94181854,0.9537277,0.9571827,0.9649622,0.9676273,0.96813023,0.95970976,0.9498849,0.97027093,0.94166994,0.9646243,0.96424776,0.9569387,0.94949275,0.946888,0.9512414,0.9545182,0.95773137,0.95201737,0.9566346,0.96097785,0.9437542,0.9574072,0.9383851,0.9581003,0.9547682,0.93771845,0.9370562,0.93956226,0.9517361,0.9622228,0.9572794,0.9408039,0.947897,0.97165805,0.9406608,0.9372547,0.94097614,0.94036674,0.9520733,0.9377269,0.93742394,0.9320121,0.95311606,0.966738,0.9583747,0.94804525,0.94986063,0.95276815,0.95552045,0.97297215,0.9395851,0.9572794,0.9476758,0.9640427,0.9512266,0.9634766,0.94894254,0.97397,0.9475846,0.9554365,0.96404064,0.9630176,0.96572906,0.9594309,0.9697998,0.961274,0.9454352,0.9556258,0.96277016,0.9710375,0.96387327,0.9441596,0.9657283,0.9427537,0.94704354,0.94614154,0.9662062,0.9495403,0.95765126,0.95650095,0.9540232,0.95843565,0.9702184,0.9489877,0.9464395,0.96316665,0.95123875,0.95351774,0.94466424,0.95845765,0.97716147,0.9693389,0.98571026,0.97274995,0.9631864,0.94650173,0.94444317,0.9352016,0.95344156,0.96519226,0.9750153,0.96063167,0.9619389,0.94814,0.9227704,0.9591689,0.96253043,0.9478593,0.96115124,0.96573323,0.95434666,0.96000266,0.9534247,0.94191676,0.950276,0.95088613,0.96293944,0.94073546,0.96662205,0.9496697,0.9750153,0.9617541,0.9667204,0.95421344,0.9533352
artofracingmovie,0.9618741,0.9307963,0.9664094,0.94585365,0.98101103,0.96644896,0.9689548,0.95010334,0.97675097,0.9584795,0.9605562,0.9521499,0.95978963,0.9624079,0.94893014,0.95244557,0.9426542,1.0000002,0.94645065,0.94775426,0.97248524,0.9613005,0.95770746,0.95835227,0.96612775,0.95000815,0.9551935,0.9417235,0.9772148,0.94627595,0.948973,0.95752215,0.949598,0.9529829,0.9481184,0.96143234,0.9724902,0.94433004,0.976416,0.9528636,0.9388118,0.96015537,0.94843936,0.9676418,0.94048804,0.9692534,0.96056616,0.9457984,0.9690334,0.9609061,0.9728647,0.973046,0.96001524,0.96182185,0.9507506,0.97722936,0.9546823,0.9771791,0.9664884,0.9722427,0.94597214,0.9531149,0.93572974,0.9686537,0.9643145,0.97669905,0.9518174,0.96516305,0.95706034,0.95655715,0.9726022,0.9339144,0.9629556,0.9554319,0.9524063,0.943753,0.9438995,0.9606849,0.9745845,0.96003306,0.9670551,0.9485684,0.96066463,0.96426415,0.9601619,0.96257424,0.9546591,0.9692476,0.95894265,0.97089857,0.9548142,0.9726022,0.9600871,0.95852405,0.96480614,0.9567739,0.95200807,0.96353364,0.96493447,0.9598249,0.96999615,0.9486604,0.9626378,0.9692518,0.94658303,0.98021525,0.97185254,0.9616017,0.9640015,0.95358354,0.95879024,0.9636783,0.9612819,0.9399917,0.96939623,0.9475449,0.96542954,0.95589805,0.96866375,0.9623907,0.96457374,0.9689049,0.9629754,0.9384066,0.94722,0.95791686,0.96591544,0.969259,0.97618,0.95240366,0.9698989,0.97867185,0.9528284,0.90357876,0.97235405,0.95273304,0.94816905,0.9629053,0.9689834,0.9803872,0.97675097,0.9633546,0.9635942,0.9567991,0.94896084,0.9695356,0.9557159,0.9527477,0.96739054,0.9392471,0.97177637,0.96240157,0.96640956,0.93683696,0.96377337,0.95306784,0.9523258,0.94729954,0.9540242,0.9556099,0.97675097,0.9720828,0.9580359,0.9642018,0.96380335
avengers,0.9839232,0.9312167,0.95466864,0.97453696,0.9666421,0.9565069,0.9679943,0.97103065,0.9830104,0.9678393,0.9503675,0.95084375,0.97796667,0.9722254,0.9779185,0.9678976,0.95881957,0.94645065,1.0,0.96936023,0.9625116,0.9734806,0.9766858,0.9616886,0.9684494,0.9629184,0.9587441,0.9660994,0.974596,0.962975,0.9842765,0.9720424,0.95879334,0.9678529,0.9630901,0.9563671,0.975472,0.97617304,0.96769696,0.95992106,0.9617843,0.9727672,0.96498626,0.9785631,0.9732192,0.96412945,0.97441703,0.9704887,0.95064354,0.97266364,0.9742151,0.9771059,0.95948267,0.9532048,0.96013135,0.9603006,0.94652057,0.9609513,0.96516484,0.9691884,0.9675632,0.9760774,0.9711337,0.9649488,0.96875536,0.9650495,0.9420472,0.9570538,0.9633501,0.9526496,0.96579266,0.950288,0.95792544,0.96322036,0.9748178,0.9586969,0.95955956,0.9628173,0.96133333,0.9749225,0.96003073,0.9618669,0.96116817,0.9772228,0.95902044,0.9689633,0.96491826,0.96900016,0.96705663,0.97707343,0.95064515,0.96579266,0.957884,0.97710174,0.968035,0.9768774,0.9737762,0.9739554,0.94368434,0.9698065,0.96443,0.9721565,0.9614359,0.96237016,0.9662095,0.96724486,0.95571077,0.96169126,0.96167725,0.9677485,0.96792567,0.96402115,0.95865285,0.95753944,0.94941807,0.9712688,0.97609824,0.9724317,0.96951824,0.96632373,0.9546665,0.94855154,0.9642501,0.9507341,0.9644802,0.96582055,0.96605,0.9733464,0.96516216,0.97669184,0.96471053,0.97344613,0.9606317,0.94742185,0.96501863,0.9602271,0.9672373,0.95141464,0.9656998,0.9642131,0.9830104,0.97038776,0.9585834,0.95967984,0.9625256,0.9747601,0.96465963,0.9715458,0.97755206,0.9671718,0.9638578,0.95310384,0.97867084,0.9587778,0.96449125,0.96299785,0.97351545,0.9545647,0.97106564,0.9684507,0.9830104,0.96304005,0.961835,0.9688641,0.9701866
beachbummovie,0.9819376,0.94596493,0.95775235,0.96713954,0.9632082,0.9689539,0.96399933,0.9696894,0.98447794,0.9618798,0.96898615,0.9430867,0.9775086,0.9825543,0.98844737,0.974097,0.96360135,0.94775426,0.96936023,1.0,0.96606386,0.9738166,0.97344035,0.96248686,0.9789663,0.9692725,0.94652724,0.96476674,0.9645938,0.9706301,0.9724287,0.9644542,0.97360486,0.95902056,0.9725871,0.9587824,0.97962826,0.98670465,0.9636672,0.965683,0.97182965,0.9634281,0.9652645,0.97444445,0.9783174,0.95831656,0.9773382,0.95560324,0.96267915,0.9684373,0.9692773,0.97323185,0.972152,0.9833518,0.96478087,0.9677346,0.960725,0.9571234,0.97346306,0.980228,0.9794469,0.96844107,0.9552889,0.97339284,0.9686114,0.9596869,0.948636,0.96260595,0.97915274,0.9569267,0.9791164,0.9675047,0.963664,0.9734166,0.9783503,0.9729201,0.9727274,0.9757164,0.9680117,0.9675266,0.9621454,0.96469164,0.96921635,0.9640928,0.97074187,0.9737857,0.98020595,0.9728864,0.972656,0.97242266,0.9612487,0.9791164,0.95812774,0.9710035,0.9698503,0.9788524,0.97619694,0.9814173,0.9566409,0.9715843,0.9710354,0.96910506,0.95443857,0.97906816,0.96989244,0.9720598,0.96906203,0.9680759,0.9578962,0.9674412,0.9682312,0.9774533,0.9528521,0.9750542,0.9447367,0.981432,0.9847483,0.97469336,0.96573836,0.96001804,0.97816485,0.9445288,0.96538436,0.96504694,0.9667086,0.9732043,0.9732101,0.96614647,0.96478754,0.9750228,0.9660197,0.9719093,0.9706242,0.9391565,0.9589059,0.9632849,0.97762907,0.9587516,0.975203,0.9627169,0.98447794,0.96466297,0.96246535,0.9694164,0.955859,0.9735245,0.9660354,0.97190875,0.9815455,0.9702675,0.9595122,0.9529277,0.9711885,0.97312284,0.9671268,0.96971864,0.98058844,0.9758094,0.9626665,0.9582926,0.98447794,0.9697409,0.9776527,0.97615093,0.9655521
bernadettefilm,0.9761783,0.9485004,0.9786847,0.9702064,0.98651254,0.97315127,0.9759216,0.97687066,0.9882936,0.9794676,0.94951296,0.9677216,0.9736988,0.98190236,0.9675999,0.9698975,0.9703218,0.97248524,0.9625116,0.96606386,1.0000002,0.97711945,0.9682922,0.9745812,0.9725731,0.970739,0.96010625,0.9656597,0.9794608,0.9561821,0.9691705,0.96076936,0.95251125,0.97118384,0.9660456,0.9709587,0.9814079,0.9722741,0.9796328,0.9589336,0.95712215,0.97166204,0.9707688,0.97641015,0.9637614,0.98262435,0.9690312,0.9690172,0.9681487,0.9757116,0.98088396,0.972289,0.96642846,0.9652119,0.97315264,0.97789276,0.9735685,0.9791257,0.97664994,0.972484,0.9656242,0.9672315,0.954838,0.97127587,0.9667142,0.97546816,0.9665154,0.96210736,0.96354824,0.979352,0.97147334,0.95854163,0.97637814,0.9809287,0.9582594,0.95974547,0.96056354,0.95896757,0.9790671,0.96615434,0.96663773,0.957615,0.9643796,0.976231,0.97802633,0.96964896,0.9683756,0.9691686,0.96610016,0.9804469,0.9537459,0.97147334,0.9683338,0.97029924,0.9739807,0.9687799,0.9652978,0.9718594,0.96031964,0.9768854,0.9847438,0.95903796,0.97945875,0.9685027,0.9677433,0.9844405,0.97141534,0.9587397,0.9848185,0.9648914,0.97521144,0.96625644,0.97454524,0.9529525,0.9835072,0.96139514,0.98062986,0.96551126,0.9840471,0.972678,0.96906096,0.9756695,0.9842555,0.967455,0.9706269,0.97560084,0.96752286,0.9728138,0.97206646,0.9649336,0.988018,0.985803,0.97198653,0.9380046,0.98847276,0.9496385,0.96376294,0.94949627,0.9708151,0.9875204,0.9882936,0.9734917,0.98200214,0.9635112,0.95711166,0.96697086,0.96714574,0.96795064,0.9674797,0.97053623,0.97713137,0.97563696,0.9655937,0.9549268,0.97634214,0.95626146,0.96171683,0.95797026,0.9709605,0.9754035,0.9882936,0.97937936,0.9724771,0.97046894,0.9752152
