movie,21bridgesmovie,47metersdown,abeautifuldaymovie,abominablemovie,adastramovie,adogsjourneymovie,aftermathmovie,aftermovie,ahiddenlifefilm,alitamovie,angelhasfallen,angrybirdsmovie,annabellemovie,annamovie,apollo11movie,arcticdogsmovie,arcticmovie,artofracingmovie,avengers,beachbummovie,bernadettefilm,blackandbluemovie,blackchristmas,blindedbythelightmovie,bombshellmovie,booksmart,breakthroughmovie,brianbanksmovie,brightburnmovie,brittanyrunsmov,captainmarvelofficial,captivestatemovie,catsmovie,charliesangels,childsplaymovie,clarathefilm,coldpursuitmovie,countdown,currentwarmovie,darkwatersmovie,detectivepikachumovie,disneyaladdin,disneyfrozen,disneymaleficent,doctorsleepmovie,dolemiteismyname,dontletgomovie,doramovie,downtonabbey_official,dumbo,escaperoom,everybodyknowsmovie,fastandfuriousmovie,fightingwmyfam,fivefeetapartfilm,fordvferrari,freaksthefilm,geminimanmovie,glassmovie,gloriabellmovie,godzillamovie,goldfinchmovie,goodboysmovie,goodliarmovie,gretafilm,halathemovie,happydeathdaymovie,harrietfilm,hellboymovie,hersmellmovie,highlifemovie,highstrungmovie,honeyboymovie,hotelmumbaifilm,httydragon,hustlemovie,hustlersmovie,isntitromantic,itmovieofficial,jayandsilentbob,johnwickmovie,jojorabbitmovie,jokermovie,judythefilm,jumanjimovie,justmercyfilm,knivesout,lalloronamovie,lastblackmansf,lastchristmasthemovie,latenightmovie,lighthousemovie,lionking,littlethemovie,littlewomenmovie,littlewoodsfilm,longshotmovie,lordsofchaosmovie,lucyintheskyfilm,mamovie2019,marriagestory,meettheaddams,meninblack,midsommarmovie,midwaymovie,missbalamovie,missinglinkfilm,motherlessbklyn,onceinhollywood,onthebasisofsex,overcomermovie,peanutbutterfalcon,petsematarymovie,piercingmovie,playingwithfire,playmobilthemovie,pomsmovie,queenandslim,rambomovie,readyornotfilm,richardjewellfilm,rocketmanmovie,scarystoriesmovie,secretlifeofpets,serenityfilm,shaftmovie,shazammovie,spidermanmovie,spiesindisguise,starwars,stormboymovie,stubermovie,taosdfilm,teenspiritmov,terminator,theaeronautsmov,thebestofenemies,thedeaddontdie,thefarewell,thehighwaymen,thehummingbirdprojectfilm,theintrudermovie,theirishmanfilm,thekitchenmovie,thelegomovie,themustangfilm,thenightingalefilm,theprodigymovie,thesunisalsoastar,theupsidefilm,tolkienmovie,toystory,triplefrontier,uglydolls,uncutgems,underthesilverlake,usmovie,wavesmovie,whatmenwant,wonderparkmovie,wrinklestheclown,xmenmovies,yardiefilm,yesterdaymovie,zombieland
21bridgesmovie,1.0,0.97159743,0.9921096,0.9906197,0.993185,0.9966503,0.9914581,0.99428725,0.999291,0.9916167,0.9968222,0.99094397,0.99818933,0.987477,0.9948952,0.9884904,0.99843335,0.99334925,0.99680203,0.9932323,0.9934269,0.9925461,0.9973712,0.99741906,0.9974325,0.9902327,0.9872647,0.9949453,0.9953485,0.99551195,0.9945562,0.9963318,0.9933039,0.9908615,0.9948102,0.98624873,0.99693745,0.9940055,0.99668044,0.99464786,0.9940124,0.99674857,0.9857972,0.9953766,0.99468297,0.9947772,0.99560064,0.99672633,0.9927979,0.9957325,0.9918356,0.9968906,0.99415374,0.992996,0.9886288,0.9864249,0.99428123,0.9871403,0.994434,0.99579865,0.99687713,0.9927612,0.99416184,0.99201125,0.9872272,0.9863215,0.9879371,0.99076205,0.990835,0.99086297,0.9958048,0.98598564,0.9881161,0.9981098,0.98872507,0.9927166,0.9737916,0.9940972,0.9937416,0.9836925,0.98974806,0.988827,0.99283046,0.99408495,0.99539626,0.99459696,0.9902312,0.9986954,0.9877095,0.9976706,0.9948323,0.9958048,0.9924678,0.98752844,0.9931357,0.9934125,0.9951181,0.9931224,0.9966947,0.98820245,0.9948727,0.9972372,0.99228066,0.9957123,0.9875687,0.9942959,0.99630666,0.98665607,0.991321,0.98814356,0.99605966,0.9894433,0.9872369,0.98677933,0.9948848,0.9959363,0.9992094,0.994625,0.9948448,0.9896895,0.99788827,0.9949413,0.9981025,0.9964519,0.98838,0.9936886,0.9963758,0.99333394,0.995069,0.9920671,0.9886852,0.9964094,0.9943106,0.9894272,0.9850755,0.9963285,0.9923165,0.99462926,0.99771774,0.99607265,0.999291,0.98889405,0.9950185,0.994176,0.98700595,0.99357456,0.9896299,0.995808,0.99021655,0.99401665,0.99050903,0.99780154,0.992513,0.98765385,0.9833417,0.99536234,0.99567044,0.9909558,0.99264354,0.9840247,0.999291,0.9970272,0.9950052,0.9976222,0.989868
47metersdown,0.97159743,1.0,0.9578731,0.9504334,0.9727928,0.9574065,0.9839893,0.95032454,0.9784978,0.96608293,0.9757896,0.95961356,0.96240497,0.9785337,0.9761105,0.99037296,0.97488207,0.97013015,0.9721251,0.96890146,0.96839666,0.967475,0.9727264,0.9595499,0.9675007,0.93915343,0.9866088,0.9578644,0.97394633,0.9651237,0.9543383,0.9707894,0.9806316,0.96191126,0.9743154,0.9365153,0.97857666,0.94828135,0.9651133,0.94912875,0.96304715,0.9778689,0.96133155,0.9628762,0.9653013,0.95260173,0.9785099,0.9757633,0.95050335,0.9698097,0.96964216,0.9687498,0.9585417,0.9558852,0.93608266,0.9727543,0.98384356,0.9848727,0.9594425,0.9597686,0.9649235,0.9418928,0.9707763,0.96697074,0.95993185,0.98179376,0.9889695,0.9622248,0.9680694,0.9401574,0.9592298,0.9287759,0.9384191,0.9715214,0.93595743,0.9609396,0.90774345,0.9708473,0.9507757,0.97169113,0.9464113,0.97708875,0.95989406,0.9581697,0.9606567,0.95436424,0.9527395,0.97371507,0.9344936,0.9727096,0.9780936,0.9592298,0.969207,0.9886959,0.9633442,0.95710975,0.97285175,0.9810819,0.96563095,0.97561073,0.9552994,0.9672825,0.9585419,0.9489008,0.97710335,0.9709736,0.9772757,0.95556724,0.9605713,0.9453534,0.98085976,0.9446016,0.9823341,0.93727404,0.9725952,0.97476345,0.96584344,0.9531041,0.9686746,0.9782744,0.9583048,0.97853845,0.9654569,0.963449,0.94883525,0.97697073,0.96319944,0.97213626,0.9853816,0.9598319,0.9710937,0.9723743,0.9873348,0.9533276,0.9896049,0.96551615,0.94904745,0.9811936,0.9741496,0.96041024,0.9784978,0.9763294,0.9557706,0.9576815,0.9645745,0.9655117,0.95828986,0.9669377,0.9589747,0.97316426,0.9744255,0.96824527,0.9523533,0.9283846,0.9253417,0.9683879,0.9658034,0.95416945,0.97562665,0.9872605,0.9784978,0.9773831,0.98548776,0.9672603,0.97354966
abeautifuldaymovie,0.9921096,0.9578731,1.0,0.99320376,0.99274725,0.98668474,0.98925704,0.9815036,0.99216795,0.99596035,0.9830726,0.9929911,0.9911706,0.9850019,0.98811364,0.97129124,0.9898076,0.9891505,0.9874102,0.98774415,0.987059,0.99414444,0.99209,0.9902754,0.99323285,0.99088156,0.98101836,0.9797147,0.99394476,0.9905433,0.9952612,0.98650587,0.98967916,0.98212886,0.98858047,0.98839283,0.99429035,0.9898819,0.99110764,0.98638356,0.97885627,0.9894531,0.97612405,0.99020654,0.9853201,0.9888516,0.98638606,0.9847762,0.98367363,0.9898277,0.9939835,0.98959774,0.99621737,0.9943622,0.9746971,0.98435825,0.9875942,0.97955364,0.99140054,0.98932314,0.98564446,0.9853127,0.9818419,0.9806016,0.9851373,0.9700585,0.9761334,0.9847052,0.9810079,0.9849029,0.98326164,0.98383373,0.98580676,0.9876446,0.987545,0.9893597,0.9747441,0.9844774,0.9846534,0.97009796,0.99383736,0.9884039,0.98722464,0.98578614,0.99769926,0.9906754,0.98270303,0.9925193,0.981861,0.98411024,0.9932107,0.98326164,0.992854,0.98509127,0.99740636,0.98796165,0.98200667,0.98322904,0.9925198,0.98896617,0.99061364,0.99243873,0.98914224,0.9894406,0.9769135,0.99486977,0.9886039,0.96994656,0.99766386,0.9761631,0.99143875,0.9901553,0.9833622,0.9844337,0.9898234,0.98626477,0.9941932,0.9862751,0.9919314,0.98963624,0.9933464,0.9905498,0.9918956,0.98555344,0.9826841,0.993534,0.9899418,0.99385685,0.989419,0.98763233,0.9787572,0.9892434,0.9831872,0.98077685,0.9799597,0.994022,0.9958808,0.9908994,0.9880236,0.9859595,0.99216795,0.99077696,0.9898223,0.98265445,0.9721293,0.9845148,0.9883522,0.9962069,0.9761989,0.9919355,0.98563004,0.9930832,0.98078877,0.98567367,0.9719389,0.9824984,0.9894364,0.98199326,0.98928934,0.97675365,0.99216795,0.9941236,0.9915243,0.9911761,0.9831558
abominablemovie,0.9906197,0.9504334,0.99320376,1.0,0.98937947,0.9923131,0.9807993,0.98721826,0.989391,0.9865418,0.985833,0.9905399,0.992826,0.9758327,0.9876271,0.9678485,0.98494744,0.9837433,0.98674905,0.98747283,0.98862654,0.9870429,0.9942876,0.9889782,0.99084836,0.989661,0.97008514,0.9845816,0.9892188,0.992313,0.99518347,0.9781934,0.98500407,0.9844691,0.9846256,0.99137026,0.9890542,0.9924718,0.9927315,0.9886239,0.98321104,0.9877548,0.97296387,0.98963934,0.9858301,0.99239635,0.9883953,0.98111826,0.98498505,0.9874456,0.98927015,0.9885918,0.9940637,0.995663,0.984089,0.97323877,0.98234195,0.9811908,0.9970767,0.98776776,0.98637784,0.9927819,0.9847458,0.9825731,0.9803331,0.96654105,0.968762,0.98790836,0.9867344,0.9864585,0.9856321,0.98965764,0.9832003,0.98747534,0.99461716,0.99109465,0.9849259,0.98920655,0.9920809,0.96491414,0.99689883,0.98795867,0.98900974,0.987374,0.9942357,0.99017406,0.9895714,0.9925523,0.98600596,0.9845705,0.98621666,0.9856321,0.9878125,0.9743333,0.9919226,0.9934499,0.98558587,0.9842522,0.9933419,0.9820581,0.99349487,0.9875083,0.98872584,0.98953724,0.9670531,0.9902322,0.9850341,0.9766128,0.99402386,0.9743901,0.987982,0.9932729,0.9809229,0.9897372,0.9873621,0.984366,0.992778,0.98916155,0.9883085,0.9822706,0.992031,0.98942596,0.99100494,0.9893911,0.983757,0.9859528,0.992738,0.9905657,0.985525,0.9855349,0.9842383,0.9876109,0.9770088,0.9839121,0.9781211,0.99137515,0.9951745,0.98505825,0.98787016,0.9890279,0.989391,0.9819545,0.99619794,0.98568225,0.9716444,0.98390174,0.9901709,0.989178,0.9835113,0.99163437,0.9837465,0.9912143,0.98374146,0.9848542,0.97518456,0.98439056,0.9939632,0.9868243,0.98663163,0.974785,0.989391,0.9892205,0.98633224,0.99449986,0.9787128
adastramovie,0.993185,0.9727928,0.99274725,0.98937947,0.9999999,0.98596144,0.9874236,0.98539174,0.99525326,0.9953184,0.9891,0.9914801,0.98793834,0.99555135,0.9951009,0.98755884,0.99341327,0.99194527,0.98582,0.99196064,0.98976433,0.98638314,0.99652624,0.99313074,0.9896871,0.9844413,0.9844144,0.9872232,0.99096566,0.99594766,0.9888824,0.9848971,0.995866,0.98379505,0.98651654,0.9760228,0.9962191,0.98156214,0.9870628,0.9823673,0.9886213,0.9935817,0.98291826,0.9907688,0.9878666,0.99077433,0.99121964,0.9909349,0.9772148,0.9903623,0.9871509,0.987338,0.98747414,0.9924998,0.97477806,0.99400544,0.986696,0.99115103,0.99115723,0.989113,0.9920202,0.98213506,0.9842982,0.9930562,0.977574,0.9772678,0.9832574,0.9799312,0.9907484,0.9789047,0.98494256,0.97752106,0.9849613,0.9916462,0.98176867,0.98860663,0.9673059,0.98482203,0.98595273,0.97236615,0.98712903,0.98534656,0.9883393,0.98042154,0.99030167,0.98675555,0.9757388,0.993001,0.976779,0.9871711,0.9964442,0.98494256,0.98762053,0.9867804,0.99005246,0.99076337,0.98825765,0.98672736,0.9892564,0.99419296,0.994197,0.9890763,0.98462003,0.9840918,0.9848712,0.99040246,0.9926314,0.9833993,0.9958141,0.97131646,0.99452406,0.98516774,0.99564195,0.9744368,0.9947763,0.9864067,0.99230355,0.9889713,0.99190515,0.9886977,0.9931192,0.9930329,0.9936017,0.98936504,0.98934984,0.9936441,0.989379,0.99038106,0.9966078,0.9883836,0.9824752,0.99337214,0.98904425,0.9806464,0.9927148,0.9963751,0.98936355,0.9905366,0.993423,0.99011487,0.99525326,0.985702,0.9919624,0.9883358,0.98214036,0.98403025,0.9798329,0.9951215,0.98832804,0.99608546,0.98025614,0.99413276,0.9861495,0.9801511,0.96373826,0.985211,0.99184525,0.98369104,0.9966149,0.99291426,0.99525326,0.996186,0.9953277,0.992551,0.9794397
adogsjourneymovie,0.9966503,0.9574065,0.98668474,0.9923131,0.98596144,1.0,0.98178756,0.99521846,0.9938706,0.98097366,0.99483174,0.9886831,0.99741334,0.97668415,0.9901845,0.9783849,0.99218696,0.9831212,0.99409,0.98856246,0.9932195,0.98632586,0.9952171,0.9936704,0.99558526,0.99300194,0.9760224,0.99431604,0.9912278,0.9935472,0.99359465,0.9896173,0.9868438,0.99236465,0.9928403,0.99174684,0.9888046,0.9968318,0.996861,0.998253,0.991325,0.9899155,0.9757478,0.9897542,0.9913091,0.99343014,0.99454,0.9903046,0.9946783,0.988292,0.9869853,0.99528587,0.9938581,0.9930736,0.9946594,0.97237533,0.98655623,0.9803229,0.9969736,0.9954373,0.9937049,0.9967636,0.9938498,0.9866411,0.98455703,0.9769153,0.97768116,0.99195904,0.9914589,0.9908739,0.99781466,0.99202806,0.9853064,0.99409336,0.99451584,0.99470073,0.98525476,0.99391884,0.99741983,0.9769921,0.99103653,0.9849232,0.9877099,0.9967455,0.9923213,0.9942713,0.99572027,0.99542284,0.9938243,0.9936214,0.9853962,0.99781466,0.98600656,0.9760294,0.987542,0.9944902,0.9956574,0.9875857,0.99399155,0.9820712,0.9931622,0.99403286,0.9927081,0.99694675,0.976267,0.98967326,0.9911345,0.98311186,0.9847483,0.9889363,0.9883678,0.99294573,0.97681504,0.9938667,0.9879718,0.99347574,0.9958093,0.99594617,0.9888823,0.9801011,0.99506116,0.987624,0.99622923,0.99706346,0.98922116,0.9846691,0.99625796,0.9898959,0.9869685,0.9848894,0.98933154,0.9942389,0.9857944,0.9932642,0.97464454,0.9925984,0.99159056,0.98863155,0.9957186,0.9941124,0.9938706,0.98071843,0.9950926,0.991046,0.984509,0.9944136,0.99194187,0.9909148,0.9882337,0.98794204,0.98655766,0.992231,0.9929905,0.98758143,0.9899904,0.9952174,0.9962756,0.99476075,0.9864598,0.97445333,0.9938706,0.9904925,0.98758185,0.99724084,0.9835962
aftermathmovie,0.9914581,0.9839893,0.98925704,0.9807993,0.9874236,0.98178756,1.0,0.97662616,0.9937005,0.99017113,0.98889464,0.9867094,0.9890694,0.9873608,0.9896403,0.9850843,0.99072737,0.987954,0.9890224,0.9871877,0.98848605,0.9961085,0.9887454,0.9836291,0.9931554,0.9748366,0.99500656,0.9775976,0.9961804,0.9851602,0.9832301,0.9911325,0.9933031,0.98406917,0.99267024,0.97739977,0.99405855,0.9823692,0.98803675,0.97938967,0.978514,0.9942308,0.974932,0.9865085,0.98728496,0.98053426,0.9897079,0.9899732,0.98292935,0.9917094,0.9958667,0.9930755,0.9893587,0.98397774,0.96722215,0.9818125,0.99700326,0.99010265,0.98370045,0.98378164,0.9811408,0.9739035,0.9868542,0.9805329,0.9906331,0.9901184,0.9945588,0.9895157,0.98166513,0.9769313,0.98182094,0.97030365,0.9727367,0.9907184,0.9733207,0.9835293,0.9517089,0.9913503,0.9787506,0.9874359,0.98278594,0.99581814,0.9832537,0.9859635,0.9894383,0.97925526,0.9815593,0.9942587,0.97052836,0.9885932,0.99569714,0.98182094,0.9960134,0.9942479,0.99309415,0.9815212,0.9861925,0.9904576,0.9914609,0.98796123,0.9802244,0.991797,0.9887847,0.9819498,0.9877672,0.99635035,0.9883567,0.9660956,0.9880546,0.9789933,0.993998,0.9788832,0.9889266,0.975176,0.9915411,0.99367326,0.99099576,0.9783812,0.99380624,0.9980593,0.98520195,0.9950755,0.98595434,0.98532826,0.9675374,0.9974283,0.9891457,0.99331266,0.9951235,0.9845532,0.9868263,0.9879943,0.9941922,0.9797163,0.98932225,0.9871492,0.9854772,0.99709976,0.988485,0.9839631,0.9937005,0.99637663,0.9819212,0.97789246,0.97645193,0.9863291,0.9879976,0.98871815,0.97313666,0.99168885,0.9959644,0.9907755,0.9740096,0.96876806,0.96232194,0.9879582,0.9860382,0.9794,0.9880609,0.9860099,0.9937005,0.995045,0.9966584,0.9884469,0.99498683
aftermovie,0.99428725,0.95032454,0.9815036,0.98721826,0.98539174,0.99521846,0.97662616,1.0000002,0.9910511,0.98209786,0.99323094,0.9845796,0.99459565,0.97731185,0.98894954,0.97911334,0.9915473,0.98603845,0.98763126,0.9889275,0.9890531,0.9814454,0.9909972,0.99661034,0.9905122,0.9874912,0.97178495,0.9991055,0.9846759,0.993451,0.9871635,0.98828745,0.9834119,0.98834914,0.9835849,0.98283947,0.9859316,0.991468,0.98851925,0.9934351,0.9967607,0.9909417,0.98170894,0.9919592,0.9937828,0.9971855,0.98678374,0.992421,0.9922036,0.9909392,0.97963077,0.99165076,0.9845921,0.98861766,0.99641603,0.97590107,0.9806834,0.97930187,0.99056387,0.99192834,0.994679,0.9953249,0.9895562,0.99328244,0.9793303,0.97974384,0.9759536,0.98592526,0.9892991,0.9937783,0.99526125,0.99068725,0.99113834,0.99591035,0.9903279,0.98564494,0.9792581,0.99019396,0.9971228,0.97794986,0.9873086,0.97591805,0.9904631,0.9896874,0.9853322,0.98738295,0.98657215,0.9926717,0.9902631,0.9935477,0.9856325,0.99526125,0.9834426,0.9665796,0.9829008,0.99332285,0.99131393,0.98243135,0.9917842,0.9747722,0.99542373,0.98970413,0.9880231,0.99508107,0.98014575,0.984113,0.9858398,0.99009705,0.98391616,0.9900936,0.9852741,0.9876889,0.9789968,0.98502254,0.9910647,0.9887781,0.99425167,0.9958761,0.99047756,0.97814363,0.995684,0.98722273,0.9929979,0.996742,0.9859831,0.9836388,0.9946791,0.9810231,0.9849689,0.9895947,0.9840926,0.9889267,0.9828495,0.98842,0.9722326,0.9909881,0.98934215,0.98198825,0.9919984,0.9983698,0.9910511,0.97230536,0.99638397,0.9956796,0.98597807,0.98744166,0.98152924,0.98536265,0.99385387,0.9878117,0.9791905,0.9932352,0.9948769,0.99156845,0.9865917,0.9933328,0.9914726,0.9916065,0.9840486,0.9739175,0.9910511,0.9878916,0.9819708,0.99332607,0.9800165
ahiddenlifefilm,0.999291,0.9784978,0.99216795,0.989391,0.99525326,0.9938706,0.9937005,0.9910511,1.0,0.9930973,0.99639374,0.99013984,0.9960577,0.9905715,0.9955948,0.99189126,0.99870116,0.99451756,0.99663717,0.99344826,0.993104,0.99209446,0.99768287,0.9957609,0.9962893,0.98706585,0.9898304,0.99263203,0.9956726,0.9954755,0.99325407,0.9957311,0.9951842,0.9890122,0.99467665,0.9822885,0.9986248,0.99070036,0.99521613,0.99060214,0.99259657,0.99742913,0.9861971,0.99440944,0.9938972,0.9925461,0.9960216,0.99705416,0.98907477,0.9956156,0.9918175,0.9955924,0.99265635,0.9921172,0.98401034,0.98976946,0.9959051,0.990162,0.9932188,0.9943325,0.99605,0.9891204,0.9932705,0.99191505,0.98522836,0.9871887,0.9904579,0.9888072,0.9906283,0.9871204,0.9932113,0.981192,0.98555493,0.99761313,0.9844067,0.99119353,0.96819156,0.9931994,0.9904723,0.9838544,0.98771703,0.9902993,0.9917505,0.9912896,0.99446565,0.9928606,0.98722196,0.99851507,0.9830131,0.99686307,0.99660313,0.9932113,0.99257004,0.99122304,0.9928375,0.99142945,0.99455166,0.99453485,0.9958942,0.99048805,0.9935502,0.9963973,0.99010515,0.9922768,0.9888334,0.9942746,0.9977844,0.98574203,0.9922816,0.9839174,0.9976293,0.9865495,0.9909129,0.9821756,0.9957519,0.995174,0.9980081,0.99196994,0.99485093,0.9914702,0.99605733,0.99668336,0.9975501,0.99450594,0.9867915,0.9954186,0.99486154,0.9937614,0.9973981,0.9913136,0.98902804,0.99640733,0.99643326,0.98650724,0.9897872,0.99661344,0.99021226,0.9963023,0.9975138,0.99437684,1.0,0.9901391,0.9933529,0.9923107,0.986625,0.9923479,0.9877972,0.9962469,0.9889523,0.9949873,0.9903415,0.99726653,0.99008733,0.98389333,0.97773033,0.9936941,0.9944859,0.9885084,0.99394864,0.98844355,1.0,0.9981693,0.99750304,0.99642295,0.98938185
alitamovie,0.9916167,0.96608293,0.99596035,0.9865418,0.9953184,0.98097366,0.99017113,0.98209786,0.9930973,1.0,0.9845895,0.9899234,0.98772705,0.9913394,0.9909281,0.98071724,0.99301785,0.9953047,0.9853727,0.9915356,0.9828348,0.9917547,0.9902513,0.99242127,0.98849195,0.9821099,0.98615164,0.98210704,0.9904473,0.9904075,0.9901356,0.98782986,0.9901515,0.97842175,0.98319966,0.9753881,0.99659,0.98268014,0.98460376,0.97914517,0.9845032,0.99372554,0.98726386,0.99350864,0.9882931,0.9903186,0.98272574,0.98987085,0.97922456,0.9942848,0.9895001,0.9862001,0.98775315,0.989648,0.970166,0.99451077,0.989225,0.9838221,0.98437595,0.9862574,0.98736584,0.97924525,0.98118025,0.9873911,0.9796956,0.9781309,0.9803184,0.9774764,0.97908366,0.98415864,0.9794695,0.97408116,0.98824626,0.9895579,0.9785583,0.98098665,0.95940953,0.9809726,0.98076314,0.9751312,0.9871686,0.98380405,0.99081045,0.97749716,0.9929144,0.9850424,0.972951,0.99100184,0.973834,0.9871202,0.99635184,0.9794695,0.9928827,0.986454,0.99524206,0.9860173,0.9792494,0.9833847,0.9914784,0.9868492,0.9917427,0.99003,0.982487,0.98481876,0.98681813,0.9915539,0.98885095,0.97798014,0.9978012,0.9724035,0.99462956,0.98226553,0.9904815,0.9716335,0.99451673,0.9832913,0.99304223,0.9848213,0.99365354,0.9919592,0.9934145,0.99373615,0.9895827,0.9833509,0.9804972,0.9955371,0.9871609,0.9899997,0.99263406,0.9938667,0.9738334,0.98578465,0.9878942,0.9726824,0.98612845,0.9932556,0.99083585,0.9892152,0.98734605,0.9885124,0.9930973,0.9882353,0.9890328,0.9873801,0.97656506,0.9777443,0.9785276,0.99374115,0.980922,0.99324775,0.98175573,0.9955695,0.98232925,0.98251843,0.96374255,0.9810108,0.9848671,0.9760554,0.9918245,0.9833193,0.9930973,0.99552107,0.9917711,0.9876852,0.98247844
angelhasfallen,0.9968222,0.9757896,0.9830726,0.985833,0.9891,0.99483174,0.98889464,0.99323094,0.99639374,0.9845895,1.0000002,0.9896407,0.9939516,0.9869625,0.9967317,0.9912209,0.9962904,0.9865594,0.99359596,0.99549544,0.99395245,0.9879482,0.9947585,0.99296874,0.9937872,0.9835099,0.9890918,0.9941598,0.9931297,0.99460924,0.98727626,0.9915775,0.9921572,0.9947157,0.9933582,0.9814549,0.99221426,0.9905854,0.99145985,0.9910582,0.99539477,0.9966193,0.9833711,0.9908499,0.9965307,0.99283004,0.99538,0.9971306,0.9926159,0.9923754,0.9873904,0.9956991,0.988051,0.99052626,0.98803765,0.9810417,0.9933105,0.9914009,0.9919172,0.9939689,0.9922461,0.98720616,0.99849236,0.99226254,0.9850467,0.9903306,0.98794985,0.9900694,0.9936078,0.98831946,0.99550307,0.9813147,0.9849873,0.99689054,0.9854886,0.98932385,0.9687335,0.99520606,0.9941962,0.99017,0.9863238,0.9882514,0.98854846,0.99170506,0.98796856,0.9858135,0.9906728,0.9960639,0.9869897,0.9971721,0.9905403,0.99550307,0.9906825,0.98263365,0.9878844,0.99411386,0.9971604,0.9893424,0.99491894,0.98521465,0.99238646,0.9944924,0.9904053,0.9916706,0.9904895,0.9911779,0.99277884,0.9858693,0.984979,0.98683196,0.994026,0.987794,0.9872957,0.9838641,0.9948584,0.9951949,0.9941303,0.9946585,0.99344677,0.9884994,0.99316573,0.99360186,0.9935737,0.9963117,0.9853813,0.99056804,0.9962508,0.9918466,0.99395317,0.9896495,0.991019,0.99261564,0.99555475,0.98893523,0.9863647,0.99228716,0.9876,0.9928875,0.9980123,0.9962345,0.99639374,0.9837158,0.99329334,0.9923328,0.9935877,0.99167067,0.9886132,0.98940814,0.98977256,0.99055856,0.989196,0.9943006,0.99404603,0.97812206,0.9806927,0.9980196,0.9932357,0.9924875,0.9919008,0.98680156,0.99639374,0.99528795,0.9925954,0.99489844,0.98784345
angrybirdsmovie,0.99094397,0.95961356,0.9929911,0.9905399,0.9914801,0.9886831,0.9867094,0.9845796,0.99013984,0.9899234,0.9896407,0.99999976,0.98882544,0.9901472,0.9954586,0.9742618,0.9892371,0.98007137,0.9820546,0.9941935,0.9927761,0.9928285,0.9924483,0.9893976,0.99302477,0.99017805,0.9865638,0.98253626,0.9952823,0.9934778,0.9881576,0.9816993,0.99353373,0.9946851,0.99083805,0.9898337,0.9891518,0.9891585,0.9874076,0.98932725,0.9841015,0.99118906,0.9731113,0.9868973,0.9893673,0.99100864,0.99010235,0.9868841,0.98770916,0.98630553,0.99294883,0.9918906,0.99364394,0.996662,0.977669,0.9793521,0.98532385,0.987537,0.99299353,0.9915827,0.9823487,0.98108387,0.9899276,0.9859579,0.9903255,0.976562,0.9776551,0.9885799,0.9913016,0.98450416,0.9880642,0.9863098,0.98747325,0.9880367,0.9921948,0.9932288,0.978775,0.9882088,0.99163103,0.9799762,0.9953382,0.98956853,0.983764,0.9874922,0.991923,0.98232245,0.9865759,0.9913489,0.9894325,0.98393136,0.9907677,0.9880642,0.9934531,0.9796676,0.9948156,0.99612355,0.9887737,0.9768683,0.9911565,0.99265116,0.99207515,0.9922534,0.9941719,0.989046,0.9850137,0.9958188,0.98402464,0.9704434,0.9926566,0.9804079,0.9901949,0.99671626,0.98576903,0.98913497,0.99221957,0.9896114,0.99057287,0.9933231,0.99341154,0.9910755,0.99227667,0.98774344,0.98897743,0.990841,0.98799187,0.99187887,0.9935337,0.996594,0.990678,0.98675793,0.98345405,0.9896335,0.98483837,0.9889354,0.9824267,0.9923164,0.9965545,0.9901213,0.9930604,0.98947376,0.99013984,0.9886537,0.9912316,0.98357874,0.98552454,0.9866699,0.99222463,0.9924878,0.98010886,0.99129045,0.9863346,0.9918017,0.98827964,0.97764367,0.9728215,0.9905936,0.9921596,0.9909075,0.99472755,0.9832514,0.99013984,0.9950457,0.99048835,0.992501,0.9840294
annabellemovie,0.99818933,0.96240497,0.9911706,0.992826,0.98793834,0.99741334,0.9890694,0.99459565,0.9960577,0.98772705,0.9939516,0.98882544,0.99999994,0.97882587,0.99044657,0.98022234,0.9937381,0.9907312,0.9950929,0.98904574,0.9914759,0.9931273,0.9952813,0.9955441,0.9972999,0.98967797,0.98108,0.9938139,0.99343926,0.99195486,0.99459964,0.99362534,0.9885728,0.9890928,0.9923375,0.99034417,0.99324465,0.9959198,0.99805075,0.9961043,0.99134153,0.99419165,0.98145103,0.99524266,0.99196285,0.99438244,0.99324137,0.9917958,0.9941293,0.9950817,0.99288577,0.99677527,0.9952398,0.9912303,0.9904071,0.9776234,0.9913665,0.98278135,0.99462783,0.9923631,0.9942729,0.99571437,0.991465,0.9884535,0.9895484,0.9839585,0.9840783,0.99411994,0.98803,0.99197525,0.9944238,0.9898539,0.9851078,0.99626285,0.992103,0.9925257,0.9777122,0.9955551,0.9947289,0.9796354,0.9915962,0.98911816,0.9936421,0.9958043,0.9956438,0.994309,0.99299777,0.9981479,0.98829097,0.9959521,0.99138296,0.9944238,0.9919427,0.98266566,0.9929652,0.9929039,0.9925031,0.99275535,0.9966244,0.98228294,0.9928452,0.9946966,0.9936417,0.9962277,0.98032916,0.99388057,0.9909088,0.98374826,0.98934543,0.98960507,0.9925419,0.99006253,0.98170304,0.9909733,0.99103105,0.995238,0.99911964,0.9924018,0.99303585,0.98758334,0.99661714,0.99273545,0.99518824,0.99602824,0.9832398,0.99046355,0.9962993,0.9912199,0.9905337,0.9905151,0.9882041,0.9935012,0.9881216,0.99017644,0.9789544,0.99223804,0.9933365,0.9909898,0.9936555,0.99471605,0.9960577,0.9883031,0.9953512,0.99275017,0.9795988,0.9921692,0.99177474,0.9914092,0.98891276,0.99302346,0.99253166,0.99650013,0.9886436,0.9886611,0.9845219,0.9939336,0.9961154,0.990134,0.9878011,0.9764313,0.9960577,0.99285555,0.9906747,0.9979856,0.9916714
annamovie,0.987477,0.9785337,0.9850019,0.9758327,0.99555135,0.97668415,0.9873608,0.97731185,0.9905715,0.9913394,0.9869625,0.9901472,0.97882587,1.0,0.99473965,0.9893095,0.99090266,0.98436433,0.977699,0.9909182,0.98718405,0.9837904,0.9892226,0.98649114,0.9849089,0.97590595,0.9912573,0.9800781,0.98925364,0.9909261,0.97665846,0.98209375,0.9963487,0.9843695,0.984983,0.96644026,0.9909883,0.9721092,0.9767171,0.97467786,0.983738,0.9911937,0.97762233,0.98256606,0.98554975,0.9829658,0.98688775,0.9904269,0.9725585,0.98448694,0.98319966,0.98400444,0.97954804,0.9859902,0.9640274,0.99289834,0.98465216,0.9920931,0.98157775,0.98509616,0.9832474,0.96711344,0.9828036,0.98990476,0.9775143,0.9810799,0.9863605,0.9746469,0.98822206,0.9707925,0.98028827,0.96688426,0.98037153,0.9873021,0.9711509,0.98219883,0.9532772,0.9795749,0.97869676,0.9795078,0.9785232,0.9818552,0.9785214,0.9740287,0.9811512,0.9737339,0.9674209,0.98693943,0.97069263,0.9818923,0.99444604,0.98028827,0.98590666,0.9857442,0.985001,0.9852794,0.9853561,0.9776975,0.98234177,0.9948906,0.98630744,0.98623633,0.9814417,0.9764521,0.9924834,0.9879476,0.9870624,0.97380143,0.98836493,0.9692148,0.990833,0.97914976,0.9951012,0.96539676,0.993367,0.9846747,0.9844633,0.98438454,0.9902149,0.99003744,0.98597926,0.988075,0.9860169,0.9843682,0.98344564,0.99290025,0.9842172,0.9879467,0.9955442,0.9831716,0.97834265,0.9885226,0.9907363,0.9770526,0.992377,0.9909032,0.9824815,0.9894873,0.99107915,0.9848464,0.9905715,0.98409873,0.982188,0.98052675,0.9866568,0.9801511,0.9745549,0.99036616,0.9801149,0.99028623,0.97707206,0.9883607,0.9824087,0.9674667,0.9546134,0.9841063,0.9838356,0.98005426,0.9956546,0.9952909,0.9905715,0.99468386,0.993512,0.98464274,0.9779395
apollo11movie,0.9948952,0.9761105,0.98811364,0.9876271,0.9951009,0.9901845,0.9896403,0.98894954,0.9955948,0.9909281,0.9967317,0.9954586,0.99044657,0.99473965,0.99999994,0.9901496,0.9953543,0.9878756,0.98795336,0.9980664,0.9927621,0.99004734,0.9959877,0.99316514,0.9919253,0.9834158,0.9920725,0.98996603,0.9939438,0.99577045,0.98710185,0.98673797,0.99604803,0.9937427,0.9909476,0.97978324,0.99424684,0.9861303,0.98846924,0.987277,0.993499,0.9972578,0.9850634,0.9917762,0.9938217,0.99328244,0.9942758,0.99470174,0.9864316,0.9920681,0.989888,0.9923188,0.98845,0.9931793,0.9794687,0.98809093,0.99145573,0.994976,0.99167,0.991801,0.99001473,0.98165226,0.99460864,0.99444646,0.9852487,0.98760545,0.98640436,0.98645365,0.99444675,0.9841292,0.9901598,0.97880495,0.98640406,0.9936916,0.9857762,0.99046874,0.967337,0.9908796,0.99167216,0.9857307,0.9886877,0.98915035,0.98947746,0.9857354,0.9896261,0.9835701,0.9842507,0.9943159,0.9838653,0.9925476,0.99408937,0.9901598,0.99246806,0.9858259,0.99169517,0.99625176,0.9933896,0.98618406,0.99289924,0.9922344,0.99436516,0.99235,0.98959494,0.98743254,0.9929176,0.9933655,0.9908184,0.98429734,0.9910984,0.9790332,0.9963285,0.989688,0.9936835,0.9808955,0.99661154,0.9918064,0.9927453,0.99413127,0.9943136,0.992159,0.9937328,0.9936241,0.99175036,0.9933931,0.9891749,0.99328756,0.9938764,0.9948575,0.996826,0.9916546,0.9862161,0.99218863,0.99382776,0.98589486,0.99221313,0.9935734,0.99033827,0.99218184,0.99727684,0.99408215,0.9955948,0.9876434,0.99330586,0.99134153,0.9919538,0.9867543,0.98673207,0.9919788,0.98974454,0.9944458,0.9870138,0.99555266,0.9923526,0.9750878,0.97039086,0.99374056,0.9934925,0.9894014,0.9983909,0.9927559,0.9955948,0.99762475,0.9946332,0.9944135,0.9862554
arcticdogsmovie,0.9884904,0.99037296,0.97129124,0.9678485,0.98755884,0.9783849,0.9850843,0.97911334,0.99189126,0.98071724,0.9912209,0.9742618,0.98022234,0.9893095,0.9901496,0.99999994,0.9918981,0.98677105,0.9853749,0.9856032,0.98128915,0.9753475,0.9874455,0.98448825,0.9806111,0.9634221,0.98840976,0.98509514,0.9818941,0.9847598,0.97288674,0.98619944,0.98897916,0.9773474,0.98243237,0.9538973,0.989945,0.968688,0.9787485,0.97201914,0.98863083,0.99107975,0.9836928,0.982938,0.98462135,0.97879845,0.9882115,0.9930795,0.9710714,0.9859486,0.97489727,0.9819668,0.97083193,0.9738726,0.96692824,0.98859984,0.9886994,0.9899047,0.97605944,0.98033327,0.9882913,0.96878994,0.9851508,0.98957825,0.96792823,0.9892193,0.99108744,0.97182256,0.9838594,0.96773285,0.9809453,0.95551807,0.9691203,0.9893729,0.9602788,0.9749804,0.9374536,0.98148185,0.9750481,0.9806578,0.9642666,0.97706395,0.98038447,0.97336125,0.9747979,0.97493744,0.9671547,0.98677003,0.9612293,0.9903115,0.9885786,0.9809453,0.97802234,0.98698014,0.974527,0.9780588,0.9873837,0.98836935,0.98094314,0.98235524,0.98056304,0.9822397,0.9720698,0.97302896,0.9900816,0.97891074,0.99061817,0.98447573,0.97564936,0.9675244,0.99098706,0.964569,0.99060947,0.9562081,0.98840296,0.9850247,0.9837337,0.97889817,0.9829896,0.9821265,0.9817471,0.9884868,0.98492986,0.9834566,0.975564,0.98524827,0.98040247,0.9794201,0.9936147,0.9809518,0.9791523,0.98659676,0.99526834,0.970751,0.99185324,0.9840389,0.9680206,0.9864949,0.9900913,0.9843201,0.99189126,0.977279,0.9788317,0.984386,0.9848156,0.97895145,0.96694446,0.98211086,0.9848847,0.9853594,0.9771159,0.98627746,0.98053277,0.96090543,0.95527595,0.9846089,0.98149973,0.97397065,0.98829967,0.9924444,0.99189126,0.9890224,0.9908284,0.9833993,0.9787224
arcticmovie,0.99843335,0.97488207,0.9898076,0.98494744,0.99341327,0.99218696,0.99072737,0.9915473,0.99870116,0.99301785,0.9962904,0.9892371,0.9937381,0.99090266,0.9953543,0.9918981,0.9999999,0.99383575,0.9955362,0.99497336,0.99038523,0.9898285,0.99456924,0.9964961,0.99388885,0.98673767,0.9901501,0.9929419,0.9934218,0.9947809,0.9917321,0.99658984,0.9925184,0.9886353,0.9926349,0.97896725,0.99717313,0.99002343,0.9914568,0.9896242,0.9939848,0.99673796,0.98933846,0.9938624,0.9956102,0.9931745,0.992279,0.9987885,0.9900541,0.9950155,0.98763216,0.99381477,0.9894484,0.99092716,0.9843967,0.99147093,0.9946846,0.98656636,0.98945117,0.99550176,0.9954919,0.98703235,0.99392635,0.99178684,0.9820506,0.9866733,0.9872928,0.98398614,0.98771036,0.9896746,0.993235,0.9788046,0.9898804,0.9969083,0.9821444,0.98715013,0.96521324,0.9892245,0.9894933,0.9863749,0.9851764,0.9845988,0.99058396,0.9886916,0.99228436,0.9910408,0.98451316,0.9957424,0.98414934,0.9972584,0.994505,0.993235,0.99138504,0.98754925,0.99125135,0.9903876,0.9925445,0.98946136,0.99500626,0.9873396,0.99394375,0.9968089,0.98718303,0.9929338,0.9924413,0.99138767,0.99714965,0.986708,0.99035895,0.98476005,0.996403,0.9852292,0.9879915,0.9791393,0.99602115,0.99260455,0.996609,0.993489,0.99429595,0.9891442,0.9965198,0.9945941,0.99671894,0.9928369,0.9878719,0.9937642,0.9934806,0.99171174,0.99494135,0.99306387,0.9840809,0.9934632,0.99698883,0.9835288,0.98580396,0.99619997,0.9886887,0.9940969,0.9970967,0.9952064,0.99870116,0.9857847,0.9919207,0.99360186,0.9907841,0.9898598,0.9840306,0.99570334,0.9877578,0.9910097,0.9857123,0.9967929,0.9935151,0.98482174,0.9803967,0.9933393,0.9903374,0.98722047,0.9926666,0.98538786,0.99870116,0.9975965,0.9943656,0.99305874,0.98575604
artofracingmovie,0.99334925,0.97013015,0.9891505,0.9837433,0.99194527,0.9831212,0.987954,0.98603845,0.99451756,0.9953047,0.9865594,0.98007137,0.9907312,0.98436433,0.9878756,0.98677105,0.99383575,1.0000001,0.9898281,0.9875363,0.9784841,0.98715365,0.9905008,0.9941677,0.98629373,0.9754963,0.98203236,0.9880818,0.9849692,0.9871146,0.9893242,0.9909006,0.98549175,0.972542,0.9799244,0.9682341,0.99690056,0.9809209,0.9873622,0.97913957,0.98974437,0.9943701,0.99373007,0.99702805,0.9871472,0.99033713,0.9833566,0.99129623,0.97790587,0.9974526,0.9849686,0.9848373,0.98293304,0.9821446,0.9736695,0.9935714,0.9903683,0.98184216,0.98184454,0.98261786,0.9934789,0.98348767,0.980479,0.99017906,0.97421986,0.98321825,0.9830744,0.976138,0.9766616,0.9835785,0.98003393,0.9696965,0.98271424,0.9919858,0.97407293,0.9775108,0.9517794,0.9822927,0.97994095,0.9724311,0.9793572,0.9797304,0.9958456,0.9771576,0.9904986,0.9882632,0.97166675,0.9919007,0.9679323,0.9931895,0.99415416,0.98003393,0.9877005,0.9868679,0.98955,0.9828408,0.9798362,0.9918564,0.9908359,0.9787173,0.99040234,0.98673373,0.97710747,0.9838129,0.9842801,0.9860461,0.9906009,0.9887172,0.9917604,0.97195894,0.9951914,0.9734813,0.98882675,0.966598,0.9917724,0.98341745,0.99468696,0.9821662,0.9895792,0.9867273,0.99320865,0.9943224,0.9898616,0.9841154,0.9771409,0.99083346,0.98499,0.98344785,0.9918242,0.9947374,0.97314715,0.9856322,0.9888233,0.96929854,0.98571855,0.9895661,0.9833625,0.9856717,0.98634744,0.98970675,0.99451756,0.98453397,0.9892899,0.9929952,0.97273445,0.9763308,0.9725925,0.9889682,0.9880935,0.99280775,0.9816345,0.9964518,0.98141664,0.98240316,0.9639685,0.9806192,0.98547506,0.9718245,0.9880698,0.9811726,0.99451756,0.9916513,0.98967797,0.98887026,0.9840537
avengers,0.99680203,0.9721251,0.9874102,0.98674905,0.98582,0.99409,0.9890224,0.98763126,0.99663717,0.9853727,0.99359596,0.9820546,0.9950929,0.977699,0.98795336,0.9853749,0.9955362,0.9898281,1.0,0.98796785,0.9876554,0.9876046,0.99267673,0.99060136,0.9934424,0.9852319,0.98287785,0.9884189,0.9915157,0.98944724,0.9944237,0.9951667,0.9855676,0.98393834,0.99309516,0.9820733,0.9944555,0.99309236,0.99577624,0.9897038,0.98730385,0.9916868,0.982165,0.99021834,0.99108887,0.987723,0.992134,0.993032,0.9904955,0.9915689,0.98703545,0.9930731,0.99141985,0.98794687,0.9852641,0.98008263,0.99540114,0.9796666,0.99027556,0.9928607,0.9926897,0.9904068,0.99287397,0.98146206,0.9791751,0.9805894,0.98272806,0.9859983,0.98198193,0.9879538,0.99183035,0.97784626,0.98084307,0.9935287,0.9813712,0.9864172,0.9663693,0.9905653,0.9868778,0.98050916,0.9836591,0.98625594,0.9876048,0.99178934,0.99323547,0.99442416,0.9904887,0.99512476,0.98226565,0.9963915,0.9878612,0.99183035,0.98815376,0.9864675,0.9888326,0.98515636,0.99101454,0.993041,0.99527764,0.97988164,0.9881329,0.9952329,0.9850069,0.9925163,0.97987914,0.9888704,0.99703485,0.9810051,0.9853737,0.982453,0.9931836,0.98233426,0.97836137,0.98216033,0.988509,0.99154586,0.9955733,0.98790187,0.9884205,0.98344004,0.9920665,0.9926675,0.99558514,0.9896236,0.9806503,0.98825926,0.9917775,0.99019164,0.98921156,0.9865871,0.98563296,0.9911241,0.99336153,0.9814425,0.9792342,0.9918589,0.98511565,0.99315804,0.9932583,0.9899921,0.99663717,0.9840714,0.98915243,0.9883619,0.98143137,0.99073315,0.9872257,0.99230784,0.9811293,0.9859568,0.98797053,0.9923021,0.9871306,0.98256123,0.98394656,0.9904999,0.98928803,0.9845076,0.98408914,0.97555244,0.99663717,0.99253106,0.9914678,0.9922241,0.9847498
beachbummovie,0.9932323,0.96890146,0.98774415,0.98747283,0.99196064,0.98856246,0.9871877,0.9889275,0.99344826,0.9915356,0.99549544,0.9941935,0.98904574,0.9909182,0.9980664,0.9856032,0.99497336,0.9875363,0.98796785,0.99999994,0.9893862,0.9889882,0.992263,0.9924159,0.989474,0.98308337,0.989662,0.98830557,0.991895,0.9948993,0.9883462,0.98591423,0.99070084,0.991941,0.98758507,0.97941923,0.99286044,0.98824364,0.9853477,0.98495466,0.9929023,0.99656963,0.98757744,0.99201626,0.99661434,0.9948173,0.98855215,0.9946136,0.988764,0.99272615,0.9870475,0.99062014,0.98686427,0.9937348,0.98090976,0.98684025,0.9911645,0.99040884,0.9891282,0.9921741,0.9872071,0.98177534,0.99531645,0.991252,0.98153204,0.9846523,0.97968,0.9829765,0.9889987,0.98976535,0.988327,0.97794646,0.99140847,0.9924211,0.9852166,0.9845839,0.96636736,0.98818743,0.9909247,0.9875605,0.9899679,0.9859907,0.98972714,0.9832324,0.98924506,0.9818616,0.98447555,0.99208903,0.9853003,0.99253947,0.9910147,0.988327,0.99367297,0.9800756,0.9924588,0.9950826,0.98918456,0.9813163,0.9951077,0.98537606,0.9952437,0.99272746,0.98656756,0.98875195,0.99243504,0.99118996,0.98914886,0.983169,0.9919025,0.97873807,0.99502635,0.9896654,0.9893505,0.9795148,0.99713916,0.98754597,0.99183446,0.9943148,0.99472165,0.9905728,0.99377227,0.99388903,0.99020225,0.9902878,0.9861468,0.9921133,0.9938007,0.99361205,0.9925299,0.9948331,0.982099,0.9861711,0.99246687,0.9806437,0.9868515,0.9929281,0.99109954,0.98999935,0.99442965,0.99512005,0.99344826,0.9828938,0.9938106,0.9917232,0.99274695,0.9825637,0.985413,0.990305,0.9861347,0.9904868,0.98380786,0.99526346,0.994125,0.9776422,0.9741103,0.9919353,0.988467,0.9872141,0.9943966,0.9863551,0.99344826,0.99663657,0.9903862,0.99065584,0.9823481
bernadettefilm,0.9934269,0.96839666,0.987059,0.98862654,0.98976433,0.9932195,0.98848605,0.9890531,0.993104,0.9828348,0.99395245,0.9927761,0.9914759,0.98718405,0.9927621,0.98128915,0.99038523,0.9784841,0.9876554,0.9893862,0.9999999,0.98814166,0.9940891,0.988122,0.9967673,0.9898908,0.9834728,0.988427,0.99624896,0.99606115,0.98511684,0.98712623,0.99553657,0.99652565,0.99599534,0.98976576,0.9880122,0.9905256,0.9899786,0.99134356,0.9854908,0.9909051,0.96517473,0.98230773,0.99204916,0.9880227,0.9955243,0.9912177,0.9906311,0.98477936,0.98969096,0.9971007,0.9920684,0.99434644,0.9870296,0.97389525,0.986591,0.99037117,0.9958389,0.99461573,0.9865691,0.98649025,0.99280596,0.9864395,0.98941714,0.9801749,0.9864801,0.9944258,0.9968522,0.98331016,0.9954457,0.98999786,0.98245054,0.99446917,0.98880416,0.9941483,0.981178,0.99592817,0.99417776,0.98482895,0.9917359,0.9917693,0.978636,0.9949446,0.98690224,0.9830726,0.991948,0.99571013,0.99003386,0.98708856,0.991076,0.9954457,0.9895126,0.978762,0.9871675,0.9924111,0.99782646,0.9834071,0.99150926,0.9915242,0.98906386,0.994406,0.99675083,0.99131656,0.9816608,0.99399424,0.9894306,0.9711198,0.9867937,0.98907065,0.98703516,0.993166,0.98577625,0.9898725,0.9925961,0.9962307,0.99130917,0.992362,0.99422497,0.9887093,0.9894496,0.9900417,0.99358857,0.9969925,0.98371565,0.9923665,0.9973919,0.9920909,0.9923414,0.9791779,0.99730206,0.9955719,0.98886627,0.9965074,0.9828787,0.99439746,0.99222505,0.99509585,0.99608344,0.99179596,0.993104,0.9844107,0.9909158,0.98120433,0.98861206,0.9972209,0.9936976,0.9913402,0.9815013,0.9905581,0.98876524,0.9886792,0.98771375,0.9803734,0.9800327,0.9967244,0.9940897,0.997911,0.98896813,0.9860249,0.993104,0.9941176,0.9934954,0.9942412,0.98511267
