movie,21bridgesmovie,47metersdown,abeautifuldaymovie,abominablemovie,adastramovie,adogsjourneymovie,aftermathmovie,aftermovie,ahiddenlifefilm,alitamovie,angelhasfallen,angrybirdsmovie,annabellemovie,annamovie,apollo11movie,arcticdogsmovie,arcticmovie,artofracingmovie,avengers,beachbummovie,bernadettefilm,blackandbluemovie,blackchristmas,blindedbythelightmovie,bombshellmovie,booksmart,breakthroughmovie,brianbanksmovie,brightburnmovie,brittanyrunsmov,captainmarvelofficial,captivestatemovie,catsmovie,charliesangels,childsplaymovie,clarathefilm,coldpursuitmovie,countdown,currentwarmovie,darkwatersmovie,detectivepikachumovie,disneyaladdin,disneyfrozen,disneymaleficent,doctorsleepmovie,dolemiteismyname,dontletgomovie,doramovie,downtonabbey_official,dumbo,escaperoom,everybodyknowsmovie,fastandfuriousmovie,fightingwmyfam,fivefeetapartfilm,fordvferrari,freaksthefilm,geminimanmovie,glassmovie,gloriabellmovie,godzillamovie,goldfinchmovie,goodboysmovie,goodliarmovie,gretafilm,halathemovie,happydeathdaymovie,harrietfilm,hellboymovie,hersmellmovie,highlifemovie,highstrungmovie,honeyboymovie,hotelmumbaifilm,httydragon,hustlemovie,hustlersmovie,isntitromantic,itmovieofficial,jayandsilentbob,johnwickmovie,jojorabbitmovie,jokermovie,judythefilm,jumanjimovie,justmercyfilm,knivesout,lalloronamovie,lastblackmansf,lastchristmasthemovie,latenightmovie,lighthousemovie,lionking,littlethemovie,littlewomenmovie,littlewoodsfilm,longshotmovie,lordsofchaosmovie,lucyintheskyfilm,mamovie2019,marriagestory,meettheaddams,meninblack,midsommarmovie,midwaymovie,missbalamovie,missinglinkfilm,motherlessbklyn,onceinhollywood,onthebasisofsex,overcomermovie,peanutbutterfalcon,petsematarymovie,piercingmovie,playingwithfire,playmobilthemovie,pomsmovie,queenandslim,rambomovie,readyornotfilm,richardjewellfilm,rocketmanmovie,scarystoriesmovie,secretlifeofpets,serenityfilm,shaftmovie,shazammovie,spidermanmovie,spiesindisguise,starwars,stormboymovie,stubermovie,taosdfilm,teenspiritmov,terminator,theaeronautsmov,thebestofenemies,thedeaddontdie,thefarewell,thehighwaymen,thehummingbirdprojectfilm,theintrudermovie,theirishmanfilm,thekitchenmovie,thelegomovie,themustangfilm,thenightingalefilm,theprodigymovie,thesunisalsoastar,theupsidefilm,tolkienmovie,toystory,triplefrontier,uglydolls,uncutgems,underthesilverlake,usmovie,wavesmovie,whatmenwant,wonderparkmovie,wrinklestheclown,xmenmovies,yardiefilm,yesterdaymovie,zombieland
21bridgesmovie,0.99999994,0.9751421,0.9814386,0.9722734,0.981331,0.9661803,0.9834193,0.9649413,0.9883836,0.973008,0.9601002,0.9616002,0.9762409,0.9805959,0.9849065,0.98183,0.97536093,0.9707673,0.9830323,0.97873026,0.9836173,0.97517717,0.9844695,0.97639084,0.9796595,0.9746053,0.97409165,0.9593033,0.97774523,0.9779504,0.97244525,0.9723777,0.96595055,0.97911584,0.9789772,0.9712273,0.97984517,0.9740604,0.966331,0.9783499,0.9639433,0.9691906,0.9692418,0.9742185,0.9774934,0.97383416,0.9839481,0.9785413,0.9687831,0.97558683,0.9790942,0.9849152,0.97105706,0.971584,0.97310984,0.9659272,0.97752476,0.97379136,0.97150546,0.9767198,0.95461017,0.9746458,0.97788554,0.981238,0.9855809,0.9582479,0.9754976,0.9732742,0.9734267,0.9600168,0.97592944,0.9655013,0.96982616,0.9786487,0.97137994,0.9812097,0.9778704,0.9623813,0.96232927,0.96417767,0.97147876,0.97776586,0.9691746,0.98297334,0.97623664,0.95675397,0.9649074,0.97923315,0.9619892,0.9836685,0.9746097,0.97592944,0.9726196,0.9566716,0.97575366,0.9808706,0.96850395,0.96901506,0.9748945,0.97914726,0.97739875,0.96800816,0.9750528,0.9726461,0.97701013,0.97614855,0.9748264,0.9827398,0.98284835,0.971087,0.9755277,0.9849503,0.9789804,0.9697475,0.9747629,0.97874784,0.993882,0.9790219,0.97304726,0.9759894,0.9706674,0.96955997,0.9725201,0.9804395,0.98577446,0.96656364,0.9812551,0.9751643,0.9779348,0.95713705,0.97961366,0.97369903,0.9727127,0.9783831,0.97199017,0.9820064,0.98258996,0.9802875,0.9784332,0.97036904,0.9883836,0.9749001,0.9675731,0.97818065,0.9801348,0.98475975,0.9661542,0.9716012,0.9716153,0.9860388,0.9746968,0.9665778,0.9763313,0.9771083,0.97282535,0.9642301,0.97528595,0.97096115,0.972006,0.96964335,0.9883836,0.9573341,0.9762655,0.97330636,0.9740063
47metersdown,0.9751421,1.0000002,0.97313833,0.96588385,0.96889454,0.97132564,0.97023237,0.9724135,0.98007274,0.9721574,0.95837736,0.95355237,0.9690659,0.9753889,0.98379165,0.98238003,0.966828,0.96821344,0.97673815,0.9641712,0.97291744,0.9670493,0.9700139,0.96559155,0.9731587,0.97314554,0.9736619,0.95869696,0.9669463,0.95903605,0.9692348,0.9617332,0.97003126,0.97445285,0.97755504,0.9559451,0.97501606,0.96210253,0.9603163,0.96696883,0.96486557,0.9702315,0.94969153,0.9663372,0.9507126,0.96541846,0.97133976,0.97093636,0.9700831,0.9714231,0.9748826,0.97645676,0.97059727,0.96365094,0.9728047,0.95665425,0.96286094,0.97383004,0.965971,0.96171004,0.952213,0.9664182,0.9631485,0.9732597,0.9713581,0.9535247,0.9638093,0.9592203,0.9751143,0.9474663,0.9643721,0.96459305,0.96101993,0.97135603,0.9680593,0.9655717,0.9729373,0.95740587,0.96758825,0.9760897,0.9629654,0.96806186,0.9587694,0.9733727,0.97159535,0.96406406,0.9613858,0.9683993,0.9580421,0.97703063,0.9739192,0.9643721,0.96383846,0.9429945,0.97528255,0.97412485,0.97487336,0.96053725,0.9698044,0.96646994,0.9716178,0.96457124,0.97586924,0.9625657,0.9796737,0.9684896,0.9685808,0.97306925,0.9720612,0.9635896,0.97199243,0.9763343,0.95724314,0.95707166,0.9558232,0.97187376,0.9740797,0.9677786,0.96093875,0.96679795,0.9602853,0.9643271,0.9687603,0.97404426,0.9673243,0.9627887,0.9796442,0.96683645,0.9782138,0.95549625,0.9678596,0.97353435,0.96793413,0.9659724,0.9633343,0.96476793,0.96615404,0.96646136,0.9635832,0.95498884,0.98007274,0.9695115,0.9675759,0.95992106,0.95598084,0.96488976,0.94457793,0.97179496,0.9683073,0.96501344,0.9674178,0.9666986,0.971318,0.9511609,0.9594793,0.9655958,0.9645847,0.9663235,0.9680986,0.9497653,0.98007274,0.9710676,0.96759593,0.96788526,0.9696473
abeautifuldaymovie,0.9814386,0.97313833,0.99999994,0.96842676,0.9790893,0.9775296,0.9920694,0.97671854,0.99421406,0.9751535,0.97378075,0.9808677,0.9817918,0.98563486,0.9872602,0.98232424,0.9859196,0.9760691,0.9777124,0.98689604,0.9822802,0.98967534,0.98416233,0.9849671,0.9874069,0.97625124,0.97872096,0.9683843,0.98986137,0.9834351,0.97884315,0.9737865,0.9771368,0.980953,0.98085,0.9724151,0.97927314,0.9706787,0.9753483,0.9662177,0.98011565,0.9802622,0.97609156,0.9825383,0.9761883,0.9813069,0.98358256,0.98112327,0.9764011,0.98718035,0.9901605,0.9854254,0.9757433,0.9806536,0.9731007,0.9803225,0.98347247,0.98182124,0.9825119,0.9798569,0.97470325,0.98074234,0.9647961,0.9868969,0.9833436,0.9738302,0.9748671,0.9849681,0.96955776,0.96891415,0.98292303,0.97091407,0.9765596,0.9777606,0.9767657,0.98144245,0.97839946,0.9746852,0.97663206,0.9762044,0.97715694,0.9890852,0.98380774,0.98934585,0.9814484,0.9676196,0.9758527,0.97869325,0.9749592,0.98644876,0.9820263,0.98292303,0.9785329,0.9545811,0.98311424,0.97859824,0.9794388,0.9731546,0.98313147,0.97455925,0.9787704,0.98021996,0.97830945,0.98072296,0.97034436,0.98948246,0.9827227,0.99132705,0.9875616,0.96869737,0.9781315,0.9869675,0.97945255,0.97409683,0.97836524,0.98350775,0.9842274,0.9877236,0.9809935,0.987702,0.9802805,0.9855369,0.9826121,0.97768724,0.9805975,0.98456967,0.98367876,0.98167396,0.9764455,0.97379684,0.97176903,0.9737071,0.9788787,0.97388905,0.9815882,0.98067474,0.9814604,0.97849625,0.9852182,0.9740084,0.99421406,0.98963195,0.9762619,0.98455626,0.98094624,0.9842501,0.9756983,0.9785676,0.9871115,0.9736863,0.9834887,0.98887634,0.9756435,0.96663177,0.9702544,0.9760321,0.9860784,0.97809386,0.97245085,0.9778708,0.99421406,0.9702606,0.98877656,0.97628045,0.9861648
abominablemovie,0.9722734,0.96588385,0.96842676,1.0,0.96608925,0.9502757,0.9711477,0.9495873,0.9766196,0.9469683,0.9600822,0.96356136,0.97219753,0.9631204,0.97670525,0.97116417,0.9715007,0.9529131,0.9687307,0.95939976,0.9769612,0.9706817,0.9680942,0.95791745,0.970011,0.9800515,0.9658277,0.95623,0.9668413,0.9757507,0.9617768,0.9449733,0.9751823,0.97276306,0.97445464,0.9702544,0.9702001,0.97097987,0.9578349,0.9514477,0.9605246,0.9601915,0.9562724,0.9634284,0.9591804,0.95072275,0.9715823,0.9690278,0.965142,0.96340173,0.9717257,0.9614246,0.9675737,0.9693122,0.9728339,0.9594108,0.9602632,0.9718867,0.96683615,0.9579623,0.9480211,0.9674309,0.9491538,0.9619218,0.9653291,0.9621008,0.9661923,0.9559,0.9703404,0.9570185,0.9588791,0.9693421,0.97158206,0.97311485,0.9772738,0.9694587,0.9759911,0.9472815,0.9570824,0.9616145,0.96227396,0.9723881,0.9538095,0.97280353,0.97472304,0.94527733,0.9648657,0.9614406,0.95440596,0.97203696,0.9790075,0.9588791,0.954267,0.9434739,0.97174877,0.9822711,0.96038944,0.9537626,0.96672237,0.9650061,0.9661629,0.9471626,0.9664119,0.9552511,0.9590011,0.9687516,0.9518643,0.9733322,0.9656128,0.9602034,0.95837295,0.9737262,0.968646,0.9723745,0.96374524,0.9671778,0.9728662,0.9773874,0.9627124,0.96367764,0.963115,0.960673,0.96557283,0.96546495,0.96819836,0.9610821,0.968318,0.95529735,0.9690018,0.9450599,0.9609043,0.9717559,0.9753287,0.9627518,0.96062034,0.96975124,0.9608613,0.9560736,0.95975935,0.93930084,0.9766196,0.9662021,0.9572914,0.9643248,0.9598095,0.97077113,0.9511358,0.96909374,0.964261,0.9613939,0.9715872,0.9572745,0.95908463,0.9680076,0.9567262,0.9563909,0.9545832,0.9539349,0.9577773,0.9680991,0.9766196,0.9500901,0.96713716,0.9682737,0.96820974
adastramovie,0.981331,0.96889454,0.9790893,0.96608925,0.9999999,0.96899277,0.97870153,0.9559743,0.9862782,0.9753694,0.9706686,0.96684694,0.97813433,0.9877394,0.9745098,0.9727718,0.9729223,0.98675615,0.98108137,0.9696711,0.97945756,0.97276783,0.9754249,0.9775766,0.97779506,0.9668516,0.98355114,0.95429784,0.97844934,0.9683062,0.9736034,0.98270816,0.95589554,0.9806523,0.96952164,0.9630793,0.97668386,0.975477,0.9619388,0.9791418,0.9665294,0.9777391,0.9718641,0.97553515,0.96784365,0.976332,0.9745114,0.9792975,0.9674473,0.97813565,0.9780439,0.9827593,0.9525073,0.97080624,0.9692705,0.98274803,0.9639596,0.9778053,0.9724778,0.9764836,0.9642261,0.9749795,0.9664079,0.9789924,0.9787259,0.9569431,0.9732249,0.97685564,0.968973,0.9524757,0.97951734,0.9575888,0.9665414,0.9688752,0.9620748,0.96516,0.96974844,0.9594938,0.9550021,0.9659018,0.9784548,0.9757166,0.9731684,0.9773099,0.9722348,0.9603431,0.963043,0.9689045,0.97349703,0.9806799,0.9666369,0.97951734,0.9644828,0.9508184,0.97380304,0.97573954,0.9694384,0.95406735,0.9690181,0.9717435,0.9739806,0.96489054,0.9644377,0.9768737,0.96945983,0.9749358,0.97000676,0.9766767,0.9714026,0.9743371,0.9810932,0.9751688,0.9698763,0.958532,0.9671926,0.982028,0.9823983,0.973219,0.971203,0.97237486,0.9639246,0.9684652,0.9696297,0.9691715,0.9740332,0.9641097,0.97186756,0.9685991,0.9855967,0.963019,0.97150904,0.9848837,0.97640854,0.97381234,0.970472,0.97158384,0.98349243,0.97506523,0.97992337,0.9728728,0.9862782,0.9778604,0.96938145,0.9662587,0.9749327,0.984544,0.96988034,0.9675899,0.9760599,0.9679357,0.96790576,0.9706877,0.9804908,0.9579951,0.97958386,0.96621567,0.9721599,0.96845645,0.96989185,0.9686727,0.9862782,0.9619646,0.971512,0.9669379,0.9690422
adogsjourneymovie,0.9661803,0.97132564,0.9775296,0.9502757,0.96899277,0.9999997,0.9755662,0.97221446,0.9796317,0.9682311,0.96629554,0.9697592,0.9609701,0.9787458,0.97123665,0.97671837,0.96464324,0.9566989,0.9672942,0.9701284,0.9687507,0.96466285,0.97517854,0.969367,0.9762021,0.96298397,0.97304076,0.945137,0.96993226,0.96305734,0.96690595,0.9661142,0.9635021,0.9697401,0.9616549,0.95795107,0.9733847,0.95493615,0.9620069,0.9594815,0.9665851,0.9688344,0.96903133,0.9780153,0.95015,0.97155,0.97555864,0.9713974,0.9603111,0.9810431,0.9735809,0.9718589,0.97121084,0.9706462,0.96310645,0.95745474,0.9681469,0.97523314,0.95803374,0.9543223,0.95802385,0.9593673,0.9514678,0.97035784,0.9638434,0.9450757,0.9651929,0.96031994,0.9607684,0.9524979,0.96194744,0.9659812,0.9608604,0.9588946,0.9650628,0.96815366,0.9678515,0.9715962,0.9591509,0.9837065,0.9724546,0.9778523,0.9631145,0.9739632,0.9745552,0.9621386,0.96433276,0.9541046,0.9526638,0.9726855,0.967599,0.96194744,0.9643203,0.9362019,0.971551,0.96297383,0.9698679,0.9509439,0.9638835,0.9691248,0.9778518,0.965578,0.9726521,0.9555694,0.9707863,0.9717718,0.9626889,0.9767883,0.97246706,0.9689372,0.9682211,0.9743046,0.9608255,0.9613482,0.9650071,0.9722876,0.9675489,0.96438885,0.9719543,0.9713123,0.96627,0.96965945,0.97334784,0.98512274,0.9582705,0.9734223,0.9722006,0.9684482,0.9704019,0.9679569,0.96491075,0.9665945,0.96456945,0.96619177,0.97006696,0.9598785,0.967912,0.96303385,0.9657059,0.95606184,0.9796317,0.97590977,0.9743494,0.972789,0.95490354,0.96760964,0.9510262,0.96242875,0.96862215,0.9593642,0.9694732,0.97117925,0.9736509,0.9598611,0.94588584,0.9613996,0.97425735,0.961155,0.9655514,0.9646569,0.9796317,0.95728767,0.9647736,0.95960444,0.96597886
aftermathmovie,0.9834193,0.97023237,0.9920694,0.9711477,0.97870153,0.9755662,1.0,0.9723564,0.99374187,0.9684679,0.9702604,0.97540903,0.9756599,0.98542035,0.98660886,0.9806876,0.97919875,0.97321784,0.97820973,0.9842816,0.98306507,0.9841953,0.9817177,0.9814906,0.9892155,0.97440845,0.978108,0.9572751,0.98559874,0.9781041,0.9766956,0.9754725,0.96721756,0.9826222,0.97751266,0.97152716,0.9761287,0.9650004,0.9765457,0.97383696,0.9700364,0.9775416,0.9722901,0.98207283,0.97215176,0.97883266,0.98223627,0.97796977,0.9786865,0.98360556,0.9858341,0.9850501,0.97334313,0.9727525,0.963948,0.9738287,0.9772631,0.9776162,0.9772471,0.97720706,0.965752,0.9800914,0.96614426,0.9781264,0.98058903,0.9630177,0.9784708,0.9769219,0.968143,0.96616113,0.98120576,0.9636249,0.9736926,0.97516656,0.97272104,0.9798955,0.9728447,0.97182035,0.97163415,0.9731458,0.9723318,0.98669374,0.97597295,0.9854548,0.9812795,0.96462905,0.97555953,0.97454447,0.96712697,0.98359996,0.9788779,0.98120576,0.975305,0.9527311,0.97723126,0.9827487,0.9779499,0.96978045,0.98630565,0.97389567,0.9771238,0.97880477,0.98090833,0.97524005,0.9711133,0.9841136,0.97986835,0.9896736,0.98437935,0.9721505,0.9769776,0.9832827,0.97911793,0.97392744,0.97786015,0.983028,0.9844025,0.98188716,0.9751838,0.9908433,0.9733413,0.9802643,0.9797049,0.9806444,0.9814331,0.97756165,0.9790098,0.975771,0.97964126,0.96305805,0.97293544,0.976002,0.97770965,0.9729182,0.97479606,0.9767913,0.97625923,0.9810991,0.98194814,0.9619035,0.99374187,0.9852982,0.97317785,0.9795724,0.9773743,0.9857581,0.97561675,0.9699005,0.9754008,0.9736175,0.9854821,0.97837746,0.96848387,0.96810776,0.96656495,0.9782436,0.982211,0.97415787,0.9720806,0.97646683,0.99374187,0.9616321,0.98286706,0.9773786,0.9784575
aftermovie,0.9649413,0.9724135,0.97671854,0.9495873,0.9559743,0.97221446,0.9723564,1.0000001,0.9790552,0.9684409,0.96464956,0.967084,0.9577758,0.96805155,0.97769934,0.9772411,0.95883954,0.96044654,0.969988,0.97232425,0.97027886,0.97222745,0.975974,0.97081035,0.97509104,0.95910823,0.96666217,0.9499649,0.96949,0.9617399,0.97526306,0.94433767,0.9710498,0.9639345,0.9642217,0.96502244,0.97311586,0.9532201,0.9699761,0.9453412,0.964869,0.9696345,0.96873343,0.96922886,0.96082073,0.9700976,0.9751315,0.96708906,0.96420944,0.9719805,0.9810355,0.96065617,0.972382,0.9692149,0.96403146,0.9566188,0.9611752,0.9684267,0.96593183,0.9567754,0.957521,0.96114665,0.95569223,0.96319777,0.9648033,0.9605966,0.9692992,0.9581401,0.96971965,0.94693655,0.9613024,0.9672658,0.95006293,0.9565337,0.96535397,0.96706015,0.9708764,0.95194817,0.96289545,0.9780682,0.96164405,0.96915734,0.96578974,0.9767508,0.9744251,0.96225935,0.97185814,0.9637988,0.95248026,0.97128487,0.982632,0.9613024,0.9723396,0.96137464,0.9765335,0.95957345,0.98243356,0.97337073,0.9680265,0.97050625,0.9727431,0.9625594,0.96931005,0.9585848,0.97125345,0.9779795,0.9740972,0.97459865,0.96523845,0.94569206,0.9655137,0.97213304,0.9718611,0.96198857,0.9575936,0.97073424,0.9708166,0.9664719,0.9632055,0.95874697,0.9694256,0.97646576,0.9625402,0.97154903,0.97025853,0.9743964,0.9720092,0.9767142,0.96771467,0.9711446,0.9516136,0.9512697,0.95875907,0.95628315,0.96220195,0.9669807,0.962307,0.95060116,0.97036767,0.9649386,0.9790552,0.9763514,0.97031677,0.9592049,0.96211404,0.96271104,0.9538182,0.96246296,0.967798,0.9660085,0.9805282,0.9804264,0.9655275,0.96148366,0.9499794,0.9548659,0.96801335,0.96235967,0.9767315,0.9582083,0.9790552,0.96882933,0.9728097,0.96561366,0.9817509
ahiddenlifefilm,0.9883836,0.98007274,0.99421406,0.9766196,0.9862782,0.9796317,0.99374187,0.9790552,0.9999999,0.97985685,0.98352045,0.9788163,0.9871934,0.9914289,0.99236673,0.9873512,0.9897485,0.98308176,0.98664093,0.98619556,0.99149567,0.98743284,0.99118304,0.99066496,0.98994994,0.9823181,0.9856998,0.9752378,0.9886252,0.98517233,0.9860829,0.980861,0.97793794,0.9868332,0.98249847,0.9787707,0.9884845,0.980328,0.9808079,0.9797304,0.982783,0.9855638,0.9788319,0.9869006,0.98035556,0.9839532,0.99161094,0.99009484,0.9823835,0.9897829,0.9901001,0.99007994,0.97866476,0.98676205,0.9799792,0.9828189,0.98028296,0.98923355,0.98515767,0.98532486,0.97602814,0.9865029,0.9746931,0.98810667,0.98658866,0.9780595,0.9831851,0.98408026,0.9809161,0.9711913,0.9875572,0.97617006,0.9816585,0.98749834,0.9826776,0.9854098,0.98500127,0.9754486,0.97860605,0.9812604,0.98221856,0.99025655,0.9825915,0.9907647,0.98716533,0.9767451,0.9808718,0.9832156,0.97716194,0.9916132,0.9855394,0.9875572,0.9823009,0.96535987,0.98826694,0.98652905,0.98734367,0.9787062,0.985106,0.9836767,0.9876943,0.97902447,0.9858578,0.9867924,0.98150915,0.9879647,0.9892381,0.9931884,0.98563546,0.9812449,0.98877436,0.9894011,0.98704994,0.9770774,0.98238707,0.9882968,0.9901989,0.99030954,0.98467624,0.9870967,0.9812745,0.9889363,0.9872735,0.9857075,0.98631,0.98543787,0.98747337,0.9836142,0.98646116,0.97376245,0.9808647,0.98472416,0.9870505,0.9828585,0.9854289,0.98482686,0.98692566,0.9838434,0.9889527,0.9757617,0.9999999,0.99021864,0.98582435,0.9815524,0.98430866,0.98794055,0.97904515,0.98080015,0.98649025,0.9823145,0.9878112,0.9872094,0.9793604,0.97532195,0.97857964,0.9806698,0.9878091,0.9833157,0.9823313,0.9839467,0.9999999,0.97566074,0.9896461,0.98284614,0.9844897
alitamovie,0.973008,0.9721574,0.9751535,0.9469683,0.9753694,0.9682311,0.9684679,0.9684409,0.97985685,0.9999999,0.9653093,0.9501761,0.9735723,0.97690487,0.972402,0.9755723,0.9635434,0.9755243,0.97855616,0.9700342,0.97050446,0.96650285,0.9719437,0.97476214,0.9696134,0.9648889,0.97305125,0.9544229,0.96660733,0.9575614,0.972051,0.9700218,0.9608333,0.9641388,0.96381164,0.96120685,0.970583,0.9608202,0.97058,0.9611051,0.95998555,0.96998495,0.94969034,0.96695375,0.96046644,0.97323763,0.97244805,0.97094834,0.9637004,0.969389,0.9737479,0.97361475,0.9695775,0.9678154,0.9704283,0.97039133,0.9630376,0.97485954,0.96299165,0.9732411,0.9581054,0.95807743,0.96552557,0.97656447,0.9701851,0.9635555,0.9640275,0.96533835,0.9662929,0.9589765,0.9740713,0.9517253,0.96822935,0.9627481,0.96643466,0.95693403,0.9702192,0.9505242,0.95567304,0.9626369,0.97191894,0.9677825,0.9720539,0.9717287,0.972422,0.9664962,0.95331407,0.9684503,0.96596694,0.97893876,0.9646265,0.9740713,0.97271,0.9487717,0.9665073,0.9616336,0.96362484,0.9723421,0.97292244,0.96876913,0.9719623,0.95550513,0.96845657,0.9672166,0.9838948,0.9671704,0.96530247,0.96903634,0.9724637,0.9528244,0.97071874,0.9761633,0.95758224,0.95739424,0.9619362,0.9629843,0.97303736,0.97170985,0.96586543,0.96290547,0.9704334,0.9681579,0.97048837,0.96736866,0.96534485,0.9590509,0.97127026,0.97102576,0.9807619,0.95928085,0.9638016,0.9680708,0.96232015,0.96388286,0.9664614,0.9635447,0.97245514,0.9717662,0.97743034,0.9785197,0.97985685,0.9707423,0.9678728,0.9602954,0.96599907,0.9699863,0.95787686,0.9689526,0.9729081,0.961485,0.97034,0.9654408,0.97602993,0.9548163,0.97069645,0.96424764,0.96835,0.971212,0.96209204,0.95817477,0.97985685,0.9626238,0.9735909,0.9598371,0.9698976
angelhasfallen,0.9601002,0.95837736,0.97378075,0.9600822,0.9706686,0.96629554,0.9702604,0.96464956,0.98352045,0.9653093,1.0000001,0.97682947,0.97458917,0.9800372,0.97011805,0.9612823,0.9769818,0.96793664,0.9696611,0.9721647,0.9773853,0.9710681,0.9813966,0.9803911,0.97032744,0.96461123,0.98037237,0.9707154,0.9719188,0.9663917,0.97824675,0.9603658,0.9604993,0.96957994,0.9641932,0.97218317,0.97834826,0.9677002,0.97384703,0.95813704,0.9747597,0.9787732,0.9643646,0.97924954,0.9626165,0.967655,0.9815541,0.9846797,0.96362644,0.98134315,0.9739693,0.9648635,0.96505964,0.9821964,0.96940964,0.96978253,0.96327454,0.98280776,0.9710021,0.97297156,0.9664475,0.96978104,0.94708306,0.9747667,0.9573853,0.97562605,0.9758555,0.9594667,0.97457224,0.96285254,0.9769723,0.965929,0.96984947,0.97531724,0.9763213,0.96448624,0.97251266,0.9457353,0.95429766,0.97676796,0.9775866,0.96902454,0.9648871,0.97737664,0.9807402,0.9679716,0.9675514,0.96345747,0.9708681,0.9804785,0.9705026,0.9769723,0.97162104,0.95888627,0.9785766,0.9662989,0.97618663,0.96887416,0.964314,0.9764879,0.9772722,0.9538238,0.963404,0.97721535,0.9698117,0.97283417,0.9693453,0.9774691,0.9560494,0.96952236,0.97250575,0.97396,0.97462326,0.9667159,0.9698997,0.9741393,0.969255,0.9761759,0.97233427,0.9646855,0.96255285,0.984105,0.97445303,0.97217953,0.967343,0.97621876,0.971159,0.9677514,0.97301435,0.9671216,0.9669062,0.9663792,0.979459,0.9635233,0.9748418,0.96542704,0.96867126,0.9578879,0.97990185,0.96385115,0.98352045,0.98074466,0.9789476,0.965911,0.97271824,0.97240007,0.9658157,0.96962935,0.97550005,0.96307874,0.97998506,0.9748682,0.96565247,0.95275337,0.9613944,0.9748272,0.9749828,0.9755065,0.97120124,0.97933537,0.98352045,0.96003056,0.9756221,0.9644263,0.9696588
angrybirdsmovie,0.9616002,0.95355237,0.9808677,0.96356136,0.96684694,0.9697592,0.97540903,0.967084,0.9788163,0.9501761,0.97682947,1.0,0.96306115,0.9685868,0.96351796,0.9696549,0.97772896,0.9516372,0.96392334,0.97177494,0.9708205,0.9811644,0.97826433,0.9750365,0.97537524,0.9624826,0.9734338,0.952907,0.9817991,0.97817284,0.97267133,0.9472389,0.96584374,0.9729215,0.9692128,0.9766346,0.9707224,0.96263665,0.9628123,0.93960625,0.9735489,0.9680125,0.97641045,0.9721127,0.9688994,0.9673747,0.97766155,0.97219974,0.9556247,0.97479963,0.98462796,0.95549667,0.9595932,0.9767066,0.96251136,0.9684996,0.97348124,0.9732036,0.9678914,0.9558038,0.96954966,0.9691321,0.94149554,0.9673798,0.96321994,0.9629846,0.9820387,0.9571849,0.96381146,0.96379393,0.9637959,0.97626823,0.9615369,0.9611413,0.9752505,0.9639863,0.9735792,0.9457359,0.95437807,0.9734488,0.96902335,0.9706989,0.97169936,0.98601836,0.98206425,0.94963706,0.9686252,0.9571058,0.95985144,0.9767436,0.9781629,0.9637959,0.9609871,0.9553466,0.9798338,0.9654957,0.9701975,0.96330696,0.9674949,0.9748711,0.9701925,0.962876,0.965496,0.9651969,0.9449172,0.98591995,0.96579385,0.9793141,0.9613768,0.962006,0.96581864,0.97313637,0.97129136,0.9710454,0.964427,0.9751887,0.9730674,0.97544533,0.96918356,0.96632594,0.96618104,0.9773389,0.9645658,0.9681938,0.96447235,0.9828421,0.97371215,0.9754608,0.9637562,0.97229344,0.9529145,0.95893073,0.97313565,0.9636821,0.96795046,0.9712926,0.96789736,0.94396025,0.97327775,0.95806473,0.9788163,0.9864367,0.9657886,0.9717414,0.97061574,0.9729162,0.9656139,0.9656209,0.977683,0.9639092,0.9784749,0.97457933,0.9635488,0.9599697,0.95057636,0.956494,0.977884,0.96181774,0.95957875,0.9715967,0.9788163,0.95259595,0.97098583,0.9657286,0.9780718
annabellemovie,0.9762409,0.9690659,0.9817918,0.97219753,0.97813433,0.9609701,0.9756599,0.9577758,0.9871934,0.9735723,0.97458917,0.96306115,1.0000001,0.98151517,0.97907984,0.9697958,0.9854899,0.98503006,0.97392756,0.9729646,0.98272187,0.97657454,0.9826179,0.97483355,0.97442144,0.97396266,0.9769858,0.9803968,0.9779637,0.98155737,0.97491735,0.96973354,0.97384715,0.9777405,0.9754589,0.96513885,0.9848501,0.9801615,0.97810423,0.9688401,0.97231454,0.9731173,0.9580335,0.96772623,0.96173364,0.9708001,0.9821307,0.9788423,0.9764642,0.9736563,0.97775525,0.9789433,0.9703205,0.9766504,0.9824768,0.9811094,0.9666234,0.98283625,0.97934145,0.97777647,0.9716606,0.9754436,0.9533925,0.9874172,0.97155094,0.97918457,0.965535,0.9754593,0.97514564,0.9717835,0.97974354,0.96028614,0.9860301,0.98237836,0.9754498,0.97029394,0.97043407,0.9579617,0.9623441,0.9632263,0.9723528,0.97904634,0.9797431,0.9732955,0.9795362,0.9717389,0.96366,0.9849898,0.97441745,0.9806766,0.97294253,0.97974354,0.9722407,0.9495643,0.9815614,0.9746091,0.968255,0.9681099,0.97548133,0.9730374,0.98276526,0.9588887,0.9739259,0.97952634,0.9710195,0.97656053,0.9752836,0.9825468,0.97414297,0.96434796,0.97447014,0.97664464,0.9716673,0.96757233,0.97105575,0.9761318,0.97790277,0.9846873,0.97708225,0.9736691,0.97876847,0.9743563,0.98114645,0.96781874,0.97610295,0.97178805,0.9794132,0.9692192,0.9802552,0.95304674,0.9738278,0.9805229,0.9881577,0.9670069,0.98061633,0.9831292,0.97999454,0.9772124,0.981941,0.97268,0.9871934,0.9746814,0.9770233,0.96584564,0.9809032,0.97473663,0.9629866,0.9782929,0.9835307,0.9659075,0.97832596,0.9725148,0.98023313,0.95114267,0.97560316,0.9699641,0.97887397,0.98074126,0.9680793,0.9813,0.9871934,0.9566276,0.9764794,0.9766942,0.9706031
annamovie,0.9805959,0.9753889,0.98563486,0.9631204,0.9877394,0.9787458,0.98542035,0.96805155,0.9914289,0.97690487,0.9800372,0.9685868,0.98151517,0.9999999,0.98134977,0.9759487,0.97777337,0.98344934,0.9815722,0.9777617,0.9857817,0.974277,0.98321843,0.9814634,0.98319775,0.9696015,0.9825637,0.9672474,0.97887725,0.97283435,0.9769485,0.9799625,0.96487534,0.9800116,0.9720492,0.96557033,0.98244053,0.97484976,0.974827,0.9794713,0.96968573,0.97886634,0.96773636,0.9805217,0.9643415,0.9785296,0.9826996,0.9868689,0.9757205,0.9835137,0.9783719,0.98701626,0.9680495,0.97485846,0.97374374,0.972943,0.96795124,0.9830028,0.97625154,0.9780457,0.9630649,0.9788706,0.963523,0.98532027,0.9752017,0.9628673,0.9717043,0.9803743,0.9749722,0.95959556,0.98412216,0.95806396,0.97194713,0.9795645,0.9687704,0.97368586,0.9742163,0.9657499,0.9665691,0.97646475,0.97709113,0.9794511,0.97020423,0.978627,0.97630334,0.96897984,0.9701515,0.97689945,0.97425485,0.98224056,0.97380763,0.98412216,0.9729603,0.95528907,0.9794494,0.9790255,0.9766193,0.95961034,0.9726629,0.9779217,0.9817664,0.9725341,0.9707816,0.97991055,0.980742,0.9765031,0.97823805,0.9857494,0.9759051,0.97825176,0.9833086,0.9789413,0.97281975,0.96177226,0.9742694,0.9811575,0.98248345,0.9753255,0.9788313,0.9797567,0.9689294,0.9776487,0.9797752,0.9778384,0.9762616,0.9731106,0.98158115,0.9717352,0.98198104,0.9634939,0.98227715,0.98229694,0.98235714,0.9742141,0.9747089,0.97585386,0.97802794,0.97897255,0.9837685,0.9783027,0.9914289,0.98014015,0.9800446,0.97264373,0.97607815,0.9841849,0.9724838,0.9728556,0.9795741,0.972303,0.9782627,0.9782073,0.9799853,0.95616376,0.9733372,0.97812957,0.98300296,0.9753488,0.97543275,0.97421235,0.9914289,0.96846914,0.9784317,0.97726357,0.9684843
apollo11movie,0.9849065,0.98379165,0.9872602,0.97670525,0.9745098,0.97123665,0.98660886,0.97769934,0.99236673,0.972402,0.97011805,0.96351796,0.97907984,0.98134977,1.0000002,0.98111236,0.97951734,0.97418404,0.98395103,0.9795752,0.98103505,0.97758853,0.9830583,0.97776735,0.98209023,0.979331,0.9737234,0.968488,0.9795722,0.9755725,0.9790362,0.9681023,0.9767207,0.98274267,0.9819262,0.9716604,0.98143995,0.97226673,0.97361565,0.9752983,0.97413236,0.98008496,0.96860754,0.9777543,0.9675639,0.97021514,0.9825832,0.97919697,0.98127973,0.98225886,0.98306537,0.9832252,0.9778406,0.9742354,0.9711195,0.97089857,0.9722868,0.9787404,0.97596645,0.9810528,0.96498394,0.977248,0.9662095,0.97929937,0.98023707,0.97468287,0.97301406,0.97498375,0.97734416,0.9636224,0.9806129,0.97189784,0.9744877,0.98213243,0.9747228,0.98505676,0.983502,0.96916056,0.97315836,0.9744361,0.9720525,0.98071754,0.9703721,0.9822241,0.9759659,0.975097,0.97671634,0.9797263,0.97683716,0.98535675,0.9795836,0.9806129,0.97080773,0.95638496,0.9806337,0.9883119,0.9815848,0.9714138,0.9802364,0.97205716,0.9783292,0.9674029,0.9795017,0.978297,0.97942364,0.9792278,0.9807435,0.9833997,0.98232615,0.96972543,0.9759189,0.98579293,0.9775781,0.9688846,0.9695121,0.9826109,0.98228294,0.981787,0.97366613,0.98024976,0.9733681,0.97539234,0.9758345,0.98179203,0.9864653,0.9754608,0.98301387,0.9715376,0.9798462,0.96513647,0.97312206,0.97692853,0.9772244,0.97090054,0.97630686,0.9766519,0.9728046,0.9751644,0.9788613,0.9602089,0.99236673,0.9782325,0.97462577,0.9729487,0.97410417,0.9751363,0.965136,0.9801081,0.9731067,0.97591317,0.9819612,0.98214567,0.9736574,0.97263056,0.9735821,0.97751343,0.9751943,0.9788422,0.9777483,0.9713755,0.99236673,0.9748066,0.98084164,0.9785959,0.9791861
arcticdogsmovie,0.98183,0.98238003,0.98232424,0.97116417,0.9727718,0.97671837,0.9806876,0.9772411,0.9873512,0.9755723,0.9612823,0.9696549,0.9697958,0.9759487,0.98111236,1.0000002,0.9760572,0.9622944,0.978794,0.9750094,0.9824218,0.9766043,0.9802616,0.9821306,0.98202556,0.9812559,0.9737748,0.9562278,0.9769187,0.97603077,0.9734705,0.9650099,0.9731207,0.9772393,0.97322387,0.96828926,0.9786375,0.9696346,0.9653879,0.9650583,0.9641206,0.9703507,0.97081596,0.97487164,0.9726654,0.97341543,0.9814141,0.97923243,0.9648542,0.9768599,0.9845542,0.97769946,0.9753378,0.9761177,0.9763207,0.96549344,0.9748832,0.9766547,0.97008103,0.9660631,0.956921,0.9729441,0.97391313,0.9706708,0.98405635,0.95856833,0.97389406,0.9705103,0.98002964,0.95811695,0.96998894,0.9779638,0.96935683,0.97275996,0.97783434,0.97256625,0.98183465,0.9595004,0.96898854,0.9736847,0.9757379,0.97594154,0.9687981,0.9855646,0.98041016,0.9621072,0.97054726,0.9741277,0.9582042,0.9831993,0.98229563,0.96998894,0.9708015,0.9659275,0.9811109,0.9739373,0.9783844,0.97411776,0.97628033,0.97787195,0.97614235,0.9714354,0.98225796,0.9702816,0.9739533,0.97820276,0.9757362,0.98030436,0.98256564,0.971409,0.9804029,0.98165643,0.97162193,0.96894705,0.971479,0.97679883,0.98321176,0.98093957,0.97331166,0.9721463,0.9695966,0.97506166,0.9767228,0.97825366,0.9710219,0.97772205,0.9850274,0.9818624,0.97336626,0.96480364,0.96712893,0.9720455,0.9746747,0.98162276,0.9719947,0.9748203,0.97752166,0.97229373,0.9736854,0.9658896,0.9873512,0.9791838,0.9727269,0.97108245,0.96587694,0.97865844,0.95856935,0.9659673,0.9720434,0.97684187,0.9726785,0.9725097,0.97427493,0.9748681,0.9675369,0.9629672,0.97675604,0.97015965,0.97503245,0.967028,0.9873512,0.9673794,0.98106736,0.9724326,0.97662836
arcticmovie,0.97536093,0.966828,0.9859196,0.9715007,0.9729223,0.96464324,0.97919875,0.95883954,0.9897485,0.9635434,0.9769818,0.97772896,0.9854899,0.97777337,0.97951734,0.9760572,0.9999999,0.9670348,0.9727873,0.9748299,0.9825952,0.98247606,0.98411226,0.9802686,0.978897,0.97562873,0.9777424,0.98023206,0.9789347,0.98522377,0.97634155,0.9653801,0.9713071,0.9760165,0.9751859,0.97194433,0.9793184,0.9768775,0.9635583,0.9647633,0.9829427,0.9726734,0.9719726,0.9733617,0.975995,0.97017443,0.98551553,0.984558,0.96231925,0.9782075,0.9779477,0.97656536,0.97021526,0.98158705,0.97801685,0.9775932,0.97511744,0.98036796,0.97463703,0.9751525,0.9753871,0.9788694,0.9608995,0.9826892,0.9739534,0.97344303,0.97392935,0.97484463,0.97283155,0.96361965,0.9791974,0.97557706,0.9770837,0.98624074,0.980382,0.97105217,0.9775958,0.96481556,0.9706129,0.9726307,0.9678626,0.97801876,0.9784037,0.98461837,0.98331463,0.9635462,0.97317535,0.97946185,0.9655602,0.9819316,0.9763681,0.9791974,0.9711161,0.94979393,0.98031783,0.97800094,0.97760993,0.97102386,0.9682566,0.9765764,0.9761915,0.97240496,0.98028207,0.9824882,0.96316594,0.97767323,0.9811107,0.9871866,0.97071975,0.9779237,0.98130226,0.9795623,0.9765792,0.9721083,0.97589254,0.97644275,0.9811684,0.9859875,0.97630405,0.9745869,0.9746803,0.9800621,0.9805369,0.97337765,0.9734827,0.98406905,0.9813593,0.9723299,0.97008157,0.96779835,0.97119266,0.9744549,0.98916996,0.9818858,0.9783308,0.98039913,0.9802133,0.9710311,0.98393947,0.9611663,0.9897485,0.9823287,0.97498333,0.97588897,0.9772568,0.97680014,0.97191745,0.97383374,0.98499495,0.9735507,0.97612923,0.97762626,0.9702525,0.9627405,0.97056615,0.9750037,0.980834,0.9749924,0.9630996,0.97789454,0.9897485,0.9571146,0.97702914,0.97561646,0.97338706
artofracingmovie,0.9707673,0.96821344,0.9760691,0.9529131,0.98675615,0.9566989,0.97321784,0.96044654,0.98308176,0.9755243,0.96793664,0.9516372,0.98503006,0.98344934,0.97418404,0.9622944,0.9670348,0.99999994,0.9720483,0.96234214,0.97655296,0.96635437,0.9709156,0.97435355,0.96886605,0.9570995,0.9776041,0.96736264,0.9735166,0.9620951,0.97229296,0.974878,0.9556674,0.9760619,0.9679071,0.95027107,0.9791726,0.97250974,0.9736301,0.9724881,0.9622529,0.9772305,0.9551666,0.9618925,0.9559447,0.9710667,0.96911496,0.9703656,0.9740503,0.96959305,0.9726267,0.9800218,0.9482521,0.96412325,0.9679225,0.9818945,0.95260054,0.9767988,0.97783,0.97431725,0.96239173,0.9749133,0.9541089,0.97987103,0.9703286,0.9679727,0.9602473,0.97417367,0.96851385,0.95411384,0.97728175,0.9416945,0.96832377,0.96868545,0.9574083,0.9609698,0.9583788,0.95401037,0.9569383,0.9597331,0.9696549,0.97050655,0.97205836,0.96402436,0.964604,0.97047174,0.95508146,0.97615975,0.97691876,0.9747723,0.96472573,0.97728175,0.9658623,0.94845784,0.97356147,0.9645578,0.9692603,0.9577609,0.9691584,0.96349025,0.9742371,0.95718235,0.9604961,0.97606325,0.97043604,0.9700613,0.9775592,0.97166836,0.9660248,0.95546204,0.97584075,0.96616685,0.96489054,0.9457184,0.956937,0.9760832,0.9735616,0.9710957,0.96414626,0.96994936,0.9646435,0.9685072,0.967512,0.9567745,0.97401655,0.95912755,0.9718744,0.9658955,0.98554385,0.9504341,0.97004753,0.980875,0.97269875,0.954824,0.9709157,0.97173035,0.98098516,0.9729436,0.97862107,0.976351,0.98308176,0.9705705,0.970219,0.94768655,0.97355276,0.9715506,0.96112096,0.9706688,0.9747081,0.9592128,0.9690811,0.9710529,0.97683907,0.9362331,0.9778158,0.9612513,0.96991044,0.9733513,0.9707369,0.96593434,0.98308176,0.9652802,0.97293156,0.9658739,0.96465605
avengers,0.9830323,0.97673815,0.9777124,0.9687307,0.98108137,0.9672942,0.97820973,0.969988,0.98664093,0.97855616,0.9696611,0.96392334,0.97392756,0.9815722,0.98395103,0.978794,0.9727873,0.9720483,1.0,0.9798928,0.9789164,0.97696394,0.9804275,0.9781802,0.9774981,0.97023106,0.9739729,0.9615497,0.9763574,0.9683367,0.9845649,0.9686117,0.9688832,0.97333014,0.97864,0.97622055,0.97866607,0.97341675,0.96721065,0.96849537,0.97537607,0.97237223,0.9695187,0.97339654,0.9676536,0.97063494,0.97928464,0.9764867,0.974728,0.9741575,0.982832,0.9781709,0.9651461,0.9731207,0.9690919,0.9760675,0.9632756,0.9762588,0.9720642,0.98365414,0.9668645,0.97791,0.9616492,0.97685736,0.9786069,0.96601695,0.973953,0.970877,0.9696234,0.9658703,0.98452353,0.97157407,0.9722153,0.97807854,0.9670339,0.97631824,0.97818846,0.95564264,0.96844584,0.96892756,0.9639623,0.97396535,0.97488666,0.9820981,0.97623795,0.9685789,0.9742819,0.9677702,0.9752997,0.9819091,0.9756214,0.98452353,0.9667211,0.96175605,0.9799543,0.9795087,0.9725097,0.9754744,0.97950345,0.97159195,0.976188,0.95979035,0.9779761,0.9816053,0.97282696,0.9772636,0.97209954,0.9816812,0.9718209,0.97266096,0.9745425,0.9844983,0.9739665,0.9712867,0.96155417,0.9787309,0.97756207,0.97303736,0.96743804,0.9638506,0.9727667,0.9728297,0.96499306,0.97841394,0.9820074,0.97142375,0.97398,0.9758193,0.9780764,0.9708994,0.96772015,0.9751688,0.9782018,0.9767573,0.9706463,0.9756987,0.9677236,0.969997,0.98183244,0.97117716,0.98664093,0.9774722,0.9731374,0.97088057,0.9794813,0.9760883,0.9700029,0.97860134,0.97599864,0.97761333,0.97776645,0.97616255,0.97644305,0.96755695,0.9807368,0.9740348,0.9726343,0.9756098,0.97601897,0.96660894,0.98664093,0.9703293,0.97465193,0.9719737,0.97539926
beachbummovie,0.97873026,0.9641712,0.98689604,0.95939976,0.9696711,0.9701284,0.9842816,0.97232425,0.98619556,0.9700342,0.9721647,0.97177494,0.9729646,0.9777617,0.9795752,0.9750094,0.9748299,0.96234214,0.9798928,1.0,0.98081595,0.98122036,0.98127884,0.9730834,0.9842232,0.9693294,0.97151005,0.9567474,0.9806513,0.96823525,0.98206747,0.96677613,0.96719974,0.97274697,0.9745798,0.97103596,0.9744354,0.9587826,0.97524285,0.964709,0.9740518,0.9708127,0.9714517,0.9807062,0.9657744,0.97639745,0.9796035,0.9739954,0.9677597,0.98264945,0.98361063,0.97889364,0.9745885,0.9749244,0.9660818,0.9693791,0.9716719,0.965232,0.97590035,0.9754541,0.967197,0.9741682,0.9572475,0.9742545,0.9737723,0.9630488,0.9706902,0.9701455,0.96478534,0.960802,0.9806962,0.9739644,0.9734024,0.9681009,0.97160065,0.9786039,0.9719381,0.9613711,0.9669904,0.97130555,0.9675294,0.9805348,0.974333,0.9836973,0.9799468,0.96098715,0.97431546,0.96909946,0.9656617,0.9815884,0.9711984,0.9806962,0.97989994,0.9521066,0.9787858,0.96675897,0.9737967,0.97430557,0.98046464,0.97135395,0.9716202,0.9750731,0.97804224,0.9788019,0.9664341,0.980631,0.97558576,0.98176545,0.97868615,0.9678265,0.9674009,0.9872032,0.97000295,0.97792304,0.97508335,0.9801111,0.9778357,0.97891045,0.97156554,0.9789584,0.9720623,0.97806,0.97464466,0.97293633,0.97620946,0.9790295,0.9738337,0.98351747,0.967162,0.9733029,0.96375877,0.9639591,0.97432816,0.9708947,0.9679446,0.97277135,0.9687853,0.9725568,0.9820342,0.9672812,0.98619556,0.9816729,0.9651365,0.9766549,0.9779116,0.9767498,0.96714777,0.97273207,0.9722958,0.97704154,0.9828604,0.97819287,0.973926,0.9665429,0.9619422,0.97730565,0.97954845,0.9783152,0.9663646,0.9692835,0.98619556,0.9647049,0.98092824,0.9638331,0.9770259
bernadettefilm,0.9836173,0.97291744,0.9822802,0.9769612,0.97945756,0.9687507,0.98306507,0.97027886,0.99149567,0.97050446,0.9773853,0.9708205,0.98272187,0.9857817,0.98103505,0.9824218,0.9825952,0.97655296,0.9789164,0.98081595,1.0,0.9804435,0.98503166,0.97813195,0.9834565,0.97898173,0.9809417,0.974766,0.9805326,0.9799232,0.97933406,0.9675454,0.9754397,0.98035794,0.978233,0.9703134,0.9901812,0.97927314,0.97632974,0.96938604,0.9706564,0.9732339,0.9699906,0.9774856,0.97357553,0.9768814,0.9879338,0.9879867,0.970687,0.97762376,0.9827294,0.9817068,0.97389454,0.98513985,0.9845591,0.9730315,0.968965,0.9806716,0.9823563,0.9707467,0.9616809,0.98132855,0.9710814,0.9750756,0.97595775,0.96539736,0.97306234,0.97373253,0.9791571,0.96127135,0.97729355,0.97388333,0.97742355,0.98433965,0.9834555,0.9752436,0.9789441,0.9620109,0.9715617,0.9732362,0.97454965,0.98434335,0.96780694,0.98154867,0.98533,0.96664846,0.97518796,0.97928625,0.96365124,0.9827821,0.9850354,0.97729355,0.9810997,0.9624682,0.98835367,0.9756161,0.98294437,0.97521853,0.97367924,0.98361313,0.98552835,0.9721208,0.9802038,0.978616,0.9785624,0.9805652,0.98289573,0.98177016,0.97586256,0.97832835,0.98035276,0.9813033,0.97827744,0.97473854,0.9787056,0.9813119,0.9870547,0.98723364,0.9765672,0.9799373,0.9699153,0.9810838,0.9836419,0.9759088,0.9744923,0.9756818,0.9841552,0.98201483,0.9768456,0.965245,0.98220557,0.981656,0.9849711,0.9775018,0.97124124,0.98213875,0.98276347,0.9761275,0.98037475,0.9739865,0.99149567,0.98350656,0.977158,0.9668412,0.97622216,0.98263526,0.9662619,0.9753122,0.9760788,0.98087394,0.98237294,0.9752526,0.97676736,0.9730802,0.97080654,0.97004443,0.9793648,0.9739118,0.9743737,0.9767107,0.99149567,0.9647294,0.9865134,0.976479,0.9753116
