movie,21bridgesmovie,47metersdown,abeautifuldaymovie,abominablemovie,adastramovie,adogsjourneymovie,aftermathmovie,aftermovie,ahiddenlifefilm,alitamovie,angelhasfallen,angrybirdsmovie,annabellemovie,annamovie,apollo11movie,arcticdogsmovie,arcticmovie,artofracingmovie,avengers,beachbummovie,bernadettefilm,blackandbluemovie,blackchristmas,blindedbythelightmovie,bombshellmovie,booksmart,breakthroughmovie,brianbanksmovie,brightburnmovie,brittanyrunsmov,captainmarvelofficial,captivestatemovie,catsmovie,charliesangels,childsplaymovie,clarathefilm,coldpursuitmovie,countdown,currentwarmovie,darkwatersmovie,detectivepikachumovie,disneyaladdin,disneyfrozen,disneymaleficent,doctorsleepmovie,dolemiteismyname,dontletgomovie,doramovie,downtonabbey_official,dumbo,escaperoom,everybodyknowsmovie,fastandfuriousmovie,fightingwmyfam,fivefeetapartfilm,fordvferrari,freaksthefilm,geminimanmovie,glassmovie,gloriabellmovie,godzillamovie,goldfinchmovie,goodboysmovie,goodliarmovie,gretafilm,halathemovie,happydeathdaymovie,harrietfilm,hellboymovie,hersmellmovie,highlifemovie,highstrungmovie,honeyboymovie,hotelmumbaifilm,httydragon,hustlemovie,hustlersmovie,isntitromantic,itmovieofficial,jayandsilentbob,johnwickmovie,jojorabbitmovie,jokermovie,judythefilm,jumanjimovie,justmercyfilm,knivesout,lalloronamovie,lastblackmansf,lastchristmasthemovie,latenightmovie,lighthousemovie,lionking,littlethemovie,littlewomenmovie,littlewoodsfilm,longshotmovie,lordsofchaosmovie,lucyintheskyfilm,mamovie2019,marriagestory,meettheaddams,meninblack,midsommarmovie,midwaymovie,missbalamovie,missinglinkfilm,motherlessbklyn,onceinhollywood,onthebasisofsex,overcomermovie,peanutbutterfalcon,petsematarymovie,piercingmovie,playingwithfire,playmobilthemovie,pomsmovie,queenandslim,rambomovie,readyornotfilm,richardjewellfilm,rocketmanmovie,scarystoriesmovie,secretlifeofpets,serenityfilm,shaftmovie,shazammovie,spidermanmovie,spiesindisguise,starwars,stormboymovie,stubermovie,taosdfilm,teenspiritmov,terminator,theaeronautsmov,thebestofenemies,thedeaddontdie,thefarewell,thehighwaymen,thehummingbirdprojectfilm,theintrudermovie,theirishmanfilm,thekitchenmovie,thelegomovie,themustangfilm,thenightingalefilm,theprodigymovie,thesunisalsoastar,theupsidefilm,tolkienmovie,toystory,triplefrontier,uglydolls,uncutgems,underthesilverlake,usmovie,wavesmovie,whatmenwant,wonderparkmovie,wrinklestheclown,xmenmovies,yardiefilm,yesterdaymovie,zombieland
21bridgesmovie,1.0,0.9475314,0.9840418,0.9816431,0.9830773,0.9794291,0.9837673,0.9713281,0.9872186,0.97402006,0.97242165,0.985028,0.9841591,0.9756813,0.98092616,0.9727908,0.96589184,0.9845568,0.99137586,0.97748345,0.967263,0.98599905,0.9816242,0.9753742,0.97351706,0.9542741,0.97949404,0.97672826,0.9823632,0.97256154,0.98421127,0.98022115,0.97974527,0.98788124,0.96286154,0.9440105,0.97958577,0.97909915,0.9869844,0.9751616,0.97886306,0.98594284,0.98094547,0.97738475,0.97274554,0.97980094,0.97971416,0.98814386,0.975186,0.98109466,0.985209,0.9886688,0.98336357,0.9608369,0.9587634,0.97390395,0.9833975,0.98608226,0.9784652,0.97996855,0.9737177,0.9716339,0.97171384,0.98368746,0.99324757,0.961412,0.9769949,0.98081064,0.9662617,0.96061635,0.98540777,0.96012306,0.9632328,0.9857684,0.955733,0.9507552,0.95908976,0.97296077,0.97378576,0.9772246,0.97726256,0.96738315,0.9803674,0.9749354,0.9817617,0.962763,0.97946733,0.9810091,0.9693933,0.9782752,0.9881555,0.98540777,0.97644323,0.97034365,0.98200893,0.9765043,0.9656936,0.97429484,0.9718833,0.9832645,0.98290527,0.99143726,0.966291,0.9759119,0.96782464,0.98197997,0.98076,0.9824552,0.95999575,0.97379047,0.9825153,0.97170377,0.98082864,0.95017666,0.9737742,0.98609746,0.995757,0.98059523,0.98814267,0.98040897,0.98597527,0.97632694,0.9693581,0.9795099,0.9821895,0.97852254,0.96218455,0.98290914,0.9900764,0.9687247,0.96808094,0.9786003,0.984023,0.9789315,0.9858607,0.9675757,0.98312485,0.98472524,0.9832149,0.9762708,0.9872186,0.9824648,0.9753336,0.97799206,0.97969836,0.98413086,0.95979834,0.9648016,0.972087,0.9809056,0.9819397,0.97561526,0.9762202,0.9716974,0.96335965,0.98842746,0.9842007,0.9790789,0.9801872,0.9809254,0.9872186,0.9764167,0.9798154,0.98331577,0.9832199
47metersdown,0.9475314,0.9999999,0.97661185,0.9785946,0.9773199,0.9674488,0.9740228,0.9767152,0.9759491,0.94969606,0.97211075,0.95507294,0.9686992,0.9668821,0.96340096,0.9810951,0.97573406,0.96057034,0.9500013,0.9756539,0.97056806,0.9621037,0.96225137,0.9676164,0.97809553,0.965759,0.9762141,0.9639862,0.9651745,0.9641455,0.957161,0.97301084,0.9666236,0.9614864,0.9752416,0.9670686,0.9659245,0.9725145,0.95347995,0.9588186,0.9585762,0.9701119,0.9632072,0.9698003,0.9772742,0.9770364,0.9687846,0.96658385,0.96193075,0.971246,0.9636597,0.9724927,0.9599465,0.9586457,0.9660927,0.97468513,0.9634121,0.954923,0.9734421,0.96473765,0.95671254,0.97491854,0.97316915,0.96990556,0.9548824,0.9684318,0.96159935,0.96354556,0.9725703,0.97647744,0.95963186,0.97555786,0.98084205,0.97009385,0.96514726,0.95577955,0.95568556,0.9626555,0.965409,0.95934176,0.97873807,0.9727995,0.96657974,0.9717067,0.95547706,0.9658911,0.95747155,0.96737176,0.9728089,0.96761096,0.96698385,0.95963186,0.96065116,0.9429213,0.9716827,0.9591241,0.9723517,0.9639238,0.9676542,0.96637994,0.97248936,0.9631639,0.9477324,0.96020716,0.97683346,0.960787,0.96959877,0.9580151,0.972046,0.97645384,0.96937156,0.98027647,0.9659555,0.97329533,0.9689478,0.9740546,0.95612097,0.9769154,0.96801174,0.9662788,0.9680441,0.9572127,0.9697102,0.96239966,0.9456672,0.9562222,0.9674802,0.9582817,0.9730917,0.96032083,0.9681545,0.9627375,0.96671367,0.95381916,0.95181865,0.971095,0.9647599,0.9578548,0.9473699,0.97905284,0.9759491,0.9695869,0.9727964,0.963716,0.9610249,0.96357137,0.96965295,0.97109884,0.9677703,0.9579852,0.96067274,0.96213245,0.9705384,0.92281306,0.9683246,0.9741391,0.96181184,0.96053046,0.97299796,0.96103454,0.9759491,0.96676666,0.9728714,0.9571285,0.96370083
abeautifuldaymovie,0.9840418,0.97661185,1.0,0.9935682,0.9901847,0.983328,0.98687065,0.9774976,0.9939954,0.96796095,0.9794467,0.9805483,0.98736584,0.98315287,0.98284525,0.98249984,0.97906405,0.988198,0.9884683,0.98660374,0.9758429,0.9926519,0.98540694,0.98613477,0.98205036,0.9734532,0.9872872,0.98486596,0.99360937,0.9756421,0.98829263,0.98549134,0.98445016,0.98597395,0.98104143,0.95872927,0.9851568,0.9830997,0.98510647,0.98856467,0.9775339,0.98913026,0.98203784,0.98426354,0.9823682,0.9861273,0.98563504,0.985906,0.9752295,0.986497,0.9913844,0.9890496,0.9826335,0.97667456,0.968454,0.9806748,0.9900584,0.9843115,0.989126,0.98324853,0.97346437,0.98681283,0.98689413,0.986724,0.9883168,0.97365505,0.97923744,0.9816921,0.97299,0.9726462,0.9880333,0.9636115,0.9793442,0.9877187,0.97220427,0.95760614,0.96173245,0.9752389,0.9807082,0.9767353,0.98340064,0.98288316,0.98316526,0.98464036,0.97909606,0.98028153,0.9833926,0.9866016,0.98337775,0.9861841,0.9840013,0.9880333,0.98262215,0.97263396,0.99358106,0.98400205,0.98034716,0.9823206,0.9680044,0.9849596,0.9881114,0.9886049,0.9800058,0.99063903,0.9833808,0.98948455,0.9860888,0.98297733,0.98694545,0.9887568,0.9862653,0.9824705,0.98616433,0.9710217,0.9888877,0.98731345,0.9883635,0.98651105,0.9829432,0.98930246,0.9840439,0.98354834,0.9783605,0.9810954,0.98340946,0.9861882,0.9752732,0.98838395,0.98844516,0.97927314,0.976466,0.9810086,0.9856202,0.9710549,0.9827421,0.9807924,0.9817554,0.9725936,0.97888076,0.988583,0.9939954,0.9952691,0.9843491,0.98469657,0.9847704,0.9804042,0.9719278,0.9778407,0.98390704,0.9810647,0.9845119,0.9900169,0.9885835,0.9390759,0.9740385,0.9865232,0.98257834,0.98161364,0.9844782,0.98617774,0.9939954,0.9790115,0.99310315,0.98731464,0.99011296
abominablemovie,0.9816431,0.9785946,0.9935682,1.0000001,0.99147004,0.98508424,0.9909298,0.9874531,0.99520075,0.97590834,0.9860662,0.9784981,0.9922877,0.9799079,0.9862944,0.9854569,0.9883679,0.9822449,0.9857011,0.98338634,0.988309,0.98777896,0.9843538,0.97958153,0.98827934,0.97762036,0.9893735,0.98687124,0.9912727,0.97996855,0.9900938,0.9902313,0.9903067,0.9827255,0.9890779,0.9709239,0.9869322,0.98839957,0.9882838,0.9870052,0.98484457,0.9871951,0.97977036,0.9853804,0.98158836,0.9857428,0.9875963,0.98411804,0.98204845,0.98835284,0.9901966,0.9945934,0.98163646,0.9763129,0.9816522,0.9857633,0.98399824,0.98278034,0.99453825,0.9843589,0.9793631,0.98819244,0.9876013,0.98811066,0.9861413,0.9827086,0.98010933,0.98993754,0.983082,0.9731043,0.98705107,0.9705457,0.9859327,0.9884192,0.9808585,0.96337336,0.975871,0.97474855,0.98896885,0.97660685,0.9893293,0.9873823,0.9909826,0.99023247,0.9825143,0.98174053,0.9881418,0.9848888,0.9882419,0.986534,0.98833734,0.98705107,0.9836152,0.97191715,0.9913808,0.98755944,0.98536485,0.9847681,0.97829497,0.98549473,0.98984313,0.98473567,0.97575855,0.98221314,0.97900206,0.9864135,0.9858995,0.98653036,0.97970253,0.98827755,0.98818374,0.98469335,0.9787433,0.9744417,0.9890215,0.9850512,0.98418427,0.99013925,0.9838433,0.9885668,0.98893476,0.98898566,0.98532736,0.97956395,0.9856087,0.9891399,0.9865714,0.9836485,0.98978525,0.9794347,0.98297197,0.98180926,0.99388427,0.97527266,0.9820765,0.9819459,0.98514795,0.9763433,0.9754367,0.9880825,0.99520075,0.98908544,0.98895466,0.9868041,0.9894818,0.981646,0.9756106,0.9886611,0.98544645,0.9804715,0.9881101,0.98313063,0.9908739,0.95120126,0.9696478,0.9891945,0.98497826,0.9843443,0.98982096,0.98216003,0.99520075,0.98852754,0.9915701,0.98626435,0.9901492
adastramovie,0.9830773,0.9773199,0.9901847,0.99147004,1.0,0.98990595,0.99374235,0.9845447,0.99407613,0.9831591,0.984948,0.98409986,0.9880024,0.98700416,0.9917673,0.9833958,0.9834977,0.9903408,0.985585,0.9893131,0.97285527,0.9856254,0.98728967,0.97582906,0.98643744,0.9751045,0.99176145,0.9906997,0.9866768,0.9805247,0.99235547,0.98569584,0.9900601,0.98656756,0.97960204,0.95933455,0.9894376,0.986242,0.9809843,0.9783687,0.98133755,0.9869234,0.98732287,0.9879848,0.97882265,0.9871308,0.9857847,0.9921174,0.9763041,0.989786,0.9867623,0.98848176,0.98165524,0.9765545,0.97679853,0.99119705,0.98343426,0.9759103,0.9919126,0.9873859,0.97363204,0.98839796,0.97878176,0.9895328,0.98260915,0.9784804,0.98350567,0.9831796,0.9732996,0.971026,0.9903847,0.97477996,0.98915315,0.9915139,0.9789595,0.96563876,0.9692718,0.9792287,0.9899467,0.971674,0.9889962,0.9846327,0.9878125,0.99013525,0.9821908,0.970683,0.9844742,0.9842839,0.9854512,0.9897509,0.98553264,0.9903847,0.9775084,0.96720827,0.9931431,0.98686904,0.970342,0.97923434,0.9794776,0.99052364,0.9887691,0.9894115,0.9755416,0.982044,0.98304033,0.9837179,0.99135804,0.98299223,0.9806935,0.98816353,0.9869206,0.9863773,0.97924095,0.9658409,0.9818788,0.9870928,0.9874241,0.993607,0.98992074,0.9941024,0.98206764,0.9817306,0.98353744,0.9826213,0.9840815,0.986283,0.978255,0.9829993,0.9931956,0.9873513,0.972598,0.986459,0.9909591,0.975805,0.979007,0.9827463,0.9835411,0.97185504,0.98286283,0.9869899,0.99407613,0.9855649,0.9844721,0.98963994,0.98132545,0.98313874,0.97196937,0.9810481,0.98786587,0.9815092,0.9844238,0.9817261,0.9893561,0.958234,0.9839245,0.9926229,0.988214,0.98805326,0.98349005,0.9788774,0.99407613,0.9854471,0.99121773,0.9882643,0.98608065
adogsjourneymovie,0.9794291,0.9674488,0.983328,0.98508424,0.98990595,1.0,0.9872082,0.98749167,0.99376714,0.9773716,0.97857714,0.9864982,0.99362016,0.98751986,0.99046034,0.9728078,0.982662,0.9894947,0.9826496,0.98262215,0.9748499,0.98516524,0.98542655,0.97163,0.9888261,0.9770835,0.9903402,0.99196905,0.987294,0.9655612,0.9876001,0.9807024,0.9837156,0.98380786,0.9796256,0.9664116,0.9896183,0.9818228,0.986961,0.9784845,0.9922869,0.98993534,0.9909345,0.9893971,0.9854095,0.97830707,0.9806587,0.9844002,0.9822673,0.98921037,0.9883428,0.9901146,0.9868371,0.9840434,0.97926384,0.9895726,0.9817412,0.97685814,0.9874822,0.9874779,0.9820622,0.9877169,0.9827853,0.9910312,0.98407817,0.9826488,0.98244166,0.9866692,0.98098594,0.97527814,0.9895015,0.98166025,0.9826674,0.9905734,0.9758647,0.9692185,0.9760449,0.98038495,0.98476726,0.97376204,0.98544466,0.98586065,0.9880451,0.9850842,0.9920251,0.9681235,0.9869436,0.9912879,0.9816072,0.99089104,0.9783282,0.9895015,0.97645116,0.9738107,0.9883125,0.9814276,0.9713555,0.9851309,0.97234416,0.9889417,0.9910656,0.98145884,0.97554165,0.9798041,0.97841364,0.98780274,0.9880551,0.9912613,0.96912354,0.99127036,0.9890114,0.99138016,0.9810015,0.97593653,0.98436904,0.9832535,0.9812337,0.9936966,0.9868859,0.9823403,0.98397595,0.9785068,0.986634,0.9934426,0.982915,0.9851943,0.9823816,0.9835396,0.98876613,0.9797361,0.98210675,0.9940136,0.98331386,0.9799305,0.9833756,0.96962005,0.97359407,0.97212106,0.9869544,0.98316085,0.99376714,0.9798805,0.98598,0.9928954,0.98863864,0.9832147,0.9682141,0.97934276,0.9928559,0.992011,0.9808672,0.9778803,0.9784375,0.95775926,0.9800021,0.9870299,0.9868656,0.9852822,0.9848633,0.98466116,0.99376714,0.9829408,0.9899775,0.9887187,0.98514545
aftermathmovie,0.9837673,0.9740228,0.98687065,0.9909298,0.99374235,0.9872082,1.0000001,0.98666734,0.9921942,0.9834036,0.9837886,0.98585874,0.99079823,0.984173,0.9908164,0.9865724,0.9813454,0.98760873,0.9814297,0.98315245,0.9773361,0.9852016,0.97876835,0.9800025,0.9856375,0.9682697,0.9890147,0.9824042,0.98516935,0.98900676,0.9868749,0.989007,0.98707443,0.9823819,0.9789478,0.9611169,0.9860143,0.9894016,0.9798049,0.97726035,0.9822829,0.9811539,0.98071545,0.98106396,0.9783279,0.9818954,0.98154217,0.9898574,0.9727976,0.9864795,0.98642004,0.98962295,0.9834451,0.9672383,0.9749348,0.98882204,0.97834486,0.9734581,0.9907919,0.98808837,0.9781251,0.9783057,0.98367846,0.9914502,0.98462415,0.97682536,0.9750048,0.97919744,0.97049826,0.96723115,0.9902059,0.9771982,0.9852347,0.98646647,0.9807752,0.96129966,0.97146636,0.97225136,0.98530006,0.969229,0.9927604,0.9871456,0.9922592,0.9887834,0.9835295,0.96872914,0.9800868,0.9834457,0.9904945,0.98324454,0.98832446,0.9902059,0.9751529,0.959361,0.99038947,0.9839898,0.9702094,0.9743894,0.99014425,0.9853318,0.9833359,0.9881539,0.97422534,0.9801053,0.98168004,0.9805329,0.987092,0.98469067,0.9753455,0.982153,0.9822938,0.9851037,0.9735587,0.97016245,0.98236257,0.9872019,0.986938,0.9931462,0.99281853,0.9942619,0.98629254,0.9778157,0.979925,0.9809784,0.98089373,0.98010206,0.98168415,0.98320305,0.99186033,0.9803076,0.9737464,0.9837602,0.9912978,0.9797605,0.976494,0.9879029,0.9895366,0.97513014,0.9826751,0.9820176,0.9921942,0.987103,0.98105294,0.9832898,0.9797466,0.98807186,0.98327917,0.98438793,0.9852385,0.97651404,0.99156654,0.9768464,0.9816967,0.9681663,0.98061323,0.99013656,0.9857716,0.9899372,0.979095,0.9826143,0.9921942,0.98849565,0.9853302,0.97880554,0.98637694
aftermovie,0.9713281,0.9767152,0.9774976,0.9874531,0.9845447,0.98749167,0.98666734,0.9999999,0.989252,0.97481954,0.9816291,0.9731851,0.98841983,0.9714453,0.9815899,0.9837641,0.98125285,0.97009623,0.9691375,0.97361284,0.98612136,0.9732475,0.9779735,0.9687435,0.99314755,0.9753528,0.9931436,0.98410743,0.9778709,0.973198,0.9800809,0.9885995,0.98519033,0.9723443,0.9884382,0.97808367,0.9860488,0.98425794,0.9800535,0.97125137,0.9906527,0.9801628,0.97787535,0.9799595,0.98162025,0.9731732,0.98288375,0.9817339,0.9744575,0.9822164,0.9773531,0.99174935,0.9778262,0.96573466,0.9843397,0.9858904,0.9814255,0.9717154,0.9868275,0.9786243,0.9897407,0.9852875,0.97822773,0.9857014,0.97947055,0.9822787,0.9743669,0.98917335,0.9895456,0.9754978,0.97780573,0.9879487,0.9829829,0.98262984,0.97897977,0.9690334,0.98551494,0.9760678,0.98442477,0.9628579,0.99169457,0.97896147,0.98622656,0.9915417,0.97920305,0.97997177,0.9785883,0.9783217,0.9807731,0.9788846,0.9839177,0.97780573,0.9725705,0.96969974,0.98197466,0.97056335,0.98106825,0.9811313,0.9805912,0.9843175,0.9829044,0.97501075,0.96340144,0.9661938,0.97122294,0.97397697,0.9816013,0.9854187,0.96726966,0.9856989,0.98773795,0.9829687,0.9676407,0.977194,0.97720695,0.98293996,0.97358394,0.9913338,0.9867765,0.9771938,0.98935807,0.97472894,0.98673654,0.9738724,0.9752369,0.97289664,0.9826115,0.9653919,0.98446804,0.9689637,0.9831075,0.9788497,0.9849895,0.9692825,0.971689,0.9721126,0.97815543,0.97408247,0.9727359,0.9754298,0.989252,0.9739497,0.9774008,0.9830992,0.98561525,0.98426557,0.9738514,0.9828108,0.9873986,0.9765038,0.97975904,0.9643315,0.97154206,0.96159357,0.96591824,0.9863252,0.9865533,0.97854406,0.98977524,0.9738112,0.989252,0.97963685,0.98470575,0.9761632,0.9796983
ahiddenlifefilm,0.9872186,0.9759491,0.9939954,0.99520075,0.99407613,0.99376714,0.9921942,0.989252,1.0000001,0.97803926,0.9864046,0.9864518,0.99621904,0.988536,0.9931269,0.98733205,0.9894742,0.98894393,0.9890591,0.988046,0.9848687,0.99012667,0.98976004,0.98696923,0.9913525,0.9786226,0.9925279,0.99193764,0.9925287,0.9796979,0.99290335,0.99103916,0.9914558,0.98711276,0.98433286,0.9693261,0.9951425,0.9905346,0.99236065,0.98760384,0.9909286,0.9942415,0.99092084,0.9934711,0.99021685,0.98803604,0.98796684,0.99123657,0.9858217,0.99512964,0.993284,0.9972069,0.9876798,0.98239225,0.97944427,0.99070495,0.9884534,0.983551,0.9918566,0.99152493,0.9822733,0.99171555,0.9881449,0.9931146,0.99262005,0.9814262,0.9868178,0.99071133,0.9852972,0.9752701,0.9944793,0.9759481,0.98531044,0.99524856,0.979852,0.9685757,0.97551566,0.9827904,0.9899496,0.9779523,0.989481,0.9870804,0.9927089,0.99260604,0.98883975,0.98155797,0.99151367,0.9937875,0.9866999,0.9934066,0.9883509,0.9944793,0.98655236,0.97955734,0.9953816,0.9877821,0.98365116,0.9912387,0.97653055,0.9919927,0.99506587,0.98958,0.9778832,0.98772895,0.9832647,0.9908838,0.9914196,0.9918808,0.9797795,0.9917585,0.99401474,0.9895028,0.98678225,0.9784687,0.9895063,0.9893832,0.9908544,0.99491006,0.9899905,0.9890274,0.9915879,0.9880072,0.9887628,0.98881024,0.9885085,0.98991764,0.98605114,0.988794,0.9928459,0.9827521,0.9879398,0.9906968,0.991956,0.9830926,0.9862683,0.98157734,0.9851899,0.9802991,0.9873117,0.9889952,1.0000001,0.98954666,0.98991644,0.99189276,0.99039644,0.9911556,0.97823626,0.9838078,0.99239045,0.99186367,0.9860077,0.98707604,0.98967105,0.9562828,0.980808,0.9948467,0.99034685,0.9893961,0.9898339,0.988826,1.0000001,0.98574674,0.9968106,0.9928327,0.99081796
alitamovie,0.97402006,0.94969606,0.96796095,0.97590834,0.9831591,0.9773716,0.9834036,0.97481954,0.97803926,0.99999994,0.9762875,0.9765896,0.9799505,0.9697369,0.98020816,0.95846564,0.97700465,0.975428,0.96858835,0.96558094,0.9528051,0.9721846,0.97140324,0.9537893,0.9739762,0.96650463,0.9779672,0.9744668,0.97183436,0.96908313,0.9757452,0.9709418,0.9822272,0.9635629,0.9687973,0.9469466,0.9724933,0.9837679,0.9713497,0.96466404,0.9705674,0.97687954,0.98151606,0.97969776,0.9597193,0.96477723,0.9711237,0.97240067,0.9581255,0.9814477,0.9729735,0.97522837,0.98314565,0.96317583,0.9768512,0.9783847,0.968467,0.97309226,0.9763946,0.97627586,0.9696576,0.95996255,0.9585687,0.9733328,0.97544444,0.9780939,0.9598392,0.97168505,0.9573632,0.9590935,0.9777242,0.9676023,0.9759778,0.97294706,0.97155607,0.96158403,0.9745134,0.95752317,0.96879995,0.95300376,0.98523206,0.97629476,0.9785345,0.9746125,0.98084545,0.95652336,0.96819246,0.9632627,0.9804894,0.9759619,0.98193413,0.9777242,0.9558746,0.95187104,0.97541904,0.97894317,0.9586498,0.95646554,0.97644824,0.9744591,0.9733895,0.9794726,0.9643366,0.9668064,0.96648216,0.97043335,0.97898984,0.9671988,0.95367616,0.9703759,0.9650352,0.97178245,0.96404403,0.9505537,0.9603025,0.9782711,0.97727007,0.9818686,0.98037076,0.9758281,0.96815795,0.9712563,0.9739343,0.96577615,0.96871537,0.9737191,0.9652596,0.96610034,0.985255,0.9861034,0.94855887,0.9801005,0.9788288,0.9731148,0.9801333,0.9687053,0.98519623,0.9606993,0.9785171,0.97027713,0.97803926,0.9674356,0.97003955,0.97462696,0.9672141,0.96699524,0.9597748,0.9719236,0.9716737,0.95648104,0.9782987,0.9725384,0.975069,0.9736794,0.96095926,0.9787718,0.9784076,0.9836396,0.96812725,0.9723109,0.97803926,0.9820638,0.97520244,0.9715607,0.978183
angelhasfallen,0.97242165,0.97211075,0.9794467,0.9860662,0.984948,0.97857714,0.9837886,0.9816291,0.9864046,0.9762875,0.99999994,0.96241325,0.9845687,0.9612145,0.9756667,0.9851287,0.9815996,0.96841663,0.97399914,0.97683865,0.96736336,0.96991336,0.978069,0.9803534,0.9860573,0.96483135,0.9778133,0.97035855,0.97154886,0.97862315,0.9790375,0.98778623,0.9854593,0.97098666,0.9825389,0.976212,0.9821931,0.9897879,0.97520965,0.9789055,0.9753125,0.98081374,0.9796271,0.9855045,0.9720138,0.97652596,0.9780834,0.9734286,0.9762086,0.98380613,0.97228193,0.98588663,0.9777277,0.96384805,0.9783352,0.9865004,0.9748229,0.9681577,0.97798693,0.9716947,0.96817124,0.9761092,0.963278,0.9731587,0.9778898,0.9678825,0.980255,0.9745812,0.97817516,0.97087395,0.9814198,0.97330475,0.99119973,0.9795156,0.9908328,0.96160567,0.9772198,0.9705991,0.9838421,0.95631295,0.9899171,0.98299414,0.9779806,0.98379505,0.96601397,0.9782811,0.98245484,0.9807016,0.97853136,0.97546333,0.9742672,0.9814198,0.9703226,0.9571354,0.97675604,0.9746887,0.9830998,0.9769789,0.9699024,0.97580445,0.98160297,0.9770035,0.9607365,0.97081363,0.96131,0.96831846,0.9873788,0.97366583,0.96819216,0.9823427,0.9762194,0.9816548,0.9644115,0.9713925,0.97049856,0.9795155,0.9755487,0.99117446,0.9722793,0.9784219,0.9744529,0.9731343,0.9785709,0.97217286,0.9733671,0.9804723,0.980271,0.9696502,0.9880149,0.9729936,0.9720735,0.9708503,0.9891347,0.98324794,0.96889913,0.9766788,0.98265976,0.9648526,0.96503437,0.9773011,0.9864046,0.97082573,0.9787522,0.97843176,0.9740875,0.9789779,0.9851923,0.9851022,0.9787408,0.96844673,0.9726151,0.97596157,0.9822704,0.9513619,0.9593306,0.9871173,0.98349345,0.9795506,0.97496986,0.97132355,0.9864046,0.9800637,0.98412883,0.97966295,0.96997523
angrybirdsmovie,0.985028,0.95507294,0.9805483,0.9784981,0.98409986,0.9864982,0.98585874,0.9731851,0.9864518,0.9765896,0.96241325,0.99999994,0.9833636,0.9916778,0.9898516,0.96380216,0.9703168,0.98953855,0.98584825,0.98061454,0.97045934,0.98721176,0.9759702,0.96644175,0.96909624,0.9662383,0.9808202,0.9807997,0.98374325,0.97443026,0.9838463,0.9704833,0.9736139,0.982898,0.963685,0.9381963,0.97359145,0.97335815,0.98383266,0.97511154,0.9769279,0.9835026,0.98137814,0.98027337,0.98414797,0.9785885,0.97137225,0.9867908,0.96631145,0.98495835,0.9854998,0.9834046,0.9846387,0.9686512,0.9572671,0.9717373,0.9757623,0.9747882,0.97953665,0.9826198,0.9693117,0.9678569,0.9850165,0.9820857,0.98538595,0.97530264,0.9685362,0.977628,0.96228635,0.9663519,0.9843795,0.96581763,0.9670574,0.9862324,0.9535211,0.9539179,0.9582013,0.96772337,0.96495306,0.97694904,0.9787361,0.97600895,0.97757566,0.9727407,0.9887573,0.95029217,0.9749438,0.9810287,0.97461295,0.9822246,0.9845869,0.9843795,0.9683676,0.9663216,0.9820064,0.98841727,0.9541026,0.9690446,0.9722408,0.9839977,0.97729355,0.9859549,0.9673594,0.9800563,0.9850226,0.9833215,0.9746593,0.9766864,0.9656527,0.97937644,0.9782415,0.97557926,0.98504776,0.9598183,0.97698474,0.9822483,0.9879725,0.98050547,0.9923171,0.98050094,0.976891,0.9726795,0.96709156,0.9838481,0.9775845,0.97803104,0.96956885,0.98775226,0.98478717,0.9844399,0.967335,0.98744607,0.97665554,0.9735769,0.9845244,0.9761871,0.97417074,0.97683686,0.98816836,0.97722226,0.9864518,0.98172,0.9703128,0.97665507,0.972984,0.9808714,0.95416147,0.9652753,0.97180414,0.98048866,0.9843119,0.97781664,0.9733546,0.96105444,0.9797647,0.9805454,0.97192025,0.9843225,0.9741044,0.9837695,0.9864518,0.9714016,0.98084134,0.97861254,0.9855971
annabellemovie,0.9841591,0.9686992,0.98736584,0.9922877,0.9880024,0.99362016,0.99079823,0.98841983,0.99621904,0.9799505,0.9845687,0.9833636,0.9999999,0.9838466,0.9895966,0.9800471,0.98800844,0.98727214,0.9854161,0.9787666,0.9803449,0.98594946,0.98396623,0.9808816,0.9897695,0.9782773,0.9893379,0.9859871,0.9885805,0.9737859,0.98838925,0.98706853,0.9859895,0.98069507,0.9838353,0.97315645,0.9917887,0.99089396,0.9932599,0.9840789,0.9934628,0.9928916,0.9903702,0.9907722,0.98594236,0.97949874,0.9823091,0.9854449,0.9861241,0.9928773,0.99160033,0.9943964,0.9896921,0.9822479,0.9857922,0.9920913,0.9817168,0.9823464,0.9895355,0.9901679,0.9846853,0.9856496,0.98496336,0.9915799,0.9908422,0.98375225,0.97889924,0.9881049,0.98355216,0.97311676,0.99325323,0.9777576,0.9837017,0.9885995,0.9799211,0.97130364,0.9825001,0.97811985,0.9851931,0.97569054,0.98847085,0.99115855,0.99463385,0.98588413,0.99249053,0.9779812,0.99102414,0.99385554,0.98672277,0.99172735,0.98559856,0.99325323,0.982303,0.97841084,0.9901788,0.98251724,0.9818088,0.9840957,0.9775171,0.98577523,0.9934322,0.9842404,0.97796035,0.9835827,0.97672033,0.98879445,0.99005747,0.99263716,0.96998805,0.9879174,0.9873658,0.99050766,0.9805594,0.98010826,0.98723686,0.9838175,0.9850944,0.9919494,0.9854097,0.98380965,0.9910527,0.985094,0.9909361,0.98706925,0.98494357,0.99044985,0.98785913,0.9852555,0.9921369,0.98019695,0.9861285,0.99306023,0.98727757,0.98454475,0.9861354,0.9762513,0.9811122,0.9754232,0.98550427,0.98791915,0.99621904,0.9833159,0.99141604,0.98999196,0.9910402,0.9858786,0.97817475,0.98604524,0.99211174,0.9877829,0.987728,0.98488796,0.9842436,0.9608921,0.97634876,0.99251014,0.9873115,0.9895847,0.98607904,0.9889961,0.99621904,0.98927766,0.9905253,0.9859241,0.98979646
annamovie,0.9756813,0.9668821,0.98315287,0.9799079,0.98700416,0.98751986,0.984173,0.9714453,0.988536,0.9697369,0.9612145,0.9916778,0.9838466,0.99999994,0.9925903,0.9677129,0.9804334,0.9926026,0.9799472,0.98389673,0.9698287,0.98665035,0.9814763,0.96932864,0.9715984,0.9695954,0.9838339,0.9877209,0.9869779,0.9671027,0.9811603,0.9717479,0.9746,0.98237497,0.95905393,0.9355943,0.9809886,0.9747525,0.9771875,0.96986383,0.97632056,0.98533237,0.98268485,0.98121077,0.984489,0.98547995,0.9765961,0.9859793,0.97207594,0.9840987,0.98808336,0.98125243,0.97776395,0.98387325,0.96395576,0.9782172,0.97368264,0.9723288,0.9807276,0.9890865,0.9648966,0.9783686,0.9841675,0.98794776,0.9804639,0.97886,0.97158533,0.9777954,0.9609993,0.9606387,0.98735845,0.96132666,0.97164446,0.98922276,0.9536018,0.95790726,0.9519731,0.9747586,0.9705293,0.9754605,0.9721794,0.97906417,0.98285365,0.9745619,0.9883476,0.94897413,0.976308,0.9824901,0.9811855,0.9905996,0.97752094,0.98735845,0.9717328,0.96184397,0.9900457,0.9853629,0.95387435,0.9717754,0.9706335,0.98581517,0.98563266,0.9832537,0.9707285,0.9857033,0.9931864,0.9873081,0.97654253,0.97913116,0.9691314,0.9790324,0.9821189,0.9832802,0.9896316,0.961734,0.98050815,0.9817126,0.98416454,0.98048544,0.98609495,0.9819109,0.9759247,0.9747274,0.97480625,0.98647547,0.97265923,0.9775741,0.96882194,0.9877887,0.98427176,0.98328847,0.97124416,0.99187416,0.9748739,0.9714617,0.9823883,0.974858,0.9686502,0.9733856,0.98646975,0.98640645,0.988536,0.984688,0.98228586,0.98280406,0.97411627,0.9806763,0.9565721,0.96170205,0.9792734,0.98563135,0.97535974,0.97853035,0.98125166,0.944002,0.9921619,0.9822398,0.9723763,0.9869926,0.9736571,0.98501843,0.988536,0.97125953,0.98306656,0.98072004,0.9863728
apollo11movie,0.98092616,0.96340096,0.98284525,0.9862944,0.9917673,0.99046034,0.9908164,0.9815899,0.9931269,0.98020816,0.9756667,0.9898516,0.9895966,0.9925903,1.0000001,0.97786,0.9853486,0.9912999,0.983604,0.98688275,0.9766543,0.9818946,0.98496085,0.9736351,0.97717464,0.9680243,0.9847312,0.9908146,0.984387,0.97421867,0.9904754,0.9798814,0.9847008,0.981444,0.9672107,0.9470951,0.9901733,0.9860858,0.9827865,0.9741501,0.9813807,0.9840269,0.98428035,0.9859966,0.9811444,0.9844364,0.980972,0.98885155,0.9788067,0.9885128,0.9854708,0.9886072,0.97733486,0.97900003,0.97377825,0.98406917,0.9759183,0.97052795,0.9865406,0.9885489,0.96932817,0.9811525,0.98032933,0.98992217,0.98752064,0.9780854,0.980104,0.98525405,0.97218055,0.9588977,0.9922714,0.96699417,0.9768976,0.9940055,0.96680033,0.95658326,0.96710724,0.97376305,0.9843085,0.96885544,0.98087305,0.98321795,0.98775727,0.98489857,0.98710793,0.961296,0.98663443,0.9836306,0.9827517,0.9924478,0.9805002,0.9922714,0.9728523,0.9651565,0.99056935,0.99090976,0.9642167,0.97655916,0.9748237,0.9881008,0.9865605,0.9874805,0.96532995,0.98193306,0.9870918,0.9818112,0.98346835,0.9832226,0.9692179,0.98024863,0.9871557,0.9826815,0.97887665,0.9644901,0.979294,0.98284227,0.98779315,0.9875591,0.9883566,0.9861985,0.981695,0.97999394,0.97956145,0.9834896,0.9853464,0.98514724,0.97882825,0.98321986,0.98794335,0.9849931,0.9726188,0.99020016,0.9864756,0.97895646,0.98080635,0.9750857,0.9788973,0.9759926,0.986726,0.98414886,0.9931269,0.9804953,0.98096955,0.98462456,0.977853,0.98645043,0.9675851,0.97241265,0.98359966,0.9866449,0.9789062,0.98083925,0.98130107,0.9599121,0.98577857,0.98828495,0.98146325,0.99190646,0.9788236,0.98242503,0.9931269,0.9765742,0.9863978,0.9876116,0.9855127
arcticdogsmovie,0.9727908,0.9810951,0.98249984,0.9854569,0.9833958,0.9728078,0.9865724,0.9837641,0.98733205,0.95846564,0.9851287,0.96380216,0.9800471,0.9677129,0.97786,1.0,0.9741468,0.9673294,0.96789247,0.97858304,0.9782272,0.968136,0.9742214,0.9900402,0.98344624,0.953242,0.9809326,0.9705259,0.9703809,0.98405546,0.9755758,0.9902219,0.98129636,0.9732058,0.9746606,0.96563715,0.9852994,0.9852596,0.9693089,0.97145957,0.9729967,0.9742411,0.9684423,0.9740994,0.97969097,0.98331124,0.97959465,0.9809523,0.97513294,0.97781503,0.9702512,0.9879909,0.964454,0.9544359,0.9628719,0.9812402,0.9732135,0.9616709,0.97872674,0.9712849,0.9666349,0.97883743,0.97396165,0.98199344,0.97916204,0.9587614,0.97671705,0.9755052,0.97737044,0.96205276,0.9767797,0.9675105,0.9783675,0.98457843,0.9750312,0.95158136,0.96210706,0.9710391,0.982661,0.95937264,0.9840549,0.97285503,0.9800409,0.9871378,0.9594764,0.9778081,0.97359246,0.97878987,0.9736881,0.97289824,0.9778222,0.9767797,0.9770607,0.95565605,0.9801071,0.96637535,0.97901934,0.9774258,0.97535604,0.9782166,0.97939295,0.97987676,0.95191115,0.96594185,0.9728006,0.9635568,0.980045,0.97648096,0.97471684,0.9768892,0.9844694,0.9769379,0.9664558,0.9702262,0.9749736,0.9788649,0.9783076,0.9868492,0.9797589,0.97991157,0.9844821,0.96986413,0.97242635,0.96964455,0.9734923,0.9680455,0.97593164,0.9661384,0.98126,0.9585951,0.978511,0.9658253,0.98375416,0.97006154,0.9571544,0.9786288,0.98198193,0.97521675,0.9600783,0.9744304,0.98733205,0.97558594,0.97290903,0.9730418,0.97235125,0.98942375,0.98552257,0.97751224,0.9777689,0.97276086,0.97024995,0.9674273,0.9757901,0.94422954,0.96811527,0.9865741,0.9789703,0.97306585,0.9774147,0.9683622,0.98733205,0.97054553,0.9819898,0.9743885,0.9683732
arcticmovie,0.96589184,0.97573406,0.97906405,0.9883679,0.9834977,0.982662,0.9813454,0.98125285,0.9894742,0.97700465,0.9815996,0.9703168,0.98800844,0.9804334,0.9853486,0.9741468,1.0,0.9749845,0.9688617,0.98036486,0.9804004,0.9772952,0.98116535,0.9699891,0.9846216,0.97622794,0.98043233,0.98340976,0.9825104,0.96551186,0.9747734,0.98035383,0.98506653,0.96945775,0.9754544,0.9665287,0.98432666,0.98934823,0.9768907,0.97211707,0.97757995,0.9858388,0.9831655,0.9897344,0.97841716,0.980184,0.98072565,0.9725755,0.97828025,0.9891301,0.9835188,0.9865024,0.9796608,0.9845973,0.9866649,0.983709,0.97102815,0.9730191,0.9812154,0.9872267,0.9683397,0.9819674,0.97496176,0.9805298,0.9758409,0.9856509,0.97761714,0.98246235,0.98015904,0.9686513,0.98374176,0.97159714,0.98161167,0.98158693,0.9747308,0.9640033,0.9737817,0.9718349,0.9812722,0.96302193,0.98214394,0.984,0.98651,0.9828946,0.9839564,0.9692193,0.98258436,0.97924393,0.98940337,0.9869474,0.9778021,0.98374176,0.97023576,0.9602955,0.98583895,0.98360455,0.9798121,0.9792651,0.9711956,0.97998637,0.98892754,0.9748098,0.9626704,0.9788927,0.9762674,0.9822441,0.9809734,0.9755916,0.96148604,0.9768802,0.9808329,0.98548836,0.9758162,0.9728602,0.9751292,0.98245496,0.9746042,0.98454505,0.9741955,0.9724824,0.97738093,0.97991925,0.98738354,0.97646266,0.96588105,0.9790294,0.982386,0.97572863,0.98384786,0.97837645,0.97666216,0.98331493,0.9839188,0.9817779,0.98072505,0.9719892,0.9783572,0.96969324,0.97620493,0.9874088,0.9894742,0.9770122,0.9898442,0.981494,0.97659206,0.9752193,0.9742176,0.9753814,0.9802597,0.97757834,0.9701369,0.97720057,0.98571914,0.94887686,0.9709711,0.98529065,0.9796832,0.9845701,0.97990334,0.9797866,0.9894742,0.9820802,0.9850603,0.9804593,0.98232067
artofracingmovie,0.9845568,0.96057034,0.988198,0.9822449,0.9903408,0.9894947,0.98760873,0.97009623,0.98894393,0.975428,0.96841663,0.98953855,0.98727214,0.9926026,0.9912999,0.9673294,0.9749845,1.0,0.98843193,0.98535454,0.96180534,0.9897434,0.98377955,0.97027874,0.9721616,0.96785283,0.98323584,0.9868277,0.988938,0.9642917,0.9868661,0.9736113,0.97614,0.9879949,0.96334004,0.94121355,0.98270345,0.9786981,0.980607,0.975132,0.97621137,0.9867381,0.9849965,0.98090523,0.9747941,0.98116314,0.9782797,0.9872314,0.9755131,0.9829015,0.9902308,0.98134816,0.98243195,0.98141676,0.9691308,0.9825641,0.9793506,0.97852504,0.9858214,0.9862896,0.96701354,0.9787017,0.97938013,0.98871136,0.9853804,0.9755408,0.9745437,0.9772054,0.96079,0.9637307,0.99055195,0.9636333,0.9733885,0.987766,0.95926195,0.95773596,0.95967036,0.9754059,0.9764964,0.976219,0.97558755,0.9846999,0.98366463,0.973744,0.9885006,0.95612043,0.9832289,0.9845841,0.9814525,0.9906509,0.9764926,0.99055195,0.97250015,0.9655914,0.9901758,0.9852733,0.95865655,0.9688562,0.9712521,0.98420155,0.9855774,0.98940957,0.976121,0.9864419,0.98647916,0.98848206,0.9833563,0.9821066,0.96920604,0.9807351,0.97986346,0.98544747,0.9838959,0.9610668,0.98233026,0.9842359,0.9877306,0.9825886,0.98558545,0.9876056,0.9780223,0.976981,0.97711146,0.9871862,0.9798444,0.9859862,0.96952236,0.98935,0.9895702,0.98397595,0.9640271,0.99178964,0.9788061,0.97558826,0.9855166,0.9699268,0.9733735,0.9700059,0.98621905,0.9880839,0.98894393,0.9871633,0.98244643,0.985415,0.9784146,0.9766123,0.96178865,0.96769655,0.98163146,0.98376364,0.9817572,0.9846215,0.9794726,0.9534381,0.9863052,0.98469096,0.9788587,0.9865385,0.9758447,0.9871222,0.98894393,0.97771204,0.9822222,0.98481804,0.98933804
avengers,0.99137586,0.9500013,0.9884683,0.9857011,0.985585,0.9826496,0.9814297,0.9691375,0.9890591,0.96858835,0.97399914,0.98584825,0.9854161,0.9799472,0.983604,0.96789247,0.9688617,0.98843193,1.0000001,0.9770725,0.9694082,0.9896721,0.98233414,0.9724276,0.97287333,0.9710135,0.9796978,0.98217595,0.98875344,0.96907216,0.9934522,0.9810476,0.97961664,0.9913322,0.9708436,0.9504535,0.9804111,0.9731295,0.9919965,0.9878855,0.9804565,0.9871224,0.9802983,0.9801751,0.9743387,0.9781753,0.97592425,0.98795354,0.9781369,0.98187935,0.9911392,0.9864893,0.98220164,0.9695102,0.9644124,0.97691816,0.98339134,0.98460495,0.9850869,0.9793381,0.9724294,0.9785975,0.97876775,0.9798842,0.9883437,0.96865875,0.97553873,0.98088473,0.9679993,0.96530825,0.9885805,0.95636827,0.97354645,0.9866077,0.96297514,0.95988625,0.96383417,0.97786236,0.9786568,0.9800183,0.97410107,0.97767305,0.9803341,0.97623664,0.98109204,0.9675336,0.98974115,0.98472315,0.9722985,0.9827272,0.9782315,0.9885805,0.98334897,0.9793999,0.9851415,0.9864018,0.96861976,0.9786406,0.9643224,0.9830717,0.98308027,0.987232,0.97864985,0.98274636,0.97067326,0.9889229,0.9792986,0.9843035,0.9641493,0.9827968,0.97975135,0.9764496,0.98265624,0.9614877,0.9850838,0.98086,0.9887299,0.98087865,0.9829642,0.98620456,0.98136926,0.986373,0.97529095,0.98093873,0.9858075,0.99139446,0.9708404,0.99239993,0.98670846,0.9799782,0.9734264,0.9829737,0.9871767,0.9762879,0.9867112,0.9691119,0.9723736,0.9705677,0.9811804,0.97859037,0.9890591,0.98587954,0.9779937,0.9832008,0.9843353,0.9787902,0.95754135,0.9729547,0.9765672,0.983209,0.98539376,0.98158526,0.9825139,0.9502057,0.97101456,0.9856405,0.97991043,0.97899216,0.9793243,0.98434806,0.9890591,0.9767948,0.98415285,0.98775274,0.9879784
beachbummovie,0.97748345,0.9756539,0.98660374,0.98338634,0.9893131,0.98262215,0.98315245,0.97361284,0.988046,0.96558094,0.97683865,0.98061454,0.9787666,0.98389673,0.98688275,0.97858304,0.98036486,0.98535454,0.9770725,1.0,0.97216356,0.98070997,0.98740995,0.97401375,0.9732386,0.953746,0.9781021,0.9812855,0.97930557,0.9707914,0.97785556,0.97233754,0.9772328,0.9824808,0.96309674,0.9454039,0.97873116,0.9827079,0.97037405,0.9672946,0.9655314,0.98171216,0.9803564,0.9842934,0.97935605,0.9905618,0.98484904,0.9811688,0.9707358,0.9843205,0.97730106,0.9839667,0.9745322,0.9757739,0.96182317,0.9735143,0.97775435,0.96516323,0.97623867,0.9791878,0.9531303,0.9810718,0.97275996,0.9802132,0.9800819,0.96773326,0.9912244,0.97807395,0.9701783,0.9674941,0.9830555,0.9680244,0.9718886,0.98671633,0.9591452,0.93769825,0.9509749,0.97059554,0.9764914,0.9649726,0.98001415,0.9743336,0.9707736,0.9778179,0.9757585,0.9559892,0.97790325,0.98162705,0.9761582,0.982318,0.9783518,0.9830555,0.9607043,0.9516223,0.9838488,0.9844983,0.96459603,0.9723641,0.96280676,0.98576057,0.98295045,0.9853819,0.94974,0.98183155,0.9831283,0.9756519,0.9841336,0.9678575,0.97703904,0.976848,0.9862943,0.9779679,0.97791356,0.9552187,0.96803296,0.98639834,0.9863296,0.9825648,0.98072815,0.977439,0.97058374,0.9632404,0.9670746,0.98108953,0.97223467,0.97519124,0.9704669,0.97663844,0.98743916,0.9746712,0.9632048,0.97463584,0.97934,0.97711265,0.97333366,0.9756233,0.9748351,0.97896993,0.9765613,0.98969746,0.988046,0.98053664,0.9771834,0.9767798,0.9661987,0.97761065,0.9665927,0.9609683,0.9706513,0.9818546,0.9657187,0.97913563,0.97862387,0.9491643,0.9734195,0.9840668,0.97805303,0.98264843,0.9768608,0.97161883,0.988046,0.96526635,0.9833113,0.98521453,0.9750733
bernadettefilm,0.967263,0.97056806,0.9758429,0.988309,0.97285527,0.9748499,0.9773361,0.98612136,0.9848687,0.9528051,0.96736336,0.97045934,0.9803449,0.9698287,0.9766543,0.9782272,0.9804004,0.96180534,0.9694082,0.97216356,0.9999999,0.9740784,0.96986157,0.96541864,0.9799433,0.96622646,0.9788161,0.9768455,0.979101,0.9684359,0.9735272,0.98227435,0.9759224,0.97240907,0.9784746,0.96743137,0.97435415,0.97254294,0.9792054,0.9720883,0.9804131,0.9730484,0.9604784,0.9705981,0.98105407,0.9741929,0.9757492,0.97320455,0.975725,0.97501886,0.97859234,0.99069625,0.966546,0.959795,0.96845317,0.96825296,0.9713284,0.96835953,0.98258644,0.97293437,0.9749017,0.97841144,0.9860944,0.97719014,0.97424656,0.9752134,0.97051823,0.9875565,0.9874662,0.9675737,0.9694565,0.96788365,0.9667868,0.9790769,0.9607731,0.9517631,0.9684746,0.9684166,0.9780678,0.9705625,0.97682065,0.96993834,0.9804103,0.9823375,0.9731725,0.97003454,0.9774489,0.9735877,0.97425205,0.9712317,0.9786901,0.9694565,0.9746081,0.96534175,0.97578037,0.9750808,0.97888434,0.983267,0.9717858,0.97599447,0.97619593,0.9672551,0.95176923,0.96242934,0.968269,0.9739666,0.96330994,0.97852355,0.95792294,0.97506297,0.98442817,0.9727578,0.968298,0.9722815,0.97970724,0.975986,0.96918684,0.97691506,0.97821295,0.96776307,0.986669,0.97704846,0.97479457,0.97022223,0.96929044,0.96888244,0.98238295,0.9705404,0.97185534,0.9556851,0.9871423,0.9673002,0.98323643,0.9646627,0.96889675,0.9670405,0.96944505,0.9785894,0.9618636,0.9713374,0.9848687,0.97536945,0.97313875,0.9716082,0.980396,0.9792148,0.9647951,0.9740754,0.9703486,0.97763824,0.97376823,0.9570705,0.9688262,0.9441733,0.9561681,0.9765543,0.97092265,0.9671413,0.98738325,0.97102755,0.9848687,0.97099745,0.97701246,0.9719065,0.97803944
