movie,21bridgesmovie,47metersdown,abeautifuldaymovie,abominablemovie,adastramovie,adogsjourneymovie,aftermathmovie,aftermovie,ahiddenlifefilm,alitamovie,angelhasfallen,angrybirdsmovie,annabellemovie,annamovie,apollo11movie,arcticdogsmovie,arcticmovie,artofracingmovie,avengers,beachbummovie,bernadettefilm,blackandbluemovie,blackchristmas,blindedbythelightmovie,bombshellmovie,booksmart,breakthroughmovie,brianbanksmovie,brightburnmovie,brittanyrunsmov,captainmarvelofficial,captivestatemovie,catsmovie,charliesangels,childsplaymovie,clarathefilm,coldpursuitmovie,countdown,currentwarmovie,darkwatersmovie,detectivepikachumovie,disneyaladdin,disneyfrozen,disneymaleficent,doctorsleepmovie,dolemiteismyname,dontletgomovie,doramovie,downtonabbey_official,dumbo,escaperoom,everybodyknowsmovie,fastandfuriousmovie,fightingwmyfam,fivefeetapartfilm,fordvferrari,freaksthefilm,geminimanmovie,glassmovie,gloriabellmovie,godzillamovie,goldfinchmovie,goodboysmovie,goodliarmovie,gretafilm,halathemovie,happydeathdaymovie,harrietfilm,hellboymovie,hersmellmovie,highlifemovie,highstrungmovie,honeyboymovie,hotelmumbaifilm,httydragon,hustlemovie,hustlersmovie,isntitromantic,itmovieofficial,jayandsilentbob,johnwickmovie,jojorabbitmovie,jokermovie,judythefilm,jumanjimovie,justmercyfilm,knivesout,lalloronamovie,lastblackmansf,lastchristmasthemovie,latenightmovie,lighthousemovie,lionking,littlethemovie,littlewomenmovie,littlewoodsfilm,longshotmovie,lordsofchaosmovie,lucyintheskyfilm,mamovie2019,marriagestory,meettheaddams,meninblack,midsommarmovie,midwaymovie,missbalamovie,missinglinkfilm,motherlessbklyn,onceinhollywood,onthebasisofsex,overcomermovie,peanutbutterfalcon,petsematarymovie,piercingmovie,playingwithfire,playmobilthemovie,pomsmovie,queenandslim,rambomovie,readyornotfilm,richardjewellfilm,rocketmanmovie,scarystoriesmovie,secretlifeofpets,serenityfilm,shaftmovie,shazammovie,spidermanmovie,spiesindisguise,starwars,stormboymovie,stubermovie,taosdfilm,teenspiritmov,terminator,theaeronautsmov,thebestofenemies,thedeaddontdie,thefarewell,thehighwaymen,thehummingbirdprojectfilm,theintrudermovie,theirishmanfilm,thekitchenmovie,thelegomovie,themustangfilm,thenightingalefilm,theprodigymovie,thesunisalsoastar,theupsidefilm,tolkienmovie,toystory,triplefrontier,uglydolls,uncutgems,underthesilverlake,usmovie,wavesmovie,whatmenwant,wonderparkmovie,wrinklestheclown,xmenmovies,yardiefilm,yesterdaymovie,zombieland
21bridgesmovie,0.9999999,0.99379337,0.9952777,0.9849587,0.99047995,0.9861246,0.9966994,0.99477094,0.99774295,0.99498284,0.99012315,0.98634255,0.9981986,0.9835788,0.9969001,0.9979012,0.98737437,0.99075085,0.9947807,0.9892394,0.9960763,0.99271685,0.9977821,0.9942463,0.99471074,0.98817396,0.99711823,0.99134684,0.9983224,0.985711,0.98723143,0.99571246,0.98964065,0.9953156,0.9957193,0.9907204,0.9981179,0.99844587,0.9972036,0.98076445,0.9934559,0.9853639,0.9877547,0.9921452,0.9912207,0.9954831,0.9973033,0.9953295,0.99000156,0.99227846,0.9963798,0.99854046,0.9897406,0.9865322,0.98737204,0.9978126,0.9938966,0.98840666,0.9931196,0.9905755,0.9901069,0.9941043,0.99205446,0.99441236,0.9966242,0.9870516,0.9890677,0.99943656,0.9802878,0.9922417,0.9950482,0.9840328,0.99502856,0.9947035,0.9958434,0.9844243,0.9849655,0.9889541,0.9931252,0.97341174,0.9899559,0.9871619,0.9908236,0.9969071,0.9912542,0.992571,0.9903853,0.99717844,0.99735445,0.99830365,0.99021995,0.9950482,0.9821309,0.9943111,0.9969152,0.9967112,0.9939253,0.9961023,0.97758955,0.9968114,0.9948587,0.9909217,0.99801624,0.98673576,0.9916094,0.9959555,0.9952111,0.9974007,0.9923194,0.9947758,0.9991882,0.9846133,0.9883645,0.9849254,0.99539876,0.99634176,0.99921346,0.99449944,0.9973656,0.9891656,0.9936409,0.99316126,0.98683923,0.9909199,0.98730814,0.9907632,0.99330026,0.9894095,0.97287536,0.9884621,0.9955086,0.9891394,0.9899799,0.9838643,0.99399424,0.9952377,0.99536747,0.9954843,0.9945047,0.9966196,0.99774295,0.9879985,0.99422705,0.994589,0.9891565,0.9917209,0.9944491,0.99601275,0.99846935,0.9929767,0.9935206,0.9951208,0.9972541,0.9977714,0.988357,0.99496806,0.9986358,0.99332136,0.99133873,0.989622,0.99774295,0.9961596,0.99063665,0.9972508,0.9942452
47metersdown,0.99379337,1.0000001,0.99559194,0.9883534,0.99419916,0.98335963,0.9957064,0.99942046,0.9957902,0.9940431,0.99216133,0.9847796,0.99802685,0.9873044,0.99157023,0.99181616,0.99050736,0.99419767,0.9902666,0.9831338,0.9971796,0.9905667,0.997855,0.99355596,0.99017507,0.9867688,0.9894119,0.988509,0.9940832,0.97772336,0.9923054,0.9986855,0.99071693,0.99345547,0.99401075,0.99056804,0.9971364,0.9959813,0.9938346,0.9869403,0.9980676,0.9885832,0.98565876,0.9944645,0.99798083,0.99126333,0.9988616,0.9947952,0.9887988,0.99457735,0.9915178,0.99374944,0.9831514,0.9903197,0.9908239,0.9944649,0.9895189,0.9864034,0.99786025,0.99739325,0.9986777,0.99802744,0.98966014,0.9942072,0.98949474,0.99235564,0.9758581,0.9920028,0.98522687,0.9874195,0.99574304,0.9879502,0.98465425,0.9918025,0.99040186,0.99081624,0.9779489,0.99153656,0.99767256,0.97034854,0.9891803,0.9888515,0.9969249,0.99104655,0.9902773,0.9971655,0.99462,0.9914763,0.99651814,0.995507,0.9890988,0.99574304,0.98119485,0.9942439,0.9939183,0.99424464,0.99720055,0.993294,0.9820956,0.9943064,0.99030477,0.9883911,0.995103,0.9935178,0.99631894,0.99341875,0.9967553,0.9898234,0.9895447,0.9910732,0.9953843,0.9849683,0.9958744,0.9859945,0.9927523,0.9966149,0.9948568,0.9914297,0.9943428,0.9925671,0.9960191,0.9978149,0.9944247,0.9894669,0.9947771,0.9967387,0.98808026,0.9882743,0.97816026,0.9867316,0.9926918,0.9954069,0.99363595,0.9844443,0.99500704,0.9889905,0.99455315,0.98910666,0.9947916,0.98918504,0.9957902,0.9853506,0.9881134,0.9895699,0.98902225,0.99057734,0.99131405,0.99523133,0.99512213,0.98993915,0.99136865,0.996066,0.99068725,0.9956644,0.9816222,0.9972449,0.9965748,0.99181384,0.9977678,0.9974403,0.9957902,0.9918971,0.99680394,0.9970892,0.9901315
abeautifuldaymovie,0.9952777,0.99559194,0.99999994,0.9911069,0.9944182,0.9816991,0.99926454,0.99645567,0.9990805,0.9962653,0.9906192,0.98570883,0.9981321,0.99045134,0.9963322,0.9972461,0.9964847,0.99501956,0.99427456,0.9896701,0.9990837,0.9948033,0.99743956,0.9977584,0.99162465,0.98896205,0.9915027,0.99348754,0.9971912,0.9922935,0.99351174,0.99373496,0.9830719,0.9902823,0.99085474,0.9883213,0.99632263,0.9944101,0.9959292,0.9797164,0.99719745,0.99003077,0.98794514,0.99690104,0.99628764,0.9937963,0.99676794,0.9973342,0.98537076,0.9962208,0.9977063,0.9947934,0.9859811,0.99109197,0.9845394,0.99824446,0.9904019,0.99244434,0.9980386,0.9939978,0.9962223,0.99703115,0.99508137,0.9945548,0.9940878,0.9888406,0.9898169,0.99354964,0.9923461,0.98602295,0.99781096,0.9858742,0.99207383,0.9928483,0.99087006,0.9886539,0.9817465,0.98846984,0.99635303,0.9742002,0.9914746,0.9922195,0.99551064,0.9947522,0.99229467,0.9899437,0.99467313,0.9972056,0.9946596,0.9978254,0.99584854,0.99781096,0.9836632,0.99725723,0.99464697,0.991895,0.9973807,0.9969629,0.98262393,0.994219,0.989039,0.9923216,0.9969368,0.98905,0.99756324,0.99793965,0.9963883,0.9927843,0.9940081,0.992198,0.9978762,0.98519224,0.99138814,0.9834298,0.9950825,0.997008,0.9973878,0.9867091,0.99944025,0.9950859,0.99910104,0.99492985,0.98917896,0.986034,0.9905701,0.9969334,0.9942977,0.9953527,0.97690696,0.9871479,0.9986487,0.98809946,0.99763834,0.99493265,0.99579996,0.9973524,0.99158746,0.99140877,0.99566627,0.9940031,0.9990805,0.99080884,0.9918322,0.9890811,0.98257005,0.98939633,0.9893585,0.992957,0.99589014,0.99077326,0.99425435,0.99837214,0.9950743,0.9978983,0.9905117,0.9922566,0.9982908,0.9931442,0.99160063,0.9908248,0.9990805,0.9963473,0.9911837,0.99415165,0.99424654
abominablemovie,0.9849587,0.9883534,0.9911069,0.99999994,0.994991,0.9714224,0.99401045,0.9906239,0.99055237,0.99515945,0.981665,0.9718268,0.9913671,0.994558,0.99383813,0.9871924,0.9851667,0.9971763,0.9955647,0.9948037,0.988346,0.98843205,0.9924377,0.99438554,0.99106824,0.98822784,0.97594774,0.9839673,0.9833992,0.9868264,0.99949604,0.9851646,0.9732708,0.98176116,0.9813844,0.99032384,0.98439914,0.9883976,0.9932905,0.9858533,0.9947874,0.99793816,0.988792,0.99635506,0.99312425,0.990127,0.9905885,0.99054223,0.98288417,0.996363,0.98287785,0.9888715,0.9832522,0.98684525,0.98697114,0.99224615,0.9730669,0.9946096,0.9859582,0.9907517,0.9926775,0.9843308,0.9980214,0.987003,0.97719383,0.9900994,0.97898793,0.9860244,0.976718,0.98461264,0.9924476,0.98986197,0.9898787,0.99306625,0.98979926,0.98355615,0.9891562,0.9900014,0.98638433,0.992057,0.99001896,0.99093217,0.9895868,0.9881181,0.9866157,0.9856361,0.9872259,0.9923507,0.98854697,0.9927494,0.99421126,0.9924476,0.9943573,0.9966955,0.983755,0.98905665,0.9949889,0.9897817,0.97611445,0.99102074,0.97231644,0.9958902,0.987195,0.98885465,0.99580526,0.98434657,0.9821336,0.9780638,0.9818472,0.9908968,0.98768604,0.98990196,0.9908482,0.9876598,0.99313855,0.9888658,0.9892386,0.97963434,0.9897714,0.9975562,0.9947884,0.9882037,0.9926679,0.97911143,0.99463916,0.99151605,0.98491055,0.9934088,0.9942629,0.9886645,0.99272615,0.9880687,0.99428326,0.989515,0.99331963,0.99060684,0.9812062,0.9910512,0.9884036,0.9906641,0.99055237,0.96881765,0.9792171,0.9897527,0.96221566,0.9698866,0.97290075,0.979607,0.9805319,0.9899096,0.99393696,0.98691064,0.9922764,0.9928162,0.9857175,0.98024035,0.9917791,0.9874614,0.99158627,0.9914973,0.99055237,0.9897592,0.9904568,0.98045796,0.98571354
adastramovie,0.99047995,0.99419916,0.9944182,0.994991,0.99999994,0.987245,0.9964777,0.9969979,0.9956355,0.99726355,0.99308205,0.9882755,0.99502647,0.9960942,0.9927578,0.991062,0.9934304,0.9995901,0.9931805,0.98698467,0.99164915,0.99599457,0.996686,0.99817085,0.99457324,0.993294,0.98834634,0.9932562,0.9921285,0.9871549,0.99679434,0.9935332,0.9891607,0.9923787,0.9924579,0.99494237,0.99368036,0.9949054,0.99644446,0.9930234,0.99778825,0.9947467,0.98796767,0.9955118,0.9982556,0.99529153,0.995656,0.99314773,0.9928222,0.9963372,0.9903693,0.9952413,0.9877082,0.9956936,0.9946086,0.99474716,0.98852605,0.9966245,0.99372995,0.9976206,0.9957348,0.99006826,0.9953536,0.9968595,0.9855348,0.99775505,0.97696507,0.9888149,0.9844524,0.99270177,0.99773717,0.99507505,0.98930275,0.9963093,0.9933458,0.9936657,0.99047565,0.9977697,0.99590653,0.9841592,0.9957631,0.99597985,0.9982617,0.99334145,0.99492884,0.99485326,0.99696356,0.99182695,0.9958065,0.9943332,0.9965757,0.99773717,0.9932681,0.9946138,0.99388903,0.99548256,0.99683243,0.9964916,0.9903579,0.9964111,0.9865131,0.98985803,0.9955186,0.99664325,0.99864066,0.99322003,0.99280936,0.9888074,0.99153996,0.99691916,0.9928138,0.99437356,0.9973321,0.99387497,0.99725986,0.9952318,0.9946025,0.99101865,0.9927662,0.9987957,0.9975133,0.99711204,0.9978237,0.99152255,0.9927988,0.99825317,0.99369776,0.9963203,0.991427,0.99398,0.9941747,0.9938933,0.99802524,0.98611385,0.9991691,0.9909,0.992771,0.9943203,0.9970662,0.99384445,0.9956355,0.9821145,0.9893128,0.994326,0.9810464,0.9853439,0.9868802,0.9918923,0.98907894,0.992788,0.99548507,0.99205106,0.9928766,0.99436164,0.9888957,0.9918672,0.99487644,0.99726313,0.9955299,0.99637806,0.9956355,0.99591225,0.9977438,0.99094033,0.9949082
adogsjourneymovie,0.9861246,0.98335963,0.9816991,0.9714224,0.987245,1.0000001,0.9838168,0.98626226,0.98540276,0.9807414,0.9972828,0.9985954,0.98493963,0.98548967,0.97935784,0.98690695,0.98389494,0.9832942,0.97562975,0.9682066,0.9799464,0.9940548,0.9861471,0.98801064,0.9915616,0.9935972,0.99232143,0.9948738,0.98937345,0.9718839,0.97479886,0.9900413,0.9942912,0.9964747,0.9961766,0.9926114,0.98968613,0.99090105,0.9891794,0.98984605,0.9855199,0.9792946,0.9850833,0.98178554,0.9863662,0.9933055,0.9850446,0.9870575,0.99727523,0.9841057,0.9870588,0.9907345,0.9926233,0.9942566,0.99257654,0.98156464,0.9947983,0.98667455,0.9850386,0.99003816,0.9789114,0.9824286,0.97815144,0.9956882,0.98886037,0.9924377,0.96946174,0.9829583,0.9782909,0.99533397,0.99062306,0.9916172,0.98169005,0.9908368,0.9906815,0.9942253,0.9859849,0.9929964,0.99094754,0.96787935,0.9939826,0.99124503,0.9883595,0.99230796,0.9961512,0.98865384,0.9932719,0.97942877,0.9929057,0.98185754,0.985967,0.99062306,0.98250514,0.97851264,0.99542004,0.9912147,0.9852493,0.99247074,0.994848,0.9924165,0.9954977,0.97334987,0.989975,0.99235123,0.98425007,0.98945796,0.9863832,0.99303627,0.99451405,0.99262345,0.98400897,0.9916873,0.9899885,0.99315965,0.99134094,0.9918721,0.9887599,0.9950019,0.9815594,0.9839879,0.983989,0.9922606,0.98711777,0.99872744,0.9773409,0.98707926,0.99345523,0.98634326,0.9725288,0.99395245,0.98413885,0.97794807,0.981554,0.9678507,0.99147564,0.97566414,0.99631524,0.98349047,0.9947192,0.9888657,0.98540276,0.98859704,0.99577296,0.99061775,0.9908263,0.99426,0.9955546,0.9946482,0.9880265,0.99133736,0.98894006,0.9861888,0.9847582,0.984814,0.98832315,0.99213153,0.98409736,0.9954159,0.98557013,0.985415,0.98540276,0.99215215,0.9888185,0.98995245,0.99514127
aftermathmovie,0.9966994,0.9957064,0.99926454,0.99401045,0.9964777,0.9838168,0.99999994,0.9971958,0.99950045,0.99844986,0.99132055,0.98606616,0.99899864,0.9924487,0.9983922,0.9977127,0.9945279,0.9972126,0.9972329,0.99298453,0.99807405,0.9958893,0.99892855,0.99894756,0.9950921,0.9914894,0.9924748,0.9938807,0.99713165,0.9925064,0.99569225,0.9946943,0.9855631,0.99243116,0.9927514,0.992145,0.9967473,0.9967376,0.99837303,0.9842525,0.99810314,0.99306375,0.99038863,0.9978572,0.99680144,0.9962691,0.99793845,0.99760973,0.98901206,0.9976185,0.9967629,0.9972757,0.9891156,0.99194837,0.988648,0.9993984,0.9905197,0.99498457,0.9964869,0.99496114,0.99607646,0.9954836,0.9975926,0.99580944,0.9935056,0.99160296,0.9896543,0.99577415,0.9882835,0.9903835,0.9986078,0.9891731,0.99508095,0.99616426,0.99463916,0.9892393,0.9874541,0.99199575,0.99592316,0.98075604,0.9937235,0.99356514,0.9957887,0.99659944,0.99372995,0.9922645,0.9947865,0.998559,0.9966355,0.99924755,0.9969704,0.9986078,0.9886513,0.9986472,0.9956492,0.9952768,0.99830014,0.9980428,0.98326224,0.99692535,0.9895994,0.9948951,0.99790955,0.9911679,0.9982216,0.99721164,0.99556094,0.99357086,0.9937597,0.9956288,0.99848145,0.9891385,0.9930899,0.98778117,0.99757665,0.997537,0.9987094,0.9900159,0.999222,0.9968688,0.9992953,0.9956272,0.9920435,0.9887517,0.99260026,0.996845,0.9951227,0.996385,0.9826774,0.99079996,0.9990558,0.9909042,0.997739,0.9931195,0.99766517,0.9979458,0.9930001,0.99537855,0.99662656,0.99681664,0.99950045,0.9879097,0.99253696,0.9935669,0.98244333,0.98834133,0.9897085,0.99347997,0.9955403,0.9937435,0.99664,0.99726266,0.9976018,0.9990888,0.99182254,0.99279016,0.9993826,0.9951087,0.9938059,0.9930594,0.99950045,0.9977755,0.99356556,0.9943614,0.9954668
aftermovie,0.99477094,0.99942046,0.99645567,0.9906239,0.9969979,0.98626226,0.9971958,0.99999994,0.99737525,0.9965142,0.9935706,0.98757535,0.9984949,0.9901024,0.99322635,0.9930401,0.9925649,0.996771,0.9924513,0.9849451,0.9967575,0.99342394,0.99894917,0.99605197,0.99266285,0.9893693,0.9915945,0.99122304,0.9954618,0.98194623,0.9940499,0.9985657,0.9924601,0.99480057,0.99530065,0.9927402,0.9980149,0.9973371,0.9959125,0.98941255,0.99875665,0.990452,0.9865228,0.9952089,0.9988656,0.9937286,0.99939436,0.99510545,0.9913556,0.9955683,0.9929178,0.9960347,0.98542815,0.99267083,0.99296546,0.9961742,0.991613,0.9902687,0.9978607,0.998266,0.99852175,0.99673444,0.9921948,0.9964965,0.99010766,0.99482507,0.97753793,0.9928794,0.98561275,0.9905853,0.99741167,0.99050516,0.9874658,0.9942679,0.99263245,0.99228233,0.9827124,0.99456304,0.99840426,0.97443867,0.9919719,0.9915332,0.998569,0.99313307,0.9927297,0.99806136,0.9964102,0.99291235,0.997796,0.9966081,0.9921512,0.99741167,0.9851853,0.9950936,0.99565524,0.9962895,0.9977682,0.99567735,0.9855281,0.9963139,0.9913386,0.9892681,0.9971752,0.99513704,0.99776137,0.9950898,0.997535,0.99168944,0.99146336,0.9943502,0.9964811,0.9883642,0.99696875,0.9891102,0.9952927,0.99734974,0.99647796,0.9933224,0.99535084,0.995006,0.9973793,0.99879855,0.9961434,0.9916734,0.9942668,0.99817806,0.9913719,0.9915064,0.98217446,0.9897237,0.9941573,0.99654156,0.99597085,0.9851897,0.9974258,0.991159,0.9957372,0.9926052,0.9967934,0.99208814,0.99737525,0.98602647,0.9900899,0.9925302,0.9891743,0.990939,0.9919986,0.9961165,0.99518824,0.9916026,0.9933629,0.99589527,0.9926541,0.9964059,0.9846274,0.99736434,0.99755657,0.99505854,0.9978729,0.9979257,0.99737525,0.99456483,0.9982348,0.99715376,0.99316067
ahiddenlifefilm,0.99774295,0.9957902,0.9990805,0.99055237,0.9956355,0.98540276,0.99950045,0.99737525,1.0000001,0.998039,0.99169624,0.9880171,0.9989251,0.98962784,0.9973147,0.99775237,0.99495137,0.99588513,0.9958462,0.98978806,0.9981053,0.9957426,0.99890655,0.99817747,0.9940352,0.9898404,0.9952061,0.9941602,0.99872863,0.99177223,0.9928805,0.9953497,0.9880828,0.99342525,0.9939975,0.9906881,0.99832356,0.99722993,0.99769336,0.98264664,0.9969044,0.9893772,0.987402,0.9955739,0.9959605,0.9957109,0.998217,0.99651575,0.9890328,0.99539846,0.9979495,0.9979002,0.98778075,0.99121916,0.98779863,0.9994549,0.9935757,0.99311674,0.9971107,0.9942654,0.9950784,0.99573916,0.9953585,0.9964461,0.9949081,0.9906499,0.9888453,0.99613875,0.98815566,0.99040294,0.9980912,0.9870765,0.99398565,0.9950133,0.99388117,0.9885849,0.98529655,0.9914114,0.9965493,0.9756365,0.9924831,0.9919213,0.99609935,0.99641687,0.99336797,0.9930246,0.99494165,0.99772483,0.99695426,0.9989184,0.99545455,0.9980912,0.98530763,0.99667406,0.996839,0.99552906,0.99679834,0.9981819,0.98349434,0.9966278,0.99215823,0.99174064,0.9992135,0.9901243,0.99691755,0.9984909,0.99760234,0.99557805,0.99431545,0.9954261,0.9994172,0.98702806,0.99196583,0.98616517,0.9967729,0.99741954,0.99920577,0.9914888,0.99935704,0.99479485,0.9983304,0.9958722,0.9906086,0.9896571,0.9896032,0.99654293,0.9957641,0.99494535,0.97848094,0.989284,0.998056,0.9911901,0.9970111,0.9906201,0.9971624,0.9977144,0.99432564,0.99546695,0.9968889,0.9963505,1.0000001,0.9899989,0.9934981,0.99308556,0.98644674,0.99095607,0.9920399,0.99534905,0.9971486,0.9921456,0.9948521,0.9971362,0.99662966,0.9982604,0.9903746,0.9944084,0.9993627,0.9957373,0.992614,0.99199516,1.0000001,0.9978294,0.99326366,0.99619186,0.9961119
alitamovie,0.99498284,0.9940431,0.9962653,0.99515945,0.99726355,0.9807414,0.99844986,0.9965142,0.998039,1.0,0.98726964,0.9819144,0.9973188,0.9904133,0.9974464,0.99369997,0.99074596,0.998319,0.998285,0.9923773,0.99447966,0.99296254,0.99840504,0.9974182,0.9938848,0.9881588,0.99037683,0.9896311,0.99423337,0.99052054,0.99639,0.9927232,0.9859682,0.9903399,0.9907265,0.9912958,0.99502003,0.99606526,0.9973376,0.98532426,0.99642515,0.9920927,0.98555183,0.9950346,0.9953242,0.9941938,0.99742633,0.9930118,0.98804307,0.9951413,0.9923484,0.9970127,0.9850227,0.98865044,0.9892906,0.99886537,0.9876503,0.99406874,0.9928432,0.9932242,0.99469006,0.9906855,0.99743646,0.9939138,0.98771584,0.9915588,0.9838476,0.99442613,0.98026365,0.9903961,0.99612576,0.9878979,0.9936065,0.9954469,0.9938675,0.9853422,0.9884764,0.9929793,0.9930025,0.98255116,0.99113154,0.990387,0.99501795,0.99361485,0.9903114,0.9932695,0.99198353,0.99666566,0.99527717,0.998338,0.99472255,0.99612576,0.9894864,0.9969623,0.99289596,0.99591017,0.99590975,0.9956737,0.97988945,0.99600273,0.98574567,0.9931022,0.99698853,0.98993874,0.9968449,0.99367774,0.9937063,0.9902722,0.9884896,0.9960005,0.9970205,0.98822504,0.99189454,0.98750347,0.9963921,0.9939794,0.9970251,0.9899419,0.9964574,0.996222,0.997176,0.993734,0.9929141,0.9868763,0.9910641,0.9951284,0.9920875,0.99402165,0.9862943,0.9891677,0.99566084,0.9945341,0.99693406,0.98744786,0.99693024,0.996603,0.9905984,0.9979595,0.9941882,0.99564147,0.998039,0.97997534,0.9876639,0.9945243,0.97959924,0.9828463,0.98549825,0.9906935,0.9916425,0.9909087,0.9942494,0.9920682,0.9960574,0.9966319,0.98679227,0.9905087,0.9980914,0.9943471,0.99331415,0.9932935,0.998039,0.99556375,0.9944325,0.991847,0.9928902
angelhasfallen,0.99012315,0.99216133,0.9906192,0.981665,0.99308205,0.9972828,0.99132055,0.9935706,0.99169624,0.98726964,1.0,0.99769455,0.9921717,0.9922934,0.98622996,0.9921628,0.9916202,0.99045163,0.9826875,0.9768808,0.98965734,0.9972359,0.9924986,0.99396753,0.99408436,0.9964149,0.99233305,0.99746144,0.9934351,0.978337,0.9851687,0.9954925,0.9934805,0.9976124,0.9974623,0.99530476,0.9941503,0.9943138,0.9936348,0.99217135,0.9940372,0.9878695,0.99107766,0.99134976,0.9947106,0.9959955,0.99189097,0.9946113,0.9969655,0.9927159,0.99221754,0.9932968,0.9937057,0.99841464,0.99459946,0.988239,0.9947757,0.99125785,0.99371123,0.99684566,0.9899528,0.9920786,0.985879,0.9984358,0.99245024,0.996206,0.9761345,0.98726887,0.9884904,0.9943926,0.99658954,0.995252,0.98538136,0.99422216,0.9928362,0.9987529,0.98613423,0.9952811,0.997248,0.9731118,0.997112,0.9962498,0.99492323,0.9952184,0.99875265,0.9928974,0.998363,0.98657423,0.9965358,0.9889131,0.9921997,0.99658954,0.9863988,0.9879802,0.99763393,0.9935232,0.99387693,0.9963271,0.9961033,0.9956263,0.99562865,0.9827966,0.9936601,0.9971074,0.99299496,0.99433786,0.9921978,0.99392086,0.9976598,0.99427307,0.9898044,0.99391973,0.9963207,0.99443674,0.99516845,0.99750495,0.99317545,0.9944572,0.989281,0.991747,0.99264103,0.9977569,0.99314654,0.9980391,0.98808527,0.99486387,0.99542004,0.99228805,0.97857773,0.9955748,0.991586,0.98446435,0.99011135,0.9807884,0.99617916,0.9830809,0.99806,0.98591954,0.9985045,0.9915755,0.99169624,0.9926817,0.99688345,0.9917179,0.99093455,0.99619234,0.99639416,0.9971032,0.9928923,0.9949124,0.9941688,0.99442774,0.98959607,0.991976,0.9917288,0.99603873,0.990858,0.9970277,0.99296135,0.99267316,0.99169624,0.995488,0.9941243,0.9942652,0.9969054
angrybirdsmovie,0.98634255,0.9847796,0.98570883,0.9718268,0.9882755,0.9985954,0.98606616,0.98757535,0.9880171,0.9819144,0.99769455,0.9999999,0.98602724,0.98624945,0.97989553,0.98862886,0.9901627,0.9843269,0.9755898,0.96743095,0.9833724,0.99561447,0.98677856,0.98997515,0.98943216,0.9924704,0.99328387,0.997032,0.9918895,0.97721165,0.9757559,0.98984677,0.99231935,0.99483514,0.99492913,0.98952186,0.9911866,0.9898567,0.9887511,0.98580974,0.98673683,0.97835195,0.9831685,0.98310864,0.98822796,0.99256045,0.98575693,0.9884329,0.99411374,0.98478293,0.99095625,0.990215,0.990027,0.99556655,0.988953,0.9834913,0.9966633,0.9874928,0.9891831,0.9907663,0.9815188,0.98556864,0.97887075,0.9965282,0.9910408,0.99134666,0.9729105,0.9820568,0.9861111,0.99180335,0.9922635,0.98954344,0.98110753,0.98913497,0.98793197,0.99505824,0.9822077,0.9911816,0.9935221,0.9633392,0.99363726,0.992399,0.99096876,0.9922029,0.9965293,0.9873734,0.99559814,0.9807887,0.9921616,0.98285425,0.9884198,0.9922635,0.97971445,0.9795966,0.9960778,0.9890783,0.9863042,0.9939768,0.9966217,0.9912,0.9956604,0.97271293,0.99167025,0.99148804,0.9865677,0.9932143,0.98990893,0.9939834,0.9969582,0.9912593,0.985936,0.98922884,0.98969305,0.98970735,0.9909815,0.9929095,0.98964435,0.9920801,0.98484,0.985334,0.9869331,0.99328583,0.98585016,0.9964741,0.9762089,0.99019593,0.99564767,0.98898935,0.9692377,0.9914665,0.9865938,0.97707665,0.9855987,0.97381735,0.9920877,0.97901374,0.9957189,0.9822596,0.995892,0.98831993,0.9880171,0.9938636,0.996572,0.9874143,0.99130195,0.99629724,0.99577534,0.9952949,0.9898749,0.9891461,0.9883595,0.98930305,0.98428273,0.9855473,0.9895304,0.99241173,0.9853254,0.99595267,0.98415303,0.9842929,0.9880171,0.99333584,0.9879957,0.99089,0.99648654
annabellemovie,0.9981986,0.99802685,0.9981321,0.9913671,0.99502647,0.98493963,0.99899864,0.9984949,0.9989251,0.9973188,0.9921717,0.98602724,1.0000001,0.98947984,0.9975015,0.9972601,0.99158806,0.9955956,0.9960546,0.99098855,0.99868494,0.9941076,0.9996937,0.9969526,0.9949552,0.9903126,0.9936034,0.9921281,0.9974573,0.98651886,0.99383074,0.9977167,0.9892262,0.9948273,0.99518865,0.99281484,0.9983537,0.9984303,0.9980496,0.9855046,0.99823505,0.9912806,0.99016064,0.9968418,0.9967997,0.99574816,0.99951696,0.99765503,0.9904306,0.99679357,0.9958674,0.99776566,0.9889642,0.9906752,0.9903975,0.9987002,0.99164426,0.9914099,0.996969,0.99571055,0.9966387,0.9973767,0.99507177,0.99574786,0.99429107,0.9916243,0.9866034,0.99740916,0.98555136,0.991251,0.99782544,0.9886319,0.9933659,0.99585795,0.99529165,0.989265,0.98514193,0.9920582,0.99661064,0.97746754,0.99231786,0.99123174,0.99552685,0.996234,0.9928777,0.9952313,0.9942204,0.9975424,0.99816865,0.99936974,0.9935273,0.99782544,0.985964,0.9978118,0.9964405,0.996792,0.9982911,0.9969543,0.9814671,0.9974651,0.99225134,0.9939178,0.99797416,0.99184054,0.99695235,0.99639004,0.996631,0.99440485,0.9927803,0.9950934,0.9989829,0.9877981,0.99393135,0.98772055,0.99671274,0.9982219,0.9989121,0.9929908,0.9984165,0.9945436,0.99784434,0.99669886,0.99268436,0.99062824,0.9939657,0.9959698,0.99299026,0.9927139,0.98007065,0.9901689,0.9973796,0.99325466,0.99505424,0.98908335,0.9968484,0.99556917,0.995273,0.9947135,0.99636906,0.99568033,0.9989251,0.98760414,0.992554,0.99409133,0.9871838,0.99075925,0.9925557,0.9957488,0.99751127,0.9940255,0.9956315,0.9976066,0.996964,0.99928916,0.98870486,0.9960075,0.99975854,0.99426705,0.9961348,0.99507344,0.9989251,0.9964479,0.99503016,0.9972708,0.99415267
annamovie,0.9835788,0.9873044,0.99045134,0.994558,0.9960942,0.98548967,0.9924487,0.9901024,0.98962784,0.9904133,0.9922934,0.98624945,0.98947984,0.9999999,0.98937845,0.9890844,0.9907606,0.9956758,0.988497,0.98755276,0.98658067,0.9956863,0.9904906,0.9962699,0.99404156,0.9970648,0.9804653,0.99365574,0.98586416,0.9863841,0.9950339,0.9871547,0.9794392,0.98794353,0.98724777,0.9949731,0.9857101,0.9888955,0.9937522,0.9920151,0.9949807,0.9978244,0.99395716,0.99611217,0.9947806,0.9945907,0.9881939,0.9933513,0.9909856,0.99695706,0.98647463,0.98933643,0.9916853,0.99693435,0.99192923,0.988463,0.9810732,0.99818236,0.98842555,0.9947596,0.99069697,0.98551434,0.9943781,0.99328566,0.98263973,0.9958779,0.97844964,0.98274845,0.98611873,0.99009967,0.9958418,0.9974534,0.98847944,0.99515516,0.99142426,0.9948177,0.99249357,0.9945832,0.9912739,0.9899543,0.99772495,0.9989767,0.9925004,0.99232733,0.99575186,0.9860345,0.99466497,0.98871785,0.9910464,0.9888104,0.99766,0.9958418,0.99666005,0.9929841,0.98958457,0.98946005,0.99536264,0.99407005,0.9916246,0.9932089,0.9804948,0.9909965,0.98834133,0.99546206,0.9962558,0.98855424,0.9834839,0.9835125,0.9916611,0.99349546,0.98541164,0.99730897,0.99526405,0.99507654,0.99575984,0.99304813,0.98947656,0.9840037,0.9880766,0.9984634,0.9950086,0.992659,0.99458754,0.9885579,0.9924261,0.994427,0.9922609,0.9976387,0.993089,0.99612224,0.99347085,0.9823575,0.9943047,0.98925257,0.99625325,0.98614013,0.9876395,0.9870999,0.99442333,0.99188596,0.98962784,0.98052454,0.9885822,0.9906911,0.9700432,0.9802289,0.9813807,0.98540884,0.9826812,0.99456996,0.99682575,0.99014944,0.99098456,0.99165714,0.9939356,0.9843793,0.9891795,0.9934608,0.99138474,0.991528,0.98962784,0.99382526,0.9917537,0.9828071,0.99284875
apollo11movie,0.9969001,0.99157023,0.9963322,0.99383813,0.9927578,0.97935784,0.9983922,0.99322635,0.9973147,0.9974464,0.98622996,0.97989553,0.9975015,0.98937845,0.9999998,0.99737304,0.98778087,0.9944933,0.9992673,0.99730694,0.995442,0.99268544,0.9972849,0.9965691,0.9956208,0.9897054,0.9904084,0.99003994,0.994553,0.99187607,0.9941724,0.99129313,0.98091847,0.99001426,0.9900431,0.99128896,0.9935732,0.99577945,0.99819,0.9809179,0.99497247,0.9926759,0.99125755,0.9964327,0.9920157,0.99558604,0.9957064,0.99603033,0.9868175,0.996146,0.9940403,0.99672914,0.9898526,0.9864626,0.9860565,0.99881524,0.98595965,0.9935805,0.99082774,0.98999,0.991406,0.99134976,0.9983672,0.99186295,0.99199,0.98724604,0.99253213,0.9977004,0.9804371,0.9900862,0.99555224,0.98613197,0.9981998,0.9961322,0.99585754,0.9828458,0.9895964,0.98878455,0.99020004,0.98485446,0.9912994,0.9899006,0.98976797,0.99625415,0.9903595,0.9885211,0.98882186,0.9997783,0.9946885,0.9992214,0.9946722,0.99555224,0.98926157,0.9986692,0.99273956,0.9946769,0.99597,0.99561256,0.9753495,0.9960877,0.9862888,0.99752134,0.99532956,0.9862875,0.9944984,0.99334645,0.990398,0.9918726,0.9898058,0.9948228,0.99735725,0.9874632,0.98834324,0.985885,0.99663025,0.9946882,0.9978373,0.98837084,0.9978052,0.9941655,0.99612784,0.9906544,0.98810476,0.9855841,0.9911557,0.9911884,0.9922527,0.99377775,0.9822113,0.9896582,0.9980314,0.98777384,0.9932943,0.9910078,0.99469274,0.99825513,0.98958254,0.9965759,0.99276143,0.9977823,0.9973147,0.9818979,0.9902586,0.99450105,0.97657466,0.9827809,0.9860082,0.9894598,0.99324846,0.99398226,0.9963574,0.993892,0.9992847,0.9987966,0.99126273,0.9883697,0.9985493,0.9915779,0.99106294,0.9894227,0.9973147,0.9960579,0.9894557,0.9909044,0.9925461
arcticdogsmovie,0.9979012,0.99181616,0.9972461,0.9871924,0.991062,0.98690695,0.9977127,0.9930401,0.99775237,0.99369997,0.9921628,0.98862886,0.9972601,0.9890844,0.99737304,1.0,0.99185425,0.9912494,0.99412864,0.99146163,0.99664354,0.99615866,0.9962856,0.99672973,0.99565643,0.9925404,0.99522376,0.99562067,0.99814487,0.9914945,0.9888052,0.993292,0.9844855,0.99375665,0.9938808,0.9912927,0.9960178,0.9961844,0.99765015,0.9800298,0.99434155,0.9890159,0.9926303,0.9953496,0.99208796,0.9971767,0.9948694,0.99830705,0.9894752,0.9951683,0.9986092,0.9969337,0.9933631,0.9906088,0.9857839,0.99724317,0.9927827,0.9927814,0.99404955,0.991168,0.9900932,0.99460036,0.9943428,0.99512064,0.9983289,0.9875857,0.99466527,0.9971668,0.98812664,0.9911811,0.99713415,0.9867792,0.99687284,0.99546045,0.9954528,0.9879012,0.98712003,0.9883719,0.9937324,0.97721446,0.99365443,0.9923736,0.99087816,0.9987336,0.9946044,0.9880887,0.992631,0.9982966,0.9960572,0.99750066,0.995084,0.99713415,0.98545843,0.9959605,0.99696344,0.9939298,0.99557734,0.9980163,0.98225814,0.9964316,0.99338543,0.9933389,0.9968656,0.9876396,0.9936189,0.9976246,0.9933991,0.99710345,0.9964033,0.9944864,0.997782,0.98775136,0.9888813,0.9862534,0.99677616,0.9976718,0.99880487,0.9906154,0.9985107,0.9921677,0.9959849,0.9929862,0.9861165,0.99016196,0.9879465,0.9923341,0.99656606,0.9945943,0.9745999,0.9910244,0.9988541,0.9830932,0.9924083,0.9915767,0.9949525,0.9966787,0.99394286,0.9928479,0.99593836,0.9977515,0.99775237,0.9924272,0.99682885,0.99296534,0.98434246,0.9917764,0.9932394,0.99439913,0.9974655,0.9951736,0.99645996,0.9976664,0.99820435,0.99856365,0.99516916,0.9922168,0.9978367,0.99394137,0.9895615,0.98763186,0.99775237,0.9981853,0.9883662,0.9945031,0.99650425
arcticmovie,0.98737437,0.99050736,0.9964847,0.9851667,0.9934304,0.98389494,0.9945279,0.9925649,0.99495137,0.99074596,0.9916202,0.9901627,0.99158806,0.9907606,0.98778087,0.99185425,0.99999994,0.9922951,0.98505974,0.9783876,0.99333596,0.99525326,0.99151313,0.99580115,0.9862589,0.98799884,0.9883751,0.9951423,0.99384177,0.9911767,0.988419,0.9887285,0.98130894,0.9867137,0.9874301,0.9841262,0.99226487,0.9882177,0.9903975,0.9782109,0.9933075,0.98506904,0.9818914,0.99185365,0.9945776,0.990187,0.99054456,0.9925201,0.9833198,0.99149996,0.99543226,0.9893759,0.98182744,0.99392104,0.9815495,0.9919309,0.9905723,0.9916318,0.9966745,0.9927318,0.99249744,0.9923653,0.9888595,0.99425244,0.98987484,0.9888109,0.98234373,0.98333734,0.9968709,0.9820928,0.9958065,0.9854015,0.9840617,0.9878342,0.9839376,0.9914921,0.9774271,0.98734826,0.99604315,0.96655744,0.9910419,0.993453,0.99595857,0.99046355,0.9927038,0.98547673,0.996552,0.9891939,0.9899822,0.9901406,0.9953026,0.9958065,0.98018706,0.9898659,0.9924965,0.98583597,0.9927675,0.9952256,0.9902541,0.98932046,0.9866395,0.98220116,0.99375343,0.98890287,0.9954701,0.9970388,0.99447507,0.98948765,0.9949477,0.988702,0.9915523,0.9842849,0.99009866,0.98193866,0.9914193,0.99373823,0.9919566,0.9819754,0.9941349,0.99326164,0.9964712,0.99372506,0.98690593,0.98487175,0.98303354,0.9971964,0.99493724,0.99554545,0.97347474,0.9851581,0.9943106,0.9818258,0.99740106,0.9921194,0.994059,0.9911431,0.9890154,0.9844327,0.99512345,0.9885205,0.99495137,0.99324596,0.9906066,0.9827476,0.9810137,0.98945755,0.98709214,0.9906296,0.9905674,0.9854257,0.9897494,0.99498117,0.987383,0.9909531,0.9894691,0.98890287,0.9915493,0.99334353,0.9857842,0.986318,0.99495137,0.9941635,0.98834634,0.9895197,0.9942942
artofracingmovie,0.99075085,0.99419767,0.99501956,0.9971763,0.9995901,0.9832942,0.9972126,0.996771,0.99588513,0.998319,0.99045163,0.9843269,0.9955956,0.9956758,0.9944933,0.9912494,0.9922951,0.99999994,0.99537104,0.9901593,0.9924569,0.9945463,0.9970662,0.9980978,0.9942571,0.99188155,0.9866392,0.9912621,0.99138963,0.9882637,0.9984897,0.9926513,0.9862026,0.99047565,0.9905459,0.9940376,0.992878,0.9945206,0.99663776,0.99118316,0.9980257,0.99586743,0.9881812,0.99653655,0.9978888,0.9945772,0.9959662,0.9933141,0.9905416,0.9970465,0.98979765,0.99490565,0.9865523,0.9934865,0.9929985,0.9958055,0.9857915,0.99646246,0.99310166,0.9965685,0.996294,0.9900395,0.99708474,0.9950947,0.9846044,0.9961094,0.97876936,0.98977864,0.98309493,0.99112004,0.9972192,0.9935739,0.990521,0.99613416,0.99321485,0.99105436,0.9902336,0.99625236,0.9944921,0.9860928,0.9944006,0.99471945,0.9971212,0.9927812,0.99302375,0.9938186,0.99506545,0.9934437,0.9950017,0.9955477,0.99652725,0.9972192,0.9935176,0.9963634,0.99226683,0.994987,0.9972867,0.995648,0.9864068,0.99591994,0.9839648,0.99239886,0.9948641,0.9949119,0.99886936,0.99222285,0.99182343,0.9872835,0.9895519,0.99617344,0.9932955,0.9930328,0.99617994,0.9921739,0.9969376,0.9944869,0.9946098,0.9891282,0.9936057,0.9991187,0.99791557,0.9957319,0.9971048,0.9887415,0.99404526,0.9975002,0.99212587,0.9960701,0.992198,0.9925934,0.99484867,0.9942,0.99821806,0.9879297,0.9984685,0.99256593,0.99072325,0.9949895,0.99557346,0.99397504,0.99588513,0.97955185,0.9873094,0.993999,0.9777116,0.98236746,0.9843201,0.9899144,0.9884637,0.9923783,0.9955857,0.9918393,0.99384737,0.99520665,0.98817146,0.99017304,0.99565756,0.99547654,0.9954814,0.9960772,0.99588513,0.99519163,0.996848,0.989807,0.9932302
avengers,0.9947807,0.9902666,0.99427456,0.9955647,0.9931805,0.97562975,0.9972329,0.9924513,0.9958462,0.998285,0.9826875,0.9755898,0.9960546,0.988497,0.9992673,0.99412864,0.98505974,0.99537104,0.9999999,0.9974971,0.9929402,0.99012977,0.99654067,0.9953873,0.99427474,0.98716694,0.98727596,0.9864278,0.9915877,0.9905208,0.99544257,0.98926777,0.97945064,0.9873971,0.98742765,0.9903104,0.9914264,0.9944723,0.9970764,0.9812965,0.9939971,0.99281996,0.9882508,0.99504906,0.9911116,0.99357414,0.9949311,0.99290484,0.9850984,0.9948839,0.9902901,0.9956148,0.98645914,0.9839295,0.98588675,0.99810153,0.98226863,0.9929909,0.9881105,0.9887013,0.9908506,0.9879544,0.9986186,0.98973566,0.987013,0.9868939,0.988436,0.9959941,0.9752184,0.9889541,0.99363106,0.98520166,0.99679315,0.9952465,0.99465966,0.97990024,0.9898609,0.98887205,0.9877378,0.9868869,0.9892143,0.98775595,0.9889197,0.9935354,0.987439,0.9883998,0.9864843,0.998375,0.9930021,0.9983458,0.9932583,0.99363106,0.9901066,0.9979412,0.9897855,0.9942142,0.9945809,0.993394,0.97231454,0.9948202,0.9819884,0.996966,0.99376184,0.9852345,0.99383545,0.9901695,0.9882416,0.9881854,0.9854588,0.994299,0.9956756,0.98664254,0.9874794,0.98524684,0.99541736,0.9918476,0.9959796,0.98681724,0.99566823,0.9941108,0.9948559,0.98888344,0.98869395,0.9829921,0.99087685,0.98997694,0.98931116,0.99225163,0.9854133,0.98810124,0.9957381,0.9898018,0.9929219,0.98817724,0.99384004,0.997169,0.98675454,0.99753267,0.99046224,0.9963509,0.9958462,0.9754642,0.9858154,0.99432516,0.97259694,0.9775764,0.98159224,0.98631537,0.9896181,0.99175435,0.9946943,0.9902127,0.99790543,0.99699926,0.9876051,0.98575586,0.9973145,0.99013394,0.99071246,0.98955375,0.9958462,0.99390996,0.9896641,0.9881066,0.9898723
beachbummovie,0.9892394,0.9831338,0.9896701,0.9948037,0.98698467,0.9682066,0.99298453,0.9849451,0.98978806,0.9923773,0.9768808,0.96743095,0.99098855,0.98755276,0.99730694,0.99146163,0.9783876,0.9901593,0.9974971,0.99999994,0.98819286,0.98585105,0.9906926,0.9913941,0.9920573,0.9860514,0.9786606,0.98206824,0.98465276,0.9884784,0.99311626,0.98204786,0.9677275,0.9807738,0.9802135,0.98751885,0.98317474,0.98842305,0.99367535,0.97606504,0.9897099,0.9935933,0.99110174,0.9941502,0.98529595,0.9905623,0.9881269,0.9912884,0.97960186,0.99368536,0.9849787,0.98963034,0.9867413,0.97930115,0.98016065,0.9929844,0.9722908,0.9911585,0.98095274,0.98272437,0.98496,0.98258704,0.9976028,0.9829646,0.9827656,0.98093927,0.99035347,0.99212193,0.97122973,0.984041,0.98927486,0.98254985,0.9964552,0.9924989,0.9920021,0.9747802,0.9893412,0.98247546,0.9802271,0.9910784,0.98668617,0.9855191,0.9804851,0.9907013,0.98357433,0.9790544,0.97977597,0.99645054,0.9871008,0.994158,0.991104,0.98927486,0.9903405,0.99664897,0.983225,0.98800576,0.99165154,0.9885889,0.9653441,0.99037,0.97376645,0.99895614,0.98606384,0.9796781,0.98941857,0.9835284,0.97828525,0.981572,0.9811007,0.9892298,0.98942375,0.98480135,0.9819312,0.98200375,0.9920156,0.9874733,0.99080795,0.97868097,0.991333,0.9911924,0.9907685,0.9816819,0.9827969,0.9761932,0.9896716,0.98325086,0.9843103,0.98995477,0.9843524,0.9860644,0.99385047,0.97975904,0.987182,0.98934484,0.9885048,0.99374574,0.9792623,0.99172163,0.9845771,0.99366564,0.98978806,0.96926206,0.98153335,0.990116,0.95985556,0.96897,0.9736171,0.9778879,0.98310477,0.9910423,0.9937806,0.98646635,0.9963296,0.99434936,0.98828095,0.9768608,0.99244535,0.98312014,0.98557544,0.9833408,0.98978806,0.98961276,0.98192936,0.97961134,0.98440725
bernadettefilm,0.9960763,0.9971796,0.9990837,0.988346,0.99164915,0.9799464,0.99807405,0.9967575,0.9981053,0.99447966,0.98965734,0.9833724,0.99868494,0.98658067,0.995442,0.99664354,0.99333596,0.9924569,0.9929402,0.98819286,1.0,0.9918489,0.99741805,0.99512994,0.99008787,0.98630184,0.99110067,0.9905777,0.99681914,0.98691666,0.9914126,0.995395,0.9836993,0.9906342,0.9912879,0.9870737,0.9968441,0.99470794,0.99467826,0.97811806,0.9967234,0.98771,0.98717564,0.9958976,0.99542767,0.992007,0.99751884,0.9972316,0.98417467,0.9950987,0.99664927,0.99394965,0.9843936,0.98825467,0.9836805,0.9973252,0.9897086,0.98796153,0.9981924,0.99340826,0.9964793,0.9989224,0.9924737,0.99286705,0.99448466,0.98671657,0.9880371,0.9946248,0.9901653,0.9844482,0.99624753,0.9833255,0.99004924,0.9911949,0.990055,0.9869093,0.97753847,0.9861995,0.99597234,0.9699042,0.98860747,0.98878497,0.99400055,0.99343324,0.98992854,0.9908524,0.9927564,0.99639565,0.9947279,0.9977182,0.991988,0.99624753,0.9794819,0.9966005,0.9939908,0.9916046,0.9969698,0.9949084,0.9784653,0.99333817,0.9898577,0.99171275,0.99592155,0.9877353,0.99581265,0.99657255,0.9965884,0.9923664,0.992063,0.98991114,0.9979923,0.9818395,0.9906073,0.9809141,0.99306566,0.9968592,0.9968532,0.9871512,0.9988404,0.9920958,0.99747205,0.99456495,0.9879645,0.9853055,0.9914657,0.99523383,0.9910542,0.9912103,0.97255385,0.98458487,0.9970828,0.98873454,0.9946364,0.99246967,0.9936923,0.9954287,0.99193686,0.9894061,0.9940527,0.9919399,0.9981053,0.9900573,0.99057966,0.9877074,0.98492897,0.99027574,0.99042165,0.9935753,0.9972622,0.9898402,0.9924642,0.9987074,0.99399537,0.9978777,0.9869046,0.9938146,0.9983016,0.99046266,0.9925861,0.99129635,0.9981053,0.9940548,0.99076,0.9958303,0.99155957
