movie,21bridgesmovie,47metersdown,abeautifuldaymovie,abominablemovie,adastramovie,adogsjourneymovie,aftermathmovie,aftermovie,ahiddenlifefilm,alitamovie,angelhasfallen,angrybirdsmovie,annabellemovie,annamovie,apollo11movie,arcticdogsmovie,arcticmovie,artofracingmovie,avengers,beachbummovie,bernadettefilm,blackandbluemovie,blackchristmas,blindedbythelightmovie,bombshellmovie,booksmart,breakthroughmovie,brianbanksmovie,brightburnmovie,brittanyrunsmov,captainmarvelofficial,captivestatemovie,catsmovie,charliesangels,childsplaymovie,clarathefilm,coldpursuitmovie,countdown,currentwarmovie,darkwatersmovie,detectivepikachumovie,disneyaladdin,disneyfrozen,disneymaleficent,doctorsleepmovie,dolemiteismyname,dontletgomovie,doramovie,downtonabbey_official,dumbo,escaperoom,everybodyknowsmovie,fastandfuriousmovie,fightingwmyfam,fivefeetapartfilm,fordvferrari,freaksthefilm,geminimanmovie,glassmovie,gloriabellmovie,godzillamovie,goldfinchmovie,goodboysmovie,goodliarmovie,gretafilm,halathemovie,happydeathdaymovie,harrietfilm,hellboymovie,hersmellmovie,highlifemovie,highstrungmovie,honeyboymovie,hotelmumbaifilm,httydragon,hustlemovie,hustlersmovie,isntitromantic,itmovieofficial,jayandsilentbob,johnwickmovie,jojorabbitmovie,jokermovie,judythefilm,jumanjimovie,justmercyfilm,knivesout,lalloronamovie,lastblackmansf,lastchristmasthemovie,latenightmovie,lighthousemovie,lionking,littlethemovie,littlewomenmovie,littlewoodsfilm,longshotmovie,lordsofchaosmovie,lucyintheskyfilm,mamovie2019,marriagestory,meettheaddams,meninblack,midsommarmovie,midwaymovie,missbalamovie,missinglinkfilm,motherlessbklyn,onceinhollywood,onthebasisofsex,overcomermovie,peanutbutterfalcon,petsematarymovie,piercingmovie,playingwithfire,playmobilthemovie,pomsmovie,queenandslim,rambomovie,readyornotfilm,richardjewellfilm,rocketmanmovie,scarystoriesmovie,secretlifeofpets,serenityfilm,shaftmovie,shazammovie,spidermanmovie,spiesindisguise,starwars,stormboymovie,stubermovie,taosdfilm,teenspiritmov,terminator,theaeronautsmov,thebestofenemies,thedeaddontdie,thefarewell,thehighwaymen,thehummingbirdprojectfilm,theintrudermovie,theirishmanfilm,thekitchenmovie,thelegomovie,themustangfilm,thenightingalefilm,theprodigymovie,thesunisalsoastar,theupsidefilm,tolkienmovie,toystory,triplefrontier,uglydolls,uncutgems,underthesilverlake,usmovie,wavesmovie,whatmenwant,wonderparkmovie,wrinklestheclown,xmenmovies,yardiefilm,yesterdaymovie,zombieland
21bridgesmovie,0.9999999,0.9598414,0.99733275,0.9862543,0.99114215,0.98114705,0.9915487,0.9812936,0.9881894,0.9852335,0.97767806,0.9661501,0.9814926,0.99494,0.9864654,0.97677684,0.9907715,0.96153307,0.9927034,0.9949743,0.9956188,0.9938532,0.9917457,0.9934663,0.97858614,0.989809,0.9837528,0.98779094,0.9977025,0.99010885,0.9887119,0.9937713,0.98946583,0.98856866,0.9831979,0.975604,0.9861794,0.9799056,0.9846689,0.9879701,0.9897359,0.9931554,0.97335523,0.99164444,0.99624795,0.9693228,0.9896691,0.97038376,0.9846834,0.9902131,0.9971381,0.99743146,0.96328026,0.9878367,0.9661723,0.9576779,0.96790594,0.9875284,0.9801924,0.97964853,0.9851797,0.9736165,0.99415034,0.9896054,0.9845604,0.9881774,0.9880576,0.9972498,0.95836604,0.98656815,0.983014,0.9805581,0.9641817,0.98499846,0.97994906,0.9899272,0.9827097,0.98809195,0.97501254,0.97759473,0.97763336,0.98820615,0.98024964,0.99383813,0.987593,0.9848113,0.98259705,0.9789564,0.98505044,0.9863545,0.9868595,0.983014,0.98838675,0.9822419,0.98691154,0.9692027,0.9900045,0.99436104,0.984516,0.98654145,0.9697451,0.98879987,0.9890085,0.98311466,0.99412423,0.99504924,0.9826697,0.9733468,0.99127954,0.9879061,0.99011827,0.9871035,0.98493665,0.97568727,0.9791976,0.9884437,0.9977983,0.9899308,0.9911403,0.99254036,0.9766022,0.9844766,0.9747925,0.97384244,0.9929762,0.9668837,0.9820845,0.9936813,0.9777818,0.9742267,0.99524146,0.98445535,0.9833029,0.96566236,0.97047836,0.9765471,0.9876078,0.9971372,0.9842557,0.9666066,0.9881894,0.99435467,0.96493685,0.951343,0.96996826,0.99611294,0.9902757,0.98751277,0.977297,0.9926068,0.9922811,0.99124914,0.9664866,0.9847075,0.97786456,0.9687863,0.99748147,0.9724271,0.9829878,0.9818225,0.9881894,0.98023576,0.9937566,0.99628943,0.984432
47metersdown,0.9598414,0.9999999,0.9581426,0.97473115,0.9794362,0.94289047,0.9654078,0.98145473,0.97485495,0.9479601,0.9813725,0.97168136,0.9724931,0.9673827,0.97788113,0.9853139,0.9729081,0.9668294,0.9754341,0.9646969,0.9645643,0.95778066,0.9647307,0.97155285,0.9345949,0.961591,0.9674283,0.9791627,0.9648136,0.9799697,0.97586226,0.94286865,0.9505284,0.96692437,0.96015644,0.96787107,0.97416866,0.9672514,0.9857344,0.9651641,0.9766391,0.9835815,0.92997795,0.978713,0.95231354,0.9527775,0.96200955,0.97982794,0.9636573,0.9853254,0.9668059,0.9555115,0.9326935,0.94284934,0.9731051,0.98021334,0.9727592,0.9793004,0.9680846,0.9740837,0.9374958,0.96683806,0.94779766,0.9761979,0.9261029,0.9380062,0.9750982,0.94955444,0.9862122,0.94975275,0.975511,0.983138,0.97036654,0.98135734,0.9624389,0.94391143,0.946724,0.96247965,0.9791524,0.9686878,0.97866833,0.95391995,0.9768962,0.97389024,0.96831936,0.9239554,0.9687772,0.9748213,0.955638,0.9736806,0.94702965,0.975511,0.9391864,0.9446363,0.96723,0.9887119,0.9661479,0.9657677,0.97305065,0.9714102,0.973493,0.941782,0.9465697,0.9721933,0.95072514,0.97408795,0.9590718,0.96411556,0.94288415,0.96494144,0.9745663,0.94514227,0.9524807,0.97279876,0.9396103,0.98053044,0.9736742,0.9622847,0.96919453,0.96331596,0.96560246,0.96258783,0.9461677,0.93566465,0.9591399,0.97371066,0.9674746,0.94457525,0.9800021,0.94844055,0.9738981,0.95588636,0.97373027,0.9751932,0.969867,0.9846216,0.9760897,0.955109,0.983091,0.97297543,0.97485495,0.96862495,0.9732343,0.9722987,0.94471437,0.9662352,0.97230583,0.96255577,0.9745944,0.96399564,0.9758794,0.964575,0.96401113,0.9509239,0.95045537,0.9727142,0.9653743,0.98812103,0.95518196,0.94839007,0.97485495,0.98190063,0.9764202,0.9719971,0.94720566
abeautifuldaymovie,0.99733275,0.9581426,1.0,0.98540455,0.98842144,0.9871618,0.9931799,0.9758309,0.98712,0.99115014,0.9797942,0.9623713,0.9806771,0.9941138,0.9859047,0.9747118,0.9915027,0.9555941,0.99210083,0.99606764,0.99394834,0.9969757,0.9929981,0.99374634,0.98234487,0.9862003,0.985169,0.98698336,0.9961642,0.98775256,0.9877988,0.9951298,0.990925,0.9823825,0.9855679,0.9777291,0.98763514,0.9774066,0.9852992,0.99023086,0.9934129,0.9923958,0.9804637,0.9917983,0.9984546,0.9759133,0.9911313,0.9710927,0.9824032,0.9880073,0.9963541,0.99657434,0.9743054,0.99381995,0.96668947,0.9508235,0.9681755,0.9870073,0.9759502,0.977435,0.9923006,0.96888274,0.9943106,0.9909594,0.98609185,0.9939335,0.986483,0.99385357,0.9564742,0.9900351,0.9828262,0.9805241,0.96087337,0.9792773,0.98413527,0.9938904,0.982762,0.98564935,0.9711695,0.9798081,0.9748574,0.9915438,0.9814494,0.99502593,0.987006,0.98805183,0.9877038,0.9766666,0.9872893,0.98418456,0.98887527,0.9828262,0.9913865,0.9875179,0.98760664,0.9667278,0.99149776,0.99573773,0.98565406,0.98492163,0.97383314,0.9937376,0.9833978,0.9837752,0.9928386,0.99479795,0.98715484,0.9733603,0.9937535,0.9848415,0.987461,0.99303794,0.9871808,0.9739791,0.98472595,0.9888874,0.99597096,0.9907896,0.98919725,0.9946316,0.97480834,0.9880501,0.9763153,0.98198944,0.9950045,0.9648544,0.9817858,0.9940626,0.97100234,0.981296,0.99375314,0.9825541,0.98384494,0.965837,0.9739924,0.9748117,0.9871521,0.99699783,0.9842278,0.9654196,0.98712,0.9933347,0.9655396,0.9490923,0.97193164,0.9964786,0.9874438,0.99057543,0.97920626,0.9934805,0.9917212,0.9947224,0.9690478,0.9887931,0.9823969,0.9698558,0.9969302,0.9742462,0.9844367,0.98487246,0.98712,0.98175824,0.99269885,0.99545944,0.9881431
abominablemovie,0.9862543,0.97473115,0.98540455,1.0000001,0.9946022,0.972778,0.9874853,0.99027,0.98831874,0.9787402,0.98546404,0.9702903,0.995113,0.9894612,0.98806375,0.98889977,0.9907166,0.97856027,0.9870894,0.9908289,0.98278326,0.98794395,0.9857379,0.9903771,0.9588514,0.9903341,0.99455976,0.9920678,0.99211633,0.99284005,0.99131787,0.98306316,0.9684308,0.9725976,0.9849108,0.9896394,0.98841935,0.9951751,0.99215245,0.9849173,0.99156994,0.98828983,0.95135856,0.98336506,0.9790655,0.9773617,0.98713195,0.9803651,0.99142957,0.9872929,0.98964506,0.9886699,0.94776195,0.97847956,0.9912524,0.9777099,0.9714242,0.995309,0.9790357,0.98141444,0.9724676,0.9826812,0.98353875,0.9939941,0.973361,0.9728789,0.98662305,0.9773848,0.9758064,0.97913855,0.9848204,0.9897286,0.9878665,0.99439675,0.9813731,0.9729915,0.97566557,0.97492737,0.9834829,0.99455315,0.99315643,0.9901122,0.988316,0.9870685,0.992211,0.97169316,0.98937285,0.98684883,0.9732468,0.98203385,0.9899947,0.9848204,0.97324526,0.97699964,0.98282075,0.9881997,0.9836357,0.9840346,0.98996514,0.9882448,0.98571354,0.97300154,0.9796415,0.9828559,0.98065203,0.9910448,0.98417753,0.98721236,0.9772231,0.9878241,0.9884533,0.98124814,0.98207456,0.99425656,0.97659475,0.9851607,0.9901445,0.98669964,0.99141604,0.9878859,0.9878333,0.9840569,0.97042406,0.9656069,0.98401904,0.9797052,0.99020034,0.9840678,0.9907918,0.968674,0.98856705,0.9895137,0.99065244,0.9787014,0.9785332,0.9826793,0.988418,0.98463523,0.98799247,0.98890066,0.98831874,0.9952697,0.988855,0.9803403,0.9769137,0.9894685,0.9968935,0.9853993,0.99253327,0.991458,0.9942244,0.9845614,0.9888761,0.9762393,0.97607064,0.989584,0.99195063,0.98287463,0.9850678,0.97133034,0.98831874,0.9818462,0.98502195,0.99094594,0.9730006
adastramovie,0.99114215,0.9794362,0.98842144,0.9946022,1.0000001,0.9707155,0.99040693,0.99474007,0.9946589,0.97749054,0.9876933,0.975296,0.9948662,0.9937759,0.99233586,0.98950344,0.9922575,0.9839666,0.99176866,0.9928507,0.9919197,0.9876752,0.9868402,0.99371535,0.95732194,0.98733413,0.9884035,0.9956237,0.9958584,0.99894935,0.9929956,0.98529524,0.97500014,0.9821356,0.9787755,0.97950745,0.992068,0.99244714,0.9895008,0.9833715,0.99287397,0.993954,0.9500335,0.99107933,0.9854281,0.9700914,0.9875014,0.98557854,0.98495054,0.9949179,0.99153274,0.9905612,0.95082545,0.9808498,0.9838327,0.9825651,0.9736693,0.9944069,0.9881452,0.99098057,0.9759892,0.9884186,0.98791814,0.9941573,0.97563535,0.9752933,0.9937835,0.98738307,0.9817186,0.9736363,0.9914925,0.98789144,0.9856033,0.99639565,0.97427225,0.9763961,0.9716981,0.98484683,0.9904302,0.98708874,0.99210423,0.9830526,0.9911667,0.9876439,0.9887817,0.9711961,0.9840554,0.9931749,0.97843426,0.9899262,0.98731667,0.9914925,0.97286654,0.97217095,0.98289603,0.9883089,0.98977315,0.98812157,0.9843201,0.9845483,0.97997284,0.97688353,0.98304886,0.98755157,0.9800307,0.99379426,0.9831728,0.9871728,0.9740518,0.9834886,0.9949028,0.9752739,0.98032904,0.9855263,0.9732805,0.9899101,0.99575686,0.98189837,0.9967606,0.98984575,0.9912284,0.9847205,0.9772884,0.9630976,0.98616725,0.9832295,0.99182296,0.983143,0.9928685,0.96152794,0.99206454,0.99178165,0.9917814,0.97977096,0.9810702,0.9907615,0.9885841,0.9859206,0.99275094,0.98079675,0.9946589,0.99325716,0.9812481,0.97836673,0.98012704,0.99377745,0.9949046,0.9826632,0.9902116,0.9864071,0.99220085,0.98236245,0.9815628,0.98014545,0.9747299,0.98515534,0.9942701,0.9849544,0.98443305,0.9721299,0.9946589,0.9811878,0.9935453,0.99294555,0.9707888
adogsjourneymovie,0.98114705,0.94289047,0.9871618,0.972778,0.9707155,1.0,0.97243506,0.9479231,0.9637074,0.98453474,0.9553393,0.96319336,0.96268666,0.97606677,0.9655886,0.9480832,0.9696928,0.9332067,0.9728566,0.9839141,0.9753768,0.9929302,0.9883245,0.9739179,0.98561347,0.97400975,0.9689496,0.9645241,0.98134494,0.9665304,0.96355987,0.98491156,0.983762,0.9645842,0.989946,0.9768955,0.97048354,0.95476913,0.97430754,0.97048193,0.9843188,0.974877,0.9848651,0.97641444,0.9837996,0.96814644,0.9892118,0.9504311,0.9759863,0.9696818,0.98534715,0.9847196,0.9647726,0.9859996,0.94428426,0.92578167,0.9389669,0.96953684,0.94350094,0.94864815,0.9850937,0.9488808,0.9756553,0.97738177,0.9689066,0.98452246,0.971242,0.9769875,0.9230167,0.98919934,0.9564251,0.97595257,0.9379501,0.9594134,0.98607033,0.97435105,0.9825599,0.9650216,0.94945234,0.97878546,0.9677441,0.9789444,0.9603431,0.98261434,0.9781052,0.97435,0.9739941,0.95167494,0.9623673,0.95322704,0.9783835,0.9564251,0.99023014,0.9909622,0.97841126,0.9470051,0.969338,0.9776996,0.96893126,0.98394185,0.9668139,0.9882189,0.9698972,0.9595886,0.99159855,0.985235,0.9660899,0.95115745,0.9811628,0.97713494,0.9631635,0.99223584,0.9740613,0.96297246,0.9760594,0.9634876,0.9765351,0.9905545,0.9695638,0.98072714,0.95341694,0.97519314,0.9440607,0.9941423,0.97140217,0.9353966,0.97723466,0.9904556,0.9530684,0.98155105,0.978939,0.9624171,0.9650262,0.9381864,0.9606238,0.9492238,0.98472536,0.98530024,0.96565336,0.96483713,0.9637074,0.98486924,0.95358276,0.9274474,0.9559413,0.98671365,0.9735319,0.993329,0.9578072,0.9893418,0.9778372,0.984147,0.95631427,0.9856878,0.9602463,0.9538726,0.97838247,0.9529203,0.9775673,0.9693359,0.9637074,0.97713846,0.96992457,0.9802435,0.9930096
aftermathmovie,0.9915487,0.9654078,0.9931799,0.9874853,0.99040693,0.97243506,0.99999994,0.986131,0.995916,0.99152446,0.9920029,0.94786584,0.9898682,0.99469376,0.9939597,0.983298,0.99871325,0.9667327,0.9919969,0.9958842,0.9936208,0.9871708,0.99054277,0.9976997,0.9697005,0.982484,0.9930765,0.99255836,0.99288523,0.9912027,0.9927111,0.9870691,0.9764521,0.97144324,0.9772598,0.978991,0.9956945,0.985019,0.9896302,0.9944828,0.9944521,0.992324,0.9616422,0.99251306,0.99362177,0.98356795,0.9893922,0.9830084,0.98583186,0.98995775,0.9894768,0.9919459,0.97496116,0.9877172,0.9806384,0.9645439,0.9749168,0.9944798,0.9834934,0.9870387,0.9893128,0.97705597,0.9937125,0.99630666,0.98872256,0.9884102,0.98315156,0.98560953,0.9729129,0.9820515,0.99404925,0.97587574,0.97625065,0.9834169,0.98008025,0.99421644,0.96919894,0.9849677,0.9830062,0.98195404,0.98252857,0.99054664,0.993401,0.98856974,0.98676705,0.98771876,0.9930838,0.98807096,0.98891795,0.9926094,0.98766,0.99404925,0.9838857,0.98129916,0.9814182,0.98185265,0.995329,0.99716157,0.99288034,0.9764741,0.98474056,0.986535,0.9702729,0.9929317,0.98162186,0.98952824,0.9968709,0.9899777,0.9850962,0.97491497,0.99448365,0.9848508,0.99059117,0.979554,0.9909335,0.9948255,0.9949047,0.9805709,0.9945923,0.9977827,0.98491997,0.99487305,0.9899536,0.9678877,0.9976053,0.9814819,0.98607,0.98167723,0.97834325,0.97162855,0.9946123,0.9885711,0.9942821,0.98113143,0.9869847,0.98735535,0.98403275,0.9868777,0.9907815,0.9712243,0.995916,0.98890084,0.98027486,0.970205,0.9773883,0.9925465,0.9874287,0.98241866,0.99246997,0.98729485,0.9950144,0.98809975,0.9846578,0.98621607,0.9909219,0.98647934,0.99629915,0.98538935,0.99021107,0.98808664,0.995916,0.9791146,0.99501854,0.996428,0.97277826
aftermovie,0.9812936,0.98145473,0.9758309,0.99027,0.99474007,0.9479231,0.986131,0.99999994,0.99379694,0.9639001,0.9903175,0.96177006,0.99405366,0.9876898,0.9908471,0.99335545,0.99065465,0.9858877,0.98838073,0.9849233,0.98388803,0.9720078,0.9766524,0.98955274,0.9417622,0.9775878,0.98535925,0.9926787,0.9859206,0.99511135,0.99393576,0.9684742,0.95657706,0.97296464,0.9642782,0.9733602,0.98897934,0.9927151,0.9876686,0.980613,0.9844589,0.98928,0.92857414,0.9860324,0.972384,0.9656448,0.9761965,0.98847026,0.9781401,0.99270284,0.9803224,0.9789283,0.9405862,0.96379256,0.98677295,0.98768055,0.9796503,0.9930156,0.99042517,0.99300677,0.9602266,0.98748195,0.9774304,0.9894568,0.96491563,0.95933855,0.98451746,0.9738992,0.98997337,0.9590516,0.9937711,0.97802234,0.98938453,0.9966849,0.9643683,0.9660838,0.95578474,0.9787987,0.9933092,0.9789369,0.9887186,0.97337633,0.9926042,0.97797364,0.98098224,0.96004057,0.97948325,0.9948621,0.9750331,0.9923603,0.9746018,0.9937711,0.95598376,0.95748115,0.9733494,0.99346185,0.98514193,0.981288,0.98396254,0.97311705,0.9782496,0.9606876,0.9683797,0.98840904,0.9642467,0.9828511,0.98103833,0.99023604,0.962895,0.973471,0.9916568,0.95802134,0.97350746,0.98371696,0.9626781,0.98974013,0.98920816,0.9674124,0.99316096,0.9808196,0.98938423,0.9802022,0.97785497,0.9400488,0.9818057,0.9916094,0.984027,0.9654794,0.99195457,0.9487012,0.9857664,0.9852492,0.99151015,0.9841122,0.9799352,0.99453473,0.97921,0.97158146,0.9921111,0.9782844,0.99379694,0.9833601,0.98320645,0.9874783,0.9712903,0.9811604,0.9877192,0.9669508,0.9913698,0.9748644,0.98824704,0.97106266,0.982009,0.96669775,0.973201,0.98830646,0.9868204,0.988305,0.97763175,0.96511686,0.99379694,0.97402644,0.9879735,0.9868729,0.95118517
ahiddenlifefilm,0.9881894,0.97485495,0.98712,0.98831874,0.9946589,0.9637074,0.995916,0.99379694,1.0000001,0.9839072,0.9934281,0.9533707,0.9947126,0.993363,0.996218,0.9879699,0.9977477,0.98000926,0.99277675,0.9925364,0.99197465,0.9809883,0.98847723,0.9973592,0.9607045,0.97672474,0.9882286,0.99461085,0.990594,0.99611026,0.9928002,0.98068655,0.97004485,0.9714889,0.97099024,0.9750543,0.99752706,0.9872526,0.9893656,0.98848647,0.9937029,0.9925215,0.94721866,0.99314284,0.98750055,0.97591627,0.9882308,0.989094,0.98104894,0.9945284,0.9851911,0.98799384,0.9655519,0.978611,0.982049,0.9787573,0.9764692,0.99437857,0.988661,0.9955001,0.9815078,0.985923,0.988648,0.9950276,0.9817652,0.97698057,0.9884277,0.9832685,0.9832173,0.9705374,0.9985704,0.97542787,0.9836139,0.9889332,0.97347677,0.9828849,0.9600355,0.9871308,0.99320346,0.98040205,0.9873865,0.9799225,0.997431,0.98478734,0.98263204,0.9761215,0.9869357,0.9963108,0.9852489,0.9966358,0.9822048,0.9985704,0.9736143,0.9726802,0.9766693,0.9888197,0.99474096,0.9928916,0.9869519,0.97406876,0.98396236,0.97982377,0.9664416,0.992983,0.97417116,0.98690313,0.9926271,0.9928779,0.973881,0.97158015,0.9963288,0.97196186,0.9828751,0.97784054,0.9794436,0.99423116,0.9946413,0.9750002,0.9973883,0.9925787,0.99076194,0.9926702,0.99069947,0.9571649,0.99144226,0.9879131,0.9903085,0.9734341,0.9844232,0.95903385,0.992389,0.9889943,0.99553245,0.9822153,0.9875981,0.9954894,0.9844409,0.98011804,0.9957915,0.97506493,1.0000001,0.9859148,0.98056024,0.98043877,0.9795361,0.99116945,0.98667115,0.9762696,0.9929661,0.9806884,0.9916185,0.9806484,0.98498714,0.98013973,0.983394,0.9886287,0.99312985,0.99153155,0.98803747,0.9775797,1.0000001,0.97827476,0.995194,0.9946582,0.9632699
alitamovie,0.9852335,0.9479601,0.99115014,0.9787402,0.97749054,0.98453474,0.99152446,0.9639001,0.9839072,0.99999994,0.97661257,0.93804365,0.977542,0.9846895,0.98319775,0.96434766,0.98919976,0.94757783,0.98077774,0.9891053,0.98374176,0.98770356,0.99230236,0.9897308,0.9809166,0.9758384,0.9853474,0.9797274,0.9853726,0.97794265,0.97512263,0.9881964,0.9805555,0.9593382,0.98195857,0.9774676,0.9875583,0.9676063,0.9816383,0.9866532,0.9913553,0.9814605,0.97450733,0.98348993,0.99252367,0.98170304,0.9924317,0.96495837,0.98352605,0.97676104,0.9846926,0.9897566,0.9808302,0.9883059,0.9660025,0.94470984,0.9533791,0.9828623,0.9609388,0.96865803,0.9937689,0.96116525,0.9893232,0.98886937,0.98893154,0.9900425,0.9764124,0.9801938,0.94767356,0.9876931,0.97788405,0.9697892,0.95963055,0.9643498,0.98427576,0.99207944,0.9705103,0.9766163,0.9656392,0.9781179,0.9724309,0.9881534,0.980499,0.98614275,0.9806401,0.9871493,0.9881112,0.97177804,0.978424,0.9753896,0.98542047,0.97788405,0.9926384,0.98898447,0.975033,0.9642123,0.9863013,0.9925029,0.98369634,0.9756597,0.9802034,0.9925601,0.96156496,0.97716904,0.9855798,0.9838431,0.99065197,0.9749885,0.98584485,0.97052926,0.9829646,0.992076,0.98560435,0.96862173,0.993726,0.9814417,0.9859505,0.9857293,0.9821812,0.9945867,0.971095,0.99107695,0.97871804,0.9795794,0.9884602,0.9570516,0.9824015,0.9829198,0.9613954,0.9754216,0.98792684,0.97827953,0.98183227,0.96330637,0.97625655,0.9692938,0.98322165,0.98613685,0.9779888,0.9647371,0.9839072,0.9843893,0.9683667,0.94886357,0.9710566,0.9915471,0.97945786,0.9869648,0.979407,0.9876502,0.9868561,0.9893076,0.97624665,0.9851957,0.9817326,0.97342354,0.9888218,0.9733735,0.9873278,0.98378766,0.9839072,0.97700363,0.98510474,0.99131876,0.9807481
angelhasfallen,0.97767806,0.9813725,0.9797942,0.98546404,0.9876933,0.9553393,0.9920029,0.9903175,0.9934281,0.97661257,1.0000001,0.94700724,0.99005914,0.9878142,0.9936886,0.9901409,0.99460346,0.97099257,0.98671997,0.9869933,0.9819673,0.9740122,0.97901773,0.9934514,0.94920635,0.970968,0.9893052,0.9924252,0.9816421,0.9890118,0.99196285,0.96747303,0.9603746,0.9638738,0.9649748,0.9745992,0.99299645,0.9858676,0.9906033,0.9885142,0.9904017,0.9899655,0.9414077,0.98907757,0.97815436,0.9813468,0.97697127,0.99081075,0.974645,0.98988146,0.9779136,0.9767118,0.9673654,0.97180194,0.9864116,0.9755344,0.98372775,0.99352324,0.98547524,0.9883822,0.9718945,0.9779478,0.97854066,0.9935101,0.96936494,0.9711946,0.9754676,0.9676989,0.98899096,0.9649349,0.9951508,0.9742293,0.9825789,0.9855273,0.97272736,0.97729224,0.9536878,0.9741162,0.9853496,0.9778594,0.9826826,0.97804826,0.99702734,0.98268545,0.9798447,0.9648702,0.99115133,0.9909003,0.9822092,0.99161756,0.97552365,0.9951508,0.96149194,0.9651791,0.9734076,0.9931781,0.99118656,0.98757327,0.99159884,0.96699756,0.9863826,0.970928,0.9535347,0.9933803,0.9640858,0.9815963,0.993216,0.99132675,0.96882385,0.96709627,0.9896939,0.9685393,0.98093826,0.97942907,0.97664315,0.99501956,0.98740625,0.9681864,0.9873958,0.9850683,0.9838202,0.98898524,0.9843721,0.95123196,0.98882854,0.9901123,0.9793693,0.9618708,0.9793694,0.9617852,0.9866894,0.9805041,0.9938048,0.99048674,0.9879429,0.9948183,0.9754593,0.97167575,0.9914014,0.9725206,0.9934281,0.9781652,0.985333,0.98380655,0.96978605,0.98041916,0.9807869,0.9693196,0.9953798,0.9756554,0.98892003,0.97872704,0.9864015,0.9729058,0.98605114,0.9905003,0.9872563,0.99225986,0.97963244,0.97809565,0.9934281,0.97787964,0.9894518,0.9890325,0.95610267
angrybirdsmovie,0.9661501,0.97168136,0.9623713,0.9702903,0.975296,0.96319336,0.94786584,0.96177006,0.9533707,0.93804365,0.94700724,1.0000001,0.9559832,0.9595792,0.9511734,0.9646613,0.9517447,0.94348526,0.97012657,0.9631041,0.9634401,0.9721961,0.96459705,0.95469236,0.9458689,0.9708385,0.952257,0.9592261,0.9700014,0.96930677,0.9639211,0.9559417,0.96020764,0.982199,0.9759648,0.96791255,0.9535221,0.95854896,0.9693303,0.949636,0.96586204,0.973111,0.95018476,0.9661815,0.95203036,0.9375779,0.96265525,0.95537466,0.9622486,0.9718914,0.9772435,0.9651488,0.9142771,0.9540486,0.94456404,0.95012474,0.95396614,0.9650894,0.94418204,0.94688094,0.93521386,0.9461489,0.94525456,0.95980775,0.91993517,0.9410401,0.9793591,0.96440345,0.94420916,0.961352,0.94735426,0.98896986,0.9419477,0.97563696,0.96395266,0.9348307,0.97603464,0.95135576,0.95231944,0.96897775,0.9692893,0.9544562,0.9472034,0.9706628,0.9739115,0.9310752,0.9523497,0.9483115,0.94445777,0.9482243,0.94950676,0.94735426,0.95078117,0.9548461,0.97776634,0.9550361,0.9453594,0.95533276,0.95221376,0.9848091,0.9523343,0.94146246,0.97567964,0.94977474,0.96628946,0.98121667,0.93267846,0.93671596,0.9516855,0.98218006,0.9552804,0.9542661,0.94992816,0.96927565,0.9297273,0.95560884,0.96833706,0.9734987,0.96133995,0.95388097,0.94439346,0.9446992,0.9101589,0.95996654,0.9451272,0.9376686,0.9613481,0.96929663,0.9671201,0.9581485,0.9678883,0.9468061,0.95503306,0.93997264,0.94575244,0.95557606,0.9786004,0.96831685,0.9651267,0.96807915,0.9533707,0.9775188,0.9521717,0.93308043,0.92831504,0.97058547,0.9716207,0.97582084,0.94831926,0.97195166,0.9659736,0.9612094,0.9388679,0.9589134,0.9323419,0.94517815,0.96265584,0.9521971,0.9494964,0.94157046,0.9533707,0.97741663,0.9621876,0.96216476,0.97113174
annabellemovie,0.9814926,0.9724931,0.9806771,0.995113,0.9948662,0.96268666,0.9898682,0.99405366,0.9947126,0.977542,0.99005914,0.9559832,0.9999998,0.9893214,0.99266535,0.986463,0.99269855,0.9875421,0.9851195,0.9899863,0.98261654,0.9801875,0.9826061,0.9923556,0.9482524,0.97896856,0.9916307,0.99316835,0.9889357,0.9946291,0.99014133,0.97883403,0.9594388,0.9615084,0.9714693,0.97954196,0.99296767,0.99468344,0.98748213,0.9811282,0.99113286,0.9852131,0.93420374,0.984194,0.9775377,0.975005,0.98558056,0.9860899,0.98360354,0.9881879,0.98126596,0.98417646,0.94898915,0.9746978,0.9902437,0.9838316,0.969448,0.99412036,0.9848961,0.9912018,0.97513956,0.9905139,0.98452324,0.9942372,0.9782189,0.96934927,0.98370403,0.9742472,0.9821837,0.9658779,0.99313617,0.9773533,0.99336433,0.99221224,0.9710745,0.9712244,0.95813066,0.97787976,0.9920037,0.9890976,0.994035,0.9809264,0.99605376,0.97805434,0.9835006,0.9705359,0.9854529,0.99644667,0.9727742,0.9873237,0.98806083,0.99313617,0.96588117,0.9692727,0.97142076,0.9920151,0.98849016,0.98263425,0.9851553,0.97418237,0.98537654,0.9723274,0.9672889,0.98620844,0.9692235,0.9840151,0.9886883,0.99653506,0.96634364,0.9723442,0.99114066,0.9699791,0.9785468,0.98544014,0.9759726,0.9854398,0.98795897,0.97301096,0.99578846,0.98714775,0.9956893,0.98751014,0.9834164,0.95433676,0.98343647,0.98791593,0.9942946,0.9730109,0.9896924,0.95326513,0.9847612,0.99333954,0.99431854,0.9822314,0.98427176,0.9901406,0.9819767,0.9742659,0.9909594,0.9837758,0.9947126,0.98704994,0.9879089,0.9906104,0.9846859,0.9865519,0.9904412,0.97448957,0.99587476,0.98018634,0.98962355,0.9748415,0.9925113,0.974539,0.9766582,0.9942836,0.9891781,0.9863307,0.98719114,0.96716154,0.9947126,0.9725097,0.98532975,0.98880446,0.95806193
annamovie,0.99494,0.9673827,0.9941138,0.9894612,0.9937759,0.97606677,0.99469376,0.9876898,0.993363,0.9846895,0.9878142,0.9595792,0.9893214,1.0000001,0.99215055,0.9844775,0.9946031,0.97399926,0.9910623,0.9969355,0.9962363,0.9888746,0.989487,0.9968296,0.9678649,0.98249745,0.9863183,0.99519813,0.99517465,0.9932615,0.9936484,0.9875317,0.9791224,0.97735,0.9769429,0.97599316,0.99407655,0.9879523,0.98788077,0.9913202,0.9931782,0.99363166,0.9589089,0.9915357,0.9938251,0.97568923,0.9891312,0.98350185,0.98095167,0.9921549,0.99055415,0.9922594,0.9665095,0.98792446,0.97842175,0.96486473,0.9687516,0.9913611,0.99147713,0.9888056,0.98602754,0.98438686,0.9925568,0.9962463,0.9836636,0.9896357,0.9854669,0.9883722,0.97419375,0.9777921,0.99190784,0.9791037,0.9742541,0.9897613,0.975476,0.986583,0.96968395,0.98346883,0.9862309,0.9827242,0.9816593,0.98579854,0.9902482,0.98993945,0.9861898,0.979277,0.9877602,0.9882721,0.98829025,0.9926897,0.9891674,0.99190784,0.97821695,0.9783057,0.98393816,0.980414,0.994473,0.9932391,0.98694915,0.9794678,0.9766299,0.98907465,0.97765803,0.99301034,0.9866416,0.99039006,0.9885709,0.98394793,0.98192644,0.97833055,0.9933793,0.9830437,0.98593074,0.97758853,0.9816386,0.99217844,0.99665,0.9835674,0.99368125,0.99396384,0.9871387,0.9913,0.98336494,0.96846175,0.9952166,0.9845889,0.98689556,0.98640394,0.98385346,0.9670782,0.9941936,0.9889361,0.9910831,0.9707779,0.9828524,0.9859416,0.9831915,0.98993677,0.98996913,0.97310036,0.993363,0.9902183,0.97385055,0.96867234,0.98232186,0.99314433,0.98972917,0.9821587,0.9867856,0.9882203,0.9923776,0.9862453,0.9786528,0.98586315,0.9836635,0.9799042,0.9971626,0.9812774,0.9886184,0.9802391,0.993363,0.97613025,0.993745,0.9959943,0.97341985
apollo11movie,0.9864654,0.97788113,0.9859047,0.98806375,0.99233586,0.9655886,0.9939597,0.9908471,0.996218,0.98319775,0.9936886,0.9511734,0.99266535,0.99215055,1.0,0.98278075,0.99602884,0.9826576,0.9869145,0.98949474,0.9862156,0.98049,0.98451513,0.99692994,0.9574997,0.97968495,0.9893493,0.996478,0.98995644,0.99476635,0.98815763,0.9805086,0.97591585,0.96950793,0.968208,0.9717193,0.9929766,0.9831323,0.9897736,0.98403525,0.99293315,0.9928468,0.9470607,0.9934625,0.98596495,0.96992874,0.9850494,0.9806371,0.98142326,0.9942449,0.9835741,0.9831421,0.9587287,0.972592,0.9834787,0.98288614,0.96895033,0.9911586,0.98926425,0.9938385,0.9795624,0.9901032,0.98922074,0.99579126,0.98135847,0.97436357,0.9817305,0.9787546,0.9829473,0.9692059,0.99495393,0.9756611,0.9869861,0.9862959,0.9717692,0.98195827,0.9556109,0.9907096,0.9909341,0.97820115,0.98666584,0.9802774,0.99602985,0.9869016,0.9774432,0.96855474,0.98444104,0.9955777,0.9755592,0.99183327,0.98422784,0.99495393,0.9716768,0.96712357,0.96958584,0.99079895,0.9970564,0.98921335,0.98899686,0.973937,0.97985893,0.9812995,0.96661454,0.9868002,0.9747912,0.9859002,0.99125004,0.9894038,0.97194785,0.9704942,0.9968574,0.97279006,0.9747152,0.97541016,0.9761431,0.9949875,0.9931457,0.9755956,0.9926232,0.9906245,0.9922742,0.98721886,0.99003285,0.9522204,0.989208,0.98482853,0.9889885,0.97167057,0.9876229,0.9562807,0.9891276,0.9899822,0.98935044,0.98672885,0.97993386,0.99030256,0.98337543,0.97825474,0.9900234,0.97033906,0.996218,0.9846756,0.9773966,0.9813265,0.98325384,0.9879678,0.98895556,0.97411853,0.9914627,0.9805221,0.99170667,0.9848807,0.98163044,0.9719077,0.9751947,0.98571324,0.99072343,0.99060076,0.9805253,0.9707098,0.996218,0.97730106,0.9943759,0.9939762,0.9607413
arcticdogsmovie,0.97677684,0.9853139,0.9747118,0.98889977,0.98950344,0.9480832,0.983298,0.99335545,0.9879699,0.96434766,0.9901409,0.9646613,0.986463,0.9844775,0.98278075,0.9999998,0.9884648,0.9706081,0.9884702,0.9817438,0.9821566,0.970543,0.97619176,0.9854555,0.9456394,0.97490084,0.9843395,0.98970085,0.9798119,0.9892867,0.9947092,0.96146923,0.9528765,0.9729117,0.9706349,0.98055565,0.9881071,0.99072534,0.99064994,0.98729813,0.9838849,0.98889476,0.9382769,0.9813945,0.9695679,0.9741982,0.9730563,0.9918873,0.97672373,0.9878647,0.9797239,0.97627455,0.95048296,0.96676797,0.9891013,0.97576016,0.9857449,0.99348676,0.9828166,0.9830059,0.9552504,0.9720641,0.9682377,0.9876202,0.9525753,0.9617056,0.98489964,0.9670313,0.9906137,0.96490693,0.9882909,0.98486197,0.9791303,0.9932875,0.97064906,0.9653939,0.9623991,0.96493953,0.9848101,0.98069584,0.9816309,0.9764534,0.98711365,0.981316,0.98614055,0.95637006,0.9867581,0.9838078,0.98169345,0.989815,0.9675846,0.9882909,0.9546898,0.9620266,0.9833132,0.99004215,0.97734684,0.982446,0.98618776,0.97666895,0.9830591,0.9562035,0.9624467,0.9911932,0.96392286,0.9822234,0.9789095,0.9821048,0.9658514,0.9769507,0.98591596,0.9631568,0.97886837,0.98805654,0.96451426,0.98974067,0.98644584,0.97227234,0.9848381,0.97984713,0.9774214,0.9807849,0.96678,0.9477772,0.98174334,0.9888818,0.9741035,0.9643302,0.98471004,0.96137255,0.98699194,0.9739629,0.9911663,0.97947466,0.9833949,0.9924522,0.97829103,0.9737208,0.9918634,0.981649,0.9879699,0.9820652,0.9862246,0.9782444,0.95916396,0.9789389,0.9843274,0.9715764,0.9903845,0.9778888,0.98765194,0.9737598,0.98194814,0.96896327,0.97981226,0.98621845,0.98508257,0.99025077,0.97626305,0.97222555,0.9879699,0.9807749,0.98570114,0.9847369,0.95756316
arcticmovie,0.9907715,0.9729081,0.9915027,0.9907166,0.9922575,0.9696928,0.99871325,0.99065465,0.9977477,0.98919976,0.99460346,0.9517447,0.99269855,0.9946031,0.99602884,0.9884648,0.9999999,0.9721999,0.99407214,0.99483305,0.99193686,0.9856516,0.99095684,0.9986508,0.9691153,0.98221177,0.99357027,0.9946497,0.99196625,0.9935933,0.9947365,0.98397493,0.9748105,0.9728032,0.9776045,0.98143256,0.99696857,0.9874212,0.9931918,0.99482083,0.995475,0.99407697,0.958839,0.99352646,0.9907238,0.9828671,0.98960555,0.9861642,0.9863278,0.99302375,0.9890637,0.990625,0.97212064,0.98288935,0.9847098,0.97189844,0.9792873,0.99633664,0.98579144,0.9905366,0.98493487,0.9804432,0.99076396,0.99707264,0.98430574,0.98326313,0.98567086,0.98326695,0.97926986,0.98020035,0.9963294,0.9786739,0.98090374,0.9873366,0.9813634,0.98981506,0.9679615,0.9860864,0.98758143,0.9835208,0.9855446,0.9887923,0.99603105,0.9903414,0.9870157,0.98223346,0.99355227,0.9914568,0.9886832,0.99535954,0.9853797,0.9963294,0.9802848,0.97959876,0.9818271,0.98718953,0.9954315,0.996375,0.9943443,0.9789929,0.9871502,0.98346597,0.9690267,0.9937803,0.9802848,0.98953,0.9965035,0.9912658,0.98349226,0.9774349,0.9954225,0.981705,0.98826975,0.98245126,0.9860495,0.99677634,0.9957384,0.98185796,0.99522173,0.9959129,0.986939,0.994786,0.9895352,0.96411556,0.9964844,0.9854592,0.9873707,0.97887635,0.98200667,0.97085106,0.9949768,0.9878217,0.99559706,0.98351914,0.9872883,0.9911968,0.98628384,0.98563695,0.99426585,0.9761142,0.9977477,0.9895972,0.9830438,0.97610474,0.97690344,0.9919654,0.98907316,0.9817923,0.9942996,0.9875775,0.99621284,0.98851615,0.9866008,0.98242444,0.9892592,0.9890725,0.99585545,0.99126816,0.98909986,0.98463213,0.9977477,0.982499,0.9954981,0.9973756,0.9710981
artofracingmovie,0.96153307,0.9668294,0.9555941,0.97856027,0.9839666,0.9332067,0.9667327,0.9858877,0.98000926,0.94757783,0.97099257,0.94348526,0.9875421,0.97399926,0.9826576,0.9706081,0.9721999,0.99999994,0.96138895,0.96562153,0.96349376,0.9532386,0.9553349,0.9740026,0.9101837,0.9597291,0.96676165,0.98538053,0.9716216,0.9863609,0.96944517,0.95790935,0.941067,0.9429753,0.9385647,0.9471868,0.9739296,0.97927356,0.9656327,0.9505394,0.96972775,0.9685254,0.89146835,0.9657414,0.95385677,0.9321377,0.9617865,0.9669676,0.9594526,0.9762656,0.956723,0.95793533,0.90257424,0.9421568,0.9787183,0.990587,0.93675524,0.9715395,0.9846951,0.9888729,0.947196,0.997404,0.96607023,0.9765199,0.9554126,0.93863255,0.97017145,0.9544241,0.9811303,0.9284135,0.9794033,0.95892054,0.9908423,0.9822908,0.93273956,0.9405295,0.9200114,0.970817,0.9916327,0.9663155,0.9805938,0.9505949,0.98046404,0.9553487,0.95344234,0.93124014,0.95292073,0.9916841,0.94122154,0.9742615,0.9701244,0.9794033,0.93074363,0.9296329,0.93980014,0.9831782,0.97408324,0.95520324,0.9575682,0.9518017,0.9547906,0.94876564,0.9529915,0.96417075,0.94359535,0.96116537,0.9606887,0.9785796,0.92848635,0.94587564,0.98187643,0.9350194,0.93988067,0.9602989,0.93855315,0.9677221,0.9712698,0.9468181,0.98062015,0.96486837,0.99481255,0.95934975,0.9707501,0.9126414,0.9577244,0.98089117,0.98223406,0.9472176,0.99080026,0.9066685,0.9612358,0.9849605,0.9711468,0.96520513,0.9586128,0.97651035,0.9613605,0.9482621,0.97369134,0.9627975,0.98000926,0.9653144,0.9624351,0.98687524,0.9858535,0.9653537,0.97808826,0.9442033,0.97636664,0.95259494,0.967194,0.9493729,0.9695593,0.94037515,0.93763155,0.9737472,0.9672526,0.9734108,0.95970255,0.9241488,0.98000926,0.94430923,0.97000885,0.9677349,0.9207308
avengers,0.9927034,0.9754341,0.99210083,0.9870894,0.99176866,0.9728566,0.9919969,0.98838073,0.99277675,0.98077774,0.98671997,0.97012657,0.9851195,0.9910623,0.9869145,0.9884702,0.99407214,0.96138895,1.0,0.9938787,0.9938694,0.98859435,0.9930088,0.9927972,0.97777444,0.980989,0.9845134,0.9869298,0.99116945,0.99110794,0.9954118,0.98140013,0.9770384,0.98585963,0.98395383,0.9833091,0.99204177,0.98197454,0.99265677,0.99276453,0.9931939,0.9957648,0.96957135,0.9947889,0.98889375,0.97874486,0.98919773,0.9862237,0.9824405,0.9948165,0.9936356,0.99205196,0.9713215,0.9831259,0.9716579,0.9631967,0.9872835,0.99363184,0.97838575,0.9847551,0.9793766,0.96921253,0.9830261,0.990146,0.9713815,0.97995824,0.99162865,0.9880083,0.9716003,0.98383784,0.9909489,0.9842973,0.96648383,0.98829514,0.98568636,0.9844103,0.97986406,0.9840221,0.9822839,0.98154134,0.9825404,0.98377764,0.98777586,0.992011,0.989844,0.98019,0.9887243,0.98283577,0.9917537,0.99267155,0.97526234,0.9909489,0.9815532,0.98332787,0.99191093,0.9790374,0.9872307,0.9952094,0.9884119,0.98623925,0.9833736,0.9782113,0.97526383,0.991247,0.983264,0.99379545,0.9856401,0.97987086,0.9865315,0.9854459,0.9878473,0.97956175,0.98791647,0.9815184,0.97601014,0.9933129,0.99576485,0.9852818,0.99312615,0.99055296,0.9742535,0.98992306,0.9735577,0.97210884,0.9920582,0.97726214,0.98239964,0.98244715,0.9757795,0.9797148,0.9961872,0.9759681,0.9917313,0.9725078,0.9838615,0.9887517,0.99066126,0.9888298,0.99581414,0.9771289,0.99277675,0.99172425,0.9765008,0.9626449,0.96021986,0.9927605,0.9848588,0.98688763,0.9842252,0.9891837,0.9941629,0.9869097,0.9748008,0.986459,0.9853114,0.9796533,0.9935603,0.9872155,0.9857498,0.9849404,0.99277675,0.9896177,0.9936392,0.99483854,0.98101455
beachbummovie,0.9949743,0.9646969,0.99606764,0.9908289,0.9928507,0.9839141,0.9958842,0.9849233,0.9925364,0.9891053,0.9869933,0.9631041,0.9899863,0.9969355,0.98949474,0.9817438,0.99483305,0.96562153,0.9938787,1.0000001,0.995374,0.99451274,0.99485177,0.99589455,0.9766972,0.98449653,0.990024,0.9898301,0.99593437,0.99063647,0.99353325,0.9902358,0.9789695,0.9772672,0.98593915,0.9847164,0.9944137,0.9871245,0.99041516,0.99294496,0.9961392,0.99256104,0.9684198,0.992587,0.99432296,0.9851719,0.99437183,0.9839071,0.9864617,0.99070996,0.99409026,0.9961762,0.9740695,0.9931244,0.9755048,0.9593551,0.97417325,0.9940906,0.9810788,0.9832532,0.990764,0.9767862,0.99221927,0.99605817,0.9854662,0.9916759,0.9857053,0.98942983,0.96592426,0.9864224,0.9901585,0.98164064,0.9713469,0.98775196,0.9859514,0.98907155,0.9796886,0.98144037,0.9813754,0.98878217,0.9860471,0.9901859,0.9902284,0.99029416,0.991995,0.9884726,0.99220395,0.98485935,0.9891976,0.98831975,0.9903075,0.9901585,0.98688674,0.98900014,0.9887651,0.9787367,0.99184644,0.99520737,0.9899005,0.9841005,0.98463553,0.989864,0.9779442,0.99178195,0.98947877,0.9941571,0.9913187,0.98628956,0.9879724,0.9829879,0.9892099,0.98925614,0.9929604,0.982791,0.98864365,0.9898139,0.9952769,0.98740077,0.99511147,0.9956,0.98240644,0.9949356,0.97931355,0.9805583,0.9949836,0.97861236,0.9900401,0.9905402,0.97844386,0.9785286,0.9956284,0.98668027,0.9938249,0.9713978,0.9868465,0.98436326,0.98833126,0.9915145,0.99114025,0.9790662,0.9925364,0.99399024,0.9798251,0.9668946,0.97571504,0.9957294,0.9888542,0.9897477,0.9879955,0.9927692,0.9950278,0.9878912,0.9829883,0.99355614,0.98861873,0.983922,0.997332,0.97971,0.99410474,0.98752475,0.9925364,0.9823683,0.9913953,0.99657315,0.982899
bernadettefilm,0.9956188,0.9645643,0.99394834,0.98278326,0.9919197,0.9753768,0.9936208,0.98388803,0.99197465,0.98374176,0.9819673,0.9634401,0.98261654,0.9962363,0.9862156,0.9821566,0.99193686,0.96349376,0.9938694,0.995374,1.0000001,0.9880413,0.9912649,0.993083,0.97311735,0.98078185,0.9808542,0.9890738,0.9939924,0.990916,0.991762,0.986646,0.9799477,0.9831983,0.97897696,0.97448987,0.99234325,0.9810783,0.9850907,0.9907252,0.99071366,0.99352735,0.96548253,0.99215734,0.9948129,0.9736671,0.98917145,0.9827785,0.9799404,0.9913821,0.9923284,0.99395823,0.96982664,0.98970795,0.96817654,0.95697063,0.9707421,0.98942244,0.98422134,0.98434925,0.9851899,0.97393,0.9899568,0.99120647,0.98015666,0.9892846,0.9899109,0.9933334,0.96715456,0.98075426,0.9890957,0.97912484,0.963141,0.9858207,0.9759747,0.98859394,0.9751164,0.98313886,0.98198706,0.97803664,0.9778815,0.9829579,0.9845012,0.9883126,0.98724264,0.98311347,0.984405,0.9819399,0.9912148,0.99170214,0.9815021,0.9890957,0.98271954,0.98068184,0.9885218,0.97278863,0.989251,0.9954413,0.98232245,0.98049647,0.97469085,0.98594284,0.97872937,0.9918985,0.9869288,0.9917606,0.98375344,0.9779129,0.98301613,0.97832984,0.991153,0.9814344,0.98814404,0.9741394,0.98131466,0.99009585,0.99650985,0.98269653,0.99318993,0.9943456,0.97816634,0.98986036,0.977791,0.97244966,0.9933716,0.97696006,0.9831572,0.98698515,0.9775835,0.9700908,0.9962165,0.9823479,0.9893947,0.96491796,0.98310935,0.98486,0.9852706,0.99111223,0.99023336,0.9693824,0.99197465,0.98947644,0.9692086,0.9567518,0.97122604,0.9947571,0.98501647,0.9846016,0.9808184,0.9869887,0.9904932,0.9836836,0.9714491,0.99055356,0.9837897,0.9741624,0.99564344,0.9779777,0.9885745,0.98490995,0.99197465,0.97882825,0.99488086,0.9943962,0.97792
