movie,21bridgesmovie,47metersdown,abeautifuldaymovie,abominablemovie,adastramovie,adogsjourneymovie,aftermathmovie,aftermovie,ahiddenlifefilm,alitamovie,angelhasfallen,angrybirdsmovie,annabellemovie,annamovie,apollo11movie,arcticdogsmovie,arcticmovie,artofracingmovie,avengers,beachbummovie,bernadettefilm,blackandbluemovie,blackchristmas,blindedbythelightmovie,bombshellmovie,booksmart,breakthroughmovie,brianbanksmovie,brightburnmovie,brittanyrunsmov,captainmarvelofficial,captivestatemovie,catsmovie,charliesangels,childsplaymovie,clarathefilm,coldpursuitmovie,countdown,currentwarmovie,darkwatersmovie,detectivepikachumovie,disneyaladdin,disneyfrozen,disneymaleficent,doctorsleepmovie,dolemiteismyname,dontletgomovie,doramovie,downtonabbey_official,dumbo,escaperoom,everybodyknowsmovie,fastandfuriousmovie,fightingwmyfam,fivefeetapartfilm,fordvferrari,freaksthefilm,geminimanmovie,glassmovie,gloriabellmovie,godzillamovie,goldfinchmovie,goodboysmovie,goodliarmovie,gretafilm,halathemovie,happydeathdaymovie,harrietfilm,hellboymovie,hersmellmovie,highlifemovie,highstrungmovie,honeyboymovie,hotelmumbaifilm,httydragon,hustlemovie,hustlersmovie,isntitromantic,itmovieofficial,jayandsilentbob,johnwickmovie,jojorabbitmovie,jokermovie,judythefilm,jumanjimovie,justmercyfilm,knivesout,lalloronamovie,lastblackmansf,lastchristmasthemovie,latenightmovie,lighthousemovie,lionking,littlethemovie,littlewomenmovie,littlewoodsfilm,longshotmovie,lordsofchaosmovie,lucyintheskyfilm,mamovie2019,marriagestory,meettheaddams,meninblack,midsommarmovie,midwaymovie,missbalamovie,missinglinkfilm,motherlessbklyn,onceinhollywood,onthebasisofsex,overcomermovie,peanutbutterfalcon,petsematarymovie,piercingmovie,playingwithfire,playmobilthemovie,pomsmovie,queenandslim,rambomovie,readyornotfilm,richardjewellfilm,rocketmanmovie,scarystoriesmovie,secretlifeofpets,serenityfilm,shaftmovie,shazammovie,spidermanmovie,spiesindisguise,starwars,stormboymovie,stubermovie,taosdfilm,teenspiritmov,terminator,theaeronautsmov,thebestofenemies,thedeaddontdie,thefarewell,thehighwaymen,thehummingbirdprojectfilm,theintrudermovie,theirishmanfilm,thekitchenmovie,thelegomovie,themustangfilm,thenightingalefilm,theprodigymovie,thesunisalsoastar,theupsidefilm,tolkienmovie,toystory,triplefrontier,uglydolls,uncutgems,underthesilverlake,usmovie,wavesmovie,whatmenwant,wonderparkmovie,wrinklestheclown,xmenmovies,yardiefilm,yesterdaymovie,zombieland
21bridgesmovie,1.0,0.9887848,0.9885068,0.9922838,0.9851659,0.97936696,0.99331427,0.9820916,0.99692404,0.98413736,0.98591036,0.9782795,0.9912509,0.99091655,0.9950216,0.9972324,0.98237383,0.9894354,0.9934858,0.990925,0.9835063,0.9742901,0.9923854,0.9953162,0.9875581,0.9627574,0.96298414,0.98595893,0.9869602,0.9942436,0.984808,0.99195665,0.9838433,0.98952353,0.9727906,0.9660607,0.9931952,0.9920271,0.99179935,0.969957,0.97650945,0.99232787,0.9691908,0.9894908,0.9958638,0.976401,0.9942081,0.99053353,0.9911998,0.9944926,0.9958748,0.9936271,0.9901097,0.98571336,0.9742536,0.9792645,0.97752625,0.9892467,0.9912407,0.99040055,0.98028994,0.98680073,0.98088866,0.9837744,0.9860605,0.9789466,0.97807145,0.9874666,0.9908555,0.987705,0.99021375,0.957504,0.9756193,0.99575204,0.9832898,0.9853386,0.97494733,0.974246,0.99289876,0.984587,0.9889367,0.98801607,0.9898349,0.9872018,0.9881771,0.9715071,0.9832766,0.9910296,0.9697899,0.9927913,0.98486215,0.99021375,0.97574395,0.9905549,0.9914048,0.9918637,0.98030823,0.99047,0.9963287,0.9872933,0.98532414,0.9864701,0.9765287,0.98635966,0.97417456,0.9957558,0.99323285,0.98512536,0.9795409,0.9795946,0.9916196,0.9814426,0.9905623,0.96711844,0.98260236,0.99412745,0.99923235,0.9766978,0.9935169,0.99232614,0.99110395,0.9913581,0.9963097,0.98431927,0.99104035,0.9869714,0.9886631,0.98702055,0.98256737,0.9744606,0.99536955,0.9801603,0.9918481,0.9574398,0.98973,0.99260616,0.9877439,0.9917557,0.99155897,0.9844433,0.99692404,0.98067945,0.9839688,0.9872947,0.9900293,0.99241614,0.98149997,0.9788405,0.9816326,0.99028665,0.99192387,0.9901614,0.98764765,0.9464621,0.98366505,0.9832281,0.99018794,0.98325425,0.9879733,0.9873649,0.99692404,0.9711052,0.99173486,0.9926499,0.98269594
47metersdown,0.9887848,1.0000001,0.9875698,0.9841518,0.98994225,0.96928334,0.9795776,0.98569715,0.9827303,0.9835654,0.9958986,0.98552907,0.9929203,0.9901426,0.9886603,0.9917819,0.9864366,0.99256617,0.97840697,0.98419255,0.98339945,0.9805721,0.9852667,0.98381525,0.9838826,0.9780534,0.9744458,0.99287486,0.98737013,0.9861722,0.98113304,0.99201053,0.98477876,0.9898398,0.98147196,0.9845995,0.97817445,0.99325395,0.97721714,0.9670534,0.9803388,0.9977026,0.96877795,0.99596226,0.98004323,0.99118453,0.9845293,0.9816522,0.9899995,0.9951242,0.99480087,0.9886902,0.99648297,0.9828742,0.98744476,0.991025,0.97656554,0.99476254,0.99509484,0.97870237,0.9798652,0.9867981,0.9795761,0.9884673,0.98107934,0.9917605,0.9744704,0.9949651,0.99136895,0.9840941,0.97586757,0.973148,0.98756635,0.98155034,0.99118054,0.98809886,0.9900631,0.9654839,0.99492425,0.98556125,0.9879212,0.98690313,0.9824718,0.98832446,0.99582136,0.95964795,0.99405104,0.99292946,0.9666997,0.9712102,0.98413646,0.97586757,0.98882306,0.9916654,0.9904245,0.98524475,0.9902719,0.9661772,0.9858173,0.9885441,0.9951909,0.99223775,0.978963,0.98251295,0.9847665,0.99367434,0.9838325,0.98984134,0.98812556,0.9667447,0.9678865,0.9892169,0.98750865,0.9770669,0.99400544,0.9939507,0.990796,0.98155624,0.9745825,0.98110753,0.9848996,0.98874414,0.9845828,0.9811015,0.97756517,0.99399835,0.9897137,0.9872195,0.98980093,0.9750698,0.9845876,0.98661345,0.991867,0.97387946,0.98686343,0.9726478,0.98836637,0.98218143,0.9825352,0.9896554,0.9827303,0.9889934,0.99722195,0.9813873,0.9845241,0.99380535,0.9880751,0.9787011,0.9815222,0.99531776,0.9737081,0.9911595,0.9892074,0.9621772,0.96983004,0.9711119,0.982457,0.98892045,0.99199635,0.98621017,0.9827303,0.9851948,0.9809587,0.9814187,0.9954058
abeautifuldaymovie,0.9885068,0.9875698,0.9999999,0.99616635,0.97492665,0.9889024,0.9706055,0.9710337,0.98371774,0.97977644,0.98811543,0.9920454,0.9863646,0.99265623,0.9837874,0.98653245,0.9786917,0.99144816,0.98147357,0.9858285,0.9953909,0.98240983,0.98446065,0.98146063,0.99747574,0.98757684,0.9820673,0.99030036,0.99761814,0.99483925,0.9896846,0.98740077,0.98177546,0.9824525,0.98353547,0.98699635,0.9792021,0.99643666,0.9858855,0.987291,0.9944224,0.98806554,0.98127544,0.9914458,0.9815927,0.9818422,0.9834376,0.98974925,0.99379474,0.9881691,0.9959584,0.97758806,0.98753923,0.97089636,0.9780314,0.9708952,0.99387825,0.9841572,0.98487127,0.9901483,0.9942107,0.99510884,0.96921206,0.97521013,0.9709053,0.9895072,0.9820804,0.9845982,0.99047345,0.9881978,0.986257,0.9853726,0.96743363,0.99351466,0.98478794,0.9912672,0.9789397,0.9439822,0.99057,0.9693222,0.98250765,0.9722029,0.9781864,0.9862157,0.9915648,0.9849525,0.9786991,0.98230606,0.99043226,0.9805174,0.99504864,0.986257,0.9894879,0.98493034,0.9844668,0.98549634,0.98755795,0.971023,0.98515344,0.9857638,0.98917645,0.9893876,0.98872954,0.9916375,0.9873104,0.9954647,0.9856397,0.9738697,0.9847984,0.9902412,0.9740659,0.99628276,0.9864671,0.9905114,0.9824764,0.9833175,0.9900615,0.99148494,0.974513,0.97456694,0.986457,0.99053407,0.9863293,0.9915203,0.9944584,0.979336,0.9941464,0.9984402,0.98280114,0.97657347,0.977502,0.9779914,0.99362373,0.98081124,0.9740381,0.9856984,0.96928453,0.9832802,0.992663,0.99407727,0.98371774,0.99145824,0.98608786,0.97095895,0.9918044,0.99474645,0.98586714,0.97621036,0.96335214,0.9886804,0.97199905,0.99708015,0.99049884,0.9733599,0.9866688,0.991816,0.9886486,0.98492,0.98456174,0.9705162,0.98371774,0.9741458,0.9901666,0.9835932,0.9926074
abominablemovie,0.9922838,0.9841518,0.99616635,1.0,0.97721857,0.9855425,0.9772755,0.97154456,0.9889494,0.98214865,0.9869254,0.98806435,0.9868262,0.9944889,0.98768854,0.986161,0.9767137,0.99246824,0.98584175,0.9851479,0.9909103,0.98271364,0.9875895,0.9864486,0.99596745,0.979315,0.97739697,0.98735565,0.99471855,0.9942313,0.9881659,0.9867487,0.9817364,0.9856278,0.9775113,0.9801636,0.98578995,0.99567264,0.98634887,0.9887277,0.9921671,0.98920786,0.9800924,0.99239653,0.99056894,0.9830517,0.98845845,0.99224144,0.9915445,0.99191856,0.99529976,0.9815512,0.9885431,0.96997195,0.9741597,0.9695386,0.9911504,0.9841582,0.98454976,0.9939954,0.9908281,0.99437135,0.96874374,0.97606236,0.97612184,0.9871942,0.9855249,0.9858402,0.9926719,0.9905011,0.99047804,0.9760009,0.9678444,0.99765927,0.9841946,0.98908716,0.9751217,0.9468235,0.9910756,0.9702881,0.9898177,0.97449434,0.98060393,0.9827354,0.9888644,0.9829029,0.97839856,0.9846096,0.98846817,0.9874035,0.99566627,0.99047804,0.98799884,0.98430777,0.982419,0.9903826,0.98302454,0.9790743,0.98860013,0.987896,0.9896777,0.991847,0.983915,0.9922538,0.9860717,0.99399847,0.9890043,0.97362757,0.9813004,0.9919823,0.98438674,0.99099696,0.9917767,0.98501074,0.98165435,0.98283964,0.9928501,0.9891488,0.9826508,0.9806486,0.9846719,0.98937577,0.98880965,0.9927365,0.9960227,0.9767709,0.9919737,0.9978162,0.9842954,0.97745353,0.97996545,0.97708607,0.9935049,0.97453636,0.9777991,0.9894392,0.9733773,0.9853539,0.99309987,0.99257785,0.9889494,0.9834486,0.98490036,0.9779329,0.99119204,0.99484104,0.98714924,0.97460306,0.9651038,0.9890133,0.9767741,0.9953002,0.9895246,0.9675268,0.993235,0.99204296,0.9846802,0.9841849,0.98236156,0.97357625,0.9889494,0.96833277,0.99168706,0.9866136,0.9866367
adastramovie,0.9851659,0.98994225,0.97492665,0.97721857,0.9999999,0.97199315,0.9886529,0.9930919,0.9872429,0.9939255,0.9927224,0.9765541,0.99645627,0.9912901,0.99311316,0.9833693,0.9935322,0.9930121,0.98429346,0.9729542,0.9735977,0.9639248,0.9945418,0.9874271,0.9678637,0.96416926,0.97489923,0.98660135,0.9750895,0.98224384,0.9803836,0.98940337,0.9914344,0.9961754,0.97843283,0.96993345,0.9873368,0.9814915,0.981157,0.9559664,0.97271305,0.9897939,0.951041,0.98647743,0.9784829,0.9811096,0.9930243,0.9744843,0.9871063,0.9908341,0.98827356,0.99346185,0.9952148,0.9894494,0.9795908,0.9922057,0.9597706,0.9886262,0.991904,0.9778628,0.9776789,0.96686107,0.98597777,0.9957429,0.9919613,0.9834565,0.9662358,0.99705446,0.989178,0.9676624,0.97747505,0.95388716,0.99248165,0.9774669,0.992885,0.9880986,0.9858078,0.9827719,0.9943345,0.9902932,0.9927208,0.99177516,0.99433446,0.9849486,0.9858278,0.9522233,0.9986063,0.9964826,0.9581341,0.97096646,0.97298414,0.97747505,0.9772661,0.99081784,0.99245733,0.9911889,0.98507357,0.9672068,0.99023944,0.9951132,0.9909034,0.9842173,0.9710293,0.97839296,0.9820999,0.98619443,0.99097884,0.9948839,0.9641881,0.9541358,0.9786806,0.9791566,0.97826433,0.9642769,0.99192077,0.99147606,0.9864618,0.979747,0.98062664,0.99326044,0.98900753,0.9761324,0.98146194,0.9804548,0.9706071,0.99609596,0.98180234,0.9753139,0.9938249,0.972088,0.9875269,0.9933282,0.9882134,0.952746,0.9906221,0.9775295,0.9958716,0.98949,0.9756043,0.9759274,0.9872429,0.9714115,0.9909987,0.9952175,0.98383147,0.9897087,0.9753003,0.98660266,0.9914972,0.9872213,0.98327845,0.9827363,0.98874044,0.9510419,0.9676926,0.9619839,0.98067445,0.9925139,0.98618186,0.98920673,0.9872429,0.9908779,0.9836371,0.9909308,0.9813277
adogsjourneymovie,0.97936696,0.96928334,0.9889024,0.9855425,0.97199315,0.99999994,0.9678349,0.97199225,0.98042,0.98067755,0.97598,0.98404115,0.9841433,0.9860179,0.9800766,0.97342736,0.977992,0.98203075,0.9846421,0.97412884,0.9877207,0.95247275,0.9882394,0.97380567,0.9817293,0.9751604,0.9837264,0.97978306,0.9848947,0.9911087,0.9878344,0.9746181,0.9873513,0.9816467,0.9844347,0.9664683,0.98014706,0.9788025,0.99050045,0.97615564,0.98769563,0.968476,0.95725316,0.97169685,0.9690613,0.9565642,0.9858207,0.9738203,0.9851213,0.97223127,0.98624206,0.96948564,0.9746811,0.9687974,0.9680994,0.9644039,0.97704536,0.96361977,0.97588485,0.9863952,0.991765,0.971689,0.9681294,0.97420174,0.96709865,0.9734474,0.9664332,0.97476065,0.97733843,0.96133524,0.9840962,0.97019523,0.9610846,0.9875681,0.9811235,0.9897036,0.97138965,0.9494037,0.982901,0.9673853,0.97386426,0.9612194,0.9837118,0.98048013,0.97862554,0.9853704,0.9705857,0.97615844,0.9838879,0.97338605,0.97764945,0.9840962,0.9685007,0.97172034,0.98229206,0.9865825,0.9793948,0.9655176,0.9820544,0.9855504,0.9745528,0.9712272,0.9885242,0.98559916,0.9734764,0.9850116,0.98575884,0.97252756,0.9535147,0.9759818,0.97526866,0.9868549,0.9660827,0.97569716,0.97078526,0.9748189,0.9785534,0.9899604,0.97041863,0.9752126,0.98780686,0.9697046,0.9797105,0.99219334,0.9856746,0.971711,0.9848773,0.98414564,0.9796665,0.9632731,0.9727122,0.9803966,0.98352,0.9520106,0.96229166,0.99107236,0.96138126,0.9836846,0.98490316,0.97245336,0.98042,0.9721393,0.9675813,0.9724234,0.99255365,0.9828246,0.9594514,0.9839291,0.9646697,0.97572833,0.9761994,0.98832726,0.98789144,0.966429,0.981437,0.9868157,0.9868467,0.9844806,0.9698724,0.9632545,0.98042,0.9763292,0.9904153,0.9882792,0.974799
aftermathmovie,0.99331427,0.9795776,0.9706055,0.9772755,0.9886529,0.9678349,1.0,0.98315257,0.99647295,0.98367584,0.97658396,0.95836663,0.9871671,0.98408353,0.9945078,0.99055964,0.98142374,0.98315734,0.9893546,0.97998995,0.9662674,0.9579173,0.9919863,0.99586254,0.96707535,0.93926543,0.9467678,0.9724154,0.96814805,0.982686,0.9736232,0.9901675,0.9782881,0.9856968,0.95778143,0.946428,0.99468464,0.97818714,0.9893083,0.94701886,0.9564287,0.9841632,0.9489698,0.97700906,0.9908788,0.9637847,0.99385303,0.98278433,0.9847732,0.98730016,0.9847482,0.99724084,0.9853793,0.99356824,0.9625777,0.97513145,0.9539849,0.98562557,0.9845625,0.9812604,0.96732414,0.96550286,0.9827937,0.9852568,0.99384844,0.96498924,0.9612577,0.98370427,0.9835769,0.9737542,0.9845153,0.9282532,0.9723396,0.9832647,0.97473246,0.9746673,0.96312416,0.99109876,0.9865145,0.9871298,0.9838527,0.99440753,0.99270004,0.9779846,0.9742694,0.94917315,0.983358,0.9888764,0.9495934,0.9894176,0.9677973,0.9845153,0.9591641,0.990037,0.9907235,0.9863599,0.96736544,0.98962164,0.99553186,0.9833053,0.97464675,0.97392327,0.95641553,0.9742723,0.9639279,0.9851443,0.99159074,0.985536,0.95889336,0.961556,0.9934423,0.96331555,0.9786912,0.94587064,0.97496295,0.98929095,0.9930896,0.960672,0.99525696,0.9981206,0.9902383,0.9811344,0.9911247,0.96939635,0.9771389,0.987468,0.9749659,0.9686616,0.976111,0.96517235,0.99616253,0.9761531,0.9812939,0.9333694,0.9934106,0.9873458,0.99298996,0.9919022,0.9802511,0.9684434,0.99647295,0.9629826,0.9750018,0.99316925,0.9788207,0.98398566,0.9680339,0.97505367,0.9888373,0.9770827,0.99730945,0.9749547,0.9776834,0.9195887,0.9705092,0.96594435,0.98407793,0.97509325,0.98136735,0.98632616,0.99647295,0.9669385,0.9861273,0.9928447,0.9659343
aftermovie,0.9820916,0.98569715,0.9710337,0.97154456,0.9930919,0.97199225,0.98315257,1.0,0.98192245,0.97976434,0.9880036,0.9746939,0.9955181,0.9845489,0.991059,0.9815724,0.98261607,0.98410213,0.9777226,0.9776481,0.9756244,0.944642,0.9900564,0.97857577,0.9652923,0.9597112,0.97249746,0.98087275,0.96815616,0.9762078,0.9706689,0.9809807,0.993858,0.994214,0.98587465,0.9604921,0.9789129,0.976148,0.97723687,0.95591164,0.96804583,0.98073477,0.93360764,0.97924215,0.9737113,0.9730738,0.99080265,0.964454,0.97755045,0.9843041,0.98525596,0.98516774,0.9893938,0.9834243,0.9896632,0.9934852,0.95290977,0.97744507,0.99371725,0.9716042,0.97281957,0.96160215,0.98341894,0.9974516,0.98351157,0.98019755,0.9544942,0.9872437,0.9791717,0.9564747,0.97150326,0.94892716,0.986914,0.97334546,0.99113065,0.9846547,0.9908689,0.9791779,0.98958933,0.99100393,0.9828231,0.9803651,0.99077624,0.9786732,0.9870486,0.95529723,0.9915231,0.9945031,0.9532069,0.9640478,0.9635573,0.97150326,0.9697859,0.98045367,0.9878296,0.9901939,0.98317885,0.9629897,0.9876508,0.990661,0.9822063,0.9794179,0.97871846,0.97412163,0.9661458,0.980206,0.98132473,0.9968445,0.9557724,0.9422805,0.9693165,0.9769392,0.9726321,0.95856375,0.98921996,0.9911993,0.98184776,0.9761709,0.969349,0.9876829,0.9843352,0.9637355,0.9821051,0.97999316,0.963161,0.99146974,0.98265827,0.96813023,0.99287885,0.95549995,0.9831411,0.9966492,0.9777518,0.9401986,0.97993314,0.97269,0.98542035,0.9807212,0.97511536,0.96653754,0.98192245,0.9613345,0.9832453,0.98901004,0.9802411,0.9814963,0.96824133,0.99515676,0.9942458,0.9890678,0.97923917,0.98110247,0.99024695,0.95679426,0.961722,0.9602532,0.9776999,0.98934036,0.9779131,0.9877934,0.98192245,0.98641634,0.98055035,0.9861569,0.9743951
ahiddenlifefilm,0.99692404,0.9827303,0.98371774,0.9889494,0.9872429,0.98042,0.99647295,0.98192245,1.0,0.9859289,0.98238724,0.97027105,0.9897487,0.99236757,0.99745184,0.99340737,0.98177487,0.9902379,0.9915425,0.9889363,0.97836906,0.9663718,0.9948944,0.99796325,0.9797459,0.95392025,0.9604672,0.9787314,0.97958046,0.9909266,0.98041505,0.9936466,0.9836098,0.98885804,0.96765435,0.95850605,0.9981806,0.98641133,0.99332297,0.9683547,0.97325426,0.98785824,0.96033955,0.9847998,0.99383736,0.9722997,0.9962245,0.9912461,0.99082524,0.9920672,0.99138457,0.99506986,0.9893588,0.98892844,0.9698923,0.97556525,0.9688226,0.9872844,0.9855133,0.9931245,0.9821344,0.9777288,0.9772059,0.98594624,0.99027133,0.9741492,0.97737896,0.9867803,0.9918864,0.9819296,0.9949995,0.9466655,0.9710374,0.99389696,0.9794821,0.98153746,0.96815115,0.97927755,0.9899701,0.9856549,0.9873974,0.98990625,0.99197644,0.9803136,0.9810805,0.96781486,0.983789,0.9915736,0.97118545,0.9962269,0.97988415,0.9949995,0.97132415,0.9919489,0.9928226,0.9923774,0.9730521,0.9941016,0.99781,0.9885037,0.9812557,0.9803801,0.9695879,0.9881075,0.97515327,0.9907384,0.9966456,0.9845312,0.9660902,0.9790098,0.995877,0.9756149,0.9829169,0.9617796,0.9767758,0.9886993,0.9974797,0.97444165,0.9958236,0.9967213,0.99238354,0.9882786,0.9968081,0.98197615,0.9899724,0.9852292,0.98709327,0.9820669,0.98113686,0.96965665,0.994952,0.9799061,0.98881537,0.948035,0.9888752,0.99491847,0.9878385,0.993392,0.9922433,0.98065823,1.0,0.9710283,0.9794371,0.9916632,0.9854221,0.99096656,0.9766236,0.9788733,0.9850751,0.98327094,0.9951173,0.9866798,0.98707914,0.9400908,0.9860209,0.98340285,0.98842466,0.98215204,0.98151267,0.98162156,1.0,0.968793,0.995828,0.9950706,0.97398794
alitamovie,0.98413736,0.9835654,0.97977644,0.98214865,0.9939255,0.98067755,0.98367584,0.97976434,0.9859289,0.99999994,0.988096,0.9809239,0.99224687,0.99076337,0.98719084,0.9793985,0.9970344,0.9923557,0.99109167,0.965315,0.97444713,0.9717455,0.9944463,0.9868929,0.9721102,0.9702796,0.97875303,0.98884076,0.9826953,0.98977095,0.99053216,0.98527336,0.98802,0.99242526,0.9748315,0.9732274,0.9882873,0.9818882,0.9855738,0.95763963,0.9789766,0.9863995,0.9661466,0.9840967,0.97634137,0.97433287,0.9908963,0.975667,0.9902776,0.9868085,0.9879672,0.98829883,0.9890346,0.9840377,0.9650782,0.9816613,0.96893543,0.98363847,0.98408383,0.9815031,0.9816389,0.9691665,0.98283273,0.98419505,0.98577744,0.9786428,0.96964073,0.9945873,0.98850363,0.97008616,0.979449,0.9620537,0.9879529,0.9822622,0.99065214,0.99092484,0.97721565,0.9735509,0.99221295,0.9795407,0.99253625,0.98687184,0.9928612,0.989824,0.98024404,0.9588401,0.9918587,0.98896825,0.9647619,0.9727452,0.9781924,0.979449,0.97485137,0.98747945,0.9895138,0.9890496,0.98440707,0.96538687,0.9869425,0.9929338,0.98989487,0.9804965,0.9721171,0.9795521,0.9862764,0.98899245,0.99375767,0.9842468,0.9654202,0.9648947,0.9830205,0.98174477,0.97692895,0.96903694,0.9859766,0.98616767,0.9843557,0.9842904,0.9831643,0.9894134,0.9895511,0.9789521,0.9763888,0.98378736,0.97781265,0.989349,0.97859883,0.9808332,0.98836106,0.983491,0.9853541,0.98579055,0.993318,0.95851415,0.98737544,0.98429525,0.99140877,0.99207014,0.9740014,0.977655,0.9859289,0.9775687,0.9861182,0.98961276,0.9903505,0.989769,0.9708499,0.9787745,0.9774112,0.98109746,0.9828179,0.9834194,0.9853548,0.95040494,0.97226256,0.9671914,0.9838117,0.99155223,0.9860346,0.98390085,0.9859289,0.9898632,0.9839949,0.992278,0.982628
angelhasfallen,0.98591036,0.9958986,0.98811543,0.9869254,0.9927224,0.97598,0.97658396,0.9880036,0.98238724,0.988096,1.0000002,0.991911,0.9956713,0.99488,0.9886042,0.98416275,0.9893269,0.99650174,0.9799298,0.97863585,0.9885371,0.9782449,0.9888073,0.98219854,0.9846024,0.98512536,0.9872867,0.9960971,0.98916936,0.9865801,0.98610634,0.98864746,0.99054927,0.9943068,0.9894474,0.9886176,0.9794266,0.992151,0.97629714,0.9764412,0.98810935,0.9943135,0.966495,0.9958536,0.9796772,0.9933588,0.98721826,0.9799057,0.99017024,0.9940145,0.9945582,0.9858543,0.99741554,0.9762197,0.9879851,0.99127465,0.9805066,0.99097836,0.9946547,0.9804401,0.98796976,0.9849753,0.9805734,0.9903028,0.981474,0.9969157,0.9798597,0.9969338,0.9934292,0.9786436,0.9770958,0.9800583,0.99078864,0.9836554,0.9966216,0.9942523,0.9938043,0.95996857,0.9967998,0.980991,0.9937704,0.98230857,0.98627174,0.9884762,0.9961671,0.9714715,0.9955134,0.994353,0.97512627,0.9687524,0.9880667,0.9770958,0.993605,0.9896716,0.9870901,0.99072134,0.99523604,0.9616497,0.98728126,0.99449944,0.998337,0.9948437,0.98463446,0.984877,0.99073637,0.99116856,0.9872623,0.98911715,0.98240817,0.96761876,0.97070265,0.9934835,0.9874332,0.98500067,0.9973725,0.99156123,0.98803073,0.99135906,0.9724613,0.98292804,0.9851268,0.98281884,0.9813183,0.9891638,0.9803302,0.9928801,0.99145174,0.98914856,0.9961194,0.9760959,0.9809392,0.9929258,0.9940615,0.97769046,0.9837885,0.9749662,0.98530644,0.9851301,0.98231095,0.9895955,0.98238724,0.9856443,0.99835426,0.9842419,0.9879301,0.99511456,0.9892832,0.9866385,0.9791825,0.9958127,0.97029704,0.9924334,0.99416727,0.9752777,0.97489893,0.9728199,0.9825103,0.9952402,0.9900798,0.98512685,0.98238724,0.98985046,0.98454636,0.98527837,0.99461496
angrybirdsmovie,0.9782795,0.98552907,0.9920454,0.98806435,0.9765541,0.98404115,0.95836663,0.9746939,0.97027105,0.9809239,0.991911,0.9999999,0.98809505,0.98732966,0.9748105,0.97445154,0.98305726,0.9878425,0.9777382,0.9696322,0.99367094,0.9761202,0.9802542,0.9691389,0.9899925,0.9962403,0.99366415,0.99643564,0.9952752,0.98902404,0.99031323,0.9735703,0.98604983,0.98579764,0.9938546,0.99204314,0.96615237,0.9898639,0.97255385,0.98087883,0.99479336,0.9824029,0.9751921,0.9887081,0.96932024,0.98230433,0.97773606,0.9705106,0.98496705,0.98264575,0.9909992,0.9672801,0.9845422,0.9581848,0.9801507,0.97849894,0.9905504,0.97470003,0.98594236,0.9754855,0.9890221,0.98624754,0.9725365,0.97417015,0.96122193,0.9922092,0.9730275,0.984982,0.983184,0.97333616,0.96874297,0.99383265,0.9810016,0.983336,0.99359894,0.9956774,0.9905355,0.9360357,0.9894127,0.96242034,0.9841916,0.96240264,0.9765554,0.9895076,0.9918101,0.98274183,0.9803702,0.98097783,0.980336,0.9584387,0.9892497,0.96874297,0.98890275,0.9746333,0.9747822,0.98376215,0.99607307,0.9468224,0.9767013,0.985922,0.9919593,0.98871505,0.9948584,0.9805012,0.9848458,0.98872775,0.97736627,0.9739532,0.9818488,0.9698093,0.96074843,0.99830484,0.9825687,0.9924375,0.99017066,0.98312294,0.97820175,0.9960854,0.95831215,0.96724784,0.97754455,0.9748171,0.97029525,0.99256253,0.9811182,0.9791349,0.9881337,0.99187815,0.98867184,0.9786851,0.9692479,0.98545986,0.99163985,0.98319876,0.96767575,0.9727926,0.9668196,0.9763299,0.976764,0.9866779,0.97027105,0.9881421,0.98843527,0.96583146,0.99175197,0.9879429,0.981741,0.9824222,0.9575468,0.99088377,0.95779234,0.9921643,0.99074745,0.9867284,0.97222203,0.97525555,0.9815955,0.99085635,0.98376065,0.9758965,0.97027105,0.98520756,0.9778694,0.9777731,0.99407274
annabellemovie,0.9912509,0.9929203,0.9863646,0.9868262,0.99645627,0.9841433,0.9871671,0.9955181,0.9897487,0.99224687,0.9956713,0.98809505,1.0,0.9946028,0.9949485,0.9888664,0.9928854,0.99464643,0.98967063,0.98228717,0.986715,0.9675646,0.99677837,0.9878425,0.9814198,0.9762034,0.9835956,0.9931439,0.9859294,0.9909084,0.9877181,0.9895306,0.9968788,0.9987097,0.9899917,0.9770291,0.9877698,0.989252,0.9874896,0.9697289,0.98363924,0.9912046,0.9599108,0.9905711,0.9834992,0.98270005,0.99608386,0.9789584,0.9908896,0.9930496,0.9955853,0.9911267,0.995869,0.98671764,0.9875784,0.99318653,0.9736236,0.9873919,0.99708086,0.98425794,0.9859126,0.97836995,0.9880066,0.9957711,0.9878894,0.98926616,0.9714698,0.99585116,0.9907066,0.97388756,0.98248893,0.9681416,0.99135536,0.9870741,0.997457,0.9953452,0.9926338,0.9763484,0.99794745,0.98978174,0.9932868,0.9868485,0.99561733,0.99119335,0.9939085,0.96989584,0.9958167,0.9973932,0.9701007,0.9757913,0.9815801,0.98248893,0.98263294,0.98961544,0.99374115,0.99611425,0.9925292,0.97126454,0.9936736,0.997252,0.9933989,0.989728,0.9866432,0.9853594,0.98257387,0.9930459,0.9921609,0.99560666,0.97284317,0.9645696,0.9806662,0.98966455,0.98491096,0.97531736,0.994998,0.99593604,0.9911819,0.9888432,0.9808523,0.9919606,0.99256116,0.98005325,0.9877582,0.9908282,0.9804057,0.9954453,0.9905754,0.9851119,0.99700713,0.9750615,0.98946106,0.9969947,0.99265957,0.96138704,0.9878447,0.9849763,0.9908083,0.9911737,0.984583,0.98218256,0.9897487,0.97965336,0.9921996,0.9921034,0.9930322,0.99341327,0.98005444,0.9938605,0.9894517,0.99482024,0.9849174,0.9920394,0.9958618,0.9661437,0.97613174,0.97475374,0.98835075,0.99635494,0.9892897,0.9913501,0.9897487,0.9921162,0.989476,0.9940214,0.9882326
annamovie,0.99091655,0.9901426,0.99265623,0.9944889,0.9912901,0.9860179,0.98408353,0.9845489,0.99236757,0.99076337,0.99488,0.98732966,0.9946028,0.9999999,0.99466413,0.9868393,0.9869301,0.9992865,0.98540425,0.98510003,0.98967177,0.9777351,0.994774,0.9903745,0.98804164,0.9790533,0.9842528,0.9899589,0.989987,0.9918278,0.9878162,0.9940767,0.9905245,0.9936505,0.9836395,0.98230165,0.9909418,0.9936214,0.98764586,0.9844188,0.99125665,0.99274045,0.96926737,0.9943073,0.9873044,0.9886636,0.99395865,0.9910121,0.99516505,0.99507207,0.99591494,0.9898404,0.9968852,0.9815454,0.9825761,0.9821512,0.98233676,0.99083954,0.9899654,0.9935267,0.99484736,0.9864571,0.9765916,0.9900623,0.9873466,0.99251145,0.98537326,0.99531686,0.9977286,0.98381865,0.9918622,0.9730179,0.9796968,0.9928157,0.9915279,0.99298894,0.9835199,0.9629172,0.99626255,0.98220277,0.99431,0.98485583,0.98976153,0.98448557,0.9916885,0.97734493,0.9921757,0.9942416,0.9864767,0.9847864,0.9915383,0.9918622,0.9912889,0.99278146,0.99138486,0.99510616,0.98768556,0.97761095,0.99337643,0.99673045,0.9948509,0.9927149,0.9827255,0.994158,0.9931668,0.99325377,0.9951264,0.9862835,0.9751078,0.98305625,0.9845456,0.9918012,0.98725575,0.98431647,0.9892921,0.98747176,0.9933988,0.99234134,0.98382246,0.9895589,0.9911694,0.9880264,0.9902241,0.9930092,0.990911,0.98859465,0.9945943,0.9935556,0.9934812,0.9759663,0.98438406,0.9892662,0.9951866,0.97182953,0.9846935,0.98826957,0.984101,0.991117,0.9926982,0.99178344,0.99236757,0.9815043,0.9923009,0.9894032,0.9903055,0.9983248,0.987724,0.985083,0.98054576,0.9910416,0.9810696,0.99542797,0.99545515,0.96946543,0.9895858,0.98668617,0.98669267,0.9930066,0.9856386,0.9788374,0.99236757,0.9822442,0.99566156,0.99238807,0.9882986
apollo11movie,0.9950216,0.9886603,0.9837874,0.98768854,0.99311316,0.9800766,0.9945078,0.991059,0.99745184,0.98719084,0.9886042,0.9748105,0.9949485,0.99466413,1.0000001,0.99325377,0.98375064,0.9931154,0.98804426,0.99107844,0.97947913,0.9635367,0.9965959,0.9945991,0.97818786,0.95929074,0.9687054,0.9818729,0.97879326,0.98862714,0.9782094,0.99429196,0.9910099,0.9947068,0.97641623,0.963695,0.9959969,0.98694205,0.9901851,0.97085613,0.977119,0.99098545,0.9541948,0.9886325,0.98973674,0.9795904,0.9977987,0.98696554,0.98945946,0.99487525,0.9931209,0.99539256,0.99465793,0.99031925,0.98290914,0.9863543,0.96593887,0.988658,0.991269,0.99218327,0.9833132,0.97704375,0.9780016,0.99486274,0.9912286,0.98110026,0.97692513,0.9921784,0.9933152,0.9781046,0.9930755,0.95168245,0.9794025,0.9907221,0.9869232,0.9848863,0.9798577,0.980044,0.99332374,0.9933426,0.9900831,0.98968494,0.9928368,0.9802939,0.9876575,0.9648671,0.9912529,0.9973379,0.97166955,0.98951393,0.9781845,0.9930755,0.9771707,0.9916842,0.9958111,0.9959673,0.97829336,0.98809034,0.99642193,0.993948,0.9868789,0.9847597,0.97588265,0.9905778,0.9784676,0.99051267,0.9951733,0.9932032,0.96602553,0.97247887,0.98884404,0.9801051,0.98229885,0.964381,0.9839027,0.9912419,0.99593544,0.979542,0.9900681,0.99592036,0.9916446,0.9846139,0.9964926,0.98589915,0.98412055,0.9897192,0.99119747,0.9827205,0.9900112,0.9663296,0.9924191,0.9892188,0.9885762,0.9493143,0.9876927,0.99010205,0.9904918,0.99042904,0.9921484,0.98167115,0.99745184,0.97043866,0.9855866,0.9951345,0.98560303,0.99237776,0.97836334,0.9857238,0.992856,0.9898645,0.9916646,0.99038976,0.99270046,0.9514703,0.98484707,0.9819471,0.9848642,0.9891353,0.9814564,0.984079,0.99745184,0.97772646,0.9950842,0.99380493,0.9784137
arcticdogsmovie,0.9972324,0.9917819,0.98653245,0.986161,0.9833693,0.97342736,0.99055964,0.9815724,0.99340737,0.9793985,0.98416275,0.97445154,0.9888664,0.9868393,0.99325377,1.0000001,0.98054826,0.9866116,0.9867689,0.99345917,0.97951317,0.9723862,0.9874355,0.99355817,0.98324656,0.9600117,0.9572453,0.98348993,0.9833515,0.9910906,0.97749907,0.99284387,0.9804578,0.9859,0.9704604,0.9656288,0.98803014,0.9904777,0.9872159,0.9636012,0.9717792,0.99263483,0.9673286,0.98922324,0.98888195,0.9766636,0.98886704,0.98717904,0.9892642,0.993675,0.99347854,0.99160194,0.98953456,0.9877522,0.9772584,0.9817502,0.97173744,0.9898534,0.98948383,0.98625517,0.97607243,0.9841755,0.9765869,0.98341095,0.98120004,0.9762588,0.9732195,0.98600143,0.98938394,0.98688215,0.9863558,0.9552518,0.9751838,0.99001247,0.9805365,0.9799906,0.9753671,0.9752414,0.9893384,0.9866713,0.98137164,0.9885213,0.98459864,0.98494506,0.9869874,0.961795,0.9836657,0.9907461,0.9647395,0.98876417,0.9789517,0.9863558,0.9732196,0.99101573,0.99248385,0.98579043,0.97709244,0.98685426,0.9923381,0.98218864,0.983112,0.981654,0.9740308,0.9846414,0.97138506,0.9941344,0.98810524,0.98563325,0.9808189,0.9741501,0.9826922,0.9794208,0.9849278,0.9631821,0.9801423,0.993873,0.99741125,0.9709609,0.9873317,0.98807913,0.98781925,0.992548,0.995105,0.9773375,0.9852791,0.9874793,0.98906344,0.98324287,0.97868633,0.97219783,0.99509513,0.9783224,0.9891317,0.9564387,0.9877098,0.98578906,0.9875429,0.9854044,0.9897891,0.9848329,0.99340737,0.98137176,0.98409456,0.9818006,0.98384625,0.9895322,0.98055595,0.9749426,0.98272765,0.98939496,0.98834616,0.98891276,0.9861196,0.9433696,0.97625846,0.97955316,0.9880976,0.98061574,0.9865088,0.9856515,0.99340737,0.9705592,0.98783445,0.9862245,0.98317254
arcticmovie,0.98237383,0.9864366,0.9786917,0.9767137,0.9935322,0.977992,0.98142374,0.98261607,0.98177487,0.9970344,0.9893269,0.98305726,0.9928854,0.9869301,0.98375064,0.98054826,0.99999994,0.9898306,0.9887728,0.96308744,0.97739303,0.97118115,0.9909881,0.98473215,0.9716406,0.97402537,0.9781117,0.9922951,0.98315346,0.9887555,0.99071884,0.9840328,0.9866396,0.9905106,0.97922814,0.9766799,0.9810137,0.9822357,0.9825484,0.9505467,0.9749752,0.98516357,0.9670234,0.9829587,0.9723411,0.9731189,0.9868809,0.9709774,0.9904334,0.9843742,0.9874064,0.98627776,0.98807144,0.9847882,0.9669281,0.9844436,0.9695709,0.9839544,0.9866124,0.9725968,0.97922146,0.967806,0.9896286,0.98326504,0.9827426,0.97943807,0.9609302,0.9927427,0.9848769,0.96821517,0.97062486,0.9648413,0.991703,0.9771984,0.9920134,0.99194175,0.9816785,0.9765374,0.9918809,0.9770927,0.9877063,0.9878769,0.9929235,0.99497795,0.98138505,0.9578377,0.9924266,0.9880911,0.95767844,0.9658243,0.97607285,0.97062486,0.9730555,0.9885008,0.9880992,0.9840465,0.9894717,0.957479,0.98645616,0.98900056,0.98867285,0.9788683,0.9741104,0.9724034,0.9823589,0.98907477,0.98892325,0.98459524,0.97019345,0.9562317,0.9763293,0.9831225,0.97640735,0.9708026,0.98963636,0.9906917,0.98257005,0.9817494,0.97646827,0.98746276,0.9897188,0.97805274,0.9727783,0.9788764,0.97394854,0.993902,0.97731173,0.9770552,0.9864895,0.9862299,0.9873891,0.98720104,0.99272263,0.96272093,0.9890494,0.97842103,0.99135345,0.9909162,0.9690302,0.9765526,0.98177487,0.98241246,0.9879083,0.9839524,0.98957324,0.9876449,0.9721557,0.98235327,0.9764835,0.98176855,0.97998047,0.9808399,0.98468196,0.9508448,0.9602739,0.9591596,0.9884125,0.9903324,0.99138266,0.98950666,0.98177487,0.99365866,0.97912234,0.990101,0.9856001
artofracingmovie,0.9894354,0.99256617,0.99144816,0.99246824,0.9930121,0.98203075,0.98315734,0.98410213,0.9902379,0.9923557,0.99650174,0.9878425,0.99464643,0.9992865,0.9931154,0.9866116,0.9898306,1.0,0.9838818,0.98186654,0.988165,0.9818679,0.99324083,0.9902569,0.98659354,0.9808971,0.98401827,0.9919305,0.99024826,0.9908977,0.9878798,0.9946029,0.9889121,0.9933366,0.982744,0.9859992,0.98841214,0.9942004,0.98463804,0.9804572,0.9899694,0.99466217,0.9726822,0.9959804,0.9852866,0.99155736,0.99178904,0.98963827,0.9957683,0.99590087,0.9952863,0.990147,0.9981637,0.9822328,0.98184687,0.9839683,0.9821182,0.99329334,0.9901555,0.99005634,0.99303055,0.9860441,0.9782308,0.98955715,0.9872307,0.9936732,0.98352003,0.9973653,0.99829584,0.98493356,0.98797834,0.97441065,0.98352945,0.98979205,0.99270433,0.9929455,0.98490137,0.96372616,0.9965828,0.98129153,0.9948314,0.98738474,0.9889496,0.9864402,0.9915376,0.97229177,0.99476004,0.9945375,0.9829546,0.98132074,0.9915205,0.98797834,0.9926489,0.9945761,0.9908741,0.99258006,0.9893269,0.97305685,0.99193776,0.99582887,0.99699736,0.99334264,0.98060596,0.9914517,0.9954028,0.99336183,0.99369615,0.9860971,0.9785491,0.9799517,0.9816955,0.9919999,0.9878811,0.9852524,0.9917018,0.988445,0.9923673,0.9912862,0.98176086,0.9887718,0.98999095,0.98918575,0.9869532,0.99006927,0.9883062,0.9909422,0.993075,0.99281234,0.9934645,0.98047787,0.98454666,0.9890597,0.9964061,0.9760588,0.9871739,0.9841356,0.98683274,0.9903019,0.9890217,0.9932469,0.9902379,0.9842349,0.99549603,0.98824376,0.98896056,0.99856484,0.98998106,0.9831267,0.9794984,0.9910859,0.97869444,0.9940677,0.99423105,0.9685063,0.98485595,0.9817238,0.9861863,0.9931384,0.9885781,0.9811146,0.9902379,0.98475564,0.99233556,0.99049926,0.9907697
avengers,0.9934858,0.97840697,0.98147357,0.98584175,0.98429346,0.9846421,0.9893546,0.9777226,0.9915425,0.99109167,0.9799298,0.9777382,0.98967063,0.98540425,0.98804426,0.9867689,0.9887728,0.9838818,0.9999999,0.97442114,0.97744226,0.9647607,0.9940593,0.9894535,0.9785363,0.96069103,0.9666836,0.98551506,0.98380774,0.9946966,0.9913321,0.9813066,0.9854784,0.98914784,0.9720029,0.9590196,0.9916263,0.9819476,0.9932607,0.9572687,0.9731198,0.9821104,0.9644299,0.97838384,0.98684984,0.96098423,0.9934824,0.978014,0.9872588,0.9842472,0.99019617,0.9881262,0.98109365,0.9822411,0.9602641,0.9749605,0.9717913,0.9775635,0.9854575,0.9839318,0.9764277,0.97356457,0.9849112,0.9779433,0.982436,0.96920913,0.968134,0.9839626,0.9820051,0.9725922,0.9830901,0.95438427,0.97807974,0.9910168,0.98363996,0.98790455,0.97016233,0.9759838,0.9897287,0.9783407,0.9875986,0.9823725,0.99382854,0.99110794,0.9795472,0.9699455,0.97904444,0.9845968,0.9611677,0.98340803,0.97702247,0.9830901,0.9633392,0.9820953,0.9878224,0.9904677,0.97987163,0.98015845,0.9918013,0.9867122,0.9798338,0.9767001,0.97503144,0.9776098,0.96889853,0.99170506,0.9936867,0.9812204,0.96677613,0.9694653,0.99226147,0.97712815,0.98096615,0.9602662,0.97865015,0.99023235,0.99032867,0.9772287,0.9916333,0.99102384,0.99141735,0.97979546,0.98533005,0.9842089,0.9850652,0.9837236,0.9778165,0.97956204,0.98017514,0.97711116,0.99246424,0.979392,0.9901649,0.9466948,0.9858955,0.99448955,0.9863232,0.9942559,0.97955894,0.9715578,0.9915425,0.9758814,0.97525764,0.9866435,0.99457514,0.9855535,0.9651907,0.9792951,0.9757058,0.9816563,0.9923858,0.9828507,0.9825244,0.94029254,0.97568774,0.9739861,0.9899045,0.9842048,0.9849123,0.98709416,0.9915425,0.9773608,0.98651946,0.99555236,0.97671103
beachbummovie,0.990925,0.98419255,0.9858285,0.9851479,0.9729542,0.97412884,0.97998995,0.9776481,0.9889363,0.965315,0.97863585,0.9696322,0.98228717,0.98510003,0.99107844,0.99345917,0.96308744,0.98186654,0.97442114,1.0000001,0.97879815,0.9578136,0.9815926,0.9839794,0.9815006,0.95519835,0.9573089,0.9725768,0.9764563,0.9833061,0.9650635,0.9873663,0.97917014,0.9806296,0.97068024,0.9580492,0.9839874,0.9847929,0.98133254,0.97681594,0.97478247,0.9847737,0.95087653,0.98435396,0.9827169,0.9740181,0.9843729,0.98495203,0.9804971,0.98828346,0.98901737,0.9815031,0.9845555,0.9757609,0.98357016,0.97549564,0.9667017,0.9800141,0.9828341,0.99020004,0.9787452,0.98242426,0.957237,0.981946,0.97134364,0.97466654,0.9786078,0.9774783,0.9860103,0.97923785,0.9905415,0.95354587,0.95989275,0.98904514,0.9731994,0.97270834,0.9717882,0.9575478,0.9819819,0.98436725,0.9729652,0.972624,0.9739936,0.96820956,0.98555046,0.9679529,0.9745228,0.9865266,0.975419,0.9872966,0.97459155,0.9905415,0.97338915,0.98084784,0.9872976,0.98535913,0.9676526,0.98747593,0.98576283,0.97956294,0.9761552,0.977448,0.97620624,0.99117374,0.9666057,0.98574173,0.9823623,0.9814603,0.9686546,0.97744447,0.9740286,0.9772736,0.97547674,0.9612479,0.96992534,0.9821848,0.9922034,0.971609,0.9781623,0.9783581,0.97970396,0.9843528,0.99688965,0.9802137,0.98381627,0.9745604,0.9932173,0.98232055,0.9763477,0.9499337,0.98211116,0.97559786,0.9794332,0.9477168,0.9697251,0.98301655,0.9709731,0.9742614,0.9962599,0.9816484,0.9889363,0.9688998,0.97549194,0.9757483,0.97585315,0.98465973,0.9751841,0.9732535,0.9797786,0.98701763,0.97855574,0.99058294,0.98727065,0.9528368,0.98483694,0.9893448,0.97720224,0.9770773,0.9694283,0.96751165,0.9889363,0.9590723,0.99034315,0.9782877,0.975006
bernadettefilm,0.9835063,0.98339945,0.9953909,0.9909103,0.9735977,0.9877207,0.9662674,0.9756244,0.97836906,0.97444713,0.9885371,0.99367094,0.986715,0.98967177,0.97947913,0.97951317,0.97739303,0.988165,0.97744226,0.97879815,0.99999994,0.9740982,0.9817388,0.9757004,0.9955165,0.9899955,0.98528975,0.99068445,0.9945251,0.98954433,0.9889349,0.98119557,0.9820684,0.98128086,0.9904413,0.98661107,0.97132915,0.99325913,0.98098564,0.98531455,0.9911193,0.9807811,0.9730079,0.98623073,0.9790649,0.97834957,0.9810624,0.98270446,0.9902158,0.982225,0.99272776,0.9724585,0.98460436,0.96500266,0.97925246,0.9697581,0.9934472,0.97881705,0.98634064,0.98013747,0.9935313,0.9899006,0.9758457,0.9748223,0.96898615,0.9914702,0.97228014,0.9798186,0.984204,0.97961533,0.9765963,0.985226,0.9677845,0.9880432,0.9861975,0.9932767,0.982835,0.94218737,0.989453,0.9622526,0.9799766,0.96743524,0.9796317,0.9862488,0.990949,0.99061877,0.9764834,0.9799634,0.9855477,0.97154367,0.9928842,0.9765963,0.9876103,0.9812094,0.9773564,0.9834711,0.9923449,0.96081084,0.98536205,0.9840112,0.98575276,0.9888403,0.9913191,0.98263276,0.98146874,0.9902248,0.9801016,0.9721701,0.9803729,0.9790281,0.9694022,0.99604344,0.9858518,0.9933087,0.98608506,0.9838485,0.9847995,0.9914923,0.9655885,0.9732864,0.98498464,0.98066586,0.9804276,0.98992574,0.98987794,0.98015445,0.9907763,0.9923291,0.9834367,0.97247505,0.9742614,0.9814621,0.9890375,0.980655,0.971742,0.9798305,0.96357834,0.9824036,0.9863281,0.987811,0.97836906,0.9871832,0.98439103,0.96726304,0.9903728,0.99072593,0.9854648,0.98513484,0.96093804,0.9874418,0.96660775,0.9917818,0.990279,0.9782885,0.9771812,0.9826986,0.9901709,0.9834157,0.98494625,0.97337395,0.97836906,0.9750667,0.9861193,0.98305446,0.989127
