movie,21bridgesmovie,47metersdown,abeautifuldaymovie,abominablemovie,adastramovie,adogsjourneymovie,aftermathmovie,aftermovie,ahiddenlifefilm,alitamovie,angelhasfallen,angrybirdsmovie,annabellemovie,annamovie,apollo11movie,arcticdogsmovie,arcticmovie,artofracingmovie,avengers,beachbummovie,bernadettefilm,blackandbluemovie,blackchristmas,blindedbythelightmovie,bombshellmovie,booksmart,breakthroughmovie,brianbanksmovie,brightburnmovie,brittanyrunsmov,captainmarvelofficial,captivestatemovie,catsmovie,charliesangels,childsplaymovie,clarathefilm,coldpursuitmovie,countdown,currentwarmovie,darkwatersmovie,detectivepikachumovie,disneyaladdin,disneyfrozen,disneymaleficent,doctorsleepmovie,dolemiteismyname,dontletgomovie,doramovie,downtonabbey_official,dumbo,escaperoom,everybodyknowsmovie,fastandfuriousmovie,fightingwmyfam,fivefeetapartfilm,fordvferrari,freaksthefilm,geminimanmovie,glassmovie,gloriabellmovie,godzillamovie,goldfinchmovie,goodboysmovie,goodliarmovie,gretafilm,halathemovie,happydeathdaymovie,harrietfilm,hellboymovie,hersmellmovie,highlifemovie,highstrungmovie,honeyboymovie,hotelmumbaifilm,httydragon,hustlemovie,hustlersmovie,isntitromantic,itmovieofficial,jayandsilentbob,johnwickmovie,jojorabbitmovie,jokermovie,judythefilm,jumanjimovie,justmercyfilm,knivesout,lalloronamovie,lastblackmansf,lastchristmasthemovie,latenightmovie,lighthousemovie,lionking,littlethemovie,littlewomenmovie,littlewoodsfilm,longshotmovie,lordsofchaosmovie,lucyintheskyfilm,mamovie2019,marriagestory,meettheaddams,meninblack,midsommarmovie,midwaymovie,missbalamovie,missinglinkfilm,motherlessbklyn,onceinhollywood,onthebasisofsex,overcomermovie,peanutbutterfalcon,petsematarymovie,piercingmovie,playingwithfire,playmobilthemovie,pomsmovie,queenandslim,rambomovie,readyornotfilm,richardjewellfilm,rocketmanmovie,scarystoriesmovie,secretlifeofpets,serenityfilm,shaftmovie,shazammovie,spidermanmovie,spiesindisguise,starwars,stormboymovie,stubermovie,taosdfilm,teenspiritmov,terminator,theaeronautsmov,thebestofenemies,thedeaddontdie,thefarewell,thehighwaymen,thehummingbirdprojectfilm,theintrudermovie,theirishmanfilm,thekitchenmovie,thelegomovie,themustangfilm,thenightingalefilm,theprodigymovie,thesunisalsoastar,theupsidefilm,tolkienmovie,toystory,triplefrontier,uglydolls,uncutgems,underthesilverlake,usmovie,wavesmovie,whatmenwant,wonderparkmovie,wrinklestheclown,xmenmovies,yardiefilm,yesterdaymovie,zombieland
21bridgesmovie,1.0,0.98565704,0.99921685,0.9986956,0.99561477,0.9873891,0.9983307,0.9987808,0.99899,0.9969411,0.9983003,0.9917192,0.9985841,0.9980917,0.9974879,0.9994582,0.99533695,0.9968218,0.99309504,0.9957524,0.99953026,0.99809885,0.998461,0.9967618,0.99237114,0.9725188,0.99271894,0.98671556,0.99878985,0.9983524,0.98394334,0.9966859,0.9893969,0.9905419,0.9791748,0.9852661,0.9963067,0.99318415,0.99491346,0.9925379,0.992839,0.9967508,0.9872434,0.99725103,0.9939576,0.9950621,0.99738914,0.9955628,0.99471086,0.9994418,0.99598086,0.99628264,0.995119,0.9793925,0.989515,0.9891855,0.9876792,0.9980064,0.99062085,0.9945212,0.9963281,0.997913,0.9990198,0.99813396,0.99377185,0.99534154,0.9829429,0.9959556,0.99453664,0.9851556,0.99645805,0.98191917,0.98618263,0.99231577,0.99228364,0.99761176,0.99734545,0.9961889,0.99632007,0.9858134,0.99047583,0.99869436,0.99877703,0.99472624,0.9951856,0.9944206,0.996256,0.9956956,0.99196404,0.9980848,0.9899263,0.99645805,0.9968431,0.9939943,0.9884861,0.99345374,0.9974656,0.99893767,0.9987641,0.9848633,0.987087,0.9951211,0.9905794,0.9918785,0.9854211,0.99475735,0.9972946,0.9984877,0.9896408,0.963377,0.9942385,0.9905221,0.99634796,0.9887277,0.9925655,0.9955597,0.9992167,0.99067885,0.99573815,0.998307,0.993534,0.9958287,0.9971386,0.98592204,0.9950027,0.99395037,0.9966257,0.99236804,0.99217033,0.98202693,0.99874955,0.98911536,0.98954713,0.9600236,0.9892472,0.9975869,0.99743193,0.99382097,0.99666494,0.9977406,0.99899,0.9978349,0.9907321,0.9983212,0.9936412,0.9911076,0.9762533,0.9924365,0.9984842,0.9881349,0.99871695,0.9906698,0.9977477,0.97552544,0.994795,0.992221,0.99282426,0.98803395,0.9968686,0.98951495,0.99899,0.9918586,0.99531376,0.99697495,0.9919727
47metersdown,0.98565704,1.0,0.98853683,0.98966205,0.9922799,0.98473054,0.98073477,0.97928613,0.9827731,0.9936194,0.98540354,0.98036474,0.98929816,0.98733145,0.98930633,0.98799163,0.9942819,0.98481894,0.9902116,0.9742437,0.98465955,0.99153185,0.9923926,0.9929329,0.9870019,0.99210095,0.9961553,0.99947375,0.9864347,0.97956663,0.99253863,0.9940186,0.99630255,0.98424965,0.9956132,0.99513334,0.9953121,0.99714714,0.9915845,0.9860511,0.9854519,0.99180216,0.9902573,0.99484813,0.9905836,0.9961263,0.9934929,0.9802487,0.9860524,0.9901436,0.9851502,0.99000376,0.9834705,0.98062557,0.99454504,0.987042,0.9875177,0.9824081,0.9937169,0.9822674,0.9858581,0.9883002,0.98828644,0.9892422,0.9881263,0.9898576,0.97082967,0.98900485,0.98323655,0.97138923,0.98549956,0.99075,0.98223937,0.99698925,0.9981605,0.98632276,0.9890482,0.9828106,0.9951534,0.99917996,0.97355646,0.9907533,0.98959225,0.9965912,0.9913618,0.9875724,0.9854536,0.98448706,0.994751,0.99355674,0.9937986,0.98549956,0.98853725,0.9694089,0.9938447,0.9943411,0.98481715,0.9871181,0.9849188,0.9965769,0.99444693,0.9967111,0.9882633,0.98740983,0.99645185,0.98551154,0.98442763,0.9869439,0.9853027,0.98841214,0.99513686,0.99619794,0.99259293,0.9934014,0.9842305,0.987463,0.9852012,0.99631715,0.9762434,0.9848334,0.9940233,0.96832013,0.9922906,0.9856706,0.96756184,0.98633105,0.9899506,0.9980556,0.99340296,0.99894065,0.99077576,0.9944111,0.9911384,0.98992765,0.9826365,0.9892074,0.99455345,0.989751,0.9831318,0.9899021,0.9827731,0.992566,0.99349815,0.98985946,0.98940396,0.9957479,0.9919941,0.9923846,0.9883781,0.985801,0.9924144,0.9985368,0.9920829,0.97810984,0.9854368,0.98035693,0.9865311,0.97770876,0.9888658,0.9919836,0.9827731,0.9981744,0.99271065,0.9846054,0.98999214
abeautifuldaymovie,0.99921685,0.98853683,0.9999999,0.9992824,0.99777937,0.9893095,0.99591464,0.997938,0.9985345,0.9966746,0.99813455,0.99086994,0.99923897,0.99754,0.99888873,0.99825144,0.994813,0.9970966,0.9947657,0.99328005,0.99820805,0.99793714,0.9988025,0.99725676,0.9921799,0.97232944,0.9923532,0.9886035,0.9980077,0.9964514,0.98488647,0.9973232,0.9891294,0.9890945,0.9819179,0.9865246,0.9966627,0.9953059,0.9980234,0.9900483,0.9909458,0.99580914,0.98752004,0.99857223,0.9960916,0.9950194,0.9981877,0.9970201,0.9939244,0.998869,0.9960955,0.99481905,0.9935399,0.97589356,0.99135584,0.9897956,0.9850608,0.99562806,0.989506,0.9911662,0.9948928,0.99841243,0.99898976,0.9963398,0.99141806,0.995723,0.98790526,0.9936762,0.9927524,0.9800731,0.99457556,0.9838841,0.9830572,0.99328184,0.993026,0.9953981,0.99555933,0.9937471,0.9964921,0.98890334,0.98629874,0.99812645,0.99751866,0.9955531,0.9954616,0.9940354,0.99572456,0.9968954,0.9924384,0.9986248,0.9888891,0.99457556,0.9981595,0.9911354,0.988092,0.9966122,0.99776787,0.9993874,0.99717665,0.98487383,0.98728085,0.9969393,0.9903662,0.9898367,0.9858414,0.99378383,0.99752533,0.99662346,0.9862356,0.9639483,0.99583864,0.9903373,0.9968762,0.9886272,0.9931104,0.99674594,0.99906445,0.99173003,0.99223906,0.996483,0.992752,0.99335605,0.99890184,0.98846716,0.9939744,0.99097633,0.9978974,0.99438965,0.9959065,0.9840094,0.99881566,0.99286604,0.9883982,0.9651743,0.98712295,0.99568594,0.99745667,0.99632573,0.9944933,0.99606365,0.9985345,0.99923867,0.99125355,0.99832237,0.99204,0.9909907,0.98099154,0.99273396,0.99675786,0.99135834,0.99839664,0.99220103,0.99776113,0.9756143,0.992297,0.98850423,0.99430543,0.9833782,0.99709845,0.99231756,0.9985345,0.9939605,0.99754393,0.9988822,0.9923129
abominablemovie,0.9986956,0.98966205,0.9992824,1.0,0.99653435,0.98901856,0.99433845,0.9961647,0.998317,0.9959532,0.9993736,0.9925928,0.99882036,0.99668163,0.9976725,0.9984128,0.99570596,0.9959113,0.99177337,0.9900852,0.9969008,0.99828106,0.9978329,0.9981323,0.9959823,0.9739204,0.99422216,0.9900607,0.99862176,0.9974799,0.9822769,0.9983992,0.98986083,0.9932555,0.98510975,0.98971474,0.9979112,0.99697024,0.9971136,0.9930674,0.99364096,0.99618447,0.9922497,0.99900657,0.9933026,0.99625784,0.9970774,0.993847,0.996095,0.9990436,0.9971381,0.99692684,0.99615514,0.97640574,0.9948662,0.98603636,0.988245,0.99687994,0.9894665,0.9926952,0.99697465,0.9980866,0.99757653,0.99672395,0.99263793,0.99740183,0.9878556,0.9950741,0.9951385,0.98308975,0.9967787,0.9868015,0.9809069,0.9935953,0.99443525,0.995276,0.9966832,0.99551654,0.9979804,0.9911688,0.98368,0.99725556,0.9981057,0.9972882,0.9971946,0.9972987,0.9983655,0.9963275,0.992485,0.999376,0.98891616,0.9967787,0.9955571,0.9887816,0.9911669,0.99747777,0.99926007,0.99970496,0.9967346,0.9859572,0.9913293,0.99745,0.9900476,0.99278516,0.9863551,0.99425435,0.9980965,0.99775916,0.9873543,0.96422935,0.9966505,0.9916625,0.99607795,0.99070984,0.98876965,0.99867827,0.9995438,0.99336964,0.99016684,0.9952316,0.99267584,0.99072754,0.9985422,0.9851822,0.9907314,0.9912077,0.99567854,0.99549836,0.9961944,0.98626417,0.99912584,0.9950503,0.9919743,0.97040886,0.99200916,0.9968635,0.99747986,0.9980828,0.99654406,0.9969578,0.998317,0.99890405,0.9950373,0.9997111,0.9949271,0.9921616,0.98125577,0.995527,0.99747014,0.9933791,0.99859065,0.9929336,0.9985271,0.98143774,0.9947421,0.99179083,0.9929807,0.98401123,0.994512,0.9889813,0.998317,0.9957382,0.996455,0.9974418,0.99488544
adastramovie,0.99561477,0.9922799,0.99777937,0.99653435,0.9999999,0.9832226,0.9924004,0.99489945,0.9958117,0.99616057,0.99310136,0.98168033,0.9987738,0.99753886,0.99955153,0.9943373,0.9924177,0.9979164,0.9982151,0.9880931,0.99485576,0.9943202,0.9979546,0.9978006,0.9867558,0.9754592,0.9922776,0.99069196,0.9925284,0.98988867,0.98922074,0.9946023,0.9895801,0.9820721,0.98158336,0.9844056,0.99652827,0.996237,0.9990637,0.983861,0.9837854,0.99237126,0.9837199,0.99775445,0.9989536,0.99494463,0.9972869,0.99676955,0.9869677,0.9961564,0.98937935,0.99257314,0.98619276,0.97103333,0.9916986,0.99424267,0.9800374,0.98919827,0.98945487,0.9840817,0.988412,0.9938361,0.9981431,0.99320996,0.9912467,0.9905017,0.98723805,0.98965806,0.98494667,0.96947867,0.9883651,0.979705,0.98422253,0.99659693,0.99367315,0.9936745,0.99113035,0.98642886,0.99539894,0.99139357,0.98078907,0.99610573,0.9938891,0.9955084,0.99079645,0.98900825,0.9911822,0.99780154,0.9904306,0.9971993,0.98868793,0.9883651,0.99718624,0.9823313,0.98519945,0.99656206,0.9938062,0.9968058,0.99174166,0.9868784,0.9877474,0.9964456,0.98521453,0.983785,0.9905092,0.9868408,0.99623024,0.9921194,0.98140216,0.9712275,0.9982424,0.98942244,0.99431545,0.9851288,0.9933315,0.9922658,0.99474144,0.9898054,0.98857963,0.9947503,0.99425244,0.98837966,0.9995273,0.98645115,0.9892487,0.9866555,0.9992739,0.9943131,0.9955655,0.9868394,0.9952553,0.99373984,0.9842858,0.97273344,0.9811078,0.99245894,0.9964875,0.9939681,0.98761284,0.99376696,0.9958117,0.99738574,0.98932546,0.9949189,0.98710394,0.9894553,0.9810237,0.9885227,0.99269,0.98649615,0.9967394,0.9956948,0.99742955,0.96696764,0.98601896,0.98153454,0.99814266,0.9763153,0.9973136,0.9949141,0.9958117,0.995443,0.9999825,0.9977906,0.9867758
adogsjourneymovie,0.9873891,0.98473054,0.9893095,0.98901856,0.9832226,1.0,0.9813185,0.9810579,0.981343,0.9882503,0.98923194,0.9956201,0.98381436,0.97912943,0.9832585,0.9889948,0.9914425,0.97586215,0.9801677,0.9829725,0.98629797,0.9935733,0.9892161,0.98199904,0.9877241,0.973637,0.9847338,0.9869651,0.9920697,0.9851101,0.979303,0.993496,0.9862391,0.9871786,0.98916036,0.9910424,0.9859263,0.9870462,0.98714125,0.98696995,0.9910086,0.99216676,0.98577476,0.9907276,0.9826719,0.9862108,0.9918263,0.9803696,0.99367034,0.98859984,0.99552625,0.9818957,0.98970836,0.9820659,0.9821677,0.9738227,0.985052,0.9867169,0.98497385,0.98698026,0.9908282,0.9954796,0.9847974,0.9866731,0.9739045,0.9952801,0.9719568,0.9866406,0.9911396,0.9812665,0.98855674,0.99485457,0.9698485,0.9803219,0.98752654,0.9793162,0.98918146,0.9890862,0.9880084,0.9857331,0.9799994,0.98938763,0.9890218,0.9870616,0.99494636,0.9876257,0.984475,0.97557795,0.9946168,0.98915154,0.98563343,0.98855674,0.9904831,0.98691165,0.98914874,0.9903208,0.9854879,0.9861797,0.99111676,0.9819424,0.97820145,0.99275786,0.9971535,0.9890493,0.97506315,0.9962696,0.97835714,0.9867177,0.9847048,0.96146995,0.9808438,0.9892158,0.9951687,0.9931079,0.98477834,0.99093544,0.9882153,0.99390763,0.9763347,0.98055774,0.9805605,0.9743738,0.985608,0.99555403,0.9764662,0.986179,0.98372453,0.9924198,0.9925202,0.9831384,0.9928821,0.98626083,0.9875471,0.9598238,0.9796897,0.98518395,0.98960644,0.9895034,0.9878317,0.983934,0.981343,0.99311143,0.9853498,0.9890329,0.9883379,0.99104005,0.99368215,0.9928595,0.988064,0.9944578,0.98827595,0.9817818,0.9831404,0.9865595,0.9874311,0.9804973,0.97098,0.98242915,0.98525065,0.98798126,0.981343,0.98636806,0.9828358,0.9848997,0.99498194
aftermathmovie,0.9983307,0.98073477,0.99591464,0.99433845,0.9924004,0.9813185,0.9999999,0.99818915,0.99666876,0.9962496,0.9937326,0.9866734,0.9958093,0.9976472,0.99467725,0.99791825,0.9931689,0.99554694,0.9926415,0.998259,0.9994621,0.99515784,0.99677294,0.9936952,0.9858696,0.97213924,0.99037445,0.9824557,0.99566096,0.9958701,0.98527515,0.9923365,0.9883178,0.985154,0.97152954,0.97899765,0.9930991,0.98746526,0.9895727,0.9900518,0.98937607,0.9951567,0.9801738,0.99299,0.99239033,0.9926364,0.9952393,0.99373865,0.98997444,0.99738646,0.9907988,0.99418235,0.99091035,0.9816724,0.9824476,0.9914343,0.98599005,0.9963072,0.99118215,0.9941212,0.9927081,0.99407935,0.998022,0.99770176,0.9945231,0.9899355,0.97288233,0.9952216,0.9907478,0.98498917,0.9934735,0.97413534,0.99173164,0.99037963,0.9889939,0.99855673,0.9958843,0.99399966,0.99289024,0.9790922,0.995324,0.99787647,0.99715674,0.9905471,0.9901625,0.9887342,0.9912554,0.9924872,0.9893714,0.9944418,0.99031174,0.9934735,0.9949492,0.99508965,0.98439044,0.98636425,0.99226344,0.99503237,0.99777865,0.9837915,0.9822886,0.99036443,0.98815846,0.9889256,0.98496175,0.99183553,0.9938101,0.99690866,0.9908589,0.96457434,0.99034786,0.98829323,0.99386203,0.9848606,0.9938201,0.9887137,0.9954574,0.98593384,0.99939495,0.9995342,0.9938911,0.9974985,0.9931788,0.98295516,0.9950558,0.99524164,0.9952391,0.98713136,0.98464584,0.9773759,0.99540967,0.9804486,0.98557675,0.9499262,0.9845284,0.9966006,0.99549896,0.9859507,0.99391323,0.99696875,0.99666876,0.99366456,0.98466986,0.9941112,0.99039245,0.98866653,0.96823543,0.9867851,0.99729526,0.97828895,0.9967474,0.9877241,0.9951612,0.9663264,0.9926355,0.99083924,0.9910381,0.99062425,0.9970236,0.9877032,0.99666876,0.9863787,0.99196446,0.99280214,0.9859484
aftermovie,0.9987808,0.97928613,0.997938,0.9961647,0.99489945,0.9810579,0.99818915,1.0,0.9989997,0.9938716,0.9954578,0.9855213,0.99780977,0.9979569,0.99735326,0.996786,0.9899077,0.9978959,0.9932414,0.99630034,0.9986985,0.9940613,0.9963447,0.9943711,0.9860894,0.9631735,0.98697084,0.9795909,0.99546707,0.9963217,0.98033756,0.9918444,0.983006,0.9832527,0.96909505,0.97607166,0.99237734,0.9884644,0.9936067,0.98583245,0.9860485,0.99207276,0.9789101,0.9937779,0.9939718,0.99035335,0.9945989,0.9978307,0.98884636,0.99687916,0.99146783,0.9923494,0.9898108,0.97109956,0.98362195,0.98962563,0.97939485,0.99476975,0.9852445,0.98942465,0.9912737,0.99465245,0.99857646,0.9948587,0.9908958,0.98977834,0.9839945,0.99112856,0.98882365,0.9777691,0.99162126,0.9720421,0.9840814,0.98884755,0.98645467,0.9960787,0.9929042,0.9914947,0.9917668,0.9788248,0.98870987,0.99629575,0.99537057,0.98984224,0.98934096,0.9889729,0.99260926,0.9966222,0.9858124,0.99475133,0.9841859,0.99162126,0.99600613,0.9931439,0.9800659,0.989616,0.99525464,0.9975559,0.99603975,0.97772783,0.9799731,0.9905265,0.9842267,0.98465306,0.9803886,0.98941904,0.9969914,0.99513483,0.9832082,0.9551356,0.99158263,0.98361427,0.99235696,0.98044395,0.99268425,0.99151474,0.9973702,0.98336625,0.99605703,0.9978642,0.9901212,0.998533,0.99569607,0.98201877,0.99828815,0.9892682,0.9965774,0.9865026,0.98828095,0.9737548,0.99530417,0.9841547,0.98144007,0.95022696,0.98240304,0.9938838,0.9938311,0.9899912,0.992298,0.9945292,0.9989997,0.99491656,0.9838842,0.9949129,0.98712873,0.9842287,0.9677064,0.9853246,0.9950063,0.98225844,0.99579465,0.9862181,0.99538094,0.9641177,0.98916554,0.98662406,0.99404496,0.9821843,0.9964171,0.987557,0.9989997,0.9866187,0.9944561,0.99740696,0.9847831
ahiddenlifefilm,0.99899,0.9827731,0.9985345,0.998317,0.9958117,0.981343,0.99666876,0.9989997,0.9999998,0.99401635,0.9977536,0.98723894,0.9990223,0.99835426,0.99798536,0.9974846,0.99149996,0.99841154,0.991974,0.99257284,0.9977935,0.99514914,0.99648076,0.99707055,0.9911278,0.9657136,0.9900823,0.98289573,0.9966229,0.99774635,0.9788161,0.9941129,0.98461074,0.988019,0.9742021,0.9806565,0.9952011,0.9923861,0.9950419,0.98895407,0.9888228,0.9928638,0.98515,0.9958513,0.993038,0.99291503,0.9945844,0.996205,0.99146605,0.99794614,0.99314815,0.9954808,0.9928026,0.9704838,0.9896095,0.98715883,0.982555,0.9961532,0.9856772,0.99048203,0.9937498,0.99509984,0.99827987,0.99564373,0.99296373,0.99236786,0.98732644,0.9927358,0.991335,0.97945595,0.99417484,0.9761647,0.9817474,0.9910816,0.98938787,0.9964927,0.9943331,0.9932043,0.99464273,0.98363835,0.9847713,0.9960966,0.99652123,0.99330944,0.99198145,0.9934225,0.9965398,0.99822825,0.9865423,0.99694467,0.9846553,0.99417484,0.9945113,0.98977834,0.9840108,0.9928657,0.9982464,0.999342,0.9956546,0.9799222,0.9859452,0.9927132,0.98388636,0.9877579,0.9825912,0.98984134,0.99934435,0.99672085,0.9837322,0.95681286,0.9947088,0.9857956,0.99229246,0.98314476,0.9889398,0.9950176,0.9989133,0.9861868,0.99359083,0.99710214,0.9910969,0.99591136,0.9973522,0.97941166,0.9954492,0.989113,0.9959456,0.9893743,0.9909211,0.97802114,0.9965231,0.98923224,0.98571724,0.9596385,0.9880739,0.9955918,0.9949112,0.99394983,0.99456227,0.9961172,0.9999998,0.9959906,0.98940957,0.9975423,0.9905319,0.9861697,0.9699114,0.9891996,0.9961103,0.9861916,0.997023,0.9890425,0.99769324,0.9706992,0.9916995,0.98979014,0.9951078,0.9815207,0.9947796,0.98577434,0.9999998,0.99065596,0.99559385,0.99781203,0.98822904
alitamovie,0.9969411,0.9936194,0.9966746,0.9959532,0.99616057,0.9882503,0.9962496,0.9938716,0.99401635,0.99999994,0.9937001,0.98865235,0.9966029,0.9970263,0.9960461,0.9979759,0.9985614,0.9943008,0.99618727,0.99311894,0.9975628,0.9981892,0.99941397,0.99689865,0.98978627,0.98678327,0.99732316,0.994649,0.9959186,0.9924932,0.9944262,0.9974111,0.99713206,0.9885986,0.9867388,0.99068975,0.99801004,0.9953509,0.994104,0.9928085,0.99227124,0.99869084,0.988158,0.99785984,0.99604815,0.9984933,0.99928683,0.9917552,0.99260634,0.99844646,0.9926421,0.9961393,0.991677,0.9879999,0.99079394,0.9946642,0.9917019,0.9944171,0.9978422,0.9938713,0.9939294,0.99612653,0.99800235,0.99862087,0.9957995,0.994201,0.97378445,0.99721384,0.9918155,0.9842876,0.9941356,0.9863082,0.9934889,0.99746937,0.99751097,0.99752873,0.99752206,0.9935627,0.997958,0.99185437,0.99205303,0.99954593,0.99829197,0.9971215,0.9950879,0.9916871,0.99187815,0.9919383,0.9972107,0.9980232,0.9974735,0.9941356,0.9969715,0.98932624,0.99325895,0.9934241,0.99212724,0.99504584,0.99699956,0.9947255,0.99114,0.997489,0.9941056,0.9929254,0.9947735,0.9942589,0.99265003,0.996762,0.9941364,0.98109657,0.99590224,0.99690396,0.9984478,0.9938063,0.99525505,0.991563,0.9946458,0.99535215,0.9942644,0.99759567,0.9987003,0.98891675,0.9964398,0.99029815,0.98706037,0.9968226,0.99723256,0.99635434,0.99229133,0.9915036,0.99774474,0.9896559,0.99246895,0.9702657,0.9870689,0.9977012,0.999694,0.9907711,0.99330854,0.9981476,0.99401635,0.9974619,0.99205446,0.9959693,0.9943021,0.99698335,0.98403895,0.99349105,0.9978825,0.9852092,0.99916196,0.9966731,0.9975022,0.9755908,0.99392056,0.9904047,0.99229914,0.9909758,0.99834144,0.9949766,0.99401635,0.995328,0.99605364,0.99273634,0.9921201
angelhasfallen,0.9983003,0.98540354,0.99813455,0.9993736,0.99310136,0.98923194,0.9937326,0.9954578,0.9977536,0.9937001,0.99999994,0.9949713,0.99696094,0.99454707,0.99510294,0.9981737,0.9945477,0.9934443,0.987323,0.9899244,0.9961973,0.997759,0.9958051,0.99593574,0.9971032,0.96970356,0.9921634,0.98661685,0.99921006,0.9989174,0.9769821,0.9975424,0.9871086,0.9951398,0.9829956,0.9886019,0.99594736,0.9944979,0.9942897,0.99426574,0.9952144,0.9954924,0.99256057,0.99720114,0.9891874,0.99415153,0.99494004,0.99148446,0.99753827,0.9982262,0.99831057,0.99627316,0.9980054,0.9759761,0.9930873,0.98090255,0.98869663,0.9981467,0.98687094,0.994112,0.99826485,0.9979518,0.9956502,0.99607694,0.9908336,0.9978742,0.98650694,0.9949599,0.99709064,0.9863965,0.9980011,0.9865433,0.97753453,0.9897015,0.9918679,0.99402237,0.9967439,0.99717915,0.99647826,0.9877937,0.98353165,0.9958002,0.9977506,0.9952953,0.9973661,0.9981726,0.99906176,0.993988,0.9907813,0.99798673,0.98636514,0.9980011,0.9932828,0.990483,0.99050605,0.9953793,0.9995217,0.9990371,0.9970636,0.9824399,0.98947954,0.995351,0.98977304,0.9938223,0.9816362,0.99524856,0.9970207,0.99801385,0.9873423,0.95772105,0.99347603,0.989696,0.9946933,0.9900691,0.9855141,0.99907583,0.9997255,0.9919465,0.9895508,0.9937942,0.98957074,0.99094117,0.9960664,0.98280567,0.99072057,0.990913,0.9924619,0.9931975,0.9940613,0.98253816,0.998649,0.9927411,0.9921155,0.9650602,0.99367625,0.9964457,0.995604,0.9974051,0.9981202,0.99606025,0.9977536,0.9974593,0.994333,0.9994899,0.99548864,0.99046093,0.97829676,0.99561876,0.99736094,0.9937506,0.9972035,0.98894185,0.99673456,0.98408073,0.9959604,0.993617,0.98899734,0.9850471,0.9917028,0.98456025,0.9977536,0.99295366,0.99294114,0.99576163,0.99556124
angrybirdsmovie,0.9917192,0.98036474,0.99086994,0.9925928,0.98168033,0.9956201,0.9866734,0.9855213,0.98723894,0.98865235,0.9949713,1.0,0.98647726,0.9830418,0.98375756,0.9936805,0.9932451,0.97929245,0.9761846,0.98594695,0.98999494,0.995619,0.98951215,0.9855835,0.99506515,0.9706818,0.98766273,0.9840076,0.9967194,0.9938656,0.97235805,0.9949967,0.98563355,0.9959927,0.98580027,0.9910082,0.98878294,0.9873986,0.9846374,0.9951458,0.997786,0.9944655,0.991766,0.99123156,0.97850215,0.9885971,0.99041855,0.9795222,0.99896157,0.9924123,0.9987609,0.98936903,0.99774235,0.9837494,0.9856415,0.9696437,0.9916103,0.99509543,0.9850679,0.9950812,0.9976482,0.99631333,0.98660624,0.9917217,0.9814228,0.9980326,0.9720904,0.9928363,0.99852294,0.992713,0.9964289,0.9928584,0.9715364,0.9802193,0.9877876,0.9856147,0.9946901,0.99709064,0.99105793,0.98311335,0.98366916,0.9909441,0.99377364,0.9892178,0.9975096,0.99496317,0.9927125,0.97899354,0.9923092,0.99164146,0.98536056,0.9964289,0.9874765,0.99122214,0.99206585,0.98882955,0.9917464,0.99039936,0.99517107,0.98054844,0.98346233,0.991372,0.9952536,0.99584085,0.9739256,0.9986684,0.98446935,0.9936845,0.98990345,0.95515,0.9821944,0.9894568,0.99365395,0.9937327,0.9798159,0.9949147,0.99332875,0.99296695,0.9825438,0.98517865,0.982241,0.9811634,0.9859682,0.9859072,0.9807,0.9909005,0.9821351,0.9904728,0.98899746,0.9802785,0.995269,0.98538256,0.9931496,0.95667404,0.9913148,0.9916246,0.9907321,0.99126387,0.9964288,0.9898808,0.98723894,0.9926736,0.9903941,0.9939034,0.9950912,0.9910068,0.9830571,0.9961144,0.99368495,0.99385417,0.99117416,0.98065674,0.98729515,0.9923491,0.9956732,0.9923141,0.9721522,0.9892621,0.98391056,0.9793937,0.98723894,0.9862597,0.9813417,0.98526406,0.9978461
annabellemovie,0.9985841,0.98929816,0.99923897,0.99882036,0.9987738,0.98381436,0.9958093,0.99780977,0.9990223,0.9966029,0.99696094,0.98647726,1.0,0.9991061,0.99963266,0.9975029,0.99392575,0.9990313,0.99578744,0.9913321,0.99756604,0.9963844,0.9984872,0.99891895,0.9911585,0.97321135,0.9933103,0.9887989,0.9961957,0.995432,0.9853698,0.99608874,0.9892061,0.98756844,0.9802622,0.9849549,0.99759233,0.9959542,0.9978654,0.98892105,0.98869073,0.99447143,0.9869809,0.9982415,0.9966448,0.9958193,0.9972159,0.99681705,0.99127996,0.9985691,0.992921,0.9960395,0.9916293,0.9734246,0.9926428,0.9914573,0.9840805,0.9945448,0.98958,0.9895472,0.99313277,0.9958335,0.9992683,0.99622273,0.9940713,0.99329007,0.9875312,0.99333864,0.99032396,0.9773246,0.9933741,0.98027015,0.9846786,0.9954153,0.9934896,0.9966926,0.99471724,0.99191433,0.9968568,0.9894123,0.98437417,0.99751866,0.9969486,0.9962427,0.9933161,0.9933107,0.99569166,0.9988263,0.99033844,0.99861753,0.9887252,0.9933741,0.9966539,0.9872814,0.9871344,0.9959928,0.997456,0.9993011,0.99525845,0.9856374,0.9892845,0.9961115,0.98641473,0.9882877,0.98846024,0.9902073,0.99895275,0.9962699,0.98503464,0.96636283,0.99787486,0.9897983,0.99477077,0.9865015,0.99179053,0.99521786,0.9981747,0.9900665,0.99240136,0.99723095,0.99441403,0.9929087,0.9995048,0.98387635,0.9927771,0.98999095,0.9984076,0.9935799,0.9943861,0.9846621,0.99742526,0.99296916,0.9876119,0.96853244,0.98723906,0.99596256,0.9973002,0.99535304,0.9931391,0.9967787,0.9990223,0.99794537,0.9916432,0.9978713,0.991199,0.98995936,0.9770871,0.9910603,0.99622005,0.98786676,0.9984389,0.99403733,0.9990797,0.9717861,0.99117696,0.9882052,0.9973588,0.981384,0.9969862,0.99110395,0.9990223,0.99478793,0.9986852,0.99845153,0.98965245
annamovie,0.9980917,0.98733145,0.99754,0.99668163,0.99753886,0.97912943,0.9976472,0.9979569,0.99835426,0.9970263,0.99454707,0.9830418,0.9991061,0.9999999,0.99858755,0.9972174,0.99337476,0.9993446,0.9962696,0.9930297,0.99809396,0.9949736,0.9980654,0.99829394,0.9878739,0.9746724,0.9932726,0.98721635,0.9945736,0.9944679,0.98718435,0.9938936,0.9897188,0.9850166,0.9761074,0.98175526,0.996781,0.99337626,0.99487424,0.9883741,0.98710805,0.99410534,0.98363197,0.99622273,0.99624014,0.99556035,0.99630225,0.9958645,0.98858714,0.9980415,0.9895745,0.99618506,0.98953533,0.9756568,0.9895516,0.9939219,0.9842307,0.99420017,0.99111396,0.99009025,0.99142575,0.9933927,0.99936664,0.9969491,0.99647593,0.9901157,0.9811159,0.99397844,0.9883758,0.97798735,0.9922741,0.9754311,0.9897621,0.99570847,0.9926004,0.99864125,0.99465454,0.9911433,0.9957885,0.986263,0.98790544,0.997654,0.9967397,0.9947795,0.9905123,0.99058443,0.9934849,0.9978493,0.989089,0.99715364,0.9900935,0.9922741,0.9955081,0.9876115,0.9855893,0.99196106,0.99483114,0.99748427,0.9949721,0.9864203,0.988113,0.9936673,0.9847367,0.98731136,0.99002606,0.9883199,0.9978286,0.99620795,0.9868544,0.9691577,0.99677765,0.98942006,0.9933967,0.9846749,0.99267435,0.9912326,0.99627745,0.98765415,0.99563587,0.99904704,0.99614775,0.9943896,0.99776995,0.98118067,0.99281013,0.9917404,0.9981862,0.9909298,0.9897333,0.9830734,0.9957456,0.9882253,0.98624337,0.9642461,0.98567504,0.9965168,0.9969334,0.99076945,0.9921201,0.997551,0.99835426,0.99560905,0.9890889,0.9959571,0.9901712,0.9892757,0.97163814,0.9881238,0.99634147,0.981312,0.99808764,0.99362963,0.99868447,0.96627986,0.99074674,0.988642,0.99759865,0.983865,0.99765795,0.99006796,0.99835426,0.9924664,0.9974204,0.99606323,0.9861559
apollo11movie,0.9974879,0.98930633,0.99888873,0.9976725,0.99955153,0.9832585,0.99467725,0.99735326,0.99798536,0.9960461,0.99510294,0.98375756,0.99963266,0.99858755,0.9999999,0.99590415,0.992334,0.99903023,0.997341,0.99079394,0.9966839,0.9950687,0.99822694,0.9979718,0.98802996,0.97189856,0.9915268,0.98815876,0.9943784,0.9929551,0.9865573,0.99477524,0.98803496,0.9836954,0.9788544,0.98288715,0.996349,0.99520355,0.99869066,0.98531353,0.9853453,0.9928911,0.98371136,0.9976447,0.99820286,0.9944468,0.9971658,0.998058,0.98857737,0.99728864,0.99108267,0.99358684,0.9884199,0.9707733,0.9908706,0.99311113,0.9804504,0.9918054,0.9884468,0.9862767,0.9903029,0.99497235,0.99910444,0.99439013,0.99193734,0.99137264,0.98844624,0.9907748,0.98710805,0.9724409,0.99036354,0.9783752,0.9840016,0.9951399,0.9923605,0.9951005,0.992412,0.98881865,0.99534583,0.98883575,0.98294824,0.996796,0.9951534,0.99493104,0.99138683,0.9904117,0.99309313,0.9988541,0.98951167,0.9975541,0.9875707,0.99036354,0.9974875,0.98587584,0.9844977,0.9958818,0.99574083,0.99831915,0.9936748,0.98453516,0.98670954,0.99566835,0.9852382,0.98487264,0.98802453,0.988245,0.99790657,0.99393386,0.9821402,0.966318,0.9975001,0.9882457,0.99432176,0.9843743,0.9933012,0.99353224,0.99675035,0.9886856,0.99113005,0.99630713,0.9935664,0.9921413,0.9995784,0.9853306,0.9928119,0.9877157,0.9992689,0.9929548,0.9947141,0.98374206,0.99621147,0.99251765,0.9843757,0.9677187,0.98289555,0.99371004,0.99644536,0.9943913,0.9900448,0.9948239,0.99798536,0.9976459,0.9890815,0.99614453,0.9880681,0.9884447,0.9777717,0.9886745,0.9941682,0.9867801,0.9973292,0.99376523,0.99794096,0.9674779,0.9878346,0.98399675,0.99811065,0.97809744,0.9975595,0.9931066,0.99798536,0.99402493,0.99943084,0.99893767,0.9872621
arcticdogsmovie,0.9994582,0.98799163,0.99825144,0.9984128,0.9943373,0.9889948,0.99791825,0.996786,0.9974846,0.9979759,0.9981737,0.9936805,0.9975029,0.9972174,0.99590415,0.99999994,0.99766904,0.9948763,0.9918753,0.9949075,0.99911135,0.9991815,0.99853,0.99684864,0.9942753,0.9782188,0.9953732,0.9897488,0.9993254,0.99822694,0.9858349,0.99800235,0.99274063,0.99345255,0.98335904,0.98920935,0.99741507,0.99416804,0.9934297,0.99578834,0.995807,0.99866325,0.99050444,0.9976428,0.9925129,0.9969227,0.99776244,0.9924156,0.9966325,0.9997881,0.99674493,0.99776185,0.9968583,0.9848579,0.9910893,0.9884918,0.9922703,0.99894726,0.9936608,0.9971092,0.998027,0.99812037,0.99811345,0.99944496,0.9953155,0.99685013,0.97856957,0.99831665,0.99663585,0.98944557,0.99821347,0.9858112,0.9882619,0.99345803,0.99468464,0.9981245,0.99919635,0.9980074,0.9977893,0.9881396,0.99192667,0.9991904,0.999843,0.99625224,0.9970128,0.9959476,0.99671036,0.9933593,0.9945783,0.99858207,0.99316484,0.99821347,0.99581164,0.99369645,0.9925058,0.9933383,0.99678147,0.99797195,0.99940336,0.9887859,0.9902036,0.99614143,0.9932717,0.9953395,0.9881008,0.9966653,0.9957814,0.99957055,0.99360484,0.968745,0.9943006,0.993915,0.99743104,0.9926,0.99164224,0.9956724,0.9985857,0.9936277,0.99553615,0.99804366,0.99522036,0.9933559,0.9961954,0.98655564,0.9916094,0.9966684,0.99530333,0.9941813,0.9918955,0.9858261,0.999315,0.98946613,0.9934194,0.9637155,0.9921537,0.99911016,0.9985358,0.9935207,0.99814004,0.9989843,0.9974846,0.9977728,0.9932199,0.9987309,0.99655265,0.99438876,0.9789888,0.9950622,0.9997275,0.98861885,0.9993559,0.9922327,0.9979258,0.9802622,0.99734926,0.99505705,0.99068546,0.9919026,0.99619865,0.9892654,0.9974846,0.99328727,0.994115,0.9945529,0.9944902
arcticmovie,0.99533695,0.9942819,0.994813,0.99570596,0.9924177,0.9914425,0.9931689,0.9899077,0.99149996,0.9985614,0.9945477,0.9932451,0.99392575,0.99337476,0.992334,0.99766904,1.0,0.98957086,0.9906015,0.98942983,0.9951784,0.9989369,0.9974489,0.9954973,0.99418896,0.9893476,0.9986516,0.99635136,0.996849,0.9929472,0.99108034,0.9988461,0.9982193,0.9941658,0.9921525,0.9958642,0.99799544,0.9959815,0.9914621,0.99701536,0.99681896,0.99968636,0.9938626,0.99757147,0.9909151,0.99890286,0.99779826,0.9859165,0.9964197,0.99776894,0.99512637,0.9969312,0.99532497,0.99154514,0.9931888,0.9880373,0.9966156,0.9956388,0.99794436,0.99650985,0.9968957,0.99650216,0.99467665,0.99844855,0.9946512,0.99719566,0.97091186,0.99874395,0.99575067,0.9900376,0.9968465,0.99264,0.98976004,0.9956694,0.9986252,0.99543804,0.998894,0.99627143,0.998757,0.9938961,0.9899843,0.99805874,0.9985544,0.9980045,0.9980846,0.9951261,0.99366075,0.98771024,0.9987882,0.99786013,0.99791074,0.9968465,0.9936448,0.98810834,0.99785244,0.99362445,0.9923889,0.99378496,0.99691457,0.9959897,0.99426895,0.9979495,0.99661475,0.9974719,0.9935594,0.9969282,0.9903251,0.99743426,0.9967063,0.98108864,0.9942033,0.99907315,0.99841225,0.9981199,0.9899992,0.99355555,0.9942559,0.9984778,0.9905371,0.9943487,0.997014,0.9839952,0.9940442,0.98927283,0.981639,0.9977287,0.99275154,0.9978173,0.99246603,0.99409455,0.99810517,0.9909818,0.9973695,0.97417796,0.9922171,0.99818265,0.99914026,0.99204415,0.9958228,0.9978985,0.99149996,0.9968298,0.99575037,0.99672645,0.99803996,0.9992857,0.98734957,0.9976523,0.9983206,0.98893666,0.9984132,0.9957447,0.9962517,0.9854651,0.9971862,0.9940683,0.9865938,0.9935037,0.9941823,0.9911082,0.99149996,0.9961634,0.9924116,0.98923695,0.9966946
artofracingmovie,0.9968218,0.98481894,0.9970966,0.9959113,0.9979164,0.97586215,0.99554694,0.9978959,0.99841154,0.9943008,0.9934443,0.97929245,0.9990313,0.9993446,0.99903023,0.9948763,0.98957086,1.0,0.9959679,0.9906714,0.9963216,0.99232405,0.9964138,0.997444,0.98539907,0.96794283,0.9897006,0.9837054,0.9923473,0.9928183,0.9834978,0.99148256,0.9850358,0.981167,0.9718984,0.97736335,0.9948397,0.9921621,0.9956817,0.9836033,0.9825637,0.9904083,0.98021775,0.994911,0.9962991,0.9927057,0.9943449,0.9972772,0.98524994,0.99615175,0.98731476,0.99360317,0.98637444,0.96744686,0.98824406,0.99264455,0.97810715,0.99136144,0.9862823,0.9852717,0.9882201,0.99152064,0.9985711,0.9937879,0.99351645,0.9874394,0.9856794,0.98984224,0.9846512,0.97117513,0.98898685,0.97095567,0.98496556,0.99381864,0.98942274,0.99623233,0.99104565,0.9874235,0.99341077,0.98410124,0.9828427,0.99528223,0.99398357,0.99264854,0.98752904,0.9883308,0.9922159,0.9993511,0.98489493,0.9956335,0.9850668,0.98898685,0.994673,0.9845543,0.98068005,0.9917977,0.994628,0.9973196,0.9920971,0.98141485,0.9849754,0.99180865,0.97991467,0.98237896,0.9865159,0.9843485,0.99844015,0.9934375,0.980547,0.96284986,0.99631274,0.98479056,0.99056226,0.9795739,0.9910525,0.99042594,0.99552727,0.98378235,0.9929032,0.9971694,0.9930115,0.99407136,0.9978742,0.97839844,0.99359846,0.98662615,0.998014,0.98848176,0.98962617,0.97908556,0.993709,0.9882193,0.9814251,0.96251,0.9820523,0.993377,0.9944153,0.99080426,0.98897535,0.99474615,0.99841154,0.9944498,0.9864043,0.99448615,0.9860113,0.98467255,0.9684079,0.98468006,0.9933041,0.98049057,0.9960211,0.9915486,0.99752176,0.96116334,0.9865329,0.98412514,0.9989236,0.97705257,0.9963211,0.98870593,0.99841154,0.99084336,0.9977988,0.99730337,0.9826448
avengers,0.99309504,0.9902116,0.9947657,0.99177337,0.9982151,0.9801677,0.9926415,0.9932414,0.991974,0.99618727,0.987323,0.9761846,0.99578744,0.9962696,0.997341,0.9918753,0.9906015,0.9959679,1.0,0.9900676,0.99410874,0.99161166,0.9970211,0.9942333,0.9786455,0.9773562,0.98983234,0.9887625,0.9885972,0.98490876,0.9940624,0.9907781,0.98977464,0.97451997,0.9767138,0.97953176,0.9931944,0.99149424,0.99565005,0.97932315,0.9788742,0.99088955,0.97567147,0.9943214,0.99975216,0.99258685,0.9966137,0.9959364,0.98136973,0.99352294,0.9840974,0.9885077,0.97999793,0.97371024,0.9844825,0.99868274,0.9769666,0.9851787,0.990913,0.98152,0.9832431,0.9907194,0.9971971,0.9916917,0.98983645,0.9852269,0.97812766,0.9874792,0.9794384,0.9659653,0.98337954,0.97419995,0.98968595,0.9955934,0.9913656,0.9928895,0.9885089,0.9821642,0.99181587,0.98694474,0.98485893,0.995541,0.991355,0.9915583,0.9859726,0.9816422,0.9840306,0.9939993,0.98985744,0.9935784,0.9901402,0.98337954,0.9972982,0.98252535,0.98122877,0.9911954,0.9871671,0.99216825,0.9900839,0.987406,0.98206884,0.99333006,0.98469174,0.9793671,0.99139386,0.9841108,0.9911821,0.988757,0.98158276,0.97586673,0.99475235,0.98821545,0.9934373,0.9822855,0.9971901,0.98503554,0.98993456,0.9866702,0.99037784,0.9948486,0.9947756,0.9879325,0.99632645,0.98830545,0.98822093,0.98700774,0.9992491,0.9910109,0.99058723,0.98453724,0.9919985,0.98664975,0.97937465,0.96529526,0.9730556,0.9898775,0.99506205,0.9865902,0.9825507,0.9915529,0.991974,0.9943982,0.98253167,0.9898372,0.9823696,0.9881582,0.9785859,0.98287326,0.99023676,0.9782714,0.99455446,0.99416584,0.99410963,0.95714235,0.9817207,0.9765784,0.996548,0.9771705,0.9987106,0.99731815,0.991974,0.99113065,0.99805254,0.9943124,0.9809402
beachbummovie,0.9957524,0.9742437,0.99328005,0.9900852,0.9880931,0.9829725,0.998259,0.99630034,0.99257284,0.99311894,0.9899244,0.98594695,0.9913321,0.9930297,0.99079394,0.9949075,0.98942983,0.9906714,0.9900676,1.0000001,0.99775964,0.99255764,0.99399483,0.9870837,0.9794933,0.965823,0.98374945,0.97647494,0.99324363,0.9925242,0.9830584,0.98852175,0.9836545,0.97926885,0.96566874,0.97339565,0.9869236,0.9807762,0.9859376,0.98505586,0.98572624,0.9924811,0.97230023,0.9886733,0.99000615,0.9866935,0.99316764,0.9927056,0.98696566,0.9937396,0.989198,0.98733974,0.98691297,0.9806812,0.9734344,0.9891697,0.98070747,0.9929162,0.9874524,0.9912539,0.98901105,0.99303985,0.99514455,0.9939527,0.98723185,0.9868818,0.9683235,0.9908635,0.98755383,0.98234636,0.9891846,0.9707769,0.98888093,0.98367614,0.98305047,0.9939195,0.992196,0.9909171,0.987122,0.9717492,0.99689454,0.995528,0.9935649,0.98405045,0.9867758,0.9825975,0.9850247,0.9868236,0.9874584,0.9896763,0.9867494,0.9891846,0.9947368,0.99813974,0.9786463,0.9815204,0.9872127,0.9908053,0.99665546,0.97801393,0.97240204,0.9863709,0.98870647,0.9843265,0.9776894,0.99144036,0.98782724,0.9927272,0.9879372,0.9577257,0.9831404,0.9836969,0.9927462,0.98120064,0.99524045,0.98430246,0.9920641,0.9819299,0.99810904,0.9964438,0.9884619,0.99716806,0.98854184,0.98632693,0.99575424,0.9928254,0.9925675,0.98250395,0.9811545,0.9701482,0.9926228,0.9734747,0.9793697,0.936379,0.97641224,0.9917207,0.99168664,0.98080957,0.9900038,0.99184275,0.99257284,0.99106467,0.9766456,0.989351,0.9850025,0.9847151,0.96702266,0.9819007,0.99366546,0.97537756,0.9926567,0.9807995,0.98912627,0.96094954,0.9881763,0.9850361,0.9848388,0.98930675,0.99559164,0.9875142,0.99257284,0.9793959,0.9873402,0.990258,0.98230076
bernadettefilm,0.99953026,0.98465955,0.99820805,0.9969008,0.99485576,0.98629797,0.9994621,0.9986985,0.9977935,0.9975628,0.9961973,0.98999494,0.99756604,0.99809396,0.9966839,0.99911135,0.9951784,0.9963216,0.99410874,0.99775964,1.0000001,0.9974602,0.9985119,0.9954844,0.9891877,0.97400504,0.9921797,0.9860012,0.99770117,0.99695927,0.9865757,0.9953583,0.9901103,0.9878898,0.97697335,0.9833516,0.99519753,0.9910729,0.9932364,0.99149865,0.991539,0.9968417,0.9839925,0.99593824,0.9944296,0.9944996,0.99749506,0.9954083,0.99287504,0.9988751,0.9941234,0.99517995,0.9931339,0.9819951,0.9862803,0.99163806,0.9873597,0.9971696,0.9920918,0.9945898,0.99479294,0.996976,0.99911106,0.9983329,0.9940473,0.9934193,0.9781996,0.9959539,0.99293303,0.98515904,0.99508023,0.97962904,0.9898715,0.99214435,0.9916048,0.9981873,0.9970506,0.9952787,0.9951499,0.98366344,0.9938186,0.9991092,0.99840534,0.9932455,0.9934903,0.9916136,0.9935488,0.9941392,0.9922317,0.9968281,0.99138784,0.99508023,0.9972196,0.9953018,0.9873034,0.9908748,0.9948349,0.9972104,0.9989054,0.98566085,0.9848884,0.99388,0.991061,0.9908224,0.98623943,0.994334,0.9953657,0.9978388,0.99100536,0.9659493,0.99276835,0.99057996,0.99645036,0.98805124,0.994847,0.9925211,0.99755496,0.98961866,0.9978057,0.9992312,0.9944418,0.9966379,0.9958082,0.9869793,0.99527025,0.9952959,0.99688333,0.9910046,0.989686,0.9811096,0.9977993,0.98559076,0.98806405,0.95597816,0.9864423,0.9972968,0.9973177,0.9904337,0.9953099,0.99756366,0.9977935,0.99674064,0.98798996,0.996496,0.9923246,0.9911241,0.97485757,0.9903404,0.9982426,0.98428893,0.99830365,0.9901528,0.99669254,0.97158223,0.99386454,0.99119604,0.99221694,0.98998225,0.99802285,0.9906725,0.9977935,0.98995155,0.9944699,0.9955036,0.9898092
