movie,21bridgesmovie,47metersdown,abeautifuldaymovie,abominablemovie,adastramovie,adogsjourneymovie,aftermathmovie,aftermovie,ahiddenlifefilm,alitamovie,angelhasfallen,angrybirdsmovie,annabellemovie,annamovie,apollo11movie,arcticdogsmovie,arcticmovie,artofracingmovie,avengers,beachbummovie,bernadettefilm,blackandbluemovie,blackchristmas,blindedbythelightmovie,bombshellmovie,booksmart,breakthroughmovie,brianbanksmovie,brightburnmovie,brittanyrunsmov,captainmarvelofficial,captivestatemovie,catsmovie,charliesangels,childsplaymovie,clarathefilm,coldpursuitmovie,countdown,currentwarmovie,darkwatersmovie,detectivepikachumovie,disneyaladdin,disneyfrozen,disneymaleficent,doctorsleepmovie,dolemiteismyname,dontletgomovie,doramovie,downtonabbey_official,dumbo,escaperoom,everybodyknowsmovie,fastandfuriousmovie,fightingwmyfam,fivefeetapartfilm,fordvferrari,freaksthefilm,geminimanmovie,glassmovie,gloriabellmovie,godzillamovie,goldfinchmovie,goodboysmovie,goodliarmovie,gretafilm,halathemovie,happydeathdaymovie,harrietfilm,hellboymovie,hersmellmovie,highlifemovie,highstrungmovie,honeyboymovie,hotelmumbaifilm,httydragon,hustlemovie,hustlersmovie,isntitromantic,itmovieofficial,jayandsilentbob,johnwickmovie,jojorabbitmovie,jokermovie,judythefilm,jumanjimovie,justmercyfilm,knivesout,lalloronamovie,lastblackmansf,lastchristmasthemovie,latenightmovie,lighthousemovie,lionking,littlethemovie,littlewomenmovie,littlewoodsfilm,longshotmovie,lordsofchaosmovie,lucyintheskyfilm,mamovie2019,marriagestory,meettheaddams,meninblack,midsommarmovie,midwaymovie,missbalamovie,missinglinkfilm,motherlessbklyn,onceinhollywood,onthebasisofsex,overcomermovie,peanutbutterfalcon,petsematarymovie,piercingmovie,playingwithfire,playmobilthemovie,pomsmovie,queenandslim,rambomovie,readyornotfilm,richardjewellfilm,rocketmanmovie,scarystoriesmovie,secretlifeofpets,serenityfilm,shaftmovie,shazammovie,spidermanmovie,spiesindisguise,starwars,stormboymovie,stubermovie,taosdfilm,teenspiritmov,terminator,theaeronautsmov,thebestofenemies,thedeaddontdie,thefarewell,thehighwaymen,thehummingbirdprojectfilm,theintrudermovie,theirishmanfilm,thekitchenmovie,thelegomovie,themustangfilm,thenightingalefilm,theprodigymovie,thesunisalsoastar,theupsidefilm,tolkienmovie,toystory,triplefrontier,uglydolls,uncutgems,underthesilverlake,usmovie,wavesmovie,whatmenwant,wonderparkmovie,wrinklestheclown,xmenmovies,yardiefilm,yesterdaymovie,zombieland
21bridgesmovie,0.9999998,0.96356773,0.9761398,0.9491787,0.97175604,0.9487556,0.9681912,0.9761973,0.9847715,0.9461564,0.9704589,0.9729983,0.97293884,0.9819155,0.97986984,0.97278535,0.96458095,0.9624057,0.98219293,0.9624217,0.97343737,0.9646193,0.9781901,0.9785617,0.9577476,0.9409462,0.95891553,0.97242177,0.97389174,0.9530609,0.9696756,0.9594932,0.9590168,0.96740115,0.9640435,0.95737994,0.9813296,0.9762386,0.9574438,0.9657557,0.9467969,0.97155005,0.96683705,0.98628473,0.9751248,0.9496912,0.97751606,0.9776999,0.9610221,0.9803456,0.9643693,0.97422165,0.9547233,0.9616534,0.9815778,0.9723744,0.9751823,0.9683995,0.975595,0.9800599,0.9740484,0.96945024,0.9730391,0.9775285,0.9407683,0.9567441,0.9704238,0.9674097,0.9650953,0.93314743,0.9759602,0.96576136,0.9451702,0.9626496,0.95912564,0.9532353,0.9750373,0.9647155,0.95310146,0.9760998,0.9734777,0.97509843,0.97998655,0.9607028,0.9626112,0.9622141,0.9682319,0.96150196,0.96912116,0.9839382,0.9418026,0.9759602,0.9696386,0.96550417,0.9725315,0.9629493,0.96935487,0.9645508,0.9673038,0.9805365,0.9563314,0.96080387,0.96567404,0.97277844,0.95725936,0.9621098,0.9791118,0.97068506,0.9374658,0.9682112,0.9819595,0.96584773,0.974807,0.94699043,0.97109073,0.98517895,0.99734277,0.9708701,0.98228675,0.97252876,0.96539295,0.9738019,0.98408407,0.942954,0.9789427,0.97391915,0.9664185,0.9574525,0.97547793,0.9621168,0.97948015,0.9796409,0.9660644,0.95089746,0.9732671,0.9474841,0.9875203,0.9723627,0.9789913,0.9555612,0.9847715,0.9708381,0.9493243,0.96285796,0.96319187,0.95820385,0.940502,0.95600325,0.96785927,0.9682866,0.97629076,0.97909486,0.9556949,0.96633995,0.96111155,0.9786624,0.9709494,0.9572813,0.96980506,0.9504578,0.9847715,0.9609222,0.9707985,0.97139114,0.95416224
47metersdown,0.96356773,1.0,0.970438,0.9510688,0.9636999,0.93477565,0.97099984,0.95968443,0.97523034,0.9519696,0.970293,0.9675002,0.94992834,0.9738873,0.97439355,0.97884613,0.9614405,0.9611005,0.9668172,0.9721904,0.95739347,0.96212715,0.95933187,0.9764159,0.94023085,0.9340745,0.9131496,0.95576227,0.96393645,0.9493642,0.9573824,0.95257103,0.95064276,0.96502334,0.9711185,0.9519884,0.96804225,0.94681185,0.96081185,0.9449753,0.9308138,0.9537232,0.9323751,0.9684594,0.97364396,0.95375335,0.9636807,0.96190727,0.9573424,0.95527947,0.9654588,0.965715,0.9587284,0.96999556,0.95735854,0.96967703,0.97130215,0.952029,0.97505784,0.96739686,0.9493995,0.9673209,0.9748254,0.9699816,0.92908025,0.94480276,0.9635879,0.97142714,0.9569027,0.9485629,0.9676114,0.96819985,0.9522642,0.94651836,0.9568402,0.92870426,0.97198176,0.94243115,0.9724914,0.95687926,0.98632056,0.9700667,0.95814186,0.9686759,0.9649421,0.95324534,0.9645349,0.96649694,0.9487928,0.9656045,0.9472173,0.9676114,0.95348203,0.96338385,0.97329617,0.95924884,0.9741871,0.97052735,0.9644142,0.970037,0.95346403,0.96753484,0.9619465,0.97079206,0.9476437,0.9615019,0.95529807,0.96486634,0.9355428,0.93426776,0.958535,0.9763802,0.96984494,0.9374123,0.94948715,0.9676245,0.96994853,0.9641027,0.9677295,0.97502387,0.9497696,0.9668507,0.97249293,0.9231878,0.96816087,0.95491445,0.9625964,0.96932214,0.9604851,0.95354825,0.9584394,0.9733012,0.9662347,0.9653204,0.9523882,0.95246375,0.97779644,0.95710856,0.972873,0.9638095,0.97523034,0.9473812,0.96177226,0.97277856,0.9664802,0.9312008,0.9151212,0.96084917,0.9621643,0.96459967,0.97096336,0.96212006,0.95323163,0.9545839,0.95386547,0.9590239,0.96223646,0.9617117,0.96527183,0.948862,0.97523034,0.96490645,0.96194196,0.9475638,0.9560017
abeautifuldaymovie,0.9761398,0.970438,1.0,0.9654409,0.97836673,0.930262,0.9859948,0.9838954,0.98962647,0.9655738,0.9802266,0.97499704,0.95790434,0.9767982,0.97489506,0.9846785,0.96697265,0.97482413,0.9738813,0.9651694,0.9786388,0.9851215,0.97784233,0.98369765,0.9639198,0.94080615,0.94589186,0.9753585,0.99463314,0.96944153,0.96159595,0.9698818,0.9441133,0.97313595,0.96882504,0.9658629,0.9888588,0.9438274,0.9748955,0.96725494,0.96784496,0.9506447,0.9355642,0.964266,0.96563184,0.9439012,0.98168087,0.9688095,0.9791989,0.95343,0.9919897,0.9825304,0.9497434,0.9735752,0.9664912,0.9769216,0.9787672,0.9655224,0.9700295,0.9859189,0.98087204,0.9649236,0.9674609,0.97483075,0.9644821,0.9546531,0.95331377,0.977632,0.984019,0.9485414,0.9830201,0.97508883,0.9670821,0.96633446,0.96209097,0.9676361,0.9824255,0.97686756,0.9659334,0.96495044,0.9791068,0.9806421,0.9750833,0.97038746,0.98095506,0.96105176,0.980129,0.9635029,0.96596736,0.97673756,0.948692,0.9830201,0.9460747,0.9699552,0.9854549,0.9685277,0.9668083,0.9807977,0.98078674,0.9628917,0.9565886,0.9583623,0.98795176,0.98062557,0.96683425,0.98887986,0.9779192,0.9773374,0.9664863,0.9591407,0.98102605,0.97793704,0.9589291,0.9325137,0.9632961,0.97711813,0.9810887,0.9788208,0.9871635,0.98322064,0.96922195,0.9642548,0.9838448,0.9299264,0.9825913,0.96468186,0.9558651,0.97823477,0.9709766,0.95162934,0.97613233,0.98988366,0.9582008,0.96104324,0.96042407,0.9681479,0.97651356,0.98217016,0.9857818,0.96698684,0.98962647,0.98316765,0.9561752,0.97060996,0.97210395,0.95175916,0.9344571,0.9598876,0.98542356,0.98264664,0.9809934,0.9830598,0.96775335,0.9676998,0.97978157,0.97253525,0.970686,0.96658146,0.97834736,0.94040775,0.98962647,0.9529312,0.9739006,0.97163343,0.9785561
abominablemovie,0.9491787,0.9510688,0.9654409,0.99999994,0.9492457,0.94562346,0.9724804,0.9474407,0.97143865,0.96109736,0.95523566,0.9645143,0.93823534,0.9561359,0.9647484,0.9779291,0.9321698,0.9713691,0.94599915,0.9554952,0.9407181,0.97933817,0.97411555,0.9625661,0.95079166,0.9385097,0.9117841,0.96353245,0.96679425,0.9652772,0.94094247,0.97528404,0.94279575,0.9456924,0.9691449,0.96106434,0.9681703,0.9289462,0.94450366,0.9491194,0.95426446,0.94364905,0.9134693,0.9529538,0.97325647,0.9308852,0.9740613,0.9322538,0.9762473,0.944379,0.97135276,0.9790614,0.9682639,0.96585125,0.9486103,0.9605978,0.97144556,0.9520987,0.97223735,0.95090616,0.9361636,0.9713619,0.96974474,0.96671456,0.9750199,0.95165735,0.9384867,0.9765694,0.9550371,0.9414612,0.94641584,0.96264374,0.9443213,0.9631425,0.97435486,0.9310647,0.9588271,0.94384336,0.9527692,0.94463855,0.96008855,0.96777666,0.96141124,0.95145094,0.97726196,0.9288851,0.95025635,0.9576803,0.9410932,0.96109086,0.94451314,0.94641584,0.93534917,0.95081437,0.9703559,0.97051334,0.9460045,0.9620676,0.9652966,0.95829284,0.9283233,0.96300495,0.956623,0.96208936,0.93425095,0.9744594,0.96941215,0.9604325,0.9709515,0.94600904,0.94834775,0.9664537,0.962949,0.92558634,0.95196855,0.9514501,0.9508245,0.9810895,0.96845174,0.977501,0.93639916,0.960822,0.9571748,0.9423087,0.9701942,0.95037276,0.95506305,0.94573605,0.9500793,0.91282785,0.9436013,0.97502923,0.9480957,0.94592124,0.9569842,0.96417856,0.9490026,0.9765831,0.9560954,0.9409224,0.97143865,0.96841043,0.93432826,0.9739464,0.94711244,0.96582067,0.93714976,0.9699163,0.95961726,0.9367742,0.9604483,0.9519742,0.93202126,0.9433756,0.9489321,0.93685454,0.96393615,0.931083,0.9534089,0.9408442,0.97143865,0.9683415,0.95950437,0.97823244,0.96210206
adastramovie,0.97175604,0.9636999,0.97836673,0.9492457,0.9999998,0.93025345,0.9730373,0.97938716,0.98608315,0.95671797,0.97110116,0.95854765,0.9694392,0.9814932,0.9761035,0.97831714,0.9684301,0.9758993,0.98250234,0.9607836,0.9770228,0.97019476,0.96311086,0.98120975,0.94655865,0.9059136,0.9540514,0.982933,0.97739375,0.9367874,0.9531096,0.9628687,0.9466943,0.9715121,0.96921134,0.96500796,0.9824667,0.9582309,0.97418094,0.94950074,0.93666923,0.9634763,0.9355196,0.96010673,0.9695051,0.9706693,0.96139205,0.96338564,0.95581496,0.95802414,0.9735787,0.9744033,0.94558996,0.95964307,0.9743497,0.9838995,0.97144765,0.9797774,0.96038663,0.98623854,0.95730275,0.94591725,0.9520616,0.98063,0.94238436,0.92922884,0.9391762,0.9702251,0.9795917,0.9233842,0.99010783,0.97006756,0.95787954,0.96837497,0.93612385,0.92556375,0.96323246,0.9538335,0.95285946,0.9544272,0.9651411,0.97367555,0.9665385,0.96869594,0.95978785,0.9681117,0.97370374,0.9786367,0.98089015,0.9786447,0.9121603,0.99010783,0.9509996,0.98425585,0.96460485,0.96343,0.97532994,0.9730415,0.9577846,0.9418856,0.9822775,0.9422036,0.97181875,0.9768121,0.94396144,0.9738162,0.9679329,0.98234075,0.94317096,0.9728405,0.97837263,0.96315974,0.9675127,0.9539984,0.97250944,0.97007763,0.97530085,0.964333,0.9780096,0.96629256,0.95906323,0.9609512,0.9822368,0.9365891,0.96245056,0.9789405,0.9696215,0.9585705,0.982571,0.9500911,0.98063034,0.9802594,0.9711446,0.94843954,0.96068007,0.94531304,0.9670513,0.96810675,0.9901989,0.9748829,0.98608315,0.96652865,0.97699594,0.9627094,0.9702403,0.93880624,0.9250211,0.96083933,0.98239493,0.9714395,0.97677636,0.96948224,0.9667339,0.94393986,0.96379936,0.9787586,0.9473507,0.96980083,0.97869825,0.9520185,0.98608315,0.9581322,0.9765524,0.95684433,0.9475104
adogsjourneymovie,0.9487556,0.93477565,0.930262,0.94562346,0.93025345,0.9999998,0.9631151,0.9398005,0.96139234,0.91864866,0.9419596,0.94411653,0.95336586,0.95148295,0.95544773,0.9339363,0.9318563,0.9205874,0.9570021,0.9464194,0.9515296,0.928134,0.9676847,0.948777,0.94043374,0.9466966,0.9022357,0.9673439,0.9287884,0.9337451,0.9517551,0.952841,0.95391923,0.9036916,0.9374439,0.9366628,0.95538276,0.93649006,0.9291327,0.9362083,0.939581,0.9257761,0.9382225,0.95350546,0.9569882,0.9198548,0.9552466,0.9537634,0.92555016,0.9420681,0.92103827,0.95204026,0.9407489,0.93662447,0.9498158,0.9277406,0.9426068,0.92699885,0.9470985,0.9403022,0.94069266,0.952709,0.9706034,0.965285,0.9391102,0.9328648,0.9258997,0.9570459,0.93760204,0.9121737,0.9275608,0.9443076,0.8898413,0.9683433,0.93472373,0.9325696,0.9386639,0.92777354,0.9497465,0.9407008,0.94702005,0.965729,0.9760452,0.9183595,0.94479465,0.92302334,0.9512057,0.94809204,0.923677,0.94021976,0.9395519,0.9275608,0.94397014,0.94339794,0.92978334,0.94452786,0.938553,0.94982004,0.9590793,0.9527902,0.91037405,0.9640657,0.92603505,0.92877436,0.926499,0.9285429,0.9592282,0.94166374,0.91260576,0.95401156,0.9474852,0.9406816,0.9589497,0.932637,0.94503164,0.94435227,0.9461323,0.9462228,0.9602957,0.96429455,0.95897675,0.9484038,0.9505825,0.9746565,0.95984966,0.9499802,0.9653642,0.93210083,0.9344553,0.9294843,0.95495456,0.9461767,0.94964385,0.92996323,0.9498368,0.93796104,0.9391894,0.94809204,0.93943727,0.91591936,0.96139234,0.9270461,0.9057181,0.9441683,0.94980735,0.967315,0.9579924,0.94613457,0.93805355,0.9230256,0.9480741,0.9534564,0.93193835,0.93980676,0.916919,0.92824376,0.9470474,0.9084431,0.9531133,0.9353944,0.96139234,0.9369745,0.9643992,0.9501777,0.9074981
aftermathmovie,0.9681912,0.97099984,0.9859948,0.9724804,0.9730373,0.9631151,1.0,0.9813226,0.99038166,0.9688294,0.9729605,0.97073495,0.9583997,0.97800213,0.97450185,0.97947204,0.9680644,0.9577954,0.9768305,0.96854746,0.9751037,0.97442967,0.9800758,0.9809967,0.96355486,0.9467297,0.931987,0.9860712,0.9793931,0.9701279,0.9674407,0.9706673,0.9449596,0.95621634,0.9673272,0.9704531,0.98626375,0.9428044,0.97056437,0.9553505,0.9707429,0.94348997,0.9403019,0.9654599,0.9739511,0.9458007,0.9794839,0.9709139,0.9689156,0.9519181,0.9783401,0.9796149,0.95049554,0.97090894,0.9648736,0.9707305,0.97941685,0.9560104,0.97003025,0.97512054,0.97319126,0.97016966,0.9755633,0.9767905,0.9715049,0.9496199,0.95616025,0.97921735,0.97785234,0.95461345,0.9690819,0.98032254,0.95606405,0.9778387,0.9616533,0.96398246,0.9776645,0.96568483,0.96895367,0.96425474,0.9808636,0.992688,0.9820609,0.9687483,0.9818132,0.9537809,0.9809384,0.9678541,0.95434165,0.9651798,0.96247816,0.9690819,0.943907,0.97135127,0.97377974,0.9694617,0.9675658,0.98464763,0.9894579,0.9648541,0.9525124,0.9740353,0.9791983,0.9653771,0.9677991,0.97834593,0.9796122,0.97238266,0.9548676,0.9587986,0.97829324,0.9755637,0.97235477,0.9391806,0.96643066,0.97461665,0.9723294,0.97540057,0.98582256,0.9964712,0.97257715,0.9703313,0.9811579,0.9570313,0.9814107,0.96640986,0.96836686,0.97358197,0.95881927,0.9563778,0.97772026,0.98459905,0.96919703,0.9729099,0.96314836,0.9746281,0.9703826,0.97414285,0.97876984,0.96292216,0.99038166,0.9683522,0.9485976,0.9705006,0.9766374,0.9591104,0.9478405,0.96308345,0.97957265,0.9755369,0.9871611,0.9799194,0.97263986,0.9709156,0.96355134,0.957931,0.9688172,0.95062417,0.9874786,0.95217276,0.99038166,0.95120233,0.98178333,0.9714699,0.9627134
aftermovie,0.9761973,0.95968443,0.9838954,0.9474407,0.97938716,0.9398005,0.9813226,1.0000001,0.988707,0.95358926,0.9604956,0.96485156,0.96114784,0.97154653,0.9683085,0.9660356,0.97125113,0.9587275,0.98398364,0.95097405,0.9829459,0.9652287,0.975606,0.9872513,0.96348816,0.93394536,0.93195593,0.9776803,0.9831059,0.9547605,0.97730243,0.96091294,0.9555897,0.9593224,0.96313184,0.95306045,0.98559964,0.94271016,0.9727154,0.9528884,0.9501668,0.9417064,0.95052695,0.9614879,0.95710945,0.9404386,0.97575176,0.98376215,0.95480597,0.94890887,0.97976744,0.9769551,0.9417792,0.9698224,0.9748813,0.96495163,0.9576582,0.96692,0.97283083,0.9839232,0.97659075,0.96386874,0.9637165,0.9704009,0.9592095,0.9401791,0.9469425,0.96756566,0.98458016,0.9407377,0.979584,0.9671119,0.94819343,0.9763375,0.94578135,0.96548444,0.9772325,0.97984225,0.96169466,0.9578378,0.96666294,0.9767804,0.976402,0.9634541,0.967097,0.96751505,0.97674835,0.9625972,0.9673224,0.96641654,0.94816786,0.979584,0.94827205,0.97821856,0.96985215,0.95084375,0.9629204,0.97792274,0.9731354,0.9522988,0.95381945,0.9470007,0.98524946,0.96513486,0.9639929,0.9810047,0.983374,0.967816,0.9341919,0.971462,0.97461003,0.95988476,0.9627613,0.92345154,0.96518,0.97428936,0.9791237,0.9702445,0.9844522,0.978681,0.9662146,0.97005635,0.98151714,0.94287926,0.9784057,0.97296643,0.9621958,0.97563004,0.9660601,0.96009886,0.9818774,0.9784281,0.9604195,0.95349056,0.9664039,0.95972425,0.9667264,0.9686403,0.9855182,0.95700085,0.988707,0.9664773,0.9396582,0.96550965,0.96831506,0.95057607,0.9331255,0.9599798,0.9771846,0.9815824,0.9776607,0.97529167,0.96762764,0.9577017,0.9773299,0.9675582,0.9652985,0.95164955,0.983381,0.9371168,0.988707,0.9415514,0.98376524,0.96534085,0.9542176
ahiddenlifefilm,0.9847715,0.97523034,0.98962647,0.97143865,0.98608315,0.96139234,0.99038166,0.988707,0.9999999,0.96533316,0.9800485,0.9739149,0.97675234,0.986135,0.9896968,0.9856105,0.9699938,0.9760642,0.9867721,0.9718049,0.98692167,0.98139226,0.99023485,0.9919287,0.96436936,0.9441906,0.95195526,0.9866894,0.9882116,0.96479833,0.976496,0.9811022,0.9706466,0.9654819,0.9773433,0.9711387,0.99657017,0.9622419,0.98114294,0.9732416,0.96455777,0.964972,0.9513544,0.9773397,0.9827136,0.9635304,0.9886614,0.98200077,0.9732913,0.9712993,0.9819085,0.98958564,0.96644133,0.9776098,0.9809004,0.9787856,0.981224,0.97556555,0.98212516,0.9925909,0.97833633,0.9742562,0.98306876,0.9893653,0.9671684,0.95835304,0.9610319,0.98614496,0.9847538,0.9441783,0.9881089,0.97677857,0.9549774,0.9823722,0.9633734,0.9598438,0.9776057,0.9738315,0.9762087,0.9679944,0.9830842,0.9889125,0.98853123,0.9687819,0.97931486,0.9722634,0.9866383,0.9826438,0.9735165,0.98413086,0.9526945,0.9881089,0.96905905,0.98345274,0.9800604,0.9779099,0.97809577,0.98563766,0.9818442,0.97275174,0.9664321,0.969297,0.9824768,0.98488164,0.9631347,0.9827995,0.98891926,0.98139894,0.95683944,0.9766658,0.9884736,0.9742744,0.9771715,0.95096374,0.9770672,0.98470545,0.98837537,0.9820045,0.99364,0.98891956,0.9769768,0.97792095,0.9932897,0.9614556,0.98992676,0.9833269,0.9827173,0.9734482,0.9819069,0.95681125,0.9892568,0.99064213,0.97316307,0.95921093,0.9764698,0.97091097,0.9810017,0.9825657,0.99181443,0.9685681,0.9999999,0.9799113,0.962266,0.9777358,0.97945523,0.9711161,0.9546776,0.9765917,0.98626536,0.975615,0.98698014,0.987436,0.97353107,0.9679281,0.9777914,0.9805594,0.9795554,0.9668408,0.98335904,0.9600398,0.9999999,0.9683562,0.9921479,0.9841645,0.9629613
alitamovie,0.9461564,0.9519696,0.9655738,0.96109736,0.95671797,0.91864866,0.9688294,0.95358926,0.96533316,1.0,0.9577691,0.9484685,0.91634995,0.9579263,0.9625501,0.966153,0.9298004,0.9558771,0.93477124,0.95812523,0.95083565,0.9726964,0.9537169,0.9637091,0.93803036,0.9342942,0.9059236,0.95112294,0.97410387,0.9422908,0.9219021,0.9494744,0.90998167,0.95186466,0.9398471,0.9566898,0.95443916,0.9174689,0.94232994,0.950759,0.9352077,0.9370276,0.90432703,0.9450764,0.94532734,0.93465954,0.9543117,0.9200892,0.97868323,0.93224764,0.96806055,0.9729371,0.936052,0.9438421,0.94197285,0.9503567,0.9623479,0.943916,0.96017087,0.95208186,0.9305454,0.94467366,0.94479835,0.952851,0.9686207,0.9704408,0.9557733,0.9708858,0.9455479,0.9471052,0.94582444,0.95908076,0.9401711,0.94618016,0.9482881,0.9155812,0.9496099,0.9205862,0.93288624,0.9630455,0.9599291,0.95279735,0.94690585,0.9479618,0.9581268,0.91733164,0.94456196,0.9441214,0.9373901,0.9623408,0.93535715,0.94582444,0.9170772,0.9524174,0.9527548,0.9614488,0.9382657,0.96199155,0.9656523,0.93857676,0.9446139,0.949404,0.9651866,0.9564214,0.9598121,0.962293,0.95978993,0.9565005,0.95424974,0.9403294,0.95610434,0.95518124,0.9374472,0.92469984,0.9383628,0.95025325,0.95165795,0.95320225,0.9666162,0.9681805,0.925138,0.936279,0.95119065,0.90033895,0.95467424,0.9522859,0.93384755,0.93496925,0.9480748,0.9202269,0.94649357,0.96839416,0.9337538,0.94220346,0.9460135,0.9456783,0.94683176,0.9606285,0.9579476,0.9557347,0.96533316,0.96443206,0.9463929,0.9502866,0.94814426,0.9525469,0.9285594,0.93038756,0.96114177,0.93912375,0.9627148,0.9631335,0.9360803,0.9515675,0.94722086,0.92989683,0.9538567,0.9179203,0.95578325,0.9261832,0.96533316,0.9508866,0.9422935,0.958191,0.96910715
angelhasfallen,0.9704589,0.970293,0.9802266,0.95523566,0.97110116,0.9419596,0.9729605,0.9604956,0.9800485,0.9577691,1.0000001,0.9621833,0.96122205,0.9723713,0.97521764,0.9747556,0.9450907,0.9679059,0.9720965,0.96888095,0.9706338,0.97797245,0.96786463,0.97445863,0.9529398,0.9505267,0.9308437,0.9617705,0.9744741,0.94553226,0.9420489,0.96025735,0.94444156,0.9596346,0.9645512,0.95767605,0.9734586,0.9541706,0.95899403,0.9690669,0.9472254,0.9481449,0.91744727,0.9607756,0.96296835,0.93839186,0.96937877,0.95499957,0.97481096,0.94834036,0.9720097,0.97321224,0.96199673,0.96572715,0.9550406,0.9747175,0.97802365,0.9502148,0.95382744,0.97687757,0.961179,0.9544867,0.9650024,0.97770876,0.9552248,0.9612698,0.95408386,0.9824602,0.96388304,0.9409792,0.9716144,0.9567755,0.9595484,0.9547237,0.96596354,0.9526429,0.96511173,0.94427943,0.96433115,0.9608062,0.9825619,0.97617763,0.9756824,0.96033293,0.96810806,0.9402217,0.97079444,0.9699631,0.94908834,0.9731509,0.94835836,0.9716144,0.94923985,0.97110337,0.9714665,0.98099655,0.9647969,0.9702556,0.97527015,0.96529835,0.95270175,0.9652223,0.9638292,0.9791862,0.9431025,0.9688383,0.9616797,0.98467165,0.96312624,0.9508795,0.9702543,0.97990036,0.9559539,0.9440072,0.9462023,0.9623972,0.9740257,0.97138685,0.97833145,0.96741366,0.9699315,0.9495375,0.9686313,0.9267725,0.97273195,0.95122254,0.96309376,0.96750635,0.9678476,0.9318119,0.96631765,0.98084104,0.9502101,0.9434042,0.9472978,0.94877285,0.971946,0.9726516,0.97285694,0.9514987,0.9800485,0.97157335,0.9644452,0.97100705,0.9636621,0.9517187,0.9408188,0.9580033,0.9741572,0.9574995,0.96492046,0.970355,0.9418721,0.9513863,0.95621026,0.96246296,0.94988227,0.96136713,0.96208483,0.9311387,0.9800485,0.9559465,0.96054333,0.96135706,0.96592826
angrybirdsmovie,0.9729983,0.9675002,0.97499704,0.9645143,0.95854765,0.94411653,0.97073495,0.96485156,0.9739149,0.9484685,0.9621833,0.9999999,0.9507026,0.9722147,0.97041285,0.97167593,0.9793796,0.9737857,0.9676653,0.96333843,0.9587787,0.96719056,0.9797068,0.9790042,0.97828543,0.95505226,0.9319986,0.96853787,0.9691303,0.9809253,0.96607375,0.96031064,0.95351815,0.9833149,0.9760444,0.9561465,0.9744205,0.95102465,0.9538606,0.9427554,0.9421046,0.9525408,0.9607531,0.97243786,0.9704017,0.9393509,0.98411405,0.9625624,0.9577434,0.95666075,0.97975886,0.96812916,0.96911913,0.9803044,0.9786437,0.974859,0.97928745,0.9517639,0.9716234,0.9681092,0.9574311,0.9771759,0.9661279,0.97080547,0.9346313,0.9486694,0.95345944,0.9706681,0.96721023,0.9498552,0.9642915,0.9768767,0.9652156,0.9541641,0.97243375,0.95367014,0.9876029,0.96379864,0.9535945,0.9621496,0.9698275,0.9663765,0.9672845,0.97681475,0.98607314,0.95061475,0.9638468,0.95262533,0.96345097,0.97147,0.96047807,0.9642915,0.95717615,0.9529004,0.9907031,0.9582881,0.96859,0.9597009,0.97236574,0.9772175,0.9458786,0.9604849,0.9758044,0.9714889,0.9549352,0.97990954,0.9780374,0.9674579,0.9563852,0.9510958,0.9575778,0.9863589,0.96910334,0.93573743,0.9614816,0.9725816,0.9740604,0.9817712,0.9766643,0.9769323,0.9507968,0.9727412,0.9683589,0.94367594,0.97265744,0.9494021,0.9450478,0.97557145,0.9629693,0.97383314,0.9564022,0.983972,0.9713677,0.96994376,0.9475489,0.97118753,0.9789743,0.97566235,0.9710553,0.95968807,0.9739149,0.9569537,0.94099534,0.97779655,0.98085016,0.9465039,0.926183,0.9616259,0.9634775,0.9718475,0.9713661,0.963139,0.9621463,0.95687,0.9612268,0.9640716,0.97186065,0.9642747,0.9601538,0.93531936,0.9739149,0.9595694,0.9675994,0.9662786,0.972641
annabellemovie,0.97293884,0.94992834,0.95790434,0.93823534,0.9694392,0.95336586,0.9583997,0.96114784,0.97675234,0.91634995,0.96122205,0.9507026,1.0000002,0.96745616,0.9646,0.96370363,0.9424759,0.9519802,0.9807956,0.9360712,0.96341,0.9589133,0.9645547,0.963393,0.94214404,0.9164374,0.94855946,0.97086453,0.9569005,0.919282,0.9570808,0.9601615,0.9586978,0.94281685,0.968762,0.95176464,0.97775656,0.985837,0.9457652,0.9598747,0.9495315,0.9712293,0.94337845,0.9733298,0.97238123,0.96189445,0.96124035,0.97507966,0.9408838,0.975937,0.94285107,0.96503913,0.9575932,0.9491511,0.9798548,0.9588887,0.9584526,0.96965086,0.94719553,0.9705611,0.96013534,0.95149463,0.9648128,0.9775261,0.9273286,0.9262282,0.9395246,0.96264786,0.9519048,0.91005677,0.9693755,0.9419281,0.92178345,0.96724874,0.92685443,0.93046176,0.9431006,0.9434023,0.9603696,0.94274724,0.95704097,0.9754256,0.97759265,0.9471905,0.94259334,0.96122986,0.97772956,0.982803,0.96338683,0.9720275,0.9117599,0.9693755,0.9757765,0.97668886,0.94897956,0.954681,0.97969013,0.9471786,0.94948554,0.9530121,0.961276,0.9588528,0.94662946,0.96234995,0.9119005,0.94685805,0.9637865,0.9690318,0.91810834,0.97977775,0.96680665,0.94479036,0.9730909,0.94754696,0.96916854,0.9730299,0.97440404,0.9568312,0.9663176,0.95942885,0.9690744,0.961295,0.9781848,0.9558571,0.9634549,0.9660195,0.98634756,0.9370268,0.9692284,0.94030917,0.973968,0.96300286,0.9550467,0.9277407,0.9673166,0.92644686,0.96188146,0.958467,0.96811026,0.94078624,0.97675234,0.9593111,0.95468336,0.9562094,0.9586516,0.9497121,0.93060875,0.97199017,0.9687102,0.9475841,0.9566043,0.9651639,0.93983227,0.9317226,0.9366519,0.9641952,0.9422118,0.9476989,0.96249086,0.9560047,0.97675234,0.939621,0.9766404,0.95353585,0.9129286
annamovie,0.9819155,0.9738873,0.9767982,0.9561359,0.9814932,0.95148295,0.97800213,0.97154653,0.986135,0.9579263,0.9723713,0.9722147,0.96745616,1.0000001,0.9832062,0.97909784,0.9786372,0.9648358,0.9826371,0.966238,0.9687179,0.97015464,0.9718197,0.9811369,0.9547743,0.94113165,0.96238106,0.98495287,0.97292405,0.946766,0.9638511,0.95469236,0.94574463,0.9700317,0.9722816,0.97519475,0.97862434,0.96998215,0.9736217,0.9465415,0.94105196,0.97188354,0.9416055,0.97894484,0.9748672,0.95992947,0.97156924,0.96153784,0.95967335,0.9739718,0.96879584,0.968216,0.9582382,0.9659859,0.9728421,0.98044574,0.9819273,0.9643083,0.9712499,0.981299,0.95448804,0.96064436,0.9705175,0.9834453,0.9388058,0.9465254,0.9693263,0.97558844,0.9683448,0.92697036,0.9772665,0.9816062,0.9565592,0.96081555,0.9598802,0.9340756,0.97530454,0.94521123,0.9546914,0.9695056,0.9690456,0.9824858,0.97444695,0.9776222,0.9686393,0.9565774,0.9758597,0.97523695,0.9613375,0.9783484,0.938205,0.9772665,0.9623185,0.9747844,0.9747029,0.967825,0.9757468,0.96647114,0.9693044,0.97167623,0.96885216,0.9645693,0.97110134,0.9714474,0.96638566,0.9642094,0.9728737,0.9810092,0.94977814,0.9625132,0.9824011,0.9785183,0.9775305,0.97495323,0.96597475,0.97769254,0.9861646,0.96689844,0.97661144,0.97948337,0.9691749,0.9719924,0.98088104,0.94902533,0.964793,0.98022056,0.96776104,0.9681918,0.9807808,0.9696885,0.9805381,0.9829433,0.980264,0.9582878,0.9612335,0.9456308,0.98102564,0.962373,0.9786526,0.96848416,0.986135,0.96934307,0.9690861,0.96436256,0.97656727,0.9523466,0.95174325,0.9530205,0.971677,0.9740202,0.98703986,0.976188,0.96481013,0.97342414,0.94762486,0.97504187,0.9601227,0.96999335,0.9733874,0.95154625,0.986135,0.96666163,0.9742832,0.9657592,0.9578963
apollo11movie,0.97986984,0.97439355,0.97489506,0.9647484,0.9761035,0.95544773,0.97450185,0.9683085,0.9896968,0.9625501,0.97521764,0.97041285,0.9646,0.9832062,0.9999999,0.9771751,0.96076614,0.97379833,0.97365135,0.98130524,0.9705049,0.9758726,0.98205966,0.98548806,0.95085883,0.9443647,0.95275235,0.9725237,0.97567755,0.95510995,0.9634966,0.9717485,0.9723396,0.96082574,0.9689035,0.9637274,0.9841626,0.9615009,0.96623707,0.96690446,0.94486374,0.9674721,0.94569474,0.97302663,0.97968274,0.96419525,0.98004895,0.96488035,0.967998,0.9703318,0.9675165,0.9805687,0.96668327,0.9668069,0.97504246,0.9744061,0.9805606,0.964811,0.9775504,0.98402333,0.9619461,0.9642516,0.9792702,0.99056894,0.95090514,0.96139354,0.95917386,0.98312914,0.9662428,0.9303572,0.97879,0.9697301,0.9444831,0.96289796,0.96110857,0.93926835,0.96797276,0.95125437,0.9583659,0.9720694,0.9804851,0.97187257,0.9810249,0.9588747,0.9697809,0.95781475,0.9655543,0.9743586,0.9625494,0.98643404,0.94587237,0.97879,0.9749219,0.9763868,0.973838,0.98363835,0.97237086,0.97233325,0.9723204,0.97410226,0.9643194,0.96369845,0.96940315,0.98592967,0.95932907,0.9664708,0.9786255,0.9808633,0.95077854,0.962938,0.9810266,0.9722658,0.969389,0.95758957,0.9669811,0.97288215,0.98184884,0.9763915,0.98814744,0.97524863,0.96729606,0.9689909,0.98181933,0.9458824,0.9776866,0.97902715,0.974057,0.95965016,0.98001724,0.9468701,0.97208744,0.9874302,0.9732283,0.9472162,0.9608371,0.95808065,0.9820039,0.9781207,0.97937095,0.96598643,0.9896968,0.9697057,0.9657686,0.974791,0.97701734,0.9690145,0.95760804,0.9658728,0.9766027,0.9581432,0.9763793,0.9816906,0.9565157,0.9654192,0.96210235,0.9772484,0.97639066,0.9651881,0.96687114,0.95047945,0.9896968,0.97834057,0.9814832,0.982123,0.9606737
arcticdogsmovie,0.97278535,0.97884613,0.9846785,0.9779291,0.97831714,0.9339363,0.97947204,0.9660356,0.9856105,0.966153,0.9747556,0.97167593,0.96370363,0.97909784,0.9771751,0.9999999,0.95469785,0.9790243,0.9702603,0.9644177,0.9620769,0.98522514,0.9719476,0.978276,0.9468899,0.9263099,0.9385914,0.9717203,0.9837661,0.9585796,0.9572732,0.97640127,0.9457428,0.96893084,0.9786279,0.9670448,0.98325753,0.95414174,0.967083,0.96185046,0.9608596,0.96342987,0.9264919,0.9679435,0.9835024,0.95899564,0.97445285,0.95711184,0.97757995,0.9626965,0.98018384,0.98251843,0.9632431,0.9701551,0.9640798,0.97972196,0.9849263,0.9704655,0.97306615,0.9754105,0.9587871,0.96677536,0.9703332,0.97528744,0.95515394,0.95152074,0.95883304,0.9763194,0.9681218,0.94198906,0.97887224,0.9656489,0.9582432,0.9678139,0.9610181,0.93860924,0.9709041,0.9559975,0.96403414,0.9533182,0.9765631,0.9789115,0.9688197,0.96884286,0.97682124,0.95562506,0.97623014,0.9785735,0.9641356,0.9788794,0.93269396,0.97887224,0.95062494,0.9681576,0.9781297,0.96713483,0.9704958,0.97232795,0.9703354,0.9664871,0.9624147,0.9593991,0.96821254,0.9808187,0.94762063,0.9796972,0.9713959,0.9776207,0.9677293,0.9577307,0.9730294,0.97173405,0.97072285,0.94213784,0.9621711,0.97388405,0.98011285,0.97381055,0.9793543,0.9823088,0.95333517,0.96464646,0.97883695,0.9400633,0.9760844,0.966077,0.9661902,0.9584804,0.97815615,0.9429401,0.967734,0.9872055,0.96270144,0.9567318,0.9641211,0.95805156,0.9756145,0.97398716,0.9829889,0.96430343,0.9856105,0.9788564,0.9642559,0.97234696,0.9683698,0.95341474,0.92920536,0.97093844,0.9785413,0.9660916,0.97827035,0.97239953,0.9533323,0.9500155,0.9662248,0.9665699,0.96588427,0.96509844,0.9666335,0.95213866,0.9856105,0.9631423,0.96901685,0.96864384,0.96478206
arcticmovie,0.96458095,0.9614405,0.96697265,0.9321698,0.9684301,0.9318563,0.9680644,0.97125113,0.9699938,0.9298004,0.9450907,0.9793796,0.9424759,0.9786372,0.96076614,0.95469785,0.9999999,0.9532952,0.97264975,0.95241,0.962761,0.94118154,0.9606179,0.9776796,0.9679411,0.9268838,0.9397373,0.9741564,0.9545656,0.9623668,0.9664122,0.93670106,0.93982506,0.97538555,0.96396035,0.95119226,0.9690319,0.9406572,0.96561205,0.9109012,0.9185207,0.9415039,0.9606807,0.960935,0.9549327,0.9406108,0.9649768,0.96194756,0.9264004,0.9469556,0.96639055,0.9471011,0.9398612,0.96789044,0.9708607,0.9717955,0.9643316,0.94603664,0.9586705,0.96830404,0.94996154,0.9580204,0.95181733,0.9617197,0.90740156,0.9106311,0.93783295,0.95350254,0.9720087,0.92760575,0.9647138,0.98328406,0.9613318,0.9461072,0.9418473,0.93594354,0.9824504,0.9565555,0.9429374,0.948846,0.95637816,0.96335113,0.9539312,0.9745689,0.9692298,0.95835733,0.96337163,0.9459201,0.9575185,0.9550826,0.94257104,0.9647138,0.9474343,0.9541776,0.97548395,0.9393791,0.9691262,0.9589287,0.9581348,0.9545297,0.952053,0.94202965,0.9746547,0.95225847,0.96077085,0.96421015,0.96175736,0.9561527,0.92239213,0.9422782,0.9589902,0.9743367,0.9667815,0.9403829,0.96428764,0.9687107,0.96664786,0.95585835,0.96358246,0.9691567,0.95010346,0.9726396,0.97084117,0.9375676,0.9532357,0.9528288,0.940119,0.977613,0.9559547,0.9863569,0.9646046,0.9696325,0.9821329,0.97134507,0.9365419,0.95894325,0.97143656,0.94922847,0.97024703,0.9641791,0.9699938,0.9325542,0.94035196,0.9545893,0.97629964,0.9161859,0.91378134,0.94245964,0.9531909,0.9848791,0.9755199,0.9557278,0.978977,0.95928574,0.9488271,0.96625286,0.95228225,0.9644743,0.970927,0.9374712,0.9699938,0.9436494,0.9695398,0.94412667,0.949934
artofracingmovie,0.9624057,0.9611005,0.97482413,0.9713691,0.9758993,0.9205874,0.9577954,0.9587275,0.9760642,0.9558771,0.9679059,0.9737857,0.9519802,0.9648358,0.97379833,0.9790243,0.9532952,0.99999994,0.9558786,0.9661343,0.9628485,0.9782215,0.9699233,0.97594106,0.9545765,0.91749275,0.93488955,0.9632485,0.9752206,0.95935535,0.94097906,0.9737534,0.9595795,0.975296,0.9736139,0.94809747,0.9745987,0.946906,0.9673114,0.95754474,0.93194675,0.96586204,0.93649036,0.96266025,0.9727609,0.9618782,0.9723713,0.9472047,0.9694755,0.9575862,0.98065263,0.9810393,0.971242,0.976466,0.9702638,0.9814997,0.97095287,0.9775238,0.97304726,0.97180533,0.9426063,0.961086,0.9592202,0.974716,0.9449706,0.94996023,0.9399551,0.97447664,0.9686371,0.941664,0.975168,0.96405697,0.96093845,0.95647675,0.9593146,0.92264223,0.96340084,0.9519295,0.9565978,0.9481868,0.9669723,0.95442605,0.952178,0.9580143,0.97520465,0.9563893,0.95922273,0.96602046,0.97595674,0.9828603,0.9254328,0.975168,0.95462584,0.9598947,0.97973317,0.9715948,0.97000164,0.96774626,0.9500979,0.9522163,0.96153045,0.94306636,0.9714998,0.9835134,0.9305112,0.982504,0.9690472,0.9734883,0.9605916,0.962686,0.9549439,0.9696007,0.9607608,0.9288993,0.9680372,0.96570617,0.9647335,0.9778552,0.97159463,0.959568,0.9332019,0.9651361,0.9685536,0.9236406,0.9682506,0.9563208,0.9564959,0.9573154,0.9819701,0.92727596,0.95840883,0.9818557,0.9576763,0.9369851,0.96167403,0.96351933,0.9678312,0.9843309,0.9791201,0.9728367,0.9760642,0.9644141,0.966614,0.97956824,0.9620709,0.9486998,0.9075102,0.9710476,0.96880084,0.9467749,0.9626549,0.9546436,0.9502565,0.9321242,0.9714551,0.970127,0.96202123,0.95990855,0.9544806,0.9499757,0.9760642,0.97639155,0.96384704,0.96929866,0.96668965
avengers,0.98219293,0.9668172,0.9738813,0.94599915,0.98250234,0.9570021,0.9768305,0.98398364,0.9867721,0.93477124,0.9720965,0.9676653,0.9807956,0.9826371,0.97365135,0.9702603,0.97264975,0.9558786,1.0,0.953533,0.97254956,0.9616827,0.9744159,0.9818079,0.957248,0.9361645,0.94715893,0.982164,0.96824867,0.942401,0.97979695,0.9593445,0.962598,0.96179307,0.9767416,0.96293634,0.98382086,0.9670017,0.9618368,0.9485204,0.94737697,0.95377165,0.94805574,0.96891797,0.97267777,0.94943565,0.97361636,0.98367965,0.9471248,0.960764,0.96692276,0.9677039,0.9555919,0.9662418,0.978771,0.97455597,0.9701229,0.9613498,0.96287334,0.9851654,0.9696494,0.96285325,0.96912235,0.98392594,0.94113857,0.9284132,0.94664925,0.97092724,0.9768649,0.92008615,0.9831243,0.96465534,0.9501182,0.97241586,0.9513451,0.95631224,0.9736098,0.965509,0.96291924,0.95704615,0.9678154,0.98581105,0.9852119,0.9729955,0.96069133,0.9665342,0.9781348,0.9776861,0.96721697,0.96845305,0.9406473,0.9831243,0.9635139,0.9848674,0.969559,0.9596712,0.9729187,0.9655747,0.9720441,0.9643897,0.9613807,0.95752054,0.9660535,0.9704768,0.9440692,0.9684354,0.97516686,0.9801369,0.9371865,0.9687008,0.9785001,0.96934044,0.9763339,0.9539949,0.96103406,0.9704161,0.9834052,0.9733118,0.9806796,0.9738022,0.97983325,0.9692321,0.9824827,0.95923704,0.973016,0.9757793,0.9746427,0.97268194,0.96950984,0.96902305,0.9802872,0.9787786,0.9741495,0.955718,0.95811284,0.9437985,0.97143054,0.963388,0.9813388,0.949412,0.9867721,0.96430427,0.9542116,0.97021645,0.97362137,0.9477835,0.9460215,0.96896535,0.9774265,0.9792653,0.9738965,0.9703229,0.9593433,0.9503803,0.9567662,0.97517717,0.9550369,0.9715424,0.97643036,0.9372854,0.9867721,0.948817,0.98510116,0.96178377,0.94246936
beachbummovie,0.9624217,0.9721904,0.9651694,0.9554952,0.9607836,0.9464194,0.96854746,0.95097405,0.9718049,0.95812523,0.96888095,0.96333843,0.9360712,0.966238,0.98130524,0.9644177,0.95241,0.9661343,0.953533,1.0000001,0.95672596,0.96263146,0.9611342,0.96790063,0.94143546,0.93794763,0.9178503,0.96410984,0.9603896,0.958922,0.9383491,0.9606766,0.9487812,0.95152974,0.9478619,0.94124085,0.9647248,0.9365969,0.95291495,0.95489734,0.9355033,0.95095426,0.9432152,0.96226233,0.97111374,0.9485643,0.9584754,0.950463,0.96284086,0.9507709,0.9580884,0.9724132,0.94071877,0.9563051,0.9583247,0.96772236,0.97288513,0.95696557,0.9666052,0.95834917,0.9559772,0.95471543,0.9696358,0.97715855,0.9408865,0.9595852,0.9501072,0.97167605,0.9580188,0.9525231,0.95584446,0.9675159,0.94029224,0.95239955,0.95257694,0.93155944,0.9614161,0.93712896,0.9524735,0.97611475,0.98075664,0.9569917,0.9617746,0.94695693,0.96404433,0.94293404,0.9440182,0.9455876,0.95198303,0.974587,0.9439901,0.95584446,0.9414277,0.95011055,0.9638246,0.9729776,0.9599544,0.97833633,0.96683156,0.9571484,0.9475947,0.9641928,0.9559962,0.96601146,0.95504385,0.9553103,0.9569726,0.9695581,0.9418492,0.9416775,0.95877093,0.9694369,0.9608155,0.926992,0.955668,0.95857936,0.959712,0.96539706,0.97406286,0.9690976,0.95205504,0.95943236,0.9646653,0.91381407,0.9696078,0.9538968,0.95385945,0.9530565,0.95974964,0.93179256,0.9515796,0.97465944,0.96372527,0.94686836,0.95491326,0.95905465,0.9711147,0.9765421,0.9639451,0.9723993,0.9718049,0.9432421,0.9563071,0.9683022,0.9695995,0.9465896,0.92039096,0.944591,0.96532434,0.9420605,0.9670117,0.9662402,0.9458321,0.9568003,0.948002,0.9516655,0.96241796,0.93919736,0.96767455,0.9513172,0.9718049,0.96914804,0.95460373,0.95868206,0.96216774
bernadettefilm,0.97343737,0.95739347,0.9786388,0.9407181,0.9770228,0.9515296,0.9751037,0.9829459,0.98692167,0.95083565,0.9706338,0.9587787,0.96341,0.9687179,0.9705049,0.9620769,0.962761,0.9628485,0.97254956,0.95672596,1.0000002,0.9569032,0.9758023,0.98212636,0.95725,0.9288831,0.94121283,0.9748515,0.9762993,0.94943887,0.9596167,0.96451735,0.9568324,0.95100915,0.95318973,0.950768,0.9845148,0.9440481,0.98018616,0.96402705,0.94482195,0.94241774,0.9510382,0.9605746,0.95671564,0.94933665,0.97182584,0.97521585,0.9527289,0.9499239,0.9680334,0.9745906,0.9421295,0.9652761,0.96967447,0.9625532,0.9587906,0.96219385,0.96508247,0.9846543,0.97360045,0.95285004,0.9646238,0.97052026,0.9521433,0.94592893,0.93884504,0.96646667,0.98132765,0.9321171,0.97952944,0.9656582,0.9389417,0.9718301,0.93674874,0.94990224,0.96655136,0.9664944,0.9656712,0.9518201,0.97153217,0.9711741,0.9740793,0.9442423,0.96780086,0.9623001,0.9847063,0.96407795,0.9667887,0.96797854,0.9346501,0.97952944,0.95117116,0.9684551,0.9600011,0.95431453,0.964357,0.98190314,0.9642819,0.9514834,0.95556444,0.94695395,0.97354794,0.9688873,0.96008843,0.9717088,0.9768794,0.96157014,0.9367436,0.97129357,0.978883,0.957545,0.95474344,0.9333365,0.97096354,0.97599995,0.9769848,0.9569448,0.9825256,0.97017616,0.96160644,0.95912194,0.98160845,0.95243025,0.97680014,0.9712946,0.9665488,0.96367717,0.97225404,0.9508123,0.99124783,0.97410345,0.9543333,0.9428352,0.9646408,0.9592891,0.9693612,0.968687,0.98750067,0.96152264,0.98692167,0.9623873,0.94455403,0.9521117,0.96387154,0.95532674,0.939754,0.953986,0.9666041,0.9678815,0.97563463,0.97948873,0.97620606,0.9578992,0.97688997,0.97571963,0.9625338,0.9496032,0.97658765,0.95033413,0.98692167,0.946732,0.97943425,0.96030384,0.947436
