movie,21bridgesmovie,47metersdown,abeautifuldaymovie,abominablemovie,adastramovie,adogsjourneymovie,aftermathmovie,aftermovie,ahiddenlifefilm,alitamovie,angelhasfallen,angrybirdsmovie,annabellemovie,annamovie,apollo11movie,arcticdogsmovie,arcticmovie,artofracingmovie,avengers,beachbummovie,bernadettefilm,blackandbluemovie,blackchristmas,blindedbythelightmovie,bombshellmovie,booksmart,breakthroughmovie,brianbanksmovie,brightburnmovie,brittanyrunsmov,captainmarvelofficial,captivestatemovie,catsmovie,charliesangels,childsplaymovie,clarathefilm,coldpursuitmovie,countdown,currentwarmovie,darkwatersmovie,detectivepikachumovie,disneyaladdin,disneyfrozen,disneymaleficent,doctorsleepmovie,dolemiteismyname,dontletgomovie,doramovie,downtonabbey_official,dumbo,escaperoom,everybodyknowsmovie,fastandfuriousmovie,fightingwmyfam,fivefeetapartfilm,fordvferrari,freaksthefilm,geminimanmovie,glassmovie,gloriabellmovie,godzillamovie,goldfinchmovie,goodboysmovie,goodliarmovie,gretafilm,halathemovie,happydeathdaymovie,harrietfilm,hellboymovie,hersmellmovie,highlifemovie,highstrungmovie,honeyboymovie,hotelmumbaifilm,httydragon,hustlemovie,hustlersmovie,isntitromantic,itmovieofficial,jayandsilentbob,johnwickmovie,jojorabbitmovie,jokermovie,judythefilm,jumanjimovie,justmercyfilm,knivesout,lalloronamovie,lastblackmansf,lastchristmasthemovie,latenightmovie,lighthousemovie,lionking,littlethemovie,littlewomenmovie,littlewoodsfilm,longshotmovie,lordsofchaosmovie,lucyintheskyfilm,mamovie2019,marriagestory,meettheaddams,meninblack,midsommarmovie,midwaymovie,missbalamovie,missinglinkfilm,motherlessbklyn,onceinhollywood,onthebasisofsex,overcomermovie,peanutbutterfalcon,petsematarymovie,piercingmovie,playingwithfire,playmobilthemovie,pomsmovie,queenandslim,rambomovie,readyornotfilm,richardjewellfilm,rocketmanmovie,scarystoriesmovie,secretlifeofpets,serenityfilm,shaftmovie,shazammovie,spidermanmovie,spiesindisguise,starwars,stormboymovie,stubermovie,taosdfilm,teenspiritmov,terminator,theaeronautsmov,thebestofenemies,thedeaddontdie,thefarewell,thehighwaymen,thehummingbirdprojectfilm,theintrudermovie,theirishmanfilm,thekitchenmovie,thelegomovie,themustangfilm,thenightingalefilm,theprodigymovie,thesunisalsoastar,theupsidefilm,tolkienmovie,toystory,triplefrontier,uglydolls,uncutgems,underthesilverlake,usmovie,wavesmovie,whatmenwant,wonderparkmovie,wrinklestheclown,xmenmovies,yardiefilm,yesterdaymovie,zombieland
21bridgesmovie,0.99999994,0.9805377,0.98916954,0.98101735,0.9982307,0.99365544,0.997333,0.9906924,0.9986031,0.9877564,0.9878279,0.9845219,0.99766225,0.994737,0.9978747,0.99366325,0.99329257,0.9949683,0.9946523,0.99199206,0.9962614,0.9840108,0.99961597,0.9910189,0.9959503,0.9718996,0.99690527,0.98766065,0.990987,0.9939993,0.9928452,0.9980218,0.99147415,0.9760168,0.9927593,0.9951783,0.99801975,0.9977113,0.9913446,0.9936057,0.9743832,0.9985851,0.99510825,0.9937458,0.9986846,0.9939809,0.99867624,0.9874228,0.987699,0.99734885,0.9912482,0.9947623,0.99258864,0.99583286,0.97779274,0.9889896,0.9854249,0.9912575,0.9954241,0.9942713,0.9921328,0.99503034,0.99165624,0.99737453,0.9929368,0.9922467,0.9786098,0.99210316,0.98689777,0.9936766,0.992857,0.97765255,0.9717116,0.9928423,0.9926057,0.98283273,0.98908883,0.9851909,0.999294,0.9924296,0.99492407,0.9945735,0.9956875,0.9958608,0.9936523,0.9866523,0.9891367,0.99325603,0.9859731,0.99845487,0.9923542,0.992857,0.98900723,0.9791073,0.99461466,0.9867296,0.9940004,0.99441224,0.9985293,0.9922595,0.9942435,0.982932,0.9725322,0.99527377,0.9895414,0.9917737,0.99846214,0.99775,0.9820417,0.9848001,0.99619555,0.98799795,0.99626535,0.99532753,0.9865137,0.9960915,0.99872994,0.9895546,0.99728334,0.99870926,0.9940454,0.99670506,0.99605304,0.98919964,0.9987097,0.99267113,0.9973761,0.9809511,0.99792624,0.97613806,0.99162525,0.99674743,0.99202436,0.968366,0.99467516,0.9972774,0.9955495,0.9868179,0.992591,0.99715793,0.9986031,0.98909473,0.9956591,0.9947455,0.98927474,0.99524367,0.98799413,0.9938671,0.9979836,0.991194,0.9968294,0.9983651,0.9946876,0.98627055,0.98867065,0.98768085,0.9868385,0.9916841,0.99368674,0.9946332,0.9986031,0.9881541,0.9951141,0.9979071,0.9860471
47metersdown,0.9805377,0.99999994,0.9909148,0.9642282,0.97693926,0.9874142,0.97544724,0.98564124,0.9802703,0.98724955,0.99689084,0.99718845,0.9815403,0.9831493,0.97930765,0.98503566,0.986933,0.9912331,0.9642121,0.97863317,0.9685575,0.99313617,0.9801785,0.9847687,0.98317146,0.97210556,0.98052585,0.9716326,0.9916262,0.9934459,0.97164696,0.98228693,0.9894005,0.99431854,0.99114245,0.9795971,0.97648585,0.98431695,0.9807611,0.98765457,0.9639411,0.982262,0.97776484,0.987625,0.9800061,0.96487856,0.97323483,0.96857333,0.9903047,0.9811103,0.98822796,0.9862375,0.98481625,0.97565293,0.96486676,0.99189717,0.9726575,0.94683874,0.9683393,0.97472435,0.9893837,0.97911334,0.99185795,0.99046487,0.99415916,0.98487335,0.9918989,0.9945796,0.94645685,0.9884108,0.97584695,0.9819393,0.99774915,0.9757727,0.9953781,0.98341423,0.9920192,0.98255414,0.97872424,0.9610342,0.990996,0.9791099,0.99286515,0.981109,0.9853898,0.9909724,0.9724558,0.9693761,0.9866035,0.9753224,0.97846556,0.97584695,0.9757282,0.9680435,0.9875597,0.99097455,0.9872768,0.97336173,0.98533463,0.9959846,0.9649795,0.9880415,0.9836368,0.9811912,0.986923,0.98795664,0.9877118,0.9835257,0.9777019,0.9599734,0.9676776,0.9889751,0.9662278,0.97984,0.9378372,0.983565,0.9862027,0.9909162,0.97584736,0.97562367,0.9948349,0.983456,0.98757493,0.987433,0.9854682,0.9833395,0.98273635,0.97582585,0.9836459,0.94823045,0.9747311,0.9804022,0.9766217,0.9678963,0.955904,0.9833227,0.9916378,0.9801012,0.9822074,0.9812879,0.9802703,0.99230206,0.9708212,0.9931299,0.9778221,0.98179847,0.9683243,0.9905194,0.9856652,0.9953782,0.98442566,0.98739,0.9696224,0.99418753,0.96422476,0.98346317,0.9854909,0.987836,0.966823,0.9574091,0.9802703,0.9828795,0.9834867,0.98676616,0.9894613
abeautifuldaymovie,0.98916954,0.9909148,0.99999994,0.97925436,0.98559797,0.9837073,0.9883103,0.9980988,0.99235195,0.99088955,0.991633,0.9895109,0.99298376,0.9945045,0.9919472,0.9882815,0.99349487,0.9935806,0.9836045,0.98670566,0.9809169,0.9889203,0.99029064,0.9967161,0.9868332,0.96979916,0.98631185,0.9812889,0.99615014,0.99857104,0.99057573,0.9932193,0.9995132,0.98538095,0.9955659,0.98492396,0.98657656,0.9933021,0.9843513,0.9940369,0.9676511,0.98692304,0.9822189,0.9891372,0.99241734,0.96892065,0.9828177,0.9712733,0.9840481,0.9860052,0.9959603,0.9983885,0.9822032,0.9872956,0.9635445,0.99498487,0.9773183,0.9665183,0.9833823,0.98587954,0.99713975,0.9888606,0.99587655,0.9952367,0.99779344,0.9966534,0.9962121,0.99726194,0.9644488,0.98535585,0.9870927,0.9828601,0.9893737,0.9909747,0.99642134,0.9875599,0.99576616,0.99017304,0.9870919,0.9748672,0.9916746,0.9924325,0.99661547,0.9869184,0.9942423,0.99890345,0.9917058,0.98121774,0.9918458,0.9896873,0.9854634,0.9870927,0.973262,0.96512973,0.9954932,0.9884203,0.9933198,0.98949087,0.9899112,0.9914569,0.96956486,0.9809569,0.98542374,0.9887547,0.9884748,0.9942681,0.9937001,0.98638177,0.97862613,0.98011935,0.9855173,0.9924679,0.9791972,0.98702335,0.9571851,0.9882342,0.9913335,0.99946094,0.9876919,0.9901176,0.9950554,0.9907008,0.98533964,0.97836155,0.99476165,0.9853894,0.984205,0.9861579,0.9915803,0.95793533,0.98940307,0.9906295,0.98737717,0.9715354,0.9747207,0.99527365,0.9904211,0.9955956,0.98903936,0.9848872,0.99235195,0.995086,0.97554004,0.9917357,0.9865169,0.9937831,0.9842927,0.99551654,0.99548227,0.99469966,0.98672265,0.98976815,0.977028,0.99458396,0.97911876,0.9818592,0.9872651,0.9939839,0.97517776,0.97123194,0.99235195,0.9795987,0.99531406,0.99167854,0.9963524
abominablemovie,0.98101735,0.9642282,0.97925436,0.99999994,0.97985643,0.96272564,0.9733841,0.97944504,0.97907984,0.9850399,0.96131194,0.9768501,0.9894406,0.9877964,0.983825,0.9897034,0.98589677,0.9827986,0.9878463,0.97415465,0.98488986,0.9733297,0.9801268,0.9678667,0.9852122,0.98357594,0.9899565,0.9837503,0.98682916,0.97772044,0.99149656,0.98589116,0.977915,0.9720421,0.9855315,0.98552674,0.9812711,0.99067724,0.9880177,0.99018884,0.98915267,0.98358184,0.98987556,0.98494196,0.98577005,0.9731991,0.9746435,0.9875794,0.9786813,0.9845418,0.98880166,0.98068875,0.97939706,0.98507833,0.9852511,0.98889697,0.987393,0.96680915,0.9809746,0.9835675,0.9904406,0.9916853,0.985362,0.9780477,0.982331,0.9817534,0.9762171,0.97243756,0.94738185,0.9789405,0.98495686,0.9878971,0.9615948,0.9753939,0.98058003,0.9855648,0.988027,0.96461517,0.9791824,0.9807555,0.9657786,0.993847,0.9751953,0.9889476,0.9916537,0.9771592,0.98134243,0.9739496,0.9907226,0.9868952,0.9785816,0.98495686,0.9776002,0.98003,0.9800181,0.9851127,0.9706686,0.9847888,0.98067355,0.97582924,0.9737707,0.9819483,0.9846881,0.9792076,0.99065804,0.99071145,0.98337847,0.9816466,0.9861686,0.9915997,0.97238165,0.99131495,0.97781914,0.98775226,0.96698,0.96460134,0.9782901,0.9795878,0.9714578,0.98119855,0.9819447,0.9889171,0.9705525,0.9735721,0.98600954,0.98131514,0.97458243,0.99371886,0.9882103,0.98268694,0.9797849,0.98235595,0.992036,0.9817562,0.9733718,0.9784817,0.98051697,0.98682076,0.98919743,0.98393446,0.97907984,0.9870118,0.97911936,0.97133696,0.98420095,0.991992,0.9957092,0.9855805,0.9872661,0.9838854,0.97485685,0.9812267,0.979426,0.9787775,0.98893714,0.9743458,0.9753537,0.9749157,0.9844421,0.97766966,0.97907984,0.9828224,0.97467977,0.9805412,0.988098
adastramovie,0.9982307,0.97693926,0.98559797,0.97985643,0.99999994,0.9923563,0.9975733,0.98445576,0.99780107,0.99082154,0.98597157,0.98184633,0.99693245,0.9955634,0.99832255,0.9944841,0.9951453,0.99552304,0.9927429,0.99608403,0.9926388,0.9868425,0.9979288,0.98806906,0.99798054,0.97765845,0.9961167,0.9935981,0.99095654,0.9909249,0.99299353,0.9954421,0.9888212,0.9775202,0.98810995,0.9969015,0.9997099,0.995848,0.9948278,0.9888357,0.97569454,0.9988272,0.9953573,0.995707,0.9959605,0.9926136,0.99621975,0.99066556,0.9894296,0.99860555,0.99155676,0.9916786,0.9951727,0.9911564,0.98274547,0.98802316,0.9908718,0.9919013,0.9983835,0.9958642,0.9902825,0.99556875,0.9885495,0.99605215,0.9900324,0.9901418,0.973581,0.98729163,0.98824716,0.99401397,0.99610215,0.9811396,0.96550584,0.9946231,0.98935497,0.98663104,0.9869114,0.9888,0.99950904,0.9970541,0.9911218,0.9929924,0.99213505,0.9944549,0.9889702,0.9831328,0.9904739,0.99784374,0.98717093,0.99794394,0.9969134,0.99610215,0.99257123,0.98538136,0.9951651,0.98769706,0.9951166,0.99647725,0.99899745,0.9897255,0.9948323,0.98340786,0.9746106,0.99672747,0.9907245,0.9919047,0.9978621,0.99450094,0.9873748,0.989092,0.99413747,0.9880026,0.9988556,0.9974337,0.9839205,0.995497,0.99859035,0.98438674,0.9977921,0.9978784,0.9909639,0.99625534,0.9955098,0.9899728,0.99683267,0.9962111,0.99738586,0.9831316,0.99817324,0.98428166,0.9871609,0.99869424,0.99486613,0.9761666,0.9942038,0.99422926,0.9915392,0.9814358,0.9950993,0.99849844,0.99780107,0.9889441,0.9923456,0.991884,0.9940266,0.9921775,0.9893526,0.9901509,0.9961683,0.98811793,0.9986052,0.9963719,0.99789155,0.9862492,0.99225426,0.9930113,0.99159133,0.9923148,0.9970286,0.99522203,0.99780107,0.9915174,0.9922532,0.9985793,0.9846357
adogsjourneymovie,0.99365544,0.9874142,0.9837073,0.96272564,0.9923563,1.0,0.9894898,0.9822361,0.99098516,0.98346937,0.99504226,0.98630136,0.98735017,0.98529565,0.9886523,0.98678917,0.9888165,0.99227667,0.9805765,0.9862019,0.98260283,0.98738337,0.99376136,0.98700297,0.9920204,0.965916,0.9884371,0.9780044,0.9865258,0.9912115,0.977013,0.9911303,0.9865487,0.98010534,0.989343,0.99171174,0.9901992,0.9892232,0.98567516,0.9865302,0.95878685,0.99415123,0.9871713,0.99162835,0.988098,0.9875345,0.9932007,0.97850156,0.9913051,0.99331254,0.9838684,0.9878165,0.9921275,0.9824952,0.9717798,0.9837242,0.9770491,0.97818816,0.9842195,0.98214793,0.9844755,0.98345625,0.9847906,0.99461955,0.99114096,0.98735726,0.97266674,0.99237794,0.9788527,0.99603736,0.9819945,0.97272223,0.9763338,0.9830448,0.99259573,0.9795671,0.98555934,0.985896,0.9943839,0.98240924,0.99731,0.98101205,0.9944192,0.99081695,0.9845624,0.9800747,0.9790753,0.98531926,0.9800146,0.98743063,0.9896349,0.9819945,0.990102,0.97703767,0.9888862,0.9840841,0.9933224,0.98203075,0.9954376,0.99582267,0.98773885,0.9809968,0.96910703,0.9874694,0.9850827,0.9840434,0.99399245,0.9921752,0.9774126,0.9674691,0.98446697,0.98220724,0.9879357,0.98990405,0.9688217,0.99733233,0.99588555,0.9843586,0.9909713,0.98929965,0.99175113,0.99138695,0.9992448,0.99355525,0.99143857,0.9889021,0.9979772,0.967406,0.99116,0.9647963,0.9769413,0.99100566,0.9825194,0.962289,0.9825086,0.99130666,0.9945224,0.97194666,0.98430973,0.9930092,0.99098516,0.9847729,0.98914534,0.9950094,0.9809619,0.9855384,0.9745872,0.9907469,0.98989254,0.9886623,0.9961775,0.9965878,0.98633206,0.98388565,0.97213423,0.9881543,0.9878612,0.9864976,0.9850066,0.9821283,0.99098516,0.9864302,0.9870359,0.994716,0.9806018
aftermathmovie,0.997333,0.97544724,0.9883103,0.9733841,0.9975733,0.9894898,0.99999994,0.98846203,0.9993239,0.986628,0.98581153,0.9777733,0.9959509,0.9949652,0.9985049,0.98958486,0.9919167,0.9929658,0.9909553,0.9958896,0.99152744,0.98230076,0.99739015,0.99342704,0.99259514,0.9667334,0.9916137,0.989306,0.98843527,0.99252653,0.99300545,0.99410456,0.9915772,0.9717236,0.98581064,0.99028987,0.9981877,0.99353766,0.9880595,0.98628056,0.96797013,0.99475724,0.98894805,0.9901107,0.99671066,0.98769426,0.99513644,0.9812914,0.9811304,0.9933611,0.9897891,0.99425006,0.98849475,0.9921729,0.96923286,0.9847649,0.9829737,0.99184525,0.99744743,0.99558604,0.98867065,0.99277055,0.9884464,0.99634147,0.9887586,0.99010533,0.97632533,0.98891586,0.992313,0.98716784,0.994621,0.97277063,0.9657158,0.9978612,0.98735446,0.97998005,0.98328274,0.9894644,0.9975184,0.992126,0.9924104,0.99179876,0.99336153,0.988415,0.98700416,0.9869696,0.99120486,0.9969439,0.9819445,0.9971776,0.9924603,0.994621,0.98213947,0.9721955,0.9960877,0.9820213,0.9960453,0.9968288,0.9963703,0.9859108,0.9897382,0.97602135,0.9673643,0.99686533,0.98376936,0.989062,0.9963415,0.9921719,0.97810614,0.98532313,0.99833596,0.98296815,0.99612576,0.99174434,0.98342574,0.9963203,0.9973738,0.98679626,0.99987113,0.9987078,0.98945814,0.9916441,0.99188447,0.9816633,0.9963073,0.99162465,0.9930999,0.9787451,0.99507016,0.9722266,0.9916221,0.99673826,0.9896168,0.9659739,0.99407667,0.9961527,0.98842084,0.9850055,0.9911644,0.9932357,0.9993239,0.9858716,0.9875693,0.9921906,0.9908283,0.9900582,0.9835265,0.987568,0.9958115,0.98569137,0.99566305,0.99296504,0.9938724,0.9852348,0.98933965,0.9871706,0.98673475,0.99444944,0.990284,0.99239504,0.9993239,0.98295057,0.997022,0.99663466,0.9819849
aftermovie,0.9906924,0.98564124,0.9980988,0.97944504,0.98445576,0.9822361,0.98846203,1.0,0.9926108,0.9839404,0.98710084,0.98496443,0.9926924,0.9917858,0.99114645,0.98521805,0.98885506,0.9896192,0.9874405,0.9816777,0.9858766,0.9802387,0.9916787,0.99602944,0.983672,0.9606445,0.98638123,0.9752398,0.9915963,0.99692285,0.9904235,0.99449354,0.9976589,0.97592294,0.9956094,0.98264337,0.9854964,0.9934704,0.9794176,0.9951254,0.964645,0.986116,0.98167515,0.9845593,0.9944338,0.97259927,0.9863329,0.9685669,0.977965,0.98428893,0.9918369,0.99834335,0.9776436,0.9914199,0.9581596,0.9907846,0.9711571,0.9714121,0.98230606,0.9843716,0.99484605,0.9874891,0.9941309,0.9935578,0.9956569,0.99551946,0.9930903,0.99653584,0.9678524,0.98220116,0.98354256,0.9745766,0.9848334,0.9885492,0.99433327,0.97972625,0.9926068,0.9830899,0.9871535,0.973432,0.9916492,0.992668,0.9959771,0.987167,0.99569595,0.9963934,0.9894512,0.9780911,0.98621833,0.9907429,0.9802222,0.98354256,0.9691789,0.958205,0.9920781,0.98245054,0.9894167,0.98772514,0.98816293,0.9887498,0.9715385,0.97541916,0.9767516,0.98621917,0.9837714,0.9905481,0.992249,0.9882116,0.97074693,0.97718436,0.9890539,0.98786736,0.97923946,0.9843005,0.9659604,0.9872606,0.9899322,0.99907756,0.98754627,0.9914324,0.993305,0.98968357,0.9836617,0.97426116,0.9948821,0.98015565,0.9833468,0.9808281,0.99014944,0.95284534,0.9924397,0.9881031,0.98384947,0.96052307,0.97928065,0.9964857,0.9906632,0.9970241,0.98476243,0.983061,0.9926108,0.9901092,0.9798878,0.99041647,0.98045564,0.99491215,0.98288935,0.99512374,0.9953094,0.9921929,0.9837398,0.9897549,0.9755833,0.988476,0.97690153,0.97401994,0.97912294,0.9898152,0.97401994,0.97470134,0.9926108,0.97381485,0.9958026,0.9892498,0.99228466
ahiddenlifefilm,0.9986031,0.9802703,0.99235195,0.97907984,0.99780107,0.99098516,0.9993239,0.9926108,1.0,0.9895408,0.98842007,0.9825526,0.998022,0.9969582,0.99939024,0.9922189,0.9946289,0.99525946,0.99349433,0.99515736,0.9930141,0.9853118,0.99886775,0.9952448,0.9944554,0.97040534,0.9940229,0.9897371,0.99226624,0.9955432,0.99512804,0.9972309,0.9948288,0.97630405,0.9911623,0.99291354,0.9982526,0.9966746,0.99030644,0.9914585,0.9713253,0.99634326,0.99138623,0.99275756,0.99855065,0.98792434,0.99604595,0.9831819,0.9849009,0.99521476,0.99320626,0.99714094,0.9900678,0.99414015,0.9725837,0.98936206,0.984756,0.99000573,0.99690735,0.99551344,0.9929951,0.99475795,0.9920418,0.99807,0.9931516,0.9941168,0.9816695,0.9926536,0.9884164,0.9902415,0.99497753,0.97775126,0.97204095,0.99749947,0.99190575,0.9842303,0.98885787,0.9904962,0.9982817,0.9919057,0.99428475,0.99486125,0.99606496,0.9923266,0.99203247,0.99048495,0.99353063,0.995474,0.9867953,0.9985861,0.99349284,0.99497753,0.98438483,0.9748372,0.9973952,0.985817,0.99683034,0.9973198,0.99767745,0.9898664,0.98932457,0.9798536,0.9738627,0.99677086,0.98800486,0.9925763,0.998302,0.9941943,0.98125046,0.9872525,0.9977904,0.9878259,0.99570847,0.9941705,0.98220724,0.9965826,0.9984851,0.99148905,0.9991167,0.9995226,0.9930119,0.9950381,0.9933436,0.984339,0.998671,0.99256736,0.9945062,0.9828201,0.9973206,0.9736186,0.99304366,0.9979497,0.99233204,0.9698852,0.99355817,0.99839735,0.99205405,0.98930585,0.9931801,0.99476415,1.0,0.99001926,0.989514,0.9939226,0.9917964,0.994392,0.98772955,0.99252725,0.99833465,0.99006426,0.99616396,0.9955924,0.993199,0.9884827,0.9897784,0.98803675,0.98879635,0.99517196,0.9909167,0.99171144,1.0,0.9853782,0.9979794,0.99794364,0.9875881
alitamovie,0.9877564,0.98724955,0.99088955,0.9850399,0.99082154,0.98346937,0.986628,0.9839404,0.9895408,1.0,0.988162,0.9917057,0.99369055,0.9967349,0.9926555,0.99661297,0.9986352,0.99768555,0.98093474,0.99423724,0.9792907,0.99753517,0.9874882,0.98492044,0.9956591,0.99232423,0.99163663,0.99584687,0.9985336,0.9921214,0.9910012,0.9891741,0.9911914,0.9944901,0.9896704,0.99273646,0.9914302,0.9931629,0.9973728,0.98942894,0.9837654,0.99193025,0.9910198,0.9977359,0.9885148,0.97444946,0.9796448,0.98872143,0.9947447,0.9929653,0.9984474,0.98987454,0.9943552,0.98235583,0.98662484,0.9975222,0.9954373,0.96743685,0.9892534,0.9916981,0.99605775,0.9946689,0.99362576,0.993217,0.9935137,0.99012315,0.98724085,0.98735726,0.96182126,0.99214464,0.9952989,0.9969233,0.98076445,0.9906605,0.9924809,0.99821794,0.9949326,0.991707,0.98898935,0.9862333,0.98420304,0.99255925,0.98973775,0.98976433,0.9892299,0.9905175,0.98945814,0.98963886,0.9982922,0.98967284,0.99504113,0.9952989,0.98856145,0.9886684,0.9959939,0.9976491,0.9928189,0.9926406,0.99342215,0.9912026,0.9781536,0.9928989,0.99437636,0.99336153,0.9977155,0.99832827,0.9945016,0.9863211,0.99681383,0.9900625,0.9785847,0.9978631,0.9853041,0.99492097,0.9564293,0.9851181,0.9924301,0.9880786,0.98634344,0.9875371,0.99328893,0.9934074,0.98798805,0.9892575,0.99258435,0.9969993,0.98778486,0.9955839,0.9951273,0.9826239,0.9813667,0.9943247,0.9964039,0.9931262,0.9733697,0.98715293,0.9885795,0.98525476,0.99824125,0.99292153,0.9895408,0.9984679,0.97696126,0.98897284,0.9978928,0.9902496,0.9904331,0.9909115,0.9934,0.9939518,0.9925427,0.9900808,0.9882992,0.9970137,0.99043083,0.9965602,0.9975511,0.99453247,0.9879449,0.976692,0.9895408,0.995185,0.9871086,0.99480754,0.99527556
angelhasfallen,0.9878279,0.99689084,0.991633,0.96131194,0.98597157,0.99504226,0.98581153,0.98710084,0.98842007,0.988162,0.99999994,0.9927976,0.98582554,0.9870592,0.98647654,0.9860954,0.9904144,0.9939789,0.9719425,0.9866041,0.974021,0.9937444,0.9882112,0.9914875,0.98806036,0.9685338,0.9834754,0.97717017,0.9916514,0.99583274,0.9763469,0.98759145,0.9925071,0.989923,0.9908729,0.9853964,0.9849917,0.98722005,0.983599,0.9868423,0.9589453,0.98824745,0.98072165,0.99063796,0.9852594,0.97329503,0.98314995,0.97099197,0.9909863,0.9872052,0.9887997,0.99059314,0.9886148,0.9789026,0.96491593,0.9895536,0.97502023,0.96253425,0.97839105,0.9804215,0.9888528,0.9818862,0.99031895,0.9953737,0.99493957,0.9891826,0.9864871,0.99665964,0.96585476,0.99196744,0.9814927,0.9782855,0.9904762,0.98441595,0.995804,0.98373914,0.99019706,0.9906799,0.98761666,0.97206646,0.9968518,0.98088187,0.9965094,0.98462415,0.9848839,0.9903615,0.9799984,0.9804795,0.9849689,0.9825046,0.98657465,0.9814927,0.9812446,0.970371,0.99219173,0.98854375,0.9949611,0.9807517,0.99175644,0.9968839,0.97423995,0.98397756,0.9783946,0.98713976,0.98609364,0.98779535,0.9926189,0.9870705,0.97791475,0.9651705,0.9787742,0.98664296,0.97791505,0.9852461,0.9505727,0.99374,0.9930426,0.9910554,0.9868046,0.9844834,0.99474704,0.98753613,0.99423003,0.9894389,0.9900035,0.9877591,0.99059695,0.97313726,0.9883289,0.9543868,0.97806805,0.9881572,0.98044485,0.96664864,0.9693814,0.9900726,0.9927835,0.9786953,0.9847699,0.9869921,0.98842007,0.99083215,0.9769202,0.99632853,0.98234963,0.9839896,0.97118807,0.9914525,0.9895062,0.9932365,0.9921391,0.99204916,0.97813636,0.99281436,0.96909666,0.98818606,0.99022067,0.9919122,0.9747029,0.96842945,0.98842007,0.9841971,0.9894194,0.9927998,0.9874986
angrybirdsmovie,0.9845219,0.99718845,0.9895109,0.9768501,0.98184633,0.98630136,0.9777733,0.98496443,0.9825526,0.9917057,0.9927976,0.9999999,0.9871657,0.9875737,0.98339194,0.9929252,0.99016094,0.9944496,0.9706934,0.98227686,0.9776817,0.9941333,0.98279893,0.9806792,0.98918873,0.9841255,0.9890097,0.9799051,0.9945052,0.9926985,0.978345,0.9850365,0.98758554,0.9963694,0.99268174,0.98507154,0.98197,0.98968875,0.98877364,0.99192095,0.9804752,0.9878625,0.98751605,0.9924622,0.9847174,0.9742851,0.976682,0.98189443,0.9943072,0.9868197,0.99211013,0.98588985,0.9912023,0.9829642,0.97891927,0.9961011,0.9834217,0.9538378,0.97471637,0.9826058,0.99307245,0.98760754,0.99578106,0.991465,0.9942446,0.9839238,0.99180293,0.9918611,0.948085,0.9919968,0.982959,0.98944706,0.99460864,0.9778069,0.9953625,0.9875945,0.9943102,0.97904104,0.9824656,0.96935403,0.9886628,0.9863756,0.9919221,0.9868873,0.99013215,0.990421,0.9733086,0.97450465,0.9915787,0.9808169,0.9817761,0.982959,0.98295027,0.979398,0.98945713,0.9970391,0.985885,0.9787604,0.98891026,0.9966067,0.974521,0.99643505,0.98784626,0.98642886,0.99369836,0.9934024,0.9908104,0.9896535,0.98668295,0.9698058,0.97047305,0.9944714,0.9722558,0.9856871,0.9492392,0.981801,0.9885534,0.9895003,0.9775217,0.9789988,0.9973466,0.98809826,0.98907,0.9927612,0.98892874,0.9895866,0.9855641,0.9851412,0.98883784,0.9627025,0.9798561,0.9835412,0.9839687,0.97684664,0.9617256,0.9831934,0.9949155,0.9838097,0.9894632,0.9877793,0.9825526,0.9958722,0.9790141,0.99398386,0.98428124,0.98632395,0.9767192,0.9919593,0.9893733,0.99849415,0.9873574,0.9906687,0.978665,0.9960341,0.9757856,0.98812586,0.98699194,0.98938894,0.9768967,0.9672416,0.9825526,0.9912242,0.98391044,0.9897525,0.9913657
annabellemovie,0.99766225,0.9815403,0.99298376,0.9894406,0.99693245,0.98735017,0.9959509,0.9926924,0.998022,0.99369055,0.98582554,0.9871657,1.0,0.9989661,0.99914336,0.9969883,0.99679965,0.9969172,0.9946855,0.994256,0.9948916,0.9876909,0.99722207,0.9911087,0.99667,0.98078674,0.99776334,0.9932305,0.995785,0.99510306,0.9980344,0.9975712,0.99410105,0.98162216,0.99377644,0.99494416,0.99780893,0.9993257,0.99493086,0.99546254,0.983106,0.997267,0.99594355,0.995602,0.99903697,0.9881913,0.9933764,0.9900141,0.98862094,0.9966063,0.99693406,0.9962823,0.99261296,0.9961065,0.9819397,0.9945991,0.9911451,0.9861651,0.99643445,0.99726796,0.9970239,0.998893,0.9956313,0.9970501,0.99457085,0.99395055,0.98563385,0.99128664,0.97951496,0.9918745,0.99715495,0.98643816,0.97511595,0.9954747,0.99330705,0.9895467,0.993289,0.9872549,0.99681157,0.99249667,0.990564,0.9990701,0.99461234,0.99534917,0.99616575,0.9917085,0.9931186,0.99377,0.9929523,0.9990719,0.9935287,0.99715495,0.9872636,0.9819129,0.9973284,0.9917399,0.99377066,0.9979555,0.9974128,0.99094504,0.9894993,0.98717695,0.98230577,0.99702865,0.9940736,0.9972507,0.99861705,0.9955559,0.98837835,0.99248195,0.9939513,0.99408776,0.9942551,0.99661154,0.980996,0.99142265,0.9972308,0.9922637,0.9951868,0.9979116,0.99516577,0.9973499,0.99154365,0.98701894,0.9993263,0.9949,0.9930812,0.99140435,0.99916774,0.9808172,0.9938785,0.997555,0.9966635,0.97892594,0.99056804,0.99622875,0.99373305,0.99303067,0.9973129,0.99643904,0.998022,0.99455714,0.9907227,0.9928397,0.9948493,0.99747664,0.993634,0.99464697,0.9995331,0.9938126,0.9948567,0.9959222,0.9942044,0.9916055,0.9945723,0.98984677,0.9899055,0.99478126,0.99351543,0.9915263,0.998022,0.99055743,0.99568206,0.99765915,0.992292
annamovie,0.994737,0.9831493,0.9945045,0.9877964,0.9955634,0.98529565,0.9949652,0.9917858,0.9969582,0.9967349,0.9870592,0.9875737,0.9989661,1.0000001,0.99868965,0.9965143,0.998472,0.99765736,0.99103916,0.9963285,0.9894518,0.9913539,0.9947253,0.9921218,0.9960717,0.9834567,0.9950332,0.9955014,0.99760485,0.99548775,0.9978993,0.995437,0.99552834,0.9854759,0.9922783,0.99370646,0.99669975,0.9975977,0.99549025,0.99315447,0.98197657,0.99511236,0.9931077,0.99608964,0.99660385,0.9817511,0.988827,0.987868,0.98917556,0.99500024,0.9987977,0.9962872,0.992127,0.9919181,0.9809158,0.99595517,0.99239284,0.98110837,0.99582565,0.9968273,0.9976483,0.9980527,0.9956042,0.99677676,0.99481714,0.9944647,0.9879408,0.99088794,0.9761313,0.990566,0.99821836,0.9897231,0.9769684,0.99710166,0.99311256,0.9931081,0.9940491,0.9917343,0.99468315,0.9911547,0.98887485,0.99794626,0.99387693,0.9925237,0.9939117,0.99373215,0.995087,0.99432516,0.9952781,0.9971535,0.9950727,0.99821836,0.9856717,0.98195094,0.9988319,0.9931587,0.9954383,0.99857706,0.9963356,0.9900994,0.9843096,0.9873345,0.98669195,0.99719965,0.9946706,0.9983707,0.9978626,0.9915669,0.9906671,0.993751,0.99117416,0.99542636,0.99213845,0.99608773,0.97269875,0.9904328,0.99624425,0.99257183,0.99425304,0.9960862,0.9944375,0.99594337,0.9895561,0.9853872,0.99795556,0.99579716,0.99061435,0.99394953,0.998247,0.98060095,0.991633,0.99784964,0.9973051,0.98403203,0.9859916,0.99488544,0.99085844,0.99266016,0.9983021,0.9946911,0.9969582,0.99646866,0.9842538,0.9916452,0.99744487,0.9956228,0.9932818,0.9934079,0.99852586,0.9935658,0.9943085,0.99333036,0.9922849,0.9945117,0.99452287,0.9922172,0.9934513,0.9968764,0.9910979,0.9865486,0.9969582,0.9907099,0.99527895,0.9973443,0.9943687
apollo11movie,0.9978747,0.97930765,0.9919472,0.983825,0.99832255,0.9886523,0.9985049,0.99114645,0.99939024,0.9926555,0.98647654,0.98339194,0.99914336,0.99868965,1.0,0.9947265,0.9965243,0.9963144,0.9940528,0.99661034,0.99302256,0.98722875,0.99791837,0.99305964,0.9962026,0.9768555,0.9955586,0.9937717,0.99407417,0.9946087,0.9973216,0.9968878,0.9941587,0.978887,0.990868,0.99446785,0.9990369,0.9975495,0.9936425,0.991814,0.97714126,0.9969257,0.99353856,0.99470073,0.9983596,0.98750645,0.9942754,0.9872717,0.98677,0.9963424,0.99538136,0.99630314,0.99188054,0.9938967,0.978146,0.991543,0.9896082,0.98919827,0.99834275,0.9973814,0.9945323,0.9971927,0.9928437,0.99741095,0.9929629,0.99383366,0.98212725,0.9905727,0.9856488,0.9908,0.9976044,0.9828468,0.971089,0.998011,0.9914534,0.9880705,0.99023646,0.9907509,0.9979693,0.9942032,0.9913637,0.9967727,0.9944086,0.9932477,0.9925953,0.9903836,0.99468374,0.9968176,0.9901829,0.9991972,0.99532264,0.9976044,0.986533,0.9797838,0.99801165,0.9886935,0.9961948,0.99906385,0.99786305,0.9892278,0.98958975,0.9829461,0.97844136,0.9977906,0.991112,0.99501824,0.99848014,0.99371797,0.9862262,0.99190104,0.9961694,0.990767,0.99638516,0.9961683,0.981388,0.9942715,0.99807703,0.9905333,0.9980839,0.9991213,0.9929493,0.9961031,0.9921526,0.9852483,0.9987075,0.9949005,0.99378717,0.9879051,0.9985125,0.97979313,0.99263525,0.9988571,0.99563384,0.97672665,0.99272245,0.99691075,0.9912895,0.98993325,0.9961861,0.99600166,0.99939024,0.99217075,0.9888731,0.9924468,0.9952216,0.995158,0.9913871,0.9923485,0.9986765,0.9906781,0.99624115,0.9950439,0.99497557,0.99003637,0.9937945,0.99059874,0.9910131,0.9956597,0.9933952,0.9922481,0.99939024,0.98859394,0.99662626,0.99824476,0.9895413
arcticdogsmovie,0.99366325,0.98503566,0.9882815,0.9897034,0.9944841,0.98678917,0.98958486,0.98521805,0.9922189,0.99661297,0.9860954,0.9929252,0.9969883,0.9965143,0.9947265,1.0,0.9966315,0.9979815,0.98702544,0.99310356,0.9907488,0.9926077,0.9919705,0.9825572,0.99823123,0.99164784,0.9984692,0.99486876,0.99651414,0.9919044,0.9926654,0.9925503,0.98850554,0.98983306,0.9918419,0.9952421,0.99508715,0.9971521,0.9986603,0.9937637,0.9911305,0.99695706,0.9981801,0.9982551,0.9939282,0.98770255,0.98757064,0.9959097,0.994862,0.9967624,0.99667186,0.9897079,0.99748176,0.9918143,0.99149793,0.9966865,0.9965377,0.97703856,0.99212795,0.995766,0.99595994,0.9987106,0.9957715,0.9946301,0.9929771,0.9879397,0.9846003,0.98763424,0.968256,0.99495876,0.9962777,0.9933522,0.978254,0.98943925,0.99267817,0.99284214,0.99371314,0.9836432,0.99334115,0.9899481,0.9870547,0.9962775,0.9912306,0.99471956,0.9935588,0.9881791,0.9853406,0.99079734,0.9953659,0.9939628,0.9930428,0.9962777,0.9923813,0.9911146,0.99497384,0.9977661,0.990341,0.99332,0.99639887,0.99299645,0.9895569,0.9961147,0.9875976,0.9959288,0.9983081,0.99825567,0.9968272,0.9951194,0.99541026,0.989716,0.98426497,0.99698687,0.98996824,0.9965933,0.97278637,0.9866836,0.99509656,0.98716456,0.98895997,0.99126804,0.99592245,0.9960314,0.9919929,0.9938525,0.99578124,0.99807656,0.9923831,0.9940256,0.99784803,0.98560786,0.98763186,0.99443275,0.99661666,0.98665816,0.9816099,0.9890195,0.9944615,0.9872018,0.99900943,0.9975379,0.9922189,0.9966708,0.98937845,0.992613,0.99599105,0.99346226,0.9914447,0.99252754,0.9961253,0.99586296,0.9947715,0.9950597,0.9945474,0.9940654,0.9941648,0.9948142,0.9921849,0.9932086,0.9942017,0.9873268,0.9922189,0.9976408,0.98897153,0.9965366,0.99174833
arcticmovie,0.99329257,0.986933,0.99349487,0.98589677,0.9951453,0.9888165,0.9919167,0.98885506,0.9946289,0.9986352,0.9904144,0.99016094,0.99679965,0.998472,0.9965243,0.9966315,0.99999994,0.99864966,0.9884554,0.99528366,0.9848372,0.9957896,0.99375,0.9903795,0.9976621,0.9868071,0.99412125,0.99519885,0.99875283,0.99505866,0.9941989,0.9949913,0.9947158,0.9904395,0.99346423,0.9964505,0.995204,0.99660337,0.9972512,0.9928671,0.97944635,0.9956142,0.99309963,0.99868333,0.9932982,0.98033434,0.9876109,0.9885035,0.9946656,0.99647516,0.9986882,0.9945761,0.99480075,0.9867052,0.98478264,0.9969107,0.99363697,0.97682375,0.9932944,0.99300927,0.9972995,0.99587256,0.993921,0.9964583,0.99627334,0.99528915,0.9863346,0.9914703,0.9717997,0.99477255,0.9960151,0.99339217,0.9794368,0.993804,0.99523956,0.997197,0.99623525,0.99422705,0.9944321,0.9907873,0.9895087,0.994913,0.99377817,0.99432,0.9928088,0.9914316,0.9943294,0.99276394,0.99749976,0.99471354,0.9976399,0.9960151,0.9908224,0.98728895,0.99765044,0.9953047,0.9962036,0.99559623,0.99693114,0.99349046,0.9831525,0.9895585,0.99131125,0.9947065,0.99723595,0.99821776,0.99776757,0.99009526,0.9942304,0.9916125,0.9859859,0.9971127,0.99115294,0.9979051,0.9658418,0.9912052,0.996355,0.9916383,0.991902,0.9935431,0.9947388,0.99736214,0.9922177,0.98998773,0.9966243,0.9968871,0.9929124,0.99295324,0.9982053,0.9829108,0.984969,0.9981559,0.99794865,0.98863643,0.9824478,0.9934542,0.99182594,0.9876058,0.99809647,0.99577796,0.9946289,0.9977333,0.9832828,0.9914451,0.9972893,0.99477303,0.99345,0.99492794,0.99693936,0.9943418,0.9957092,0.9945306,0.9908849,0.9952736,0.9907568,0.9955512,0.9977333,0.99503607,0.9912315,0.9831095,0.9946289,0.9939192,0.991357,0.99779284,0.99603784
artofracingmovie,0.9949683,0.9912331,0.9935806,0.9827986,0.99552304,0.99227667,0.9929658,0.9896192,0.99525946,0.99768555,0.9939789,0.9944496,0.9969172,0.99765736,0.9963144,0.9979815,0.99864966,0.99999994,0.9858735,0.9957507,0.98748046,0.9965207,0.99438566,0.9906263,0.99799347,0.98625374,0.99580157,0.9934582,0.9984742,0.99686354,0.9917838,0.9944357,0.9943787,0.9924047,0.9941116,0.9951949,0.99571127,0.99692374,0.99679625,0.9937652,0.98166186,0.996963,0.994473,0.99886376,0.99449795,0.9844852,0.98924935,0.9895061,0.9958302,0.996682,0.9979296,0.99435186,0.9970129,0.9899855,0.98421174,0.9972795,0.9926114,0.97651684,0.9922439,0.9944815,0.99698186,0.9963345,0.99668354,0.9984929,0.9968871,0.9928556,0.9884474,0.9939037,0.9728197,0.99628526,0.9956877,0.99136084,0.9842348,0.9932247,0.9965789,0.99384433,0.99555016,0.99189246,0.9950993,0.988356,0.99341625,0.99455464,0.99633014,0.99386996,0.9932167,0.99293673,0.9894201,0.9923099,0.9953942,0.99411005,0.99548936,0.9956877,0.9909745,0.986367,0.9983988,0.99707407,0.9966367,0.99405044,0.9982409,0.99648154,0.9865583,0.99334717,0.98796237,0.99687624,0.99687845,0.9981332,0.9988914,0.9943116,0.99266857,0.9865052,0.98700684,0.9964728,0.99020666,0.99636286,0.96808213,0.99315494,0.9979884,0.99215955,0.9929093,0.99331266,0.99795914,0.99640316,0.99538285,0.9937983,0.9973597,0.99803317,0.99467766,0.99070126,0.9981255,0.97864664,0.98789316,0.9968174,0.995183,0.98398995,0.9817453,0.99355024,0.9956465,0.98800325,0.99784344,0.99688303,0.99525946,0.99797195,0.98667324,0.9964485,0.9959361,0.9935717,0.9886278,0.99503607,0.99748796,0.9972175,0.9974216,0.9966056,0.9923839,0.99708366,0.98978776,0.9962435,0.99599755,0.99709904,0.9908166,0.9841892,0.99525946,0.9953933,0.9934441,0.9989306,0.9940182
avengers,0.9946523,0.9642121,0.9836045,0.9878463,0.9927429,0.9805765,0.9909553,0.9874405,0.99349433,0.98093474,0.9719425,0.9706934,0.9946855,0.99103916,0.9940528,0.98702544,0.9884554,0.9858735,1.0000001,0.98276913,0.9941483,0.97149056,0.99554694,0.98435104,0.9897553,0.96524787,0.9923004,0.98333937,0.98486376,0.98524076,0.9950297,0.9966355,0.98612773,0.9617838,0.98874545,0.99234444,0.9926709,0.9949136,0.98597366,0.9909886,0.9699377,0.99233425,0.9908139,0.9865685,0.99539125,0.98719615,0.99450964,0.9829218,0.9774268,0.99236447,0.98663944,0.99101704,0.9818892,0.991778,0.9743321,0.9828285,0.9808939,0.9919474,0.9929812,0.98809403,0.98853326,0.9915197,0.98314774,0.98809826,0.9864025,0.991352,0.9698218,0.9824847,0.981598,0.98475635,0.9879125,0.9733176,0.95597965,0.98748136,0.98476744,0.9796325,0.98514414,0.977215,0.99405444,0.9924441,0.98251134,0.9939687,0.9861127,0.9944008,0.99239206,0.9784699,0.9917826,0.9872549,0.9831423,0.99742985,0.98749495,0.9879125,0.98232454,0.97364044,0.98652977,0.9768119,0.9844539,0.99257964,0.9908682,0.9807817,0.9871613,0.97059584,0.96970737,0.9860296,0.9845673,0.9868375,0.9916357,0.9892779,0.9767971,0.9901736,0.9930282,0.98366266,0.994118,0.9928632,0.98789114,0.9857434,0.9903929,0.9846532,0.9903807,0.99631995,0.9838824,0.9946552,0.9842753,0.97590905,0.994269,0.98328376,0.98907936,0.98024124,0.9939686,0.97880846,0.9867514,0.9929638,0.9919197,0.9663263,0.99588245,0.9936162,0.9859732,0.9857146,0.9873998,0.9907091,0.99349433,0.98211193,0.99101037,0.98056096,0.98392534,0.9960702,0.9941588,0.9901731,0.99385154,0.9815518,0.98682815,0.9910824,0.988114,0.97489285,0.98757714,0.9761913,0.97870857,0.9805344,0.9912618,0.99309486,0.99349433,0.97873837,0.98755074,0.98988545,0.98373973
beachbummovie,0.99199206,0.97863317,0.98670566,0.97415465,0.99608403,0.9862019,0.9958896,0.9816777,0.99515736,0.99423724,0.9866041,0.98227686,0.994256,0.9963285,0.99661034,0.99310356,0.99528366,0.9957507,0.98276913,1.0000001,0.9837421,0.9910834,0.9914793,0.98838043,0.994772,0.9809182,0.9905975,0.9966554,0.9921389,0.9906616,0.9914243,0.9885539,0.9893766,0.9827591,0.9822483,0.9905109,0.9970508,0.9910846,0.9937992,0.98246723,0.97590876,0.993367,0.98917097,0.9940501,0.99136794,0.9812888,0.98626024,0.9860538,0.98701656,0.9931096,0.9932816,0.98985994,0.99309295,0.98538375,0.97799087,0.988825,0.9916748,0.9817845,0.9964439,0.9967692,0.9895609,0.99399716,0.9892352,0.9948617,0.9877482,0.9865519,0.97812164,0.98490214,0.98218864,0.98835427,0.99817395,0.98375505,0.9684608,0.99759585,0.9862592,0.98834616,0.9847233,0.9932022,0.9938105,0.99183095,0.9871646,0.9903188,0.98978186,0.9854543,0.98284775,0.9870961,0.9895861,0.99835086,0.9879212,0.9930233,0.99596876,0.99817395,0.9855798,0.98172593,0.997576,0.98942375,0.99636024,0.9968334,0.99556327,0.98591787,0.9857188,0.9840593,0.9776438,0.99845165,0.9890545,0.99269766,0.9951743,0.9879049,0.9886091,0.98855317,0.98954433,0.9879055,0.9929075,0.9929148,0.97020143,0.9919528,0.9956396,0.9830175,0.9957881,0.9932215,0.9893089,0.99008286,0.990079,0.98530644,0.9930993,0.9972166,0.9903178,0.98648185,0.9945513,0.9797969,0.98581874,0.99654424,0.99279714,0.98092514,0.9841883,0.9896528,0.98538584,0.98119193,0.99596393,0.99363697,0.99515736,0.990694,0.9798432,0.990628,0.9976553,0.98576903,0.9839036,0.98436797,0.9932392,0.9870603,0.99624246,0.989659,0.99471194,0.9913407,0.99282175,0.9956941,0.9941492,0.9972463,0.9907466,0.9861073,0.99515736,0.9902826,0.99247694,0.9966795,0.98460543
bernadettefilm,0.9962614,0.9685575,0.9809169,0.98488986,0.9926388,0.98260283,0.99152744,0.9858766,0.9930141,0.9792907,0.974021,0.9776817,0.9948916,0.9894518,0.99302256,0.9907488,0.9848372,0.98748046,0.9941483,0.9837421,1.0,0.9712567,0.9944047,0.980512,0.99008197,0.9679975,0.99626505,0.98218054,0.98338956,0.9858207,0.9912962,0.9931779,0.9822797,0.9646243,0.98707813,0.988664,0.9934449,0.99489236,0.98619753,0.9912044,0.9802459,0.9940779,0.99460727,0.98623186,0.9969644,0.9952716,0.99505323,0.9880163,0.9781622,0.9918774,0.98496497,0.9877428,0.98610574,0.9986097,0.976475,0.9832214,0.9817939,0.9907732,0.99144995,0.99282074,0.9871882,0.99402416,0.9882054,0.9897642,0.9845737,0.9829855,0.9724275,0.98280674,0.98103505,0.9854418,0.9888781,0.9708555,0.9615409,0.9857093,0.9840612,0.97274655,0.981901,0.9690541,0.9935822,0.9884088,0.9855013,0.9941956,0.9875887,0.992045,0.9920317,0.97958857,0.9802117,0.9865935,0.9790535,0.9957796,0.9820427,0.9888781,0.9818571,0.9738097,0.9869415,0.98085254,0.9822012,0.9901164,0.9918972,0.98328096,0.9942521,0.9794606,0.9631111,0.9907955,0.9842073,0.98706025,0.992297,0.99677414,0.9756666,0.9828908,0.9934561,0.9825295,0.99170184,0.9892609,0.9933915,0.9852927,0.9915696,0.98233294,0.9904162,0.9943791,0.9884663,0.99131805,0.9872481,0.9820104,0.99430305,0.9861176,0.9897573,0.97884065,0.99319005,0.9742588,0.99279636,0.98897785,0.9873141,0.9598807,0.9933284,0.99049634,0.9911704,0.9863323,0.9881836,0.99248344,0.9930141,0.98207796,0.9967917,0.9878229,0.9827078,0.9924217,0.98558897,0.98739314,0.99383324,0.98586416,0.9884155,0.99277943,0.9924395,0.9776812,0.9894113,0.97746736,0.97367185,0.9838299,0.9917235,0.99610114,0.9930141,0.9826473,0.9896543,0.99059767,0.978216
