movie,21bridgesmovie,47metersdown,abeautifuldaymovie,abominablemovie,adastramovie,adogsjourneymovie,aftermathmovie,aftermovie,ahiddenlifefilm,alitamovie,angelhasfallen,angrybirdsmovie,annabellemovie,annamovie,apollo11movie,arcticdogsmovie,arcticmovie,artofracingmovie,avengers,beachbummovie,bernadettefilm,blackandbluemovie,blackchristmas,blindedbythelightmovie,bombshellmovie,booksmart,breakthroughmovie,brianbanksmovie,brightburnmovie,brittanyrunsmov,captainmarvelofficial,captivestatemovie,catsmovie,charliesangels,childsplaymovie,clarathefilm,coldpursuitmovie,countdown,currentwarmovie,darkwatersmovie,detectivepikachumovie,disneyaladdin,disneyfrozen,disneymaleficent,doctorsleepmovie,dolemiteismyname,dontletgomovie,doramovie,downtonabbey_official,dumbo,escaperoom,everybodyknowsmovie,fastandfuriousmovie,fightingwmyfam,fivefeetapartfilm,fordvferrari,freaksthefilm,geminimanmovie,glassmovie,gloriabellmovie,godzillamovie,goldfinchmovie,goodboysmovie,goodliarmovie,gretafilm,halathemovie,happydeathdaymovie,harrietfilm,hellboymovie,hersmellmovie,highlifemovie,highstrungmovie,honeyboymovie,hotelmumbaifilm,httydragon,hustlemovie,hustlersmovie,isntitromantic,itmovieofficial,jayandsilentbob,johnwickmovie,jojorabbitmovie,jokermovie,judythefilm,jumanjimovie,justmercyfilm,knivesout,lalloronamovie,lastblackmansf,lastchristmasthemovie,latenightmovie,lighthousemovie,lionking,littlethemovie,littlewomenmovie,littlewoodsfilm,longshotmovie,lordsofchaosmovie,lucyintheskyfilm,mamovie2019,marriagestory,meettheaddams,meninblack,midsommarmovie,midwaymovie,missbalamovie,missinglinkfilm,motherlessbklyn,onceinhollywood,onthebasisofsex,overcomermovie,peanutbutterfalcon,petsematarymovie,piercingmovie,playingwithfire,playmobilthemovie,pomsmovie,queenandslim,rambomovie,readyornotfilm,richardjewellfilm,rocketmanmovie,scarystoriesmovie,secretlifeofpets,serenityfilm,shaftmovie,shazammovie,spidermanmovie,spiesindisguise,starwars,stormboymovie,stubermovie,taosdfilm,teenspiritmov,terminator,theaeronautsmov,thebestofenemies,thedeaddontdie,thefarewell,thehighwaymen,thehummingbirdprojectfilm,theintrudermovie,theirishmanfilm,thekitchenmovie,thelegomovie,themustangfilm,thenightingalefilm,theprodigymovie,thesunisalsoastar,theupsidefilm,tolkienmovie,toystory,triplefrontier,uglydolls,uncutgems,underthesilverlake,usmovie,wavesmovie,whatmenwant,wonderparkmovie,wrinklestheclown,xmenmovies,yardiefilm,yesterdaymovie,zombieland
21bridgesmovie,1.0,0.9483713,0.98315203,0.96234775,0.9840309,0.9916299,0.99112594,0.9771235,0.9895301,0.9871271,0.9626928,0.9860104,0.9849803,0.9802485,0.98722684,0.9705651,0.9780668,0.987413,0.9945868,0.9928468,0.97029185,0.98234725,0.9868111,0.9859784,0.9873719,0.98958975,0.98498106,0.98315597,0.9871478,0.98052406,0.9825467,0.98654056,0.9716575,0.9771047,0.9797842,0.98506993,0.9830276,0.98434407,0.98583066,0.9913952,0.9821879,0.9790739,0.98656577,0.9895566,0.9885745,0.99503493,0.99095434,0.9844525,0.9765945,0.98535925,0.98685306,0.9902195,0.9846439,0.9676026,0.96341425,0.98809296,0.9695478,0.9850088,0.9643133,0.99073726,0.9775277,0.9699545,0.9764649,0.99433136,0.98810035,0.98780406,0.9718837,0.9897129,0.97485226,0.9821324,0.9910823,0.98487544,0.9650533,0.9915614,0.97877043,0.98946106,0.9771653,0.989269,0.9783564,0.987753,0.96919316,0.98857296,0.9968358,0.98744994,0.9897096,0.9812459,0.97683674,0.97623086,0.9783224,0.981897,0.96191716,0.9910823,0.98799974,0.96646714,0.9849176,0.9875654,0.9880576,0.9834144,0.98612076,0.97745043,0.9891014,0.98877966,0.98072845,0.98836535,0.9542386,0.9853869,0.9880417,0.9916973,0.9830236,0.98401207,0.9922453,0.98722523,0.9925659,0.98133874,0.9841163,0.98836094,0.99697715,0.9887693,0.99011517,0.9910546,0.98523897,0.98563033,0.9762054,0.9709117,0.98541135,0.97203594,0.9770761,0.99043286,0.9909423,0.98786193,0.9742074,0.98303574,0.9812689,0.97246534,0.9826826,0.9753113,0.9841283,0.98165745,0.99012554,0.99474764,0.9895301,0.99118644,0.98839283,0.99009275,0.9863529,0.98642033,0.97462183,0.9747807,0.98875034,0.9919922,0.9853865,0.97573197,0.98245543,0.97871673,0.98368937,0.9911939,0.9917194,0.9860446,0.9752575,0.9870528,0.9895301,0.9881386,0.97483677,0.98622614,0.98406124
47metersdown,0.9483713,0.9999999,0.95311207,0.973646,0.9696131,0.93166834,0.94165784,0.975331,0.9682895,0.9674703,0.97442496,0.92236024,0.9772776,0.9705237,0.9679573,0.9803796,0.96178526,0.9714156,0.9572121,0.9502298,0.9711423,0.941377,0.96896505,0.9534313,0.95577,0.9275701,0.947584,0.94891375,0.9357925,0.9446042,0.96343976,0.9398553,0.9018473,0.91349053,0.9482427,0.9522939,0.9592536,0.96438736,0.97945744,0.94261014,0.9816646,0.9321913,0.9357459,0.9457189,0.92858016,0.96332574,0.96923167,0.9721437,0.964567,0.9509937,0.92540133,0.96020645,0.94557625,0.95711774,0.98317903,0.9664595,0.9780815,0.94081414,0.98310506,0.95451075,0.9523098,0.9817377,0.9466692,0.9498045,0.96064985,0.9678275,0.9483479,0.9483928,0.9635014,0.92780066,0.95191413,0.9266842,0.94641227,0.96530825,0.95080596,0.92990774,0.8966107,0.92968017,0.9568776,0.96646845,0.9801292,0.9428785,0.9498359,0.94923645,0.96714306,0.93057954,0.95573914,0.9755534,0.9442462,0.97659117,0.96242046,0.95191413,0.95899963,0.9620323,0.94330114,0.96893126,0.94150764,0.9626416,0.9289236,0.96726066,0.9656639,0.9464346,0.92610973,0.9447532,0.9863266,0.9299365,0.9606895,0.9628777,0.95874465,0.95395344,0.96088636,0.9577144,0.94668,0.9379253,0.9505956,0.96712404,0.9622698,0.94562805,0.9685732,0.9398058,0.9686445,0.9693422,0.9771943,0.91738206,0.9599882,0.96616155,0.9651647,0.9472374,0.96224356,0.9522624,0.9667462,0.97112006,0.95733935,0.93114537,0.9581787,0.9509044,0.96352977,0.9790473,0.94777405,0.96497947,0.9682895,0.9512393,0.9472972,0.950212,0.97281384,0.9755878,0.9607196,0.94541407,0.95050645,0.9471057,0.949653,0.9382996,0.9666419,0.9165958,0.9457013,0.9273735,0.9356553,0.936712,0.96656466,0.957759,0.9682895,0.96737874,0.93564343,0.96202296,0.94992477
abeautifuldaymovie,0.98315203,0.95311207,1.0000001,0.9539506,0.9858233,0.97376764,0.98365504,0.9793229,0.99292827,0.9871886,0.9774484,0.98352367,0.9836604,0.9886084,0.9838838,0.98731923,0.9846715,0.9807509,0.98561484,0.9777794,0.9833526,0.9857564,0.98945254,0.9745435,0.9807439,0.9743794,0.97981286,0.98958343,0.9897785,0.9813224,0.9804279,0.97039765,0.97147924,0.978433,0.9693086,0.97179174,0.9864953,0.9806399,0.981358,0.97656,0.9811775,0.9866246,0.98464316,0.99284464,0.97937953,0.98637533,0.9873337,0.9910995,0.9746662,0.99337345,0.9897622,0.9867649,0.9821646,0.962122,0.97330326,0.9828593,0.9685851,0.98562837,0.97219133,0.98285574,0.9820464,0.9727496,0.97695,0.98718613,0.9874764,0.9863467,0.97939426,0.98841625,0.9946186,0.9739099,0.98292965,0.9816481,0.9628231,0.99251455,0.98606855,0.9891755,0.9554312,0.9756287,0.9666731,0.9781059,0.9786673,0.97583705,0.9848284,0.98727703,0.9904512,0.97604936,0.965544,0.9805728,0.969917,0.98612535,0.96353686,0.98292965,0.9876481,0.97184235,0.993524,0.9860738,0.9800186,0.98122185,0.97807145,0.9875032,0.9823215,0.9844488,0.985601,0.9798467,0.9710977,0.9879523,0.9870946,0.99152666,0.9844037,0.9753977,0.9890982,0.97642916,0.9845122,0.9657689,0.9847853,0.9825936,0.9883992,0.9872587,0.98893523,0.9849444,0.98493487,0.98100984,0.9828484,0.95309424,0.97667974,0.9900439,0.97481525,0.98823047,0.9872023,0.988799,0.99055403,0.9820873,0.98558706,0.96726966,0.9852822,0.982027,0.97471505,0.98461455,0.9791517,0.98455447,0.99292827,0.9906134,0.96849984,0.9810308,0.97684973,0.9835198,0.9712974,0.9607092,0.97825813,0.9850627,0.9791436,0.99445254,0.97276026,0.97106224,0.9638564,0.98227704,0.9749675,0.9718958,0.97088474,0.98837364,0.99292827,0.9842707,0.9832287,0.9868999,0.9873677
abominablemovie,0.96234775,0.973646,0.9539506,1.0000001,0.9711495,0.9602473,0.95729154,0.9793504,0.9752068,0.9748293,0.97383845,0.9384372,0.9845999,0.9809932,0.9824258,0.9659995,0.9587666,0.97109026,0.9668807,0.97021896,0.96312964,0.94734186,0.97566706,0.9734447,0.97696495,0.9512389,0.94954515,0.9525274,0.95180553,0.9634325,0.9734487,0.95752764,0.9206046,0.92271036,0.96964884,0.97653955,0.96576995,0.9698816,0.9829194,0.96362025,0.9850971,0.93987346,0.94567364,0.95506734,0.949465,0.97727424,0.9771555,0.9729744,0.9643413,0.95573086,0.9358676,0.95776916,0.96934503,0.97674876,0.985257,0.97969985,0.9846123,0.95235205,0.9825368,0.9763659,0.96014225,0.9806747,0.9517015,0.9691667,0.9549519,0.9799301,0.966914,0.95055467,0.96132296,0.9553571,0.96982104,0.9453681,0.96685505,0.97092396,0.96669614,0.9388194,0.928032,0.9360378,0.97266036,0.9831459,0.9805317,0.96299154,0.9671903,0.9693584,0.97854656,0.95296335,0.97196287,0.97281003,0.94407356,0.9764726,0.9631338,0.96982104,0.9674493,0.97046137,0.9503422,0.9772764,0.96292996,0.9711807,0.94180495,0.97389436,0.98345214,0.9607263,0.9420512,0.96578455,0.97643435,0.9404459,0.97092575,0.9740781,0.96442455,0.9650909,0.9620594,0.9815841,0.9641618,0.97012365,0.9544323,0.9772458,0.9721538,0.9660436,0.98145163,0.95441014,0.96765935,0.9760485,0.981584,0.9449259,0.9763071,0.9589014,0.96367556,0.96696615,0.9630174,0.9603954,0.95892876,0.97323334,0.96050686,0.94078207,0.9680201,0.96733904,0.97551954,0.9717893,0.9646558,0.973665,0.9752068,0.9586735,0.9743025,0.96264917,0.988048,0.9695207,0.9677283,0.96671796,0.9709163,0.95831627,0.96412116,0.94389224,0.9795123,0.9226292,0.96518517,0.94144297,0.955174,0.9561669,0.9767059,0.9663392,0.9752068,0.9774421,0.9468826,0.967857,0.9574635
adastramovie,0.9840309,0.9696131,0.9858233,0.9711495,0.99999994,0.9815869,0.98101777,0.9859096,0.9933513,0.99331886,0.9784696,0.9630911,0.9944946,0.98638463,0.9894318,0.98520696,0.9937365,0.9956357,0.98530227,0.9851129,0.9790771,0.989202,0.9951278,0.98867005,0.9771401,0.96596575,0.9876613,0.9910794,0.98739225,0.97548413,0.9822438,0.96193975,0.9448095,0.95636266,0.9794274,0.9842828,0.9907115,0.99762243,0.986657,0.9692918,0.98733026,0.97242504,0.9857557,0.98732,0.9729808,0.98519826,0.99398726,0.9941488,0.96985346,0.98869616,0.97665185,0.9803718,0.9842082,0.95777845,0.97752225,0.99030197,0.9758244,0.9725092,0.9745574,0.98808146,0.9803768,0.9861252,0.9738436,0.9876931,0.98265034,0.99045366,0.97777754,0.9785834,0.98030746,0.979627,0.9857031,0.967381,0.96785265,0.9924187,0.9880431,0.98118144,0.95209295,0.96784025,0.98958176,0.99322784,0.9919109,0.9764336,0.9820859,0.98719865,0.99127793,0.9713188,0.9841341,0.99092436,0.98899424,0.9825072,0.9770717,0.9857031,0.99255866,0.98291206,0.9808121,0.9902347,0.9795997,0.991418,0.9655752,0.99296224,0.9862577,0.9914584,0.9706613,0.97598886,0.9819064,0.97519195,0.994026,0.99272144,0.9757874,0.96540457,0.9909471,0.9828442,0.9881337,0.9712947,0.9809158,0.98988205,0.9921123,0.98944837,0.9920258,0.9769537,0.9929579,0.9849689,0.98803836,0.96939325,0.98495513,0.983746,0.99237514,0.98544985,0.9846099,0.9849017,0.9775457,0.99069315,0.9918159,0.98401684,0.9905597,0.97916126,0.99248606,0.9856095,0.98144996,0.9921816,0.9933513,0.99025893,0.9704652,0.99300116,0.98212695,0.98562527,0.98706967,0.96893096,0.98058736,0.98676074,0.98461074,0.97697294,0.98547184,0.96209866,0.96183705,0.97376966,0.97804296,0.9693824,0.9842311,0.9915712,0.9933513,0.9904172,0.9722497,0.9898506,0.9896568
adogsjourneymovie,0.9916299,0.93166834,0.97376764,0.9602473,0.9815869,0.9999998,0.9927949,0.9709356,0.9857739,0.97881913,0.9554454,0.9777914,0.97867274,0.97489583,0.98428154,0.95718807,0.9798284,0.98290175,0.9850613,0.9929502,0.9624959,0.9794194,0.98536664,0.9894398,0.9844268,0.98239774,0.98042345,0.9862829,0.98618954,0.97959906,0.97867614,0.97192645,0.96461123,0.96500987,0.98123276,0.98432237,0.9788355,0.981875,0.97719854,0.9833482,0.9745275,0.97041684,0.9817245,0.9869285,0.9844561,0.98657346,0.98684967,0.9818775,0.96331835,0.9802009,0.9818115,0.97529554,0.9806064,0.9610482,0.9511222,0.9876339,0.9665419,0.9799015,0.95414245,0.9924584,0.9811369,0.9630214,0.9659248,0.9917745,0.9722863,0.9858261,0.9676554,0.9725966,0.9652011,0.9870648,0.99046475,0.97877365,0.97070676,0.9844833,0.9776037,0.9849673,0.9817286,0.98386246,0.9870169,0.9851663,0.9663632,0.989794,0.9919817,0.9856171,0.98769647,0.98422205,0.98272395,0.97020197,0.9766373,0.97028697,0.9581949,0.99046475,0.9869681,0.9653936,0.97836125,0.98233557,0.98625785,0.98305094,0.98115045,0.9732611,0.9846617,0.9897415,0.9731304,0.9863049,0.94386095,0.98028004,0.9884193,0.98743397,0.9720399,0.96492183,0.9853042,0.98652625,0.9933454,0.98228467,0.97939944,0.98752475,0.99139696,0.9912371,0.98748916,0.9908723,0.9793264,0.9830214,0.96723706,0.9887437,0.9906501,0.9635817,0.97936714,0.986247,0.9827959,0.9796448,0.9623482,0.9807511,0.98661447,0.9796425,0.98460835,0.97472745,0.9848614,0.9671206,0.9901494,0.98772675,0.9857739,0.98706794,0.98655915,0.99335283,0.9787411,0.97688556,0.9715406,0.9732684,0.9898416,0.9860537,0.98843336,0.96585834,0.9845763,0.96757585,0.97798234,0.9861879,0.993558,0.9847885,0.97509253,0.9857522,0.9857739,0.9850446,0.97487676,0.9830047,0.98243797
aftermathmovie,0.99112594,0.94165784,0.98365504,0.95729154,0.98101777,0.9927949,1.0000001,0.9791555,0.9896836,0.9797278,0.96220565,0.98993725,0.97974366,0.9844534,0.98700225,0.96733326,0.98013735,0.98330617,0.98473966,0.9908744,0.9676746,0.9831725,0.985958,0.98180187,0.98810685,0.98609495,0.9809904,0.98868746,0.98650676,0.9833851,0.97452736,0.9756148,0.9808393,0.97492856,0.9741436,0.9840398,0.9820209,0.9822678,0.98309803,0.98514426,0.97775006,0.97932833,0.98105365,0.99439865,0.9901836,0.99140275,0.98568296,0.9869207,0.97289604,0.98695844,0.9882735,0.9820711,0.98422825,0.9666005,0.95873815,0.9910344,0.9714841,0.99120945,0.95988363,0.9911264,0.9822911,0.9629421,0.96568656,0.9940172,0.9753155,0.9863479,0.9676077,0.9794462,0.97885406,0.98323596,0.99204564,0.9864111,0.96990424,0.9888223,0.9794301,0.989258,0.98225474,0.98793846,0.97937495,0.9800491,0.96534735,0.9955595,0.9950583,0.9881452,0.9888392,0.9907418,0.97868675,0.9710155,0.97777015,0.9780179,0.95466006,0.99204564,0.9868687,0.96706676,0.9850327,0.9818558,0.9883779,0.9835127,0.9926901,0.97885275,0.98703325,0.9829309,0.977428,0.98803556,0.95366377,0.9880756,0.9905345,0.9900374,0.97621155,0.97308445,0.9904733,0.9860776,0.99415344,0.9842529,0.9835789,0.9841042,0.99305737,0.9911082,0.9895512,0.9980745,0.9819905,0.9835953,0.9734831,0.97826713,0.9872345,0.9681526,0.97740954,0.9893277,0.9896575,0.98257273,0.9746436,0.98104113,0.98849064,0.9797367,0.9883053,0.9774578,0.9822258,0.9738639,0.990051,0.9882372,0.9896836,0.99239063,0.98562354,0.99028933,0.9812487,0.98335344,0.9781637,0.9674216,0.9890172,0.9917231,0.99570894,0.97722733,0.978747,0.979304,0.9841639,0.9919426,0.99434316,0.99111766,0.97772557,0.9878688,0.9896836,0.9906076,0.9843664,0.9826273,0.98777074
aftermovie,0.9771235,0.975331,0.9793229,0.9793504,0.9859096,0.9709356,0.9791555,0.99999994,0.9919252,0.9813825,0.9778437,0.9678644,0.9910498,0.99352217,0.9904387,0.98598135,0.9824908,0.9857786,0.9750762,0.98424095,0.98325366,0.97159296,0.9918178,0.98150235,0.9792469,0.9584328,0.97466123,0.98048,0.9727389,0.9780129,0.9757988,0.96577156,0.95674723,0.95615876,0.97169113,0.9791216,0.9914935,0.98678774,0.9886636,0.9708254,0.9871141,0.97410685,0.9699439,0.9830914,0.9742861,0.98993105,0.9894519,0.9923897,0.97808886,0.9869141,0.9664917,0.980037,0.97632426,0.97338396,0.98962325,0.9841511,0.991027,0.97426534,0.9847504,0.9827674,0.9744385,0.97832906,0.9778806,0.98306686,0.98091805,0.98409456,0.9867779,0.9735355,0.9873562,0.9670686,0.9827186,0.97398865,0.95724225,0.98810285,0.9743768,0.96492285,0.9452048,0.95741403,0.9736994,0.9824035,0.9811391,0.97960794,0.97942245,0.98393357,0.9863036,0.9743049,0.9686012,0.9901069,0.97414184,0.98995405,0.9564804,0.9827186,0.98687667,0.98711544,0.97777086,0.9854475,0.9763138,0.98493195,0.96741176,0.9862399,0.99219817,0.9802936,0.960488,0.9768739,0.9821157,0.9705579,0.991516,0.983819,0.9805857,0.9685262,0.9865719,0.98013145,0.97897506,0.9677158,0.98104,0.978085,0.98614454,0.9805615,0.991738,0.97774214,0.97633433,0.9866325,0.991918,0.95989436,0.97873396,0.9805752,0.98023903,0.9759151,0.97985244,0.97810066,0.9813867,0.97921324,0.98524314,0.96776235,0.98104227,0.97976696,0.9826738,0.9886326,0.97859514,0.9868495,0.9919252,0.9818895,0.97172767,0.9764585,0.9879498,0.9876612,0.9753314,0.9652933,0.9753447,0.9780035,0.9837139,0.97329336,0.9740089,0.95574254,0.97549814,0.96585244,0.97610855,0.96262616,0.9858137,0.9812312,0.9919252,0.98713183,0.97893053,0.9836994,0.9798701
ahiddenlifefilm,0.9895301,0.9682895,0.99292827,0.9752068,0.9933513,0.9857739,0.9896836,0.9919252,1.0,0.99124604,0.9807733,0.9821222,0.99388933,0.99418,0.9949432,0.98835766,0.98990524,0.99111253,0.9891053,0.9892016,0.9885037,0.98203325,0.9977368,0.9886691,0.990251,0.9765972,0.98433197,0.99196994,0.9865123,0.99027276,0.9892913,0.9791787,0.9663398,0.9717184,0.98360384,0.982471,0.99376,0.9906171,0.99165547,0.98469293,0.9917828,0.9853361,0.98588115,0.9941221,0.9808062,0.9947566,0.996925,0.99772453,0.9813047,0.9946836,0.9818296,0.99144214,0.9839699,0.97614247,0.9846986,0.9923405,0.9834089,0.9875505,0.9860996,0.9942434,0.98524475,0.9865812,0.9796133,0.99208057,0.9902928,0.99533015,0.987756,0.9875193,0.9924871,0.9787287,0.9944781,0.982895,0.97189015,0.9977177,0.9862072,0.9863044,0.9608796,0.97857404,0.9823227,0.9905698,0.98600495,0.9863767,0.99200547,0.9936262,0.9961346,0.9836028,0.97826844,0.9892221,0.97913724,0.99321336,0.97511077,0.9944781,0.9940374,0.9821265,0.99009633,0.99405384,0.98323244,0.9884702,0.978857,0.9911264,0.99351656,0.9902342,0.97732544,0.99044544,0.9810867,0.9818799,0.99613476,0.99556303,0.9861109,0.9800053,0.995997,0.98708457,0.9889402,0.9735695,0.9897244,0.9916728,0.99639624,0.99186987,0.99886334,0.9892593,0.9909891,0.99248064,0.9929391,0.970559,0.98978543,0.9903126,0.98377466,0.9875127,0.9915695,0.989045,0.99115545,0.9881061,0.99254256,0.97700524,0.9892073,0.9906893,0.989149,0.99236965,0.99185354,0.9937975,1.0,0.991016,0.9808236,0.98973966,0.9916624,0.99369,0.97831565,0.9789116,0.98920023,0.98916423,0.9881066,0.9859822,0.98745096,0.96934533,0.9802449,0.9842707,0.9848237,0.97949064,0.9819447,0.9899699,1.0,0.9926379,0.98646504,0.99423575,0.98715746
alitamovie,0.9871271,0.9674703,0.9871886,0.9748293,0.99331886,0.97881913,0.9797278,0.9813825,0.99124604,1.0,0.9848851,0.9694403,0.9917118,0.98711705,0.9940307,0.9873697,0.98281264,0.9926344,0.9865912,0.98668885,0.9757717,0.98658496,0.98966,0.9817227,0.98611116,0.9800665,0.9833165,0.98199403,0.9896714,0.9780567,0.9804047,0.9696602,0.9543944,0.9681372,0.97842145,0.98561,0.986853,0.99011606,0.99105054,0.980534,0.9854303,0.9769917,0.9825417,0.98597777,0.9796261,0.9890234,0.9919779,0.9902288,0.98061574,0.9851434,0.97890794,0.98353183,0.98866117,0.96936077,0.9764295,0.9916931,0.97598356,0.9782966,0.9729814,0.989698,0.9765038,0.98252684,0.97761554,0.99036944,0.9848214,0.99025905,0.9739427,0.9817692,0.9822856,0.9824858,0.9853548,0.9699226,0.9724047,0.99316937,0.9907319,0.981064,0.96047133,0.9687167,0.98341644,0.99108166,0.9881989,0.97670513,0.986838,0.98633343,0.99187624,0.9681492,0.9811589,0.9849614,0.97446984,0.9816376,0.971176,0.9853548,0.9891409,0.97882456,0.9817903,0.9949283,0.98407716,0.99139506,0.97344327,0.9894408,0.98918414,0.98746663,0.98143834,0.9805426,0.97823405,0.97943807,0.9876353,0.9943443,0.98694766,0.98134273,0.9849176,0.99025095,0.98778534,0.9800474,0.97858864,0.9910493,0.99272627,0.98599917,0.9902097,0.97643864,0.99093765,0.98234993,0.98597026,0.9588934,0.98288774,0.9813062,0.9841361,0.9906992,0.9899771,0.98560375,0.97885925,0.99153703,0.9823445,0.96924305,0.987443,0.9804598,0.9870886,0.98428315,0.9804315,0.99175334,0.99124604,0.9903055,0.98186046,0.9848203,0.98780733,0.98514545,0.9861886,0.96622765,0.98027647,0.9889836,0.98156697,0.9818599,0.98315597,0.96459955,0.9645985,0.97773236,0.977467,0.97450227,0.9789608,0.98712015,0.99124604,0.9915572,0.97107065,0.98874325,0.988177
angelhasfallen,0.9626928,0.97442496,0.9774484,0.97383845,0.9784696,0.9554454,0.96220565,0.9778437,0.9807733,0.9848851,1.0000002,0.94918466,0.98533523,0.9808899,0.9846239,0.9898908,0.9782349,0.982376,0.9636437,0.9729365,0.9822753,0.96797574,0.979435,0.96662104,0.97111815,0.9526601,0.96481264,0.9725881,0.97020364,0.96554,0.9675985,0.9411367,0.9419904,0.9596032,0.9677268,0.9709165,0.97816014,0.9755102,0.9850351,0.9675266,0.9839538,0.9687536,0.9666896,0.9694504,0.96058834,0.9757422,0.9760547,0.98173034,0.98576313,0.9748387,0.96143097,0.968759,0.97870666,0.9779907,0.97865164,0.9757831,0.9784711,0.9628553,0.9747664,0.9749785,0.965906,0.97269666,0.9749751,0.9745256,0.9709101,0.9791228,0.96382654,0.959091,0.9825874,0.96980083,0.96625555,0.94929034,0.9580861,0.9781859,0.98784333,0.96119404,0.93988866,0.9398388,0.9672146,0.97212297,0.9895835,0.96696794,0.9693078,0.9711962,0.98668426,0.94502294,0.97478235,0.9872208,0.9464497,0.98151326,0.95630556,0.96625555,0.9829207,0.9795898,0.9781475,0.98311275,0.9744693,0.98267895,0.9623232,0.9801626,0.9779169,0.968587,0.96290416,0.96965766,0.9802008,0.9687041,0.9785724,0.9798352,0.97827715,0.95972896,0.96438,0.98370534,0.97032684,0.96400285,0.97598505,0.98150826,0.97541714,0.9718036,0.9797861,0.96253294,0.9775946,0.9772544,0.97713697,0.94580907,0.9749972,0.9814527,0.9754591,0.97472775,0.9786223,0.979703,0.9756556,0.9840685,0.9724046,0.9355845,0.9758673,0.96888167,0.9726429,0.9733749,0.9574531,0.9716673,0.9807733,0.9729405,0.96596265,0.96433854,0.9793365,0.9786217,0.9757306,0.9549889,0.9695603,0.9700357,0.96964264,0.97620946,0.970879,0.9321393,0.9453246,0.9471013,0.9571803,0.9523644,0.9779373,0.9788119,0.9807733,0.9848711,0.96841323,0.97982794,0.97637844
angrybirdsmovie,0.9860104,0.92236024,0.98352367,0.9384372,0.9630911,0.9777914,0.98993725,0.9678644,0.9821222,0.9694403,0.94918466,1.0000002,0.96626216,0.97691983,0.9756849,0.96199685,0.96209913,0.9660455,0.97874683,0.9774261,0.96220136,0.96664274,0.97456914,0.9632344,0.9837189,0.98441863,0.9640698,0.97478837,0.9779405,0.98544157,0.9684512,0.98537505,0.9879069,0.98511064,0.9603037,0.9660176,0.974191,0.96402395,0.9699831,0.98764503,0.9659795,0.9857785,0.97738284,0.9902359,0.9850549,0.98695517,0.9749719,0.97560525,0.9706313,0.98455715,0.9867169,0.9852652,0.97388005,0.96681255,0.9526906,0.9738816,0.95384216,0.99209976,0.9552472,0.98031354,0.9685355,0.9495175,0.9650858,0.98614,0.9766903,0.97253656,0.9681624,0.9848478,0.97879314,0.9689743,0.9866552,0.9881809,0.94936883,0.98341405,0.9668469,0.986959,0.9707088,0.9847959,0.9516691,0.9650587,0.9433883,0.9851148,0.9908295,0.9835532,0.97689307,0.9824692,0.9493128,0.9554923,0.9574625,0.97421616,0.940299,0.9866552,0.97512066,0.9533802,0.98587155,0.9713176,0.9773066,0.96553016,0.9906372,0.96602434,0.9790363,0.970345,0.97931653,0.9870659,0.94088227,0.9861635,0.97699016,0.98167646,0.97349334,0.9785403,0.98407114,0.97262406,0.9786999,0.9660144,0.97667646,0.96865577,0.98484844,0.9784578,0.9809297,0.9928484,0.9690899,0.9730322,0.9676697,0.95642513,0.97111994,0.9670137,0.94975865,0.98101044,0.9814609,0.979033,0.97845894,0.9597496,0.97074795,0.9578827,0.9674984,0.9758983,0.9614201,0.971501,0.9852746,0.979639,0.9821222,0.98262614,0.9753832,0.9727153,0.97503006,0.9757725,0.9549016,0.95952183,0.98131704,0.9854571,0.9778473,0.9815715,0.961215,0.97609454,0.9819532,0.993225,0.9846009,0.98336947,0.95422834,0.97017384,0.9821222,0.9761994,0.9815553,0.97610813,0.97541404
annabellemovie,0.9849803,0.9772776,0.9836604,0.9845999,0.9944946,0.97867274,0.97974366,0.9910498,0.99388933,0.9917118,0.98533523,0.96626216,0.9999998,0.9921291,0.992034,0.9877315,0.9882597,0.99381995,0.98569304,0.9877066,0.98135304,0.98101795,0.99490154,0.9901942,0.9828605,0.9675019,0.97877264,0.98589224,0.98131144,0.9795879,0.9849371,0.9704533,0.9499858,0.9592085,0.9815067,0.98743343,0.9886179,0.9937636,0.9909039,0.9773626,0.99571204,0.9729801,0.98245645,0.9847504,0.97168887,0.9913876,0.99321777,0.9917044,0.97779894,0.9877862,0.9735212,0.9820627,0.9886081,0.97691256,0.9885103,0.98992246,0.9836052,0.9712587,0.9856313,0.9909184,0.9769594,0.9870204,0.97629994,0.9898704,0.98271173,0.9915395,0.9829758,0.980834,0.9831181,0.9799699,0.9875402,0.9681084,0.96905285,0.99364936,0.98958313,0.976899,0.9504755,0.96240145,0.9840962,0.9947378,0.99236125,0.9816539,0.9857426,0.9904067,0.99436283,0.9692518,0.981703,0.9924308,0.9781672,0.9900965,0.9744811,0.9875402,0.99126816,0.98361135,0.98305774,0.99068135,0.9832062,0.9911799,0.96835923,0.99460787,0.99151784,0.9867139,0.9714942,0.9826744,0.9873877,0.97493947,0.9941171,0.9939618,0.978384,0.9727006,0.98892057,0.9891902,0.98505527,0.9751621,0.9803054,0.989455,0.9922995,0.9895708,0.99590236,0.97783816,0.99061984,0.98807925,0.99414325,0.96454436,0.98675936,0.9838927,0.98573506,0.98696065,0.983863,0.98753387,0.97992086,0.9890909,0.9853566,0.97032064,0.984917,0.98060375,0.9927135,0.9880834,0.9811917,0.9923166,0.99388933,0.9855224,0.97522235,0.9890278,0.9916133,0.98689383,0.987209,0.97716963,0.98776245,0.9842855,0.98289347,0.9775825,0.98578596,0.95458764,0.9692632,0.9705091,0.97930735,0.97208196,0.9879245,0.9905376,0.99388933,0.9940337,0.9749595,0.98865914,0.9872693
annamovie,0.9802485,0.9705237,0.9886084,0.9809932,0.98638463,0.97489583,0.9844534,0.99352217,0.99418,0.98711705,0.9808899,0.97691983,0.9921291,0.99999994,0.9916755,0.9875881,0.9810127,0.9826953,0.98287106,0.98328996,0.97951996,0.9782017,0.9929772,0.9814751,0.9888607,0.97121125,0.9703251,0.9833649,0.98174983,0.9837008,0.9821712,0.97349185,0.9648951,0.9610879,0.9712655,0.98213243,0.9858021,0.9834145,0.9894555,0.97548443,0.9897188,0.9744148,0.9713049,0.98850524,0.9765711,0.99181044,0.9904982,0.9934347,0.97494835,0.98789084,0.9768046,0.9792403,0.9843254,0.9774496,0.98862576,0.9910913,0.9880895,0.98086894,0.9855603,0.9882022,0.9830274,0.98011994,0.97126985,0.9894417,0.9777065,0.9892917,0.9857409,0.97923404,0.9916977,0.97320974,0.9867496,0.9771028,0.9733889,0.9929644,0.9831295,0.97300524,0.94997734,0.9643744,0.97515756,0.98628813,0.9838343,0.98104614,0.98505443,0.98988914,0.99202234,0.9791672,0.9697865,0.98293,0.9682605,0.98922116,0.9634688,0.9867496,0.9849691,0.98040164,0.98258436,0.9888553,0.98127586,0.98724073,0.9728472,0.99367857,0.993195,0.98143196,0.9772176,0.98076105,0.98417574,0.97834027,0.99001575,0.99290264,0.9837209,0.9772222,0.98721087,0.9849534,0.9836961,0.97674394,0.9751805,0.9826634,0.9881507,0.9871248,0.9950431,0.9830573,0.98162013,0.98523223,0.99442923,0.9566178,0.9830056,0.9830683,0.9777628,0.98801327,0.9828578,0.9809305,0.98626494,0.98407286,0.98601997,0.9689426,0.985862,0.98468906,0.98243904,0.9870399,0.9817476,0.98783565,0.99418,0.98645514,0.9768605,0.98093754,0.98958987,0.983287,0.9800046,0.9656974,0.9832723,0.98079634,0.984372,0.9819319,0.978591,0.9592382,0.9751175,0.9750504,0.9786819,0.97487867,0.9832604,0.9863549,0.99418,0.9906175,0.98036736,0.9840842,0.9866359
apollo11movie,0.98722684,0.9679573,0.9838838,0.9824258,0.9894318,0.98428154,0.98700225,0.9904387,0.9949432,0.9940307,0.9846239,0.9756849,0.992034,0.9916755,1.0,0.9844493,0.98084104,0.9905731,0.9815984,0.99309564,0.98057485,0.9794222,0.991835,0.9875162,0.9915903,0.9809877,0.984047,0.9839827,0.98347324,0.9840583,0.97897995,0.97344285,0.96647304,0.97137374,0.9867308,0.98909426,0.9909104,0.9888147,0.9958209,0.98686695,0.9867921,0.98238415,0.97902226,0.9895081,0.9844588,0.99405855,0.99403214,0.99202603,0.98510265,0.98812205,0.97459173,0.9846628,0.9869345,0.98058075,0.9806884,0.9938792,0.9869988,0.9837912,0.9797777,0.9954557,0.9771091,0.9807024,0.97809523,0.9911957,0.98380923,0.99412686,0.98155475,0.97983676,0.98629004,0.9828155,0.99080145,0.9800113,0.9733884,0.9944385,0.9870619,0.9787372,0.9702675,0.9709399,0.9844403,0.98863244,0.9850141,0.9876642,0.99066216,0.9911683,0.9940656,0.98086715,0.98259974,0.9863357,0.97298837,0.9874464,0.96403563,0.99080145,0.9904989,0.98117214,0.98248863,0.9963496,0.9871711,0.9917052,0.9802892,0.98797065,0.9951742,0.98624337,0.9740849,0.9900139,0.9784463,0.9776101,0.9931375,0.9918494,0.9884144,0.9827742,0.987547,0.9943345,0.9892571,0.98365074,0.9855892,0.9898205,0.99388754,0.98905814,0.99488145,0.98373955,0.9853823,0.9868756,0.9890535,0.968262,0.98736614,0.9786733,0.9836267,0.98675585,0.99310213,0.98415965,0.98005444,0.989923,0.985727,0.97051436,0.9892065,0.9842743,0.9914177,0.9846782,0.9859182,0.9908445,0.9949432,0.98687804,0.9881593,0.9841084,0.9938093,0.989989,0.983546,0.9773228,0.9848909,0.9884907,0.99063545,0.980712,0.9835591,0.9690137,0.9777069,0.97890985,0.9851842,0.9781322,0.9847326,0.9856816,0.9949432,0.9955999,0.9833825,0.98884976,0.984254
arcticdogsmovie,0.9705651,0.9803796,0.98731923,0.9659995,0.98520696,0.95718807,0.96733326,0.98598135,0.98835766,0.9873697,0.9898908,0.96199685,0.9877315,0.9875881,0.9844493,1.0,0.9840428,0.98480433,0.9746035,0.9730039,0.9886139,0.9715758,0.98888147,0.96749115,0.9744801,0.9570034,0.96836466,0.97876966,0.975629,0.9729008,0.97731686,0.95850563,0.9463834,0.96084255,0.9617864,0.9686219,0.9845566,0.97983295,0.98466724,0.9676622,0.98650926,0.9741994,0.97113574,0.97913855,0.9657155,0.9821193,0.98529714,0.9901607,0.98243904,0.9854888,0.97055984,0.9816806,0.97377694,0.9700925,0.98733217,0.97829986,0.98140234,0.96834075,0.98350745,0.9753504,0.97639495,0.9785411,0.98105747,0.97640336,0.98566467,0.97863126,0.9764025,0.9766083,0.99253905,0.9649976,0.9735644,0.9628435,0.95754313,0.9873106,0.9803801,0.96800673,0.9330525,0.9544601,0.9678058,0.9780376,0.9872574,0.9663897,0.9733187,0.978286,0.98627335,0.95708317,0.96191484,0.98972654,0.9627665,0.9881693,0.96065634,0.9735644,0.98460656,0.9830064,0.98109454,0.9849891,0.97252893,0.98491776,0.9638663,0.98682255,0.9824201,0.9757491,0.9704395,0.96950954,0.9867606,0.97382164,0.9828391,0.9844434,0.9851778,0.9691959,0.9798125,0.9757225,0.9722637,0.95687133,0.9767569,0.98057187,0.98181224,0.9746941,0.9851491,0.96804684,0.98181033,0.9830461,0.9884746,0.94318813,0.97436357,0.9917104,0.9770399,0.976506,0.9806036,0.98192513,0.98816806,0.9836561,0.9792527,0.9532261,0.97635156,0.97581637,0.9735195,0.9897445,0.96813166,0.9824664,0.98835766,0.9801481,0.9622386,0.97038436,0.97989225,0.98653734,0.9726654,0.95124465,0.9696375,0.97363585,0.9694845,0.9803029,0.9717687,0.94515467,0.9543748,0.96193576,0.9643788,0.9557736,0.9768757,0.9794151,0.98835766,0.9830753,0.97018343,0.9844298,0.9815591
arcticmovie,0.9780668,0.96178526,0.9846715,0.9587666,0.9937365,0.9798284,0.98013735,0.9824908,0.98990524,0.98281264,0.9782349,0.96209913,0.9882597,0.9810127,0.98084104,0.9840428,1.0000002,0.99271417,0.9803915,0.9818946,0.9842542,0.984925,0.9936719,0.9824367,0.96971434,0.95466715,0.98076004,0.99432683,0.98582596,0.9740924,0.9820033,0.9510587,0.94446117,0.9576298,0.97070944,0.97504854,0.98910546,0.9914489,0.9783948,0.96519667,0.9851064,0.9714145,0.98535746,0.98454523,0.9702586,0.9801424,0.9877268,0.9935162,0.9710896,0.9881374,0.98012125,0.9770953,0.9782521,0.95724183,0.9707284,0.9816746,0.9732636,0.9708405,0.96862787,0.980795,0.9856922,0.97639704,0.97871464,0.9847023,0.979567,0.9823634,0.97289,0.969299,0.98027,0.9779495,0.98005205,0.9625029,0.958888,0.9851204,0.98506165,0.97952133,0.94818383,0.9656136,0.98472655,0.9840776,0.987181,0.9762554,0.9781074,0.98010856,0.98985094,0.9647803,0.98114336,0.99221826,0.98185265,0.98126256,0.9690382,0.98005205,0.99538964,0.986115,0.9858094,0.9816277,0.9783632,0.98798704,0.96732163,0.98481846,0.98096246,0.98960215,0.9675731,0.9718227,0.97061753,0.9806524,0.9924708,0.98787105,0.9722184,0.9490316,0.9857033,0.97773206,0.9852841,0.9621926,0.9846194,0.9882168,0.9872992,0.9858484,0.98771465,0.9803796,0.9876683,0.98857707,0.97804976,0.9779543,0.98714656,0.9880939,0.99121994,0.9812189,0.97908926,0.98680663,0.9785198,0.98593104,0.9953335,0.97522724,0.98631567,0.97571766,0.981868,0.98077476,0.97732,0.9866225,0.98990524,0.9897829,0.96440536,0.9900941,0.9740462,0.9842579,0.9770789,0.95898896,0.9802274,0.9816752,0.9812337,0.97495013,0.98288494,0.94837546,0.9573744,0.96774316,0.97635895,0.9632205,0.98308355,0.9916859,0.98990524,0.98494107,0.9734288,0.99089205,0.99022883
artofracingmovie,0.987413,0.9714156,0.9807509,0.97109026,0.9956357,0.98290175,0.98330617,0.9857786,0.99111253,0.9926344,0.982376,0.9660455,0.99381995,0.9826953,0.9905731,0.98480433,0.99271417,0.9999999,0.9843358,0.98996335,0.9787193,0.9854335,0.9916598,0.98518974,0.97959095,0.9697634,0.98569185,0.9874948,0.9851752,0.97759634,0.9799167,0.9635162,0.94916147,0.9639182,0.97771794,0.9850855,0.98999566,0.996433,0.9889548,0.97789574,0.98931307,0.9747865,0.98691696,0.9849144,0.9769057,0.98866296,0.9906082,0.9919251,0.9828181,0.98636234,0.97740215,0.98453367,0.986,0.96903676,0.9745903,0.9893162,0.97660553,0.9753801,0.9718026,0.9884104,0.9764123,0.9818988,0.9791389,0.99021155,0.98421675,0.98719114,0.96978617,0.97632265,0.97730136,0.9833223,0.9869717,0.96458584,0.9644494,0.99013346,0.98804474,0.9815474,0.96013445,0.9692475,0.9880088,0.9909451,0.98708767,0.98374957,0.9870898,0.98342407,0.991084,0.9658029,0.9877447,0.9916008,0.98457545,0.98295814,0.97242194,0.9869717,0.99492306,0.9846213,0.9829397,0.98880786,0.9836327,0.9919912,0.9754093,0.98587096,0.98756194,0.98790973,0.9700188,0.98070025,0.9757713,0.9796312,0.99321836,0.9917508,0.97793484,0.96743846,0.9881965,0.9888313,0.9882979,0.97522587,0.9852202,0.9920691,0.9943463,0.9858883,0.9906742,0.9808117,0.99367833,0.98868364,0.9827332,0.9740833,0.9880194,0.9808995,0.99048257,0.9852202,0.9879575,0.9874482,0.97644603,0.9901252,0.98864865,0.97427464,0.9860512,0.9777717,0.9901597,0.9843082,0.9829136,0.99344075,0.99111253,0.99138653,0.9780334,0.99098116,0.98665357,0.9903304,0.9883874,0.9683818,0.9846914,0.9905462,0.98634905,0.9742181,0.9863459,0.9586571,0.96843016,0.97478235,0.9820964,0.9744899,0.9850239,0.98990077,0.99111253,0.9929681,0.9726205,0.9913868,0.9898876
avengers,0.9945868,0.9572121,0.98561484,0.9668807,0.98530227,0.9850613,0.98473966,0.9750762,0.9891053,0.9865912,0.9636437,0.97874683,0.98569304,0.98287106,0.9815984,0.9746035,0.9803915,0.9843358,1.0000001,0.98262745,0.9736592,0.97930413,0.98864913,0.9804694,0.98603433,0.9821513,0.9760653,0.97987163,0.9851034,0.9784301,0.99247587,0.9857859,0.9552768,0.9614601,0.971385,0.97997993,0.9780153,0.98138124,0.9836062,0.9830481,0.9878432,0.9664322,0.980248,0.9835447,0.97815555,0.9915565,0.9910068,0.9869436,0.97079176,0.9799174,0.9832606,0.98775524,0.9805288,0.9632801,0.97124153,0.9883882,0.97085166,0.9813298,0.9718255,0.98458815,0.9858593,0.9793959,0.9711442,0.9899449,0.98504007,0.98728997,0.9702261,0.9868863,0.97589785,0.9722752,0.9867228,0.97625816,0.97051996,0.98859394,0.97630835,0.98293364,0.957284,0.9869875,0.97890997,0.9912385,0.9757888,0.97816086,0.99133337,0.9827225,0.9899844,0.9755778,0.97533005,0.97622365,0.9739614,0.98439103,0.9749456,0.9867228,0.98495656,0.9681563,0.9804893,0.9844804,0.98054606,0.9793226,0.974209,0.9796395,0.9872202,0.9852407,0.9788868,0.97864777,0.96071273,0.9797053,0.9827841,0.992981,0.98037255,0.9818887,0.9903705,0.9818777,0.9884666,0.97597396,0.97625613,0.99151707,0.9939737,0.9845821,0.9899898,0.98614234,0.9882596,0.9890341,0.97907585,0.9634207,0.9871674,0.9785748,0.9757102,0.9907274,0.98435456,0.98600626,0.97972465,0.98365337,0.98101056,0.96967536,0.98283416,0.9764337,0.97783947,0.9869965,0.9875862,0.9945922,0.9891053,0.9901913,0.9837869,0.98859197,0.98472,0.984923,0.97105163,0.96724737,0.98660016,0.98540944,0.97681755,0.970346,0.9891067,0.96588105,0.98039776,0.9848293,0.9808999,0.98266816,0.974426,0.98759305,0.9891053,0.9831996,0.96217144,0.98624295,0.98240453
beachbummovie,0.9928468,0.9502298,0.9777794,0.97021896,0.9851129,0.9929502,0.9908744,0.98424095,0.9892016,0.98668885,0.9729365,0.9774261,0.9877066,0.98328996,0.99309564,0.9730039,0.9818946,0.98996335,0.98262745,1.0000001,0.9711428,0.98352826,0.98884135,0.9917418,0.9859788,0.9831783,0.98563415,0.9870531,0.9874538,0.9779658,0.9742387,0.9705603,0.9729857,0.974991,0.98363703,0.991099,0.98667926,0.9870741,0.98773557,0.98710185,0.9808814,0.97945935,0.98216563,0.9891638,0.9910021,0.9934232,0.9902832,0.98536533,0.9786025,0.9867281,0.98320335,0.97994673,0.9880392,0.9732121,0.9649618,0.98946005,0.9809254,0.9779233,0.9630224,0.9941818,0.9776921,0.96384686,0.9805134,0.99447984,0.981554,0.987523,0.9755351,0.9781364,0.9763225,0.99191046,0.98860073,0.9827743,0.96843016,0.99021965,0.9846212,0.98255444,0.98327047,0.9750628,0.9850049,0.98613304,0.97541326,0.9934559,0.99289,0.9890773,0.9920308,0.98123497,0.98270756,0.9829889,0.9774032,0.9792584,0.9490221,0.98860073,0.9915549,0.9759288,0.9838368,0.9899199,0.9944983,0.9934591,0.9865186,0.9813673,0.9917176,0.99162924,0.9778459,0.9883413,0.9578654,0.98586214,0.99379015,0.9890999,0.9852337,0.97276783,0.9859861,0.99371564,0.9944695,0.9875302,0.9855809,0.986924,0.993462,0.99272877,0.9904375,0.9884845,0.9792365,0.98494977,0.9766638,0.97993135,0.98756397,0.96895665,0.9857697,0.9889088,0.98925376,0.98521435,0.966612,0.98802537,0.9860317,0.97315043,0.98655957,0.97379315,0.99036986,0.97412974,0.9844765,0.99054414,0.9892016,0.98894125,0.98855096,0.9892116,0.985843,0.9834566,0.9816099,0.97266775,0.9873239,0.987914,0.99217933,0.97503966,0.9789114,0.97008955,0.9762394,0.98185325,0.9954605,0.97958875,0.9862974,0.98955494,0.9892016,0.99318427,0.98271453,0.9843665,0.98783517
bernadettefilm,0.97029185,0.9711423,0.9833526,0.96312964,0.9790771,0.9624959,0.9676746,0.98325366,0.9885037,0.9757717,0.9822753,0.96220136,0.98135304,0.97951996,0.98057485,0.9886139,0.9842542,0.9787193,0.9736592,0.9711428,1.0000001,0.9599973,0.98826265,0.9709295,0.9686935,0.94799536,0.971714,0.9798071,0.96627676,0.9718134,0.9833445,0.95888513,0.94483924,0.96227396,0.9749854,0.963505,0.9881853,0.97500926,0.98371947,0.9721214,0.98394775,0.97607124,0.9737262,0.9767922,0.96321434,0.97974867,0.9865106,0.9894758,0.9820752,0.98373836,0.9631704,0.98380196,0.9633474,0.97017896,0.98185164,0.9702769,0.98006576,0.97311306,0.9843139,0.9723481,0.9781489,0.9787424,0.9848324,0.97139865,0.9858029,0.9811636,0.98001117,0.9700568,0.9880709,0.95467305,0.9718895,0.9670853,0.94285756,0.98103595,0.9708735,0.9656323,0.93499845,0.9627919,0.966562,0.971696,0.982732,0.96638423,0.9718108,0.9746692,0.9864366,0.9616978,0.965416,0.99152535,0.95657665,0.9944576,0.96228755,0.9718895,0.98764426,0.98255724,0.98279,0.9823151,0.9678309,0.97336245,0.96083003,0.97311085,0.9822045,0.97571546,0.9524705,0.973559,0.9733698,0.9663745,0.9826183,0.976928,0.97918487,0.9614978,0.97991794,0.97181505,0.9709865,0.9464602,0.9884415,0.9825437,0.98067784,0.9713687,0.9847808,0.9732134,0.9749784,0.98973304,0.9804378,0.9582132,0.9800699,0.9943821,0.97462994,0.9669875,0.9809916,0.98553354,0.9891607,0.97604775,0.98207664,0.9461017,0.9761237,0.9731285,0.9693217,0.9898901,0.9702233,0.9789912,0.9885037,0.9736471,0.9641804,0.96864134,0.97890776,0.990794,0.95307606,0.96668935,0.9707886,0.97108835,0.9688999,0.9740439,0.97707176,0.94494814,0.96290094,0.95585006,0.9621915,0.94840825,0.97494346,0.97580725,0.9885037,0.9774472,0.9723038,0.9898069,0.9690083
