movie,21bridgesmovie,47metersdown,abeautifuldaymovie,abominablemovie,adastramovie,adogsjourneymovie,aftermathmovie,aftermovie,ahiddenlifefilm,alitamovie,angelhasfallen,angrybirdsmovie,annabellemovie,annamovie,apollo11movie,arcticdogsmovie,arcticmovie,artofracingmovie,avengers,beachbummovie,bernadettefilm,blackandbluemovie,blackchristmas,blindedbythelightmovie,bombshellmovie,booksmart,breakthroughmovie,brianbanksmovie,brightburnmovie,brittanyrunsmov,captainmarvelofficial,captivestatemovie,catsmovie,charliesangels,childsplaymovie,clarathefilm,coldpursuitmovie,countdown,currentwarmovie,darkwatersmovie,detectivepikachumovie,disneyaladdin,disneyfrozen,disneymaleficent,doctorsleepmovie,dolemiteismyname,dontletgomovie,doramovie,downtonabbey_official,dumbo,escaperoom,everybodyknowsmovie,fastandfuriousmovie,fightingwmyfam,fivefeetapartfilm,fordvferrari,freaksthefilm,geminimanmovie,glassmovie,gloriabellmovie,godzillamovie,goldfinchmovie,goodboysmovie,goodliarmovie,gretafilm,halathemovie,happydeathdaymovie,harrietfilm,hellboymovie,hersmellmovie,highlifemovie,highstrungmovie,honeyboymovie,hotelmumbaifilm,httydragon,hustlemovie,hustlersmovie,isntitromantic,itmovieofficial,jayandsilentbob,johnwickmovie,jojorabbitmovie,jokermovie,judythefilm,jumanjimovie,justmercyfilm,knivesout,lalloronamovie,lastblackmansf,lastchristmasthemovie,latenightmovie,lighthousemovie,lionking,littlethemovie,littlewomenmovie,littlewoodsfilm,longshotmovie,lordsofchaosmovie,lucyintheskyfilm,mamovie2019,marriagestory,meettheaddams,meninblack,midsommarmovie,midwaymovie,missbalamovie,missinglinkfilm,motherlessbklyn,onceinhollywood,onthebasisofsex,overcomermovie,peanutbutterfalcon,petsematarymovie,piercingmovie,playingwithfire,playmobilthemovie,pomsmovie,queenandslim,rambomovie,readyornotfilm,richardjewellfilm,rocketmanmovie,scarystoriesmovie,secretlifeofpets,serenityfilm,shaftmovie,shazammovie,spidermanmovie,spiesindisguise,starwars,stormboymovie,stubermovie,taosdfilm,teenspiritmov,terminator,theaeronautsmov,thebestofenemies,thedeaddontdie,thefarewell,thehighwaymen,thehummingbirdprojectfilm,theintrudermovie,theirishmanfilm,thekitchenmovie,thelegomovie,themustangfilm,thenightingalefilm,theprodigymovie,thesunisalsoastar,theupsidefilm,tolkienmovie,toystory,triplefrontier,uglydolls,uncutgems,underthesilverlake,usmovie,wavesmovie,whatmenwant,wonderparkmovie,wrinklestheclown,xmenmovies,yardiefilm,yesterdaymovie,zombieland
21bridgesmovie,0.99999994,0.97762036,0.98615617,0.95917773,0.99426734,0.9815587,0.9932833,0.98757285,0.99462396,0.9742528,0.9798918,0.97180086,0.9924558,0.98359704,0.9763135,0.9730323,0.984352,0.9871461,0.9898659,0.98007095,0.9791515,0.9811159,0.98597395,0.9862059,0.98989296,0.97797346,0.9838718,0.9536448,0.97981155,0.957761,0.9779895,0.9820507,0.9793615,0.9692932,0.9729346,0.97363913,0.9919331,0.9876439,0.97793174,0.9767516,0.98395526,0.97727513,0.97618127,0.9784132,0.9821362,0.98544514,0.98272544,0.986211,0.973899,0.9818098,0.9787818,0.9863945,0.9866633,0.95839345,0.97197247,0.9900374,0.9832939,0.98178107,0.98157734,0.9825517,0.98833126,0.9667293,0.97624296,0.99036855,0.9854044,0.97771525,0.97969186,0.9826748,0.96814495,0.97145516,0.9816378,0.97199374,0.97618484,0.97775495,0.9759217,0.985488,0.971959,0.9757795,0.98247445,0.97664315,0.9808085,0.9902558,0.9893564,0.9858782,0.9874526,0.97212124,0.9837147,0.99096215,0.9688183,0.9915606,0.9684245,0.9816378,0.98165476,0.9644019,0.9827206,0.96805423,0.9859439,0.9941636,0.9867473,0.98046887,0.98726416,0.9788899,0.9734237,0.977226,0.9757239,0.966881,0.98966587,0.9829226,0.96646976,0.9658307,0.99106,0.9840894,0.9696798,0.98773515,0.97832376,0.98887587,0.9969648,0.9813296,0.9887334,0.99186414,0.98698133,0.9789753,0.9770962,0.97770983,0.97859114,0.97901094,0.9782052,0.9824746,0.9855346,0.9733467,0.9843645,0.98744124,0.9858788,0.9650879,0.9769014,0.9691237,0.9873683,0.98875654,0.9806205,0.98683006,0.99462396,0.98299956,0.9894962,0.9787977,0.9823802,0.9885448,0.98163784,0.97063345,0.97845644,0.9914058,0.9891771,0.97558534,0.98221403,0.98019063,0.9741703,0.97058284,0.98753226,0.97483635,0.98978394,0.9725517,0.99462396,0.98560125,0.9952345,0.9881566,0.9673682
47metersdown,0.97762036,0.9999999,0.980466,0.97301275,0.9751747,0.96339184,0.9902859,0.97005266,0.9818198,0.9688329,0.969799,0.96412706,0.9821065,0.9698829,0.9611264,0.9865357,0.9759207,0.9718127,0.97247624,0.96271396,0.9800685,0.966796,0.9664686,0.9859582,0.9706864,0.9776527,0.97077113,0.93701327,0.9683485,0.96030897,0.97316396,0.96537083,0.9798802,0.9497554,0.98483336,0.9804064,0.9861189,0.9798253,0.9596829,0.9623243,0.96787566,0.9729406,0.9572787,0.9718198,0.98317367,0.96623516,0.96479505,0.9756386,0.95747274,0.9773088,0.96528745,0.96995455,0.95941687,0.9376506,0.97211766,0.98014647,0.9754103,0.9703074,0.9846331,0.9746124,0.9764001,0.9631292,0.9795404,0.9817538,0.96169215,0.96869457,0.9687511,0.9536756,0.93875694,0.96684575,0.9684112,0.97996014,0.98201156,0.9590787,0.98047525,0.9843507,0.9749241,0.97197187,0.9655855,0.95903385,0.9772186,0.9841133,0.9638262,0.9889523,0.980382,0.97673786,0.98407525,0.9688661,0.9639101,0.98235637,0.97121584,0.9684112,0.9767857,0.9464778,0.9841056,0.95704174,0.9764341,0.977049,0.9823067,0.96937865,0.9802258,0.9502864,0.95869523,0.9703234,0.9676649,0.9543252,0.9770075,0.97907484,0.9757801,0.9527183,0.96436524,0.98819053,0.9665142,0.98738825,0.9817934,0.9731018,0.9742873,0.9816437,0.9801542,0.99234647,0.9772402,0.96922576,0.9764199,0.9617992,0.96101356,0.9703791,0.96879256,0.96341866,0.9656224,0.97857773,0.981351,0.9757003,0.9717813,0.9722321,0.9707187,0.95967066,0.9733998,0.9841007,0.96561325,0.97957563,0.9818198,0.9726495,0.98235035,0.9667954,0.9755365,0.9728146,0.98365545,0.9802238,0.9704206,0.97747946,0.98650694,0.97332,0.9632661,0.9718006,0.953542,0.9712537,0.96697986,0.96477133,0.9702505,0.96991765,0.9818198,0.97375375,0.9736111,0.9694355,0.9536915
abeautifuldaymovie,0.98615617,0.980466,0.99999994,0.9620648,0.9824812,0.98135984,0.99061656,0.9789522,0.9895828,0.9667127,0.98317385,0.977608,0.9828534,0.98895097,0.9675914,0.9718993,0.97214174,0.96997064,0.97387403,0.97547346,0.98089534,0.9849138,0.97636145,0.98617923,0.98020685,0.9801089,0.97694814,0.9398326,0.99274534,0.9609193,0.9700953,0.9807525,0.9750317,0.9784294,0.98075336,0.9791559,0.98387164,0.9858915,0.9791371,0.9774132,0.98172635,0.9777281,0.9699967,0.9808054,0.9763517,0.98066324,0.96930355,0.9853338,0.9818998,0.9811251,0.9894122,0.98491275,0.9781312,0.957757,0.97528064,0.9828283,0.9807485,0.97257686,0.9849014,0.9794756,0.9783289,0.9616828,0.9734672,0.99283046,0.9830299,0.98057014,0.9728467,0.9722394,0.9603274,0.9808438,0.97904044,0.9744843,0.97971934,0.97436047,0.97386813,0.98115426,0.9775177,0.96618783,0.9806572,0.975683,0.9821986,0.9825198,0.9840868,0.98709804,0.98944366,0.9864419,0.991234,0.9803994,0.9822055,0.98364353,0.96541214,0.97904044,0.9832881,0.95638275,0.9902914,0.9639675,0.98398656,0.990268,0.9886644,0.98384404,0.9826115,0.9663736,0.97795343,0.9772402,0.9846966,0.9822529,0.98528296,0.981192,0.9727367,0.9716087,0.98194784,0.98694044,0.95988923,0.9886519,0.9772206,0.98361456,0.9822763,0.9793323,0.9889504,0.98846895,0.98402655,0.9757337,0.9731649,0.9778467,0.97239316,0.9752603,0.9788443,0.98532605,0.9780565,0.965711,0.9871802,0.97450143,0.97337085,0.9742629,0.97246534,0.96562797,0.9763996,0.987793,0.977984,0.9840034,0.9895828,0.99285233,0.98256075,0.96665716,0.98726994,0.98288673,0.98352706,0.9795274,0.98360866,0.9818968,0.98551524,0.9855315,0.9723879,0.95957106,0.9749038,0.97108406,0.9738228,0.9747226,0.97806704,0.969327,0.9895828,0.98427033,0.9860965,0.97638774,0.9851925
abominablemovie,0.95917773,0.97301275,0.9620648,1.0000001,0.961831,0.94708496,0.9690577,0.9517222,0.9718929,0.96591055,0.95359147,0.9553094,0.9714152,0.950779,0.9642078,0.9696462,0.957396,0.95880044,0.9654922,0.95842785,0.98526925,0.96676433,0.97145873,0.9565351,0.9615276,0.98387957,0.96429205,0.9142389,0.95615965,0.98123676,0.9759167,0.95532125,0.9854682,0.93135506,0.9876056,0.981759,0.9671613,0.9645016,0.9561897,0.96516436,0.9694718,0.9664435,0.96270233,0.9688441,0.97440076,0.9590936,0.9677666,0.9683932,0.96397245,0.9772448,0.9561915,0.96235967,0.95102966,0.93001497,0.965747,0.97563523,0.9631108,0.96468836,0.9796776,0.97914064,0.97431403,0.9783176,0.96579146,0.970266,0.9482963,0.959281,0.93506753,0.939568,0.9358386,0.9526452,0.9728425,0.968109,0.9844453,0.9657606,0.9841607,0.9789286,0.9705242,0.95299965,0.9667052,0.9645664,0.9613192,0.9749005,0.9637124,0.96866,0.96771705,0.96018004,0.97570467,0.95935464,0.96365345,0.9654824,0.9790855,0.9728425,0.9815839,0.9516199,0.9671577,0.9740673,0.9608727,0.96017414,0.97886825,0.9796388,0.9551347,0.9454409,0.9486393,0.96533,0.9631992,0.94371516,0.97172433,0.97100466,0.9771261,0.96102726,0.9598025,0.9813585,0.9636103,0.98035645,0.9854223,0.96533656,0.95813876,0.96786207,0.9752614,0.97720194,0.9729949,0.9773123,0.9826166,0.95884484,0.9632038,0.97848123,0.9654185,0.9631935,0.95526665,0.97895914,0.96882397,0.95185137,0.94803125,0.9574912,0.9698401,0.97687745,0.9485233,0.96207577,0.96717143,0.972701,0.9718929,0.9667051,0.9622064,0.95734227,0.96646714,0.959964,0.9751353,0.9874363,0.9774961,0.96777457,0.9747649,0.97214526,0.9504528,0.96082634,0.9603267,0.98056614,0.9583022,0.9652539,0.9494981,0.9730674,0.9718929,0.968645,0.9608014,0.96798474,0.9540841
adastramovie,0.99426734,0.9751747,0.9824812,0.961831,1.0,0.98452574,0.98670334,0.9912748,0.996076,0.9816038,0.98611194,0.97583157,0.99224705,0.98581135,0.9838769,0.97281194,0.98881525,0.98875356,0.98748344,0.98277825,0.980994,0.9806572,0.9914852,0.9839239,0.98798364,0.97143304,0.9853641,0.96589977,0.97810894,0.9584058,0.9809024,0.98251224,0.97862303,0.96786106,0.9725438,0.9720404,0.98892516,0.9904017,0.98663026,0.9756855,0.9820641,0.9852429,0.98073107,0.98241174,0.98691356,0.98880523,0.9869963,0.9898373,0.9749479,0.9849384,0.9788063,0.98723406,0.98766255,0.9689692,0.9765185,0.9917319,0.97656685,0.98028016,0.9831292,0.989013,0.9846176,0.9705345,0.97483855,0.98983437,0.98269093,0.9817666,0.9768449,0.98681325,0.9801104,0.9726065,0.9875959,0.9699019,0.96899325,0.9840144,0.97851044,0.98354536,0.97177404,0.9803352,0.9869791,0.98015094,0.9847007,0.98619425,0.99155444,0.9834255,0.98567283,0.9761934,0.9892917,0.9944051,0.97515774,0.9902663,0.96889025,0.9875959,0.9784523,0.9681422,0.9829232,0.9725012,0.9885759,0.9892809,0.984781,0.9813879,0.98604965,0.97983533,0.97505933,0.98459536,0.98223495,0.96953934,0.987516,0.982683,0.96003246,0.96078384,0.9899733,0.9800012,0.96934664,0.9868421,0.97750974,0.991934,0.9956089,0.97980356,0.9880115,0.9870804,0.9814015,0.97490066,0.97688586,0.985768,0.9787999,0.9769344,0.98207575,0.98290163,0.99124515,0.9796165,0.983839,0.9923714,0.9853704,0.9670368,0.97635424,0.964772,0.98612195,0.9849019,0.98181355,0.99262494,0.996076,0.9820419,0.9874002,0.9823907,0.98179746,0.9908739,0.98378307,0.9756697,0.97861457,0.9865206,0.9895155,0.9778167,0.9888036,0.97711235,0.97707814,0.9738463,0.98786783,0.9796992,0.98897636,0.96753085,0.996076,0.98643,0.9950343,0.99144167,0.9694979
adogsjourneymovie,0.9815587,0.96339184,0.98135984,0.94708496,0.98452574,1.0000001,0.98030424,0.9765182,0.98882824,0.96980965,0.98948026,0.97546047,0.9829377,0.98169994,0.9803832,0.96239704,0.98193944,0.97210574,0.9777136,0.9784422,0.9718743,0.9821965,0.97995895,0.97517693,0.97420377,0.9595855,0.97526836,0.96538514,0.98257655,0.95651263,0.970643,0.99288064,0.96127474,0.9720779,0.9624323,0.9596779,0.9724443,0.98296124,0.9851365,0.98031914,0.9732541,0.9789996,0.9756042,0.9779094,0.9708675,0.97735345,0.96918625,0.98062617,0.9829098,0.9780569,0.9849791,0.9913601,0.97986037,0.98294866,0.9675181,0.9813135,0.96862733,0.9722373,0.966021,0.9819397,0.97122407,0.96236634,0.9519106,0.9835544,0.9886218,0.9837119,0.96866775,0.98796445,0.97101533,0.95834225,0.9836676,0.95310247,0.9593409,0.98569643,0.9644773,0.97502196,0.9634946,0.97074425,0.9873735,0.9841945,0.9771342,0.9745173,0.9831844,0.9768068,0.9847208,0.97991866,0.9798806,0.9886084,0.98468935,0.9821377,0.96309423,0.9836676,0.9601951,0.9556436,0.98576605,0.9749752,0.9722154,0.9857323,0.9728797,0.9751003,0.96989334,0.97486216,0.9797102,0.98232716,0.98415595,0.98191315,0.9815494,0.97671634,0.94763887,0.9673634,0.98237175,0.9658487,0.9600927,0.9754252,0.9661958,0.9813901,0.9811735,0.9759761,0.9825805,0.97709215,0.97322226,0.96239156,0.96659243,0.98643345,0.9771509,0.9647147,0.98842317,0.9838233,0.98352754,0.9594852,0.9778919,0.98040026,0.97982264,0.96805733,0.96912694,0.9589984,0.9640496,0.9798472,0.9818454,0.9815468,0.98882824,0.98592657,0.97240996,0.96929365,0.9731921,0.9903334,0.9755502,0.9647133,0.9737176,0.9723619,0.98510695,0.9752511,0.9784698,0.95006305,0.97476804,0.9605414,0.9841376,0.9819978,0.97648793,0.9604491,0.98882824,0.980467,0.985916,0.9862311,0.9801544
aftermathmovie,0.9932833,0.9902859,0.99061656,0.9690577,0.98670334,0.98030424,0.99999994,0.98171896,0.9933927,0.97034746,0.9807552,0.9672836,0.98921055,0.98117256,0.97093815,0.9777505,0.9806649,0.9812791,0.98426837,0.9723872,0.98250926,0.97876203,0.9792314,0.9928874,0.98091024,0.9821139,0.97860664,0.94562936,0.9793815,0.96700585,0.97609115,0.9806542,0.98043424,0.9610933,0.9816946,0.9795778,0.9922916,0.98842746,0.97427326,0.97420096,0.9777358,0.9803504,0.9768881,0.9815573,0.9835602,0.9800392,0.97334164,0.98651564,0.9748197,0.98611134,0.97640663,0.9851729,0.975189,0.9531248,0.97246784,0.9886467,0.98968434,0.98153573,0.9847129,0.98203814,0.9846002,0.97109145,0.9791075,0.98940605,0.9790517,0.98139,0.9795952,0.97022945,0.9564921,0.9694371,0.979774,0.9748259,0.985511,0.9746344,0.9806363,0.9857218,0.974755,0.97147524,0.98239493,0.97458684,0.9847752,0.9909749,0.9810306,0.9926721,0.98814017,0.97950417,0.98810464,0.98312503,0.9744124,0.9920291,0.9752195,0.979774,0.98498434,0.96053654,0.9869088,0.96614385,0.9836181,0.99121946,0.9889609,0.978746,0.9854297,0.969938,0.96912134,0.97781533,0.977588,0.96527314,0.99148244,0.98076534,0.97350895,0.96446645,0.98323315,0.9879243,0.9716157,0.99066156,0.98216033,0.9843725,0.9902788,0.986418,0.99322414,0.9978216,0.9868866,0.97980857,0.979881,0.97164214,0.9741054,0.9784485,0.9799826,0.9762079,0.9780821,0.97528934,0.9906016,0.98195124,0.98357373,0.9708114,0.97827464,0.97189116,0.98141927,0.9900557,0.9800785,0.9846704,0.9933927,0.9852186,0.98739177,0.9691045,0.9803188,0.9865024,0.9888589,0.9784814,0.97722703,0.9876749,0.99336797,0.98272586,0.97564536,0.97795856,0.9690615,0.9739119,0.9798864,0.9773533,0.98248845,0.9756713,0.9933927,0.981352,0.9877164,0.9830503,0.96858984
aftermovie,0.98757285,0.97005266,0.9789522,0.9517222,0.9912748,0.9765182,0.98171896,1.0000001,0.986517,0.972519,0.9728397,0.96646214,0.9799713,0.97713184,0.96552575,0.961301,0.983437,0.9814805,0.97538584,0.9639062,0.9659148,0.9702468,0.98251474,0.98170656,0.98155737,0.95855474,0.97068924,0.9581167,0.9704969,0.94845617,0.967997,0.97398174,0.97207624,0.9577735,0.9601619,0.96949005,0.9867813,0.98877513,0.9793986,0.9563266,0.9728511,0.9739188,0.97085786,0.9731704,0.9794919,0.9833431,0.9784603,0.9774956,0.9710298,0.97752845,0.9705704,0.9748758,0.98025155,0.96091837,0.96916664,0.98425364,0.9723982,0.96602345,0.975394,0.9726111,0.97969973,0.9601302,0.96667856,0.9807053,0.97607046,0.9715487,0.97919655,0.9775029,0.9702758,0.9703068,0.97228146,0.9693966,0.95985895,0.970979,0.96914434,0.97100884,0.9605061,0.9722401,0.98061365,0.9671142,0.9771489,0.9783012,0.97997445,0.9878273,0.97783744,0.9637815,0.97945184,0.9816861,0.95859474,0.9846686,0.9623379,0.97228146,0.9779108,0.95023865,0.97391313,0.96125436,0.98474157,0.9790565,0.9761322,0.97160625,0.9860392,0.9641929,0.968758,0.96499604,0.9742415,0.96043986,0.9808403,0.9700748,0.94982797,0.9416833,0.9794724,0.9734372,0.95125663,0.97965336,0.95934814,0.98110956,0.9920273,0.9723672,0.98188215,0.9808748,0.96848625,0.9582796,0.96254766,0.97621715,0.96094394,0.9576092,0.97180843,0.97208625,0.9823055,0.9711472,0.97500455,0.98462766,0.98007745,0.95623744,0.95740634,0.95513475,0.9849316,0.9818232,0.96758044,0.9824841,0.986517,0.9712542,0.9812457,0.9727464,0.9761625,0.9827379,0.9745386,0.96562135,0.96203494,0.9802208,0.980872,0.97082156,0.97695786,0.9748291,0.9658874,0.9654648,0.9750199,0.96553147,0.9788813,0.94796157,0.986517,0.9785989,0.98872805,0.9852133,0.9575786
ahiddenlifefilm,0.99462396,0.9818198,0.9895828,0.9718929,0.996076,0.98882824,0.9933927,0.986517,0.99999994,0.98325425,0.989864,0.9785497,0.9943494,0.98821515,0.9875582,0.97877556,0.9888504,0.9853465,0.9913346,0.9857194,0.9882315,0.98647726,0.992507,0.9895808,0.98896515,0.9817958,0.98767143,0.9638237,0.98236054,0.9731186,0.98780406,0.98805034,0.9811954,0.96966064,0.9817481,0.97717994,0.9907725,0.99004227,0.98841757,0.98413014,0.9869338,0.98978347,0.984759,0.98867434,0.9891063,0.9879741,0.9867842,0.99312,0.9822011,0.9912187,0.9845058,0.99232537,0.9863709,0.966019,0.97721714,0.9936601,0.9856952,0.98883235,0.989103,0.99358714,0.9880476,0.97988063,0.97616315,0.9938792,0.9861037,0.987852,0.9760153,0.98313034,0.97379977,0.9703778,0.9926779,0.96973974,0.98086196,0.98943883,0.9844361,0.990161,0.9761371,0.9810762,0.9913202,0.9871297,0.98833394,0.9888548,0.99395716,0.9878678,0.9908341,0.98400414,0.9920951,0.99338377,0.98438025,0.9951367,0.9800753,0.9926779,0.98267776,0.9739186,0.9909799,0.98089623,0.98620695,0.99373144,0.98904747,0.9876323,0.98316514,0.9813887,0.98016316,0.9895155,0.987955,0.97434175,0.9948168,0.98636055,0.97222656,0.97237194,0.99137616,0.9854831,0.9775395,0.9914026,0.9861373,0.99155015,0.9936712,0.98750466,0.996158,0.99325866,0.990225,0.98420507,0.9845984,0.9861708,0.98698634,0.98614854,0.9873678,0.9866963,0.99044144,0.98094016,0.9906168,0.99001825,0.9867577,0.9739138,0.9855003,0.9781564,0.9805372,0.98775727,0.9892664,0.9930663,0.99999994,0.9897236,0.98635834,0.98144495,0.9837717,0.9923189,0.9892381,0.9822159,0.9858009,0.9883071,0.9949997,0.9870285,0.9878944,0.97603124,0.9810784,0.97899425,0.99192333,0.98647153,0.98890954,0.97858334,0.99999994,0.9885211,0.9938722,0.9938566,0.9795182
alitamovie,0.9742528,0.9688329,0.9667127,0.96591055,0.9816038,0.96980965,0.97034746,0.972519,0.98325425,1.0,0.97841007,0.9809046,0.97859854,0.97052586,0.9740473,0.9731757,0.9822739,0.9692218,0.9804299,0.9770185,0.9721922,0.980796,0.98420614,0.96324235,0.97648954,0.96682477,0.9815902,0.9695661,0.965491,0.9641182,0.98857117,0.96835977,0.97103375,0.9524583,0.9687847,0.9619501,0.9685022,0.9710883,0.9816486,0.97152907,0.9800358,0.9813312,0.9701732,0.97979593,0.97794455,0.98322314,0.9857975,0.9803451,0.96590096,0.9841788,0.9750911,0.9691533,0.9808338,0.9472736,0.9679537,0.9761225,0.96392864,0.97337186,0.97472256,0.98525465,0.9802951,0.9677003,0.9605625,0.97737354,0.97176343,0.9754353,0.9474041,0.96693635,0.9714298,0.9516594,0.985694,0.9575957,0.9652684,0.9762437,0.97637355,0.9783981,0.9551275,0.9683046,0.96762484,0.9772606,0.97952855,0.9678226,0.98124087,0.9693209,0.98202085,0.96375036,0.97770846,0.9724075,0.9666886,0.9807367,0.97657466,0.985694,0.9682478,0.9670471,0.9787313,0.97421324,0.9766886,0.97492236,0.9727052,0.98245746,0.9701358,0.969661,0.98275757,0.98147404,0.9848747,0.95800036,0.9711869,0.9808085,0.9713553,0.95948875,0.9755847,0.9727461,0.95747006,0.9774063,0.97171026,0.98112303,0.97390443,0.97815895,0.97591907,0.97620386,0.9737232,0.9728407,0.96992093,0.9838579,0.982419,0.9680804,0.9625405,0.97849905,0.98072726,0.98031217,0.96801335,0.9805515,0.97462064,0.96851647,0.96738636,0.96998084,0.9617311,0.96616155,0.976785,0.98527217,0.98325425,0.9722796,0.9742009,0.98592246,0.97590494,0.9727723,0.96949667,0.97131586,0.976397,0.9669535,0.98076,0.97429377,0.9821779,0.9631191,0.96810526,0.97643816,0.988248,0.9761352,0.9739758,0.95868456,0.98325425,0.96819574,0.9843084,0.98535055,0.9697286
angelhasfallen,0.9798918,0.969799,0.98317385,0.95359147,0.98611194,0.98948026,0.9807552,0.9728397,0.989864,0.97841007,1.0000002,0.9796446,0.9801536,0.9876912,0.9781433,0.96977526,0.97771853,0.9692273,0.98023796,0.98578644,0.9769582,0.9876311,0.98620987,0.9773826,0.9702235,0.9634504,0.9854611,0.96755517,0.9812552,0.9552639,0.9762264,0.97862273,0.96149266,0.96908545,0.9685814,0.96472716,0.97097296,0.9778768,0.99075633,0.9742109,0.9732232,0.99050623,0.9787625,0.9860643,0.97440594,0.9870493,0.97867024,0.98990756,0.9761836,0.98443955,0.98581386,0.9856228,0.9835269,0.9660852,0.9749777,0.9770549,0.97090393,0.9790751,0.9699917,0.9899922,0.96874154,0.9613335,0.96317,0.98541564,0.9843592,0.9946483,0.971845,0.9814378,0.9779607,0.96603096,0.9907039,0.9580129,0.9651508,0.981962,0.97448725,0.97814626,0.9652278,0.96919954,0.97874004,0.98499066,0.9931678,0.97417307,0.98449504,0.9725603,0.9860751,0.9802095,0.9879443,0.9846133,0.9855577,0.98288345,0.96794134,0.9907039,0.96170366,0.96842605,0.98725045,0.9685317,0.9823107,0.98623395,0.9780169,0.9828192,0.9757273,0.97984445,0.9833785,0.99352765,0.987513,0.97673494,0.98121977,0.9772277,0.9604818,0.96299964,0.98552585,0.970579,0.96201503,0.9827593,0.9758991,0.98959213,0.9776159,0.9829367,0.9840353,0.98094594,0.9742607,0.97269017,0.9704101,0.9868173,0.9844015,0.9692181,0.9758091,0.9848193,0.9912371,0.9684212,0.982141,0.9791808,0.97921705,0.97617316,0.9727781,0.9596234,0.9680681,0.9741035,0.9842231,0.9907953,0.989864,0.98869216,0.9799185,0.9743625,0.9759514,0.988483,0.98725575,0.96889836,0.97595304,0.96859574,0.9896883,0.9808523,0.989388,0.95367134,0.97649586,0.9684843,0.9858363,0.99035317,0.98250246,0.9647519,0.989864,0.972206,0.984342,0.98409265,0.985468
angrybirdsmovie,0.97180086,0.96412706,0.977608,0.9553094,0.97583157,0.97546047,0.9672836,0.96646214,0.9785497,0.9809046,0.9796446,0.99999994,0.9765551,0.9799171,0.96154916,0.96856934,0.96556354,0.97013295,0.9716222,0.9784032,0.9762803,0.99123496,0.97383463,0.95736146,0.9809069,0.968265,0.983789,0.94431216,0.9839415,0.9518813,0.97195953,0.9769436,0.9739238,0.9834641,0.9745306,0.9745566,0.9623643,0.9702167,0.9762585,0.9801771,0.9794122,0.97316784,0.95081115,0.96762204,0.97659117,0.9809089,0.9719353,0.9757879,0.97220236,0.9704194,0.99277186,0.9750001,0.98426485,0.96697193,0.98439145,0.97642547,0.9629493,0.9639197,0.96620685,0.98017645,0.977663,0.9485501,0.96371776,0.9801519,0.9800696,0.97038263,0.9432114,0.9716115,0.9586533,0.9724115,0.9812218,0.97338784,0.96636313,0.9662247,0.9738861,0.9832004,0.97890747,0.97764415,0.9696339,0.98055124,0.97079986,0.97473055,0.9767525,0.96483254,0.9888134,0.9671207,0.9798559,0.974058,0.9751218,0.9707059,0.9495815,0.9812218,0.9646979,0.95280397,0.98471004,0.9591491,0.9748992,0.97786105,0.98242205,0.98491347,0.9767813,0.9704134,0.9826906,0.982913,0.9795252,0.98885584,0.9684136,0.984953,0.9673186,0.97494185,0.9766986,0.9780679,0.95471,0.98359,0.97227484,0.9818022,0.9645131,0.97485995,0.9663686,0.9743944,0.9639385,0.9649786,0.9730428,0.98244166,0.9764976,0.96630377,0.9682781,0.9893808,0.9792947,0.9653169,0.96417105,0.96474344,0.9546064,0.9607793,0.96914464,0.95540875,0.96295434,0.97644603,0.9790927,0.98634225,0.9785497,0.9867336,0.9817105,0.97794825,0.9715069,0.9758913,0.97376084,0.9733417,0.9840984,0.96857595,0.97843975,0.9615148,0.97487795,0.9461624,0.97528636,0.9785184,0.97912765,0.97827154,0.9716803,0.9605659,0.9785497,0.9828342,0.98569876,0.9723309,0.98404413
annabellemovie,0.9924558,0.9821065,0.9828534,0.9714152,0.99224705,0.9829377,0.98921055,0.9799713,0.9943494,0.97859854,0.9801536,0.9765551,1.0,0.9849405,0.98282,0.9861971,0.9872113,0.9877834,0.9908402,0.98265374,0.98810935,0.9823468,0.985161,0.979268,0.9923162,0.9830675,0.9876509,0.9539664,0.98085344,0.9670585,0.9878219,0.98524076,0.98573977,0.970586,0.98481786,0.97816175,0.9867511,0.987129,0.97621155,0.98676133,0.98896766,0.9784104,0.97430843,0.9745276,0.99084044,0.9775676,0.9819659,0.982937,0.9721147,0.9814138,0.979842,0.98687845,0.9843862,0.96273226,0.9797007,0.99152094,0.9810185,0.98490375,0.9860538,0.99014926,0.9908419,0.9746505,0.9821759,0.9931787,0.97918653,0.97414356,0.968274,0.9778606,0.9632079,0.9671162,0.98927027,0.9747435,0.98245704,0.9817297,0.9820808,0.9918286,0.98387384,0.9828657,0.98213786,0.97790354,0.977797,0.990128,0.98932993,0.98417574,0.99101347,0.9824845,0.98548037,0.9956619,0.9801485,0.9890693,0.9737663,0.98927027,0.977979,0.9617539,0.98453563,0.9767902,0.9846234,0.99164224,0.9884078,0.9856171,0.98035556,0.9802012,0.9719715,0.98324615,0.9816828,0.971427,0.9880717,0.9921057,0.9749971,0.97401893,0.9894307,0.9901867,0.98059654,0.9910245,0.9868999,0.99007016,0.9890094,0.982645,0.98680055,0.99077815,0.9899307,0.9815439,0.98957443,0.98063624,0.9825935,0.9868384,0.9869356,0.9851448,0.9797495,0.98066735,0.9846773,0.9881132,0.97877234,0.96418405,0.9859866,0.97163385,0.9771529,0.98990077,0.9887008,0.9868447,0.9943494,0.9828225,0.9873254,0.98188806,0.9823797,0.98552495,0.9841054,0.982506,0.9869116,0.9895545,0.98894024,0.9771341,0.9766612,0.97615314,0.9815953,0.98218787,0.986274,0.9802888,0.98471284,0.9847534,0.9943494,0.99089295,0.9905706,0.98774225,0.9696176
annamovie,0.98359704,0.9698829,0.98895097,0.950779,0.98581135,0.98169994,0.98117256,0.97713184,0.98821515,0.97052586,0.9876912,0.9799171,0.9849405,0.99999994,0.97065514,0.97289354,0.97130597,0.9707464,0.977679,0.9850547,0.9724651,0.9832231,0.9798639,0.97558033,0.982269,0.96360135,0.9832057,0.9423709,0.9864326,0.9522349,0.9746192,0.9740186,0.9672759,0.98186916,0.97100246,0.96820694,0.97707325,0.9822499,0.97992057,0.9774559,0.98587143,0.9754158,0.9717921,0.97063243,0.97761947,0.98268265,0.9738497,0.98199636,0.9714437,0.9732429,0.9866727,0.982786,0.9870311,0.95344514,0.9782952,0.97584563,0.9740737,0.97191703,0.9761732,0.9815574,0.979379,0.94937223,0.96874577,0.99101174,0.9814987,0.97548175,0.9692824,0.9695092,0.97130686,0.97319674,0.98493356,0.96489227,0.9655637,0.9674562,0.966067,0.9777381,0.9741722,0.96919614,0.9724587,0.97186244,0.9830034,0.9760753,0.9885245,0.9741592,0.9870905,0.97981715,0.98621583,0.98519164,0.98095226,0.979021,0.95379,0.98493356,0.96957165,0.94657046,0.9828129,0.9605738,0.9852723,0.9900002,0.9798561,0.98649865,0.9821518,0.9785305,0.9717415,0.9818261,0.98771363,0.9785952,0.9828078,0.98169374,0.96494013,0.9655431,0.9898012,0.9797417,0.9569637,0.98356473,0.97246575,0.9871244,0.9795913,0.97199297,0.9795518,0.98211104,0.9775485,0.97270244,0.9745683,0.98133326,0.9808213,0.9710362,0.96930885,0.9856852,0.9779155,0.96409506,0.9772883,0.97425795,0.9652307,0.9609958,0.9722876,0.95922166,0.97565395,0.9848857,0.9844008,0.9859591,0.98821515,0.9840647,0.9838544,0.96764517,0.97980106,0.98612714,0.9847202,0.97006756,0.98083603,0.9693454,0.97976476,0.9775526,0.97419333,0.9494758,0.9855796,0.9742823,0.9758619,0.9785877,0.97656316,0.96456814,0.98821515,0.98100716,0.9861841,0.97737336,0.98358876
apollo11movie,0.9763135,0.9611264,0.9675914,0.9642078,0.9838769,0.9803832,0.97093815,0.96552575,0.9875582,0.9740473,0.9781433,0.96154916,0.98282,0.97065514,1.0,0.96723974,0.9838315,0.966169,0.9793059,0.98613787,0.97523755,0.96791035,0.98617345,0.9718228,0.9711947,0.9647815,0.9705036,0.96124065,0.96548873,0.9719281,0.9816475,0.9796947,0.96522766,0.9555334,0.965959,0.95261306,0.9763444,0.97590756,0.9765925,0.98050165,0.97478485,0.9753884,0.97324276,0.97917944,0.969726,0.968913,0.9795509,0.9794208,0.977356,0.97730875,0.968597,0.98837966,0.97044337,0.9575131,0.9583042,0.9767339,0.95847887,0.97286993,0.9777641,0.9884317,0.96987265,0.97460085,0.9480596,0.98264736,0.9752519,0.97502273,0.95308465,0.9783283,0.9726717,0.94791627,0.98400307,0.93923753,0.9568325,0.99010485,0.964433,0.97647536,0.95481795,0.9674701,0.9799206,0.97576874,0.96940655,0.9696982,0.9862196,0.9640623,0.9723981,0.97245175,0.9788346,0.9838105,0.97779894,0.9797279,0.97832876,0.98400307,0.95953417,0.965388,0.98209065,0.9924446,0.9637785,0.9782267,0.96702933,0.97409725,0.95502144,0.9671178,0.96352,0.9819379,0.97891325,0.95852816,0.9785956,0.9767002,0.9528758,0.9673136,0.9754811,0.96293026,0.9632524,0.96933335,0.97615165,0.973692,0.9782232,0.96392745,0.98126245,0.97270787,0.9812444,0.967577,0.97423935,0.9833335,0.9812585,0.9762092,0.9816167,0.9753483,0.9775355,0.9662964,0.97053903,0.98211896,0.9766504,0.9717768,0.9701862,0.9750326,0.9596767,0.96994233,0.9765033,0.9820765,0.9875582,0.97077477,0.96093434,0.97550946,0.9767843,0.98217356,0.96904874,0.9700912,0.9767078,0.9660234,0.97802484,0.9778155,0.97287023,0.9530868,0.9685996,0.9564,0.98409855,0.971159,0.9695173,0.9644625,0.9875582,0.974012,0.9763482,0.98816967,0.96809864
arcticdogsmovie,0.9730323,0.9865357,0.9718993,0.9696462,0.97281194,0.96239704,0.9777505,0.961301,0.97877556,0.9731757,0.96977526,0.96856934,0.9861971,0.97289354,0.96723974,1.0000001,0.9755203,0.9713368,0.97833514,0.9707502,0.9799752,0.97069836,0.97194815,0.9660395,0.9743691,0.9739621,0.97466666,0.93779314,0.9670935,0.95140904,0.980677,0.9598906,0.98046494,0.9526363,0.98256016,0.97917044,0.9768963,0.97036475,0.96118665,0.9675307,0.9726757,0.9650304,0.9526432,0.9604723,0.9821245,0.96141034,0.9725536,0.9655129,0.95115376,0.9677243,0.9668047,0.9658146,0.96791035,0.9289398,0.9791814,0.9715577,0.96796525,0.9723905,0.9776534,0.98142684,0.9748767,0.9586298,0.9803419,0.98397684,0.95474744,0.9630669,0.9605663,0.95598805,0.9411731,0.9658087,0.97695065,0.97372913,0.9780173,0.96204656,0.9804743,0.9858259,0.97952694,0.97433746,0.95987856,0.96048725,0.9759699,0.97994953,0.96911526,0.97716385,0.9812136,0.97113734,0.9778485,0.9753111,0.9616467,0.9751263,0.96897525,0.97695065,0.96568304,0.9427261,0.97658914,0.9667056,0.9755961,0.9789567,0.9768143,0.978064,0.9719552,0.96086836,0.9598288,0.9716943,0.9707662,0.9545449,0.9741217,0.99011505,0.980373,0.95425,0.9697677,0.9856709,0.9673464,0.9847324,0.98183024,0.9771756,0.9690942,0.9761122,0.97167385,0.9837692,0.97757936,0.9728497,0.98661184,0.9618229,0.9670423,0.973785,0.9640785,0.9709941,0.96563625,0.9787225,0.9672781,0.9712968,0.96407056,0.9644063,0.9729144,0.9541004,0.96746516,0.9748666,0.97498184,0.9791556,0.97877556,0.96675503,0.9796411,0.9825478,0.97403276,0.9681236,0.9760598,0.9770299,0.9763289,0.9731841,0.98015696,0.9684947,0.9591924,0.97132194,0.96952015,0.979473,0.9709089,0.96631736,0.9654505,0.9764075,0.97877556,0.9737915,0.9698705,0.9711576,0.9547712
arcticmovie,0.984352,0.9759207,0.97214174,0.957396,0.98881525,0.98193944,0.9806649,0.983437,0.9888504,0.9822739,0.97771853,0.96556354,0.9872113,0.97130597,0.9838315,0.9755203,1.0,0.9747184,0.9867709,0.9757531,0.9739992,0.9686396,0.9844929,0.9805625,0.98154026,0.9680314,0.97031397,0.9814315,0.9649351,0.96050316,0.98397756,0.9778651,0.9701593,0.94773513,0.9679137,0.96105516,0.985105,0.9793994,0.97622585,0.97188795,0.9734821,0.9803831,0.9748569,0.97812074,0.9817192,0.9767383,0.98045295,0.9799822,0.9682693,0.9826129,0.96656877,0.979051,0.9718275,0.9582939,0.965097,0.9795979,0.9737724,0.9791069,0.98132074,0.9822826,0.97774154,0.978055,0.9660325,0.9797599,0.9751918,0.9760999,0.9734283,0.9782542,0.9695179,0.95237255,0.97875035,0.9591371,0.9639014,0.9843221,0.9731969,0.98020345,0.9569494,0.9742853,0.98005694,0.9679353,0.97753805,0.9722472,0.97968113,0.9802061,0.97695273,0.9710306,0.97721344,0.9844794,0.9673246,0.9932492,0.97961915,0.97875035,0.9663186,0.965603,0.98185426,0.97954875,0.97732013,0.98107374,0.9733159,0.9703623,0.9737752,0.9741201,0.97355443,0.9752671,0.97634375,0.9543498,0.97866654,0.97681797,0.9636262,0.9551133,0.97289747,0.9720236,0.96317357,0.9756784,0.97059286,0.98182786,0.98544526,0.9794307,0.9835442,0.98157835,0.9786035,0.96912044,0.9699177,0.98072815,0.9737148,0.9725993,0.9814184,0.9724637,0.9803743,0.9838496,0.9722633,0.9913838,0.9920662,0.9714002,0.96614486,0.96570385,0.9682927,0.97650015,0.97071284,0.98114264,0.9888504,0.9691181,0.97580695,0.9798372,0.97738516,0.97832507,0.9708695,0.9698237,0.9670773,0.9790863,0.98516595,0.97725797,0.9752187,0.9727514,0.9670787,0.9602761,0.9883257,0.97094953,0.9778787,0.9620688,0.9888504,0.9752963,0.98398125,0.98821056,0.9581648
artofracingmovie,0.9871461,0.9718127,0.96997064,0.95880044,0.98875356,0.97210574,0.9812791,0.9814805,0.9853465,0.9692218,0.9692273,0.97013295,0.9877834,0.9707464,0.966169,0.9713368,0.9747184,1.0,0.98255587,0.96253735,0.9762612,0.9711878,0.9785569,0.9706831,0.98279107,0.96951765,0.98186505,0.9421162,0.9678619,0.94963527,0.97131747,0.9773657,0.97883666,0.9623514,0.97292864,0.9779022,0.9787112,0.98191595,0.9653673,0.96942973,0.97324383,0.96950895,0.96141934,0.9630622,0.98550767,0.97355074,0.9759067,0.97192407,0.9587448,0.97105557,0.9669382,0.97779876,0.98125756,0.9631604,0.9753288,0.99022603,0.97149324,0.972047,0.9671737,0.9805116,0.982995,0.96064764,0.9779602,0.98219717,0.97137177,0.96363133,0.9640545,0.975842,0.9524039,0.9644416,0.9792347,0.9752594,0.9704404,0.97026324,0.97850215,0.97827554,0.9788567,0.9802488,0.9766022,0.97280747,0.96841115,0.9881646,0.978831,0.977007,0.98268056,0.96247673,0.9774414,0.9865639,0.9617224,0.9803864,0.9556698,0.9792347,0.9715021,0.95418054,0.97049654,0.9591842,0.9805131,0.97550404,0.9833149,0.97151756,0.9803232,0.9706956,0.9594852,0.97584605,0.96225995,0.96009064,0.97773504,0.9839255,0.95602435,0.9571802,0.9835346,0.98046356,0.97350854,0.9864904,0.9724631,0.9846565,0.9863098,0.97639453,0.97498596,0.9833766,0.9698287,0.96437526,0.9812622,0.968072,0.96573526,0.970743,0.97411174,0.9722416,0.977426,0.97331345,0.97383666,0.981848,0.96885735,0.9419217,0.97320324,0.955883,0.97879994,0.9809984,0.9797597,0.9832448,0.9853465,0.97152543,0.9880916,0.9796746,0.96706635,0.9851503,0.97904396,0.9731763,0.9746565,0.9844852,0.9852038,0.95792246,0.97734785,0.98030543,0.9676438,0.9768816,0.9759855,0.97632504,0.97878385,0.96886283,0.9853465,0.9850563,0.9851681,0.97932166,0.9486429
avengers,0.9898659,0.97247624,0.97387403,0.9654922,0.98748344,0.9777136,0.98426837,0.97538584,0.9913346,0.9804299,0.98023796,0.9716222,0.9908402,0.977679,0.9793059,0.97833514,0.9867709,0.98255587,1.0000001,0.98360217,0.9834244,0.9815842,0.9914659,0.97422886,0.9866094,0.9805965,0.9866424,0.9658076,0.9681456,0.9691589,0.99105585,0.9765142,0.97470444,0.95792174,0.9755983,0.971469,0.9806797,0.9707234,0.97696245,0.9816789,0.98555875,0.9804161,0.9753898,0.9746088,0.9820911,0.98037827,0.990195,0.9803492,0.96927,0.9817265,0.9731928,0.98113096,0.98403543,0.950808,0.9708243,0.98221475,0.98240787,0.9911184,0.9762865,0.98957527,0.9885487,0.97572035,0.97183836,0.98437065,0.9792379,0.9787592,0.9739733,0.9732411,0.95998466,0.95200086,0.98936987,0.96536595,0.9766664,0.9828467,0.98280716,0.9874402,0.96841574,0.9780722,0.9795787,0.9794669,0.97929204,0.98370045,0.9880312,0.97339106,0.98362696,0.96772695,0.97533643,0.9881361,0.96994716,0.9918822,0.9779399,0.98936987,0.9689565,0.970792,0.9792929,0.97807115,0.9780351,0.9856852,0.98307824,0.9839253,0.9742949,0.9862509,0.9772299,0.983036,0.97190404,0.958864,0.9884896,0.98433584,0.9757818,0.9712405,0.9873068,0.98002005,0.97965,0.98588,0.9825995,0.9902892,0.9834142,0.9897661,0.9839994,0.98675966,0.98502904,0.98433346,0.984442,0.97850114,0.9893507,0.9864881,0.97482026,0.9827139,0.98427933,0.9839959,0.9782643,0.98374534,0.9831154,0.96257466,0.9835102,0.9783291,0.9658708,0.97362643,0.98609954,0.9859797,0.9913346,0.9770158,0.9842362,0.98292977,0.97186935,0.98266184,0.98205274,0.9698498,0.9802101,0.98217446,0.990524,0.97333133,0.9791047,0.9763025,0.9767295,0.97544754,0.9938111,0.9841581,0.9845772,0.9834347,0.9913346,0.9824611,0.9858632,0.9902998,0.9658286
beachbummovie,0.98007095,0.96271396,0.97547346,0.95842785,0.98277825,0.9784422,0.9723872,0.9639062,0.9857194,0.9770185,0.98578644,0.9784032,0.98265374,0.9850547,0.98613787,0.9707502,0.9757531,0.96253735,0.98360217,1.0000001,0.97427297,0.98506534,0.9871671,0.965572,0.9789285,0.96655893,0.98150617,0.9531889,0.9768982,0.9612048,0.982927,0.9724735,0.96931094,0.9734044,0.96712697,0.96013325,0.97396475,0.97216934,0.9811545,0.9841335,0.98367316,0.9725656,0.96686274,0.9720347,0.96851623,0.98322797,0.9841169,0.9803007,0.97782654,0.97154725,0.9827376,0.9853505,0.9841102,0.9520759,0.97379124,0.97214454,0.9624591,0.9738515,0.9738497,0.986601,0.9753377,0.95548666,0.9540809,0.9856969,0.9841624,0.976804,0.9592497,0.9771989,0.97290164,0.9629107,0.9858958,0.9558537,0.95942867,0.9769837,0.96560395,0.9818402,0.96374667,0.97110176,0.97070277,0.9755971,0.97711855,0.9734684,0.9870042,0.9620268,0.9827376,0.96866167,0.97950953,0.98367095,0.97714645,0.97770196,0.96607506,0.9858958,0.96052057,0.9557206,0.9835313,0.97776353,0.97157055,0.98782116,0.97440535,0.98673016,0.97114885,0.9782523,0.9747541,0.98406583,0.9813148,0.9722113,0.98024803,0.98244905,0.96445996,0.9764522,0.98600507,0.9714558,0.95857495,0.97733194,0.97755694,0.9842679,0.97459537,0.97164994,0.9754075,0.9760369,0.97875255,0.9742798,0.97485566,0.98997,0.98901546,0.9768591,0.9683265,0.9893282,0.9809341,0.96665454,0.97023886,0.97335017,0.9685554,0.9717339,0.9728788,0.9700449,0.9666305,0.9734597,0.9821988,0.9890576,0.9857194,0.97986335,0.9766354,0.97678673,0.9799002,0.98377985,0.97798365,0.964199,0.98219645,0.9658757,0.97926253,0.97143435,0.9749553,0.94727147,0.9801121,0.9653637,0.98654115,0.97443044,0.9755075,0.9695684,0.9857194,0.9772916,0.98349065,0.9848921,0.9816369
bernadettefilm,0.9791515,0.9800685,0.98089534,0.98526925,0.980994,0.9718743,0.98250926,0.9659148,0.9882315,0.9721922,0.9769582,0.9762803,0.98810935,0.9724651,0.97523755,0.9799752,0.9739992,0.9762612,0.9834244,0.97427297,0.9999998,0.9838395,0.9818586,0.974433,0.9804961,0.9933712,0.9833785,0.9453277,0.9778996,0.97521603,0.9828448,0.9787637,0.986125,0.96038073,0.9945494,0.9873919,0.9767538,0.9742837,0.97404516,0.98240393,0.9797159,0.9846937,0.9720562,0.9807487,0.9876602,0.9724533,0.976596,0.9852946,0.97363186,0.986282,0.979161,0.98085535,0.97108495,0.9597905,0.9795455,0.9882364,0.98029923,0.9830744,0.9867743,0.99186885,0.98197216,0.9844836,0.981679,0.98450947,0.9698314,0.978077,0.9587808,0.9670331,0.9519745,0.9673953,0.98699886,0.9771361,0.9917619,0.98306674,0.9920594,0.9926908,0.98634636,0.97498906,0.98480755,0.98141557,0.9756275,0.98794985,0.9803051,0.9772932,0.98193634,0.98213273,0.9876059,0.9830684,0.98277116,0.9823988,0.97493416,0.98699886,0.9811181,0.9723367,0.98411614,0.974676,0.978366,0.979896,0.9932842,0.9857068,0.9703012,0.9724095,0.9730298,0.9843649,0.9738352,0.9725654,0.98348236,0.98315245,0.98166585,0.9765029,0.97621894,0.9888402,0.9794194,0.99220866,0.9935559,0.9856259,0.9735724,0.98565024,0.9854718,0.98699313,0.98328096,0.98544645,0.98985696,0.9711943,0.97848064,0.9902446,0.9858185,0.98250574,0.9793035,0.98399425,0.98517936,0.97252184,0.9689305,0.96904284,0.9857673,0.9736032,0.96193534,0.9762639,0.98049283,0.9848604,0.9882315,0.9878833,0.9790447,0.9728886,0.97332627,0.97520965,0.9856193,0.9917897,0.98929435,0.9861649,0.9888821,0.97991186,0.9719421,0.969582,0.9735502,0.98468995,0.9788054,0.9833868,0.9752675,0.9864462,0.9882315,0.98744243,0.97899145,0.9777363,0.9736472
