movie,21bridgesmovie,47metersdown,abeautifuldaymovie,abominablemovie,adastramovie,adogsjourneymovie,aftermathmovie,aftermovie,ahiddenlifefilm,alitamovie,angelhasfallen,angrybirdsmovie,annabellemovie,annamovie,apollo11movie,arcticdogsmovie,arcticmovie,artofracingmovie,avengers,beachbummovie,bernadettefilm,blackandbluemovie,blackchristmas,blindedbythelightmovie,bombshellmovie,booksmart,breakthroughmovie,brianbanksmovie,brightburnmovie,brittanyrunsmov,captainmarvelofficial,captivestatemovie,catsmovie,charliesangels,childsplaymovie,clarathefilm,coldpursuitmovie,countdown,currentwarmovie,darkwatersmovie,detectivepikachumovie,disneyaladdin,disneyfrozen,disneymaleficent,doctorsleepmovie,dolemiteismyname,dontletgomovie,doramovie,downtonabbey_official,dumbo,escaperoom,everybodyknowsmovie,fastandfuriousmovie,fightingwmyfam,fivefeetapartfilm,fordvferrari,freaksthefilm,geminimanmovie,glassmovie,gloriabellmovie,godzillamovie,goldfinchmovie,goodboysmovie,goodliarmovie,gretafilm,halathemovie,happydeathdaymovie,harrietfilm,hellboymovie,hersmellmovie,highlifemovie,highstrungmovie,honeyboymovie,hotelmumbaifilm,httydragon,hustlemovie,hustlersmovie,isntitromantic,itmovieofficial,jayandsilentbob,johnwickmovie,jojorabbitmovie,jokermovie,judythefilm,jumanjimovie,justmercyfilm,knivesout,lalloronamovie,lastblackmansf,lastchristmasthemovie,latenightmovie,lighthousemovie,lionking,littlethemovie,littlewomenmovie,littlewoodsfilm,longshotmovie,lordsofchaosmovie,lucyintheskyfilm,mamovie2019,marriagestory,meettheaddams,meninblack,midsommarmovie,midwaymovie,missbalamovie,missinglinkfilm,motherlessbklyn,onceinhollywood,onthebasisofsex,overcomermovie,peanutbutterfalcon,petsematarymovie,piercingmovie,playingwithfire,playmobilthemovie,pomsmovie,queenandslim,rambomovie,readyornotfilm,richardjewellfilm,rocketmanmovie,scarystoriesmovie,secretlifeofpets,serenityfilm,shaftmovie,shazammovie,spidermanmovie,spiesindisguise,starwars,stormboymovie,stubermovie,taosdfilm,teenspiritmov,terminator,theaeronautsmov,thebestofenemies,thedeaddontdie,thefarewell,thehighwaymen,thehummingbirdprojectfilm,theintrudermovie,theirishmanfilm,thekitchenmovie,thelegomovie,themustangfilm,thenightingalefilm,theprodigymovie,thesunisalsoastar,theupsidefilm,tolkienmovie,toystory,triplefrontier,uglydolls,uncutgems,underthesilverlake,usmovie,wavesmovie,whatmenwant,wonderparkmovie,wrinklestheclown,xmenmovies,yardiefilm,yesterdaymovie,zombieland
21bridgesmovie,1.0,0.99671155,0.9912957,0.9815529,0.9928486,0.9959534,0.99085224,0.9992301,0.9957028,0.99340314,0.9960332,0.98674685,0.99203676,0.99737996,0.99280614,0.99876606,0.9924417,0.9907799,0.99099433,0.9903967,0.9831197,0.9969952,0.9979882,0.9942371,0.99142694,0.9582123,0.98829633,0.9924638,0.99384105,0.9998441,0.9908079,0.99442995,0.99758667,0.9824716,0.9966613,0.99646103,0.9866608,0.9928598,0.99679667,0.9897711,0.99459785,0.9781911,0.9742474,0.97378844,0.9926614,0.9963835,0.9974457,0.99692297,0.9959515,0.9803413,0.99471015,0.9857381,0.9881277,0.975566,0.9988534,0.9939503,0.99549073,0.99042803,0.995958,0.9930884,0.988826,0.9942967,0.9913359,0.99519634,0.99365515,0.9871755,0.9928546,0.97308487,0.99788594,0.99814534,0.99740064,0.9884337,0.9961551,0.9824451,0.9957294,0.98740727,0.9980781,0.9943204,0.9894683,0.99675465,0.9988472,0.995059,0.9946667,0.99286014,0.9886975,0.99136364,0.9874133,0.9899506,0.99177855,0.99545527,0.99101484,0.99740064,0.9831526,0.9954008,0.97831935,0.9880523,0.9943777,0.98528033,0.990821,0.9977213,0.9997536,0.9959556,0.9986332,0.9911989,0.991723,0.9941001,0.99720395,0.9925583,0.99889046,0.936609,0.9936045,0.99675524,0.98960656,0.98993623,0.987313,0.9985076,0.9998888,0.9969679,0.99550754,0.9882059,0.98960054,0.991372,0.9948977,0.99706984,0.9934613,0.99076027,0.99586177,0.9949786,0.99008244,0.96506464,0.9947617,0.98249334,0.9942733,0.9779441,0.9882874,0.99951106,0.9991139,0.9854114,0.9962346,0.99746627,0.9957028,0.99684453,0.99873984,0.97999233,0.995793,0.99237806,0.99918324,0.9971095,0.98748755,0.99524987,0.993281,0.9740554,0.99861676,0.9971965,0.9949836,0.9971206,0.99380255,0.9962467,0.99472874,0.98522526,0.9957028,0.99800134,0.9923485,0.99432445,0.98892295
47metersdown,0.99671155,1.0000001,0.98621386,0.9886334,0.99093866,0.9954229,0.98678553,0.9962174,0.9911713,0.9950019,0.99356836,0.97891057,0.9893963,0.9960552,0.9843875,0.9947884,0.98917764,0.98853844,0.9892387,0.9815835,0.9814753,0.9931913,0.99463767,0.99068916,0.9879452,0.958388,0.9823216,0.99235374,0.9862458,0.995715,0.9884951,0.98900187,0.9944744,0.9760408,0.9946616,0.99344283,0.9752482,0.99757314,0.99351585,0.9866698,0.9912995,0.9796805,0.97354656,0.9705377,0.9911644,0.9949366,0.9964347,0.99411535,0.99508965,0.97734946,0.9886969,0.97892815,0.9871428,0.9787058,0.99713814,0.98418444,0.9948392,0.9907655,0.991468,0.9881802,0.98043364,0.98780954,0.99417895,0.9885082,0.9913936,0.98943055,0.9879176,0.9703294,0.9967819,0.9987704,0.9917125,0.98671,0.99165094,0.9780706,0.99365884,0.9820739,0.9926032,0.9884181,0.9835283,0.99793416,0.99316967,0.9922032,0.988053,0.9884313,0.98673594,0.98825204,0.99038154,0.98528373,0.9914638,0.9928225,0.99022144,0.9917125,0.9832006,0.99460447,0.96797544,0.9812124,0.99417496,0.97818434,0.98622674,0.99577445,0.9950655,0.9955381,0.996193,0.9843402,0.9903125,0.98979616,0.99364007,0.98398787,0.99343234,0.93144596,0.9890767,0.9922751,0.99029887,0.98957664,0.9849443,0.99731314,0.9973364,0.99357253,0.9906185,0.9845665,0.9846996,0.98830587,0.9932748,0.9954931,0.99271727,0.9856115,0.99256337,0.994755,0.9890244,0.96442986,0.9948977,0.97610795,0.9913604,0.97567815,0.9867596,0.99742436,0.9982652,0.97631216,0.98849374,0.99534786,0.9911713,0.9895464,0.9972699,0.96746594,0.9868272,0.98799515,0.9981224,0.9964408,0.98210424,0.987231,0.9880053,0.97156453,0.9963181,0.9909023,0.9922517,0.9948011,0.99122345,0.9922486,0.9944504,0.9876085,0.9911713,0.99270415,0.9893976,0.9909299,0.98261625
abeautifuldaymovie,0.9912957,0.98621386,1.0,0.98780966,0.9984686,0.9960856,0.99745965,0.9937786,0.997705,0.9939144,0.997938,0.9958457,0.99793595,0.9955254,0.99620205,0.9943143,0.99942106,0.9989006,0.9987802,0.9973034,0.9925199,0.997308,0.99474853,0.9993327,0.99951863,0.9855343,0.9927234,0.99045897,0.99870855,0.99186945,0.9966636,0.99940556,0.99574107,0.9968538,0.9958212,0.99404526,0.9955153,0.9862329,0.9960557,0.997861,0.99391496,0.99357504,0.9936841,0.9944118,0.9946321,0.99473596,0.99353784,0.9880905,0.99656326,0.997143,0.99814546,0.9987587,0.9966032,0.9915144,0.99382365,0.9963064,0.99407,0.99410546,0.9908944,0.99671406,0.99712723,0.9992372,0.9916109,0.99720335,0.9990046,0.99577487,0.9959362,0.99390596,0.99326855,0.99310946,0.9948603,0.9895237,0.9931102,0.9967196,0.9930422,0.9944278,0.98814976,0.99520636,0.99983305,0.9898052,0.9909349,0.99707305,0.99713063,0.9990798,0.99573123,0.99821943,0.9916946,0.99713266,0.99672896,0.99789214,0.99606854,0.9948603,0.99658656,0.99167836,0.996069,0.99943477,0.9971752,0.9974811,0.998332,0.9917012,0.99273324,0.99332833,0.99555963,0.9972685,0.9925772,0.9987556,0.9981783,0.99170667,0.9884974,0.9714911,0.99943066,0.9986693,0.9928077,0.99545074,0.99295735,0.9940822,0.9924769,0.9963691,0.99697864,0.9937218,0.9980726,0.9957363,0.99796426,0.9947453,0.99703294,0.98618793,0.99844426,0.9968214,0.997162,0.9895767,0.9970004,0.99811524,0.9963034,0.98680025,0.99601513,0.99056906,0.987599,0.9959828,0.99720174,0.9935143,0.997705,0.99221784,0.98420614,0.9910175,0.9944088,0.99948514,0.9908768,0.99174565,0.9908915,0.9836802,0.9967203,0.99465674,0.9939175,0.99542016,0.9980854,0.9919099,0.99828196,0.9972721,0.9953942,0.99198043,0.997705,0.99729705,0.9989426,0.9936828,0.9930327
abominablemovie,0.9815529,0.9886334,0.98780966,1.0,0.99254644,0.9903849,0.9862985,0.9836939,0.9858134,0.9926487,0.9889908,0.9815923,0.9923826,0.99038637,0.977806,0.9820163,0.9903056,0.99245137,0.99386954,0.98008066,0.9829703,0.98686045,0.9844738,0.98961616,0.99068516,0.9835561,0.9739255,0.9833513,0.9822941,0.9811628,0.9910763,0.9860988,0.9848009,0.9849297,0.9868248,0.982202,0.9718101,0.99402297,0.98813593,0.99191976,0.98153466,0.99315095,0.9895213,0.9848351,0.9920315,0.98800576,0.98664224,0.9817785,0.9904553,0.9891393,0.9856336,0.9839531,0.9945289,0.99374735,0.98609996,0.9740722,0.98930377,0.99239,0.97869426,0.9820354,0.9762108,0.98365915,0.99665344,0.9797074,0.9921991,0.9969906,0.9811851,0.9866194,0.9866905,0.9907163,0.9791121,0.9777178,0.98364884,0.9854973,0.98306805,0.9783794,0.97211397,0.9811475,0.98571527,0.9907569,0.97630787,0.9871231,0.98013014,0.9889868,0.9924859,0.9873098,0.99179137,0.98884606,0.99156165,0.9897787,0.9888879,0.9791121,0.99463165,0.9884754,0.9749913,0.9838499,0.99268115,0.98280746,0.98564917,0.98268557,0.98080313,0.9910034,0.98664397,0.978835,0.9908153,0.98942244,0.98882943,0.96955734,0.97582805,0.96505356,0.9878722,0.98728555,0.99418765,0.9943585,0.9828557,0.9879304,0.984074,0.9855176,0.9845607,0.9834059,0.9851275,0.98971003,0.99243706,0.98642427,0.9942512,0.9744278,0.98925894,0.99459606,0.99198586,0.98723584,0.99375194,0.9830874,0.98523945,0.974411,0.99260473,0.98307556,0.9819076,0.97590476,0.9789369,0.9886129,0.9858134,0.97300786,0.97812325,0.96099526,0.97286373,0.9878136,0.9863397,0.9859215,0.97307456,0.96642256,0.98438513,0.98779774,0.98522323,0.97899246,0.98848104,0.9827188,0.9890128,0.9848537,0.9926488,0.9943174,0.9858134,0.9844965,0.9890767,0.9822994,0.9827901
adastramovie,0.9928486,0.99093866,0.9984686,0.99254644,1.0,0.99680924,0.99424565,0.99416226,0.995743,0.99453914,0.99807906,0.99540013,0.99900144,0.99607646,0.9919768,0.9950621,0.9981019,0.99789494,0.9989343,0.994085,0.98899174,0.9985781,0.99388295,0.9982894,0.99962306,0.9843645,0.98898536,0.98972136,0.99718493,0.993244,0.99513996,0.9975945,0.9962547,0.99570423,0.9959507,0.9939574,0.989501,0.9919728,0.99565727,0.9978482,0.9920729,0.99251837,0.99145806,0.9911066,0.99544257,0.99777853,0.99390954,0.98890173,0.99701697,0.9946423,0.99786854,0.9949107,0.9985794,0.99163747,0.9947514,0.9934567,0.9936404,0.99320126,0.98852557,0.9939116,0.99277043,0.99758303,0.99495965,0.99555147,0.9986665,0.9973248,0.99620885,0.99043846,0.9962401,0.99610656,0.9931572,0.9885906,0.9958317,0.9924224,0.99221545,0.98973304,0.98765194,0.9918633,0.9976467,0.9940975,0.9923685,0.99565655,0.99407595,0.9994475,0.9979565,0.99720395,0.99546224,0.9968911,0.99850374,0.99698645,0.9954305,0.9931572,0.9975827,0.99184775,0.99101907,0.9960879,0.9986935,0.99300474,0.9952248,0.9915778,0.9933417,0.9974746,0.9965293,0.9948332,0.9936263,0.9988921,0.99863744,0.9871105,0.9903043,0.96551764,0.9976348,0.9982285,0.99358815,0.9986918,0.9892213,0.994946,0.9941138,0.9952686,0.994624,0.9895129,0.9944717,0.9945248,0.99793667,0.9961692,0.9976614,0.9824814,0.99761605,0.99898815,0.99568653,0.9886413,0.9980149,0.9940523,0.99489933,0.98798203,0.994899,0.9917878,0.9897503,0.98983735,0.9952708,0.99605834,0.995743,0.98996556,0.987079,0.98483324,0.9916473,0.9974881,0.99316627,0.99188095,0.9864985,0.98594224,0.9936523,0.9922123,0.99406534,0.9933233,0.9984943,0.9910308,0.99726856,0.99625075,0.9956533,0.9914186,0.995743,0.9972363,0.9981436,0.9911179,0.9940749
adogsjourneymovie,0.9959534,0.9954229,0.9960856,0.9903849,0.99680924,1.0,0.99661154,0.99829227,0.997954,0.998993,0.9995623,0.9869677,0.9945485,0.9983405,0.99328005,0.99777764,0.9978138,0.9968782,0.9963296,0.99068725,0.9944722,0.99742866,0.9982227,0.9982949,0.99613583,0.9767357,0.9945484,0.9978558,0.99427277,0.9951972,0.99511915,0.9973736,0.998971,0.98716915,0.99970573,0.9986355,0.98839813,0.99239486,0.99665564,0.9932524,0.9982684,0.9917987,0.98864865,0.987824,0.9934172,0.99727106,0.9992785,0.9916705,0.999972,0.9913618,0.9943503,0.9921222,0.992641,0.99053776,0.9989472,0.9931855,0.99825585,0.9960754,0.9948208,0.9977937,0.9939027,0.9965556,0.9937153,0.9968013,0.99816567,0.99639195,0.99593234,0.98669624,0.9977908,0.99844414,0.9973877,0.9955774,0.9919444,0.9922559,0.9987233,0.9948662,0.99415505,0.99522287,0.99502474,0.99421346,0.9937641,0.9992125,0.9969245,0.9953438,0.99110067,0.99814385,0.99561435,0.99142283,0.9980794,0.9987735,0.99884516,0.9973877,0.9928837,0.9952217,0.9848684,0.9938227,0.9993654,0.99078816,0.9970116,0.9981622,0.99566054,0.99483633,0.9991113,0.99567497,0.9913436,0.995545,0.998065,0.99323684,0.9913444,0.95328075,0.9976455,0.9980499,0.9927941,0.9928968,0.99557483,0.99892706,0.9971009,0.99906886,0.99726164,0.9940828,0.9960712,0.99346364,0.9984514,0.9991508,0.99688715,0.98875874,0.998596,0.99749386,0.9973865,0.98051274,0.99947876,0.9914432,0.9991087,0.98769933,0.9935356,0.99639094,0.9954938,0.9904075,0.9957284,0.99458253,0.997954,0.99502116,0.99212956,0.9851728,0.9941314,0.99759173,0.9959876,0.99819684,0.9939991,0.98476523,0.99554414,0.98735815,0.9986956,0.9969843,0.99896216,0.99767077,0.99922603,0.99905896,0.9976755,0.99380064,0.997954,0.9969978,0.99848294,0.9974103,0.98611367
aftermathmovie,0.99085224,0.98678553,0.99745965,0.9862985,0.99424565,0.99661154,1.0,0.99460214,0.99902695,0.99674714,0.9970397,0.9886214,0.9940707,0.99666685,0.99767315,0.992969,0.998924,0.9985065,0.99677926,0.9953144,0.9966311,0.9935279,0.99697036,0.99869543,0.99561936,0.9805794,0.9945216,0.994802,0.9951058,0.99074256,0.9982547,0.9984169,0.9947249,0.9904313,0.9963159,0.99437517,0.99547553,0.9851828,0.99681765,0.9949333,0.99682444,0.99417573,0.9929016,0.992629,0.99407196,0.9904369,0.9957632,0.9900777,0.9971449,0.99564755,0.99435383,0.9975551,0.99168,0.99114466,0.9947135,0.9938106,0.9975643,0.9978199,0.9956871,0.9983842,0.99661094,0.9968113,0.9909595,0.9954305,0.9982524,0.9945429,0.99158895,0.9931001,0.9905138,0.9923905,0.99592394,0.99115044,0.98732394,0.9982807,0.9959481,0.99807596,0.98969084,0.99838084,0.997044,0.98813766,0.98790777,0.99881995,0.99814034,0.99447215,0.9899555,0.99697727,0.98797065,0.9934948,0.9935465,0.9989094,0.99703014,0.99592394,0.9925157,0.9949821,0.99189705,0.99770254,0.99552095,0.9976639,0.9996883,0.99470156,0.99218476,0.98863167,0.9949067,0.9952495,0.99215305,0.9954212,0.9961317,0.9948166,0.98613006,0.96867883,0.999022,0.99708503,0.994063,0.98971903,0.99830514,0.99550176,0.99212533,0.99793714,0.9989465,0.9991144,0.9997899,0.9966468,0.99812317,0.99361295,0.9967552,0.99306166,0.99859595,0.99457365,0.9991694,0.9845877,0.9970187,0.9966234,0.99779654,0.98071194,0.9969903,0.99212074,0.98943406,0.9978178,0.99549824,0.9908985,0.99902695,0.9934478,0.9852137,0.98865414,0.99384725,0.99908054,0.99125206,0.9954166,0.99497944,0.9782313,0.99910474,0.99213916,0.9956716,0.99643743,0.9958924,0.99582416,0.9985921,0.99737495,0.9973066,0.99596274,0.99902695,0.99512005,0.9976511,0.998121,0.9864624
aftermovie,0.9992301,0.9962174,0.9937786,0.9836939,0.99416226,0.99829227,0.99460214,0.99999994,0.9979005,0.9963684,0.9981556,0.98655057,0.99269605,0.99842757,0.99481535,0.9993372,0.99528855,0.99366117,0.99311703,0.99148816,0.9894222,0.9974357,0.9994576,0.9965943,0.99333256,0.9648167,0.99301165,0.99628204,0.99473023,0.99875355,0.9932021,0.9965859,0.9990586,0.98401374,0.9989079,0.9986332,0.9893172,0.99177533,0.99751234,0.9909815,0.9978684,0.9837818,0.98018837,0.9798961,0.992922,0.9966497,0.9993342,0.99566036,0.99830943,0.98510706,0.9948675,0.9892649,0.9890745,0.98133075,0.99985164,0.99516463,0.9977013,0.9934834,0.99749255,0.99668705,0.99267596,0.9961317,0.9916218,0.99715227,0.99589616,0.9905545,0.9947393,0.9789198,0.9980614,0.9984319,0.99909055,0.99295723,0.9941679,0.98758966,0.9985261,0.99259967,0.99838066,0.99647063,0.99239004,0.9953197,0.9976364,0.9980033,0.9973146,0.99383014,0.9887115,0.9949203,0.9902018,0.99039555,0.99428964,0.99769217,0.99511397,0.99909055,0.9864236,0.99616337,0.9818752,0.99135476,0.9965576,0.98865443,0.99469036,0.9993995,0.99909824,0.9948285,0.99959385,0.994363,0.99144566,0.9947903,0.99798965,0.99548507,0.9965607,0.9428671,0.9961488,0.9979846,0.99083173,0.99005675,0.9926089,0.9995596,0.9995238,0.99913716,0.9976588,0.99244136,0.99364614,0.99273944,0.99681324,0.99859655,0.9949477,0.9921792,0.9977898,0.9957342,0.99382824,0.9704011,0.99699086,0.9870679,0.99760085,0.98213506,0.9907139,0.9992787,0.99862087,0.98943746,0.9973528,0.9961881,0.9979005,0.99816614,0.9968993,0.9843973,0.9969974,0.9954211,0.99839646,0.99884576,0.9926434,0.9915738,0.99564725,0.9794307,0.9998362,0.99882513,0.9971161,0.99898535,0.99692327,0.998593,0.9964718,0.9891349,0.9979005,0.998327,0.99550533,0.99747723,0.9872397
ahiddenlifefilm,0.9957028,0.9911713,0.997705,0.9858134,0.995743,0.997954,0.99902695,0.9979005,1.0,0.9969924,0.9985243,0.9908089,0.9955459,0.99865264,0.99859667,0.99675614,0.9988193,0.9979448,0.99686134,0.9964558,0.9937799,0.9967031,0.99915135,0.9992662,0.99638057,0.9751378,0.9944182,0.99533594,0.9972283,0.9957189,0.9978139,0.999334,0.997462,0.9904918,0.998095,0.9967543,0.9954888,0.9889108,0.99883544,0.9954671,0.997801,0.99049366,0.9886395,0.9885472,0.99561435,0.99412346,0.9978485,0.99425626,0.99836385,0.99274266,0.9968977,0.99618036,0.9925414,0.9874091,0.9977165,0.99646485,0.99848247,0.9970077,0.99770385,0.99861866,0.9964669,0.9983166,0.99259293,0.9975693,0.9986812,0.9935949,0.99403954,0.98866147,0.9945575,0.9957622,0.9984419,0.9916679,0.992471,0.9952481,0.9974473,0.99655354,0.9943341,0.99924546,0.9969085,0.9925334,0.9935988,0.9993929,0.9992044,0.99620384,0.99171,0.99700993,0.98900884,0.9947584,0.9945913,0.9996665,0.99661005,0.9984419,0.99127376,0.99683374,0.9903953,0.99698853,0.99675673,0.99615246,0.99884814,0.9972691,0.9967065,0.99282205,0.9978951,0.9961473,0.9940388,0.9972431,0.9985265,0.99632335,0.992467,0.96097624,0.9993815,0.9990959,0.9943592,0.99172443,0.9963657,0.9981179,0.9964548,0.9994691,0.9999153,0.9974756,0.998571,0.9970545,0.9989122,0.99636644,0.997511,0.9943844,0.999681,0.9964702,0.9979396,0.98022455,0.9978713,0.9944014,0.9983885,0.98143834,0.9961237,0.99624574,0.9941206,0.9963618,0.99813396,0.99502236,1.0,0.99670863,0.9912564,0.98858756,0.9969045,0.9989881,0.9955361,0.9974678,0.99435455,0.98625845,0.99939424,0.9883215,0.99834365,0.99881965,0.9974502,0.9978955,0.99884725,0.9989184,0.99814445,0.99387443,1.0,0.99825966,0.9978182,0.99865276,0.9899396
alitamovie,0.99340314,0.9950019,0.9939144,0.9926487,0.99453914,0.998993,0.99674714,0.9963684,0.9969924,1.0,0.997612,0.98305935,0.99307024,0.9981819,0.99177974,0.99437517,0.9968975,0.99674255,0.99576175,0.98848087,0.99500465,0.9939418,0.9973184,0.9970295,0.993825,0.9765915,0.9917263,0.99773365,0.9907326,0.99240315,0.996232,0.9953594,0.99609154,0.9843946,0.99793804,0.99593055,0.98590004,0.9931099,0.99625385,0.9925347,0.9969552,0.9934162,0.9894655,0.9872287,0.9939733,0.99368644,0.9985158,0.9916364,0.9990405,0.9911466,0.99145657,0.99081385,0.9914815,0.9919703,0.9974267,0.98858434,0.999126,0.9983292,0.99484605,0.9961018,0.99065644,0.99337363,0.9950676,0.9929372,0.9974517,0.9967816,0.9910891,0.98737663,0.99460834,0.9971832,0.9947986,0.9931204,0.9879759,0.9927123,0.997623,0.99410623,0.9909006,0.9949083,0.9924864,0.9934971,0.9891025,0.9983952,0.9947104,0.9924725,0.9894012,0.9959314,0.993426,0.9900881,0.9957151,0.9983269,0.99797326,0.9947986,0.9920633,0.99658144,0.9816192,0.99176264,0.99783725,0.9903405,0.9962303,0.99718004,0.99301124,0.9923737,0.99684584,0.9917143,0.9922006,0.9934624,0.9958886,0.99058,0.9875644,0.9559081,0.99628437,0.9957923,0.99494696,0.9911498,0.99657345,0.9981487,0.9949015,0.9978272,0.9965487,0.9957215,0.9956153,0.9943253,0.99821883,0.9964821,0.9972196,0.9904655,0.9976118,0.9966193,0.9982921,0.9804051,0.99913156,0.9898725,0.9976884,0.98201174,0.99503773,0.9951783,0.9943088,0.98935026,0.99205965,0.9928706,0.9969924,0.991677,0.9904273,0.97943574,0.9900472,0.9962115,0.9949855,0.9983368,0.99236757,0.978673,0.99547637,0.98718524,0.9975396,0.9944764,0.99630725,0.99736184,0.99804157,0.9968421,0.9986245,0.99713445,0.9969924,0.99402666,0.9966053,0.9973921,0.9830471
angelhasfallen,0.9960332,0.99356836,0.997938,0.9889908,0.99807906,0.9995623,0.9970397,0.9981556,0.9985243,0.997612,1.0,0.9906538,0.9960506,0.99800795,0.9949037,0.9983376,0.9987011,0.99759364,0.99726814,0.99339134,0.9939395,0.9987599,0.99802643,0.9991842,0.99785453,0.9787008,0.99523956,0.9963103,0.9968046,0.9956961,0.9954073,0.9987902,0.9993611,0.9905854,0.9995579,0.9986383,0.9913538,0.9908684,0.9969946,0.9948186,0.9979095,0.9916846,0.98957646,0.9896037,0.9938335,0.9979812,0.99840486,0.99129725,0.99964225,0.9928999,0.9965153,0.99438727,0.9940929,0.99020827,0.99849117,0.9958036,0.9972519,0.9951061,0.9943184,0.9983377,0.9959966,0.998503,0.9929581,0.99842864,0.99880207,0.9961339,0.9976584,0.98825234,0.99793136,0.99778676,0.9979696,0.99502283,0.9938303,0.99336416,0.9979687,0.9952517,0.99418515,0.99573445,0.9972014,0.9936587,0.9949671,0.99920744,0.9980221,0.9973799,0.9929364,0.9990065,0.995313,0.99351245,0.998573,0.9989679,0.9985652,0.9979696,0.9940382,0.994294,0.9888588,0.9960754,0.9994492,0.9928492,0.99781835,0.99724025,0.99621844,0.99547696,0.99924946,0.9975543,0.99169916,0.9972519,0.999063,0.9941471,0.9923366,0.9568631,0.9987681,0.99920934,0.9923566,0.99419826,0.9948413,0.9983025,0.99704,0.99911255,0.9977748,0.99378496,0.99694854,0.99406266,0.9986405,0.9991432,0.9970385,0.98813367,0.9991467,0.9977988,0.9972184,0.9826199,0.9991549,0.9937244,0.9991065,0.9892289,0.99388754,0.9957617,0.9943425,0.9924535,0.9976276,0.9952032,0.9985243,0.9958405,0.9911989,0.9887127,0.9959308,0.99871624,0.99543417,0.99690515,0.99402815,0.98696584,0.996217,0.9891754,0.9982357,0.9977918,0.9997737,0.9967311,0.9995699,0.9995973,0.99707925,0.9924342,0.9985243,0.99835783,0.99934894,0.9968454,0.98911655
angrybirdsmovie,0.98674685,0.97891057,0.9958457,0.9815923,0.99540013,0.9869677,0.9886214,0.98655057,0.9908089,0.98305935,0.9906538,1.0,0.99718475,0.9893661,0.99130523,0.9881813,0.9930954,0.99300855,0.9947541,0.99695826,0.9773655,0.9940925,0.9869024,0.9934123,0.99637485,0.9788063,0.979846,0.97593474,0.99740326,0.9887792,0.9911589,0.9942672,0.9883069,0.99871004,0.9866224,0.9842747,0.9921518,0.982637,0.99181795,0.9969005,0.9821506,0.98328245,0.9848923,0.9860762,0.99298376,0.99048716,0.98366964,0.9851861,0.9877261,0.9906309,0.9979736,0.9943855,0.99613917,0.98067415,0.98596305,0.9929687,0.98478436,0.9851417,0.9822367,0.98659474,0.9892799,0.99505204,0.9882325,0.9910156,0.9933872,0.9878908,0.99005353,0.9865611,0.98766285,0.9868929,0.9869679,0.97461027,0.9952088,0.9881036,0.98135674,0.98174447,0.98015165,0.9882127,0.9954211,0.98753434,0.98826367,0.98770255,0.9894056,0.997746,0.997313,0.98954433,0.9826711,0.9981265,0.98948777,0.9908179,0.98457813,0.9869679,0.99190354,0.98545927,0.9946044,0.99471754,0.9898257,0.9932919,0.9896058,0.9814533,0.9890258,0.9925642,0.9889025,0.98979497,0.9919187,0.9974764,0.99446046,0.9817018,0.98782367,0.97137654,0.99354243,0.99434024,0.98882776,0.99557364,0.97889894,0.9863993,0.98735577,0.98787826,0.99003744,0.9830221,0.9894656,0.99252224,0.99199873,0.9866208,0.9925021,0.9785216,0.99239933,0.9931971,0.9881114,0.9851652,0.98931026,0.991988,0.9857514,0.9767185,0.99133825,0.9842867,0.9804423,0.989321,0.9931225,0.99291503,0.9908089,0.98447603,0.97938275,0.98350424,0.9889876,0.99281096,0.9863806,0.9815971,0.9762377,0.98646194,0.99039584,0.9883509,0.9857616,0.98825186,0.99137217,0.9817313,0.9896277,0.9891244,0.988538,0.98196405,0.9908089,0.99423325,0.9913038,0.98249304,0.998627
annabellemovie,0.99203676,0.9893963,0.99793595,0.9923826,0.99900144,0.9945485,0.9940707,0.99269605,0.9955459,0.99307024,0.9960506,0.99718475,0.99999994,0.9962638,0.9931078,0.99269766,0.9975692,0.9980138,0.9992206,0.9962637,0.98579687,0.9970359,0.9932544,0.9977237,0.9989027,0.9824468,0.9846576,0.9861712,0.99728,0.99298245,0.99688154,0.9971125,0.99353915,0.9970941,0.9933271,0.99047256,0.9908152,0.9925455,0.9968989,0.99960846,0.9892675,0.99124324,0.99039423,0.9894209,0.9980983,0.9950946,0.9919388,0.99131334,0.9950285,0.99422187,0.9987137,0.9955188,0.99941343,0.98941505,0.99305177,0.9923509,0.9934313,0.99406415,0.98898315,0.99164945,0.99058276,0.9965549,0.9965416,0.9931736,0.99841774,0.99582,0.9923263,0.9903656,0.9934727,0.9946541,0.9913683,0.98270786,0.9963006,0.9924001,0.98939866,0.9873823,0.9853851,0.9927785,0.99679095,0.99475586,0.9907326,0.9941028,0.99279666,0.99923664,0.9994051,0.99428135,0.99071485,0.99929637,0.9952552,0.9966806,0.9921875,0.9913683,0.9965116,0.99356264,0.9915514,0.9958396,0.99636966,0.9947331,0.99422807,0.989595,0.9931069,0.99715024,0.9946471,0.9916816,0.99703133,0.9995873,0.9981941,0.9851604,0.9904767,0.9704629,0.99723727,0.99767864,0.9962874,0.99908894,0.987373,0.9939303,0.9931652,0.9939045,0.9948062,0.9901079,0.99391717,0.9972258,0.9979798,0.99296,0.99860567,0.98530847,0.9973464,0.9989348,0.99532753,0.9880949,0.9967442,0.9934094,0.9922318,0.98038185,0.99706817,0.99135464,0.98873824,0.9905789,0.9943269,0.9971797,0.9955459,0.9880044,0.9867872,0.9811998,0.99018484,0.99664444,0.9933498,0.99072814,0.9825921,0.9858544,0.99479717,0.991581,0.9927948,0.99206185,0.99596506,0.98987097,0.9954133,0.9940842,0.9963091,0.9922445,0.9955459,0.996805,0.9959687,0.98996174,0.9971272
annamovie,0.99737996,0.9960552,0.9955254,0.99038637,0.99607646,0.9983405,0.99666685,0.99842757,0.99865264,0.9981819,0.99800795,0.9893661,0.9962638,1.0000001,0.9954959,0.9967169,0.99742174,0.997118,0.9968475,0.9937943,0.9903095,0.9967777,0.9990716,0.9981305,0.99542683,0.97181416,0.9897847,0.9948012,0.995086,0.99723464,0.99764985,0.99736816,0.99709326,0.988306,0.9977547,0.9958504,0.99016315,0.99512756,0.9995118,0.9955997,0.99604136,0.98921055,0.9858245,0.98412496,0.99764955,0.995441,0.99851143,0.997062,0.99858946,0.98975915,0.99627155,0.9923818,0.9937864,0.9866831,0.9987111,0.99286586,0.9993032,0.99772733,0.9972366,0.9956984,0.9913527,0.99592185,0.9967745,0.9948846,0.99834055,0.9944854,0.9920165,0.98494667,0.9962312,0.9985081,0.9967588,0.989273,0.99430525,0.9914609,0.9967388,0.9921553,0.99393636,0.99744225,0.99385136,0.99717236,0.9941464,0.9981863,0.9962539,0.9955569,0.9932418,0.994809,0.9903087,0.994737,0.9945937,0.99925154,0.9952777,0.9967588,0.99093914,0.9989832,0.98449177,0.99325687,0.9972964,0.99253,0.99595326,0.9976713,0.9975976,0.9960644,0.9984212,0.9922408,0.99665594,0.99707377,0.9986512,0.9921772,0.9942993,0.9558712,0.99760056,0.99837995,0.9968358,0.993914,0.9935952,0.99943846,0.9981654,0.9986526,0.9984977,0.995179,0.9954267,0.9974186,0.99927616,0.99670154,0.9987547,0.99401593,0.99912745,0.99839133,0.99710786,0.9777046,0.9987576,0.98978496,0.9967008,0.97834057,0.9963365,0.998261,0.99697167,0.99114776,0.9957545,0.9977788,0.99865264,0.994488,0.99494404,0.9805455,0.9938337,0.9968122,0.9985428,0.99861217,0.98984426,0.9876571,0.9977019,0.9849751,0.99893993,0.9969167,0.99664915,0.9980789,0.9975083,0.9974597,0.999535,0.9949379,0.99865264,0.997862,0.99611294,0.99719876,0.9907385
apollo11movie,0.99280614,0.9843875,0.99620205,0.977806,0.9919768,0.99328005,0.99767315,0.99481535,0.99859667,0.99177974,0.9949037,0.99130523,0.9931078,0.9954959,1.0,0.99358445,0.99649996,0.9953918,0.99390596,0.9982237,0.9900693,0.99363947,0.9968553,0.99701256,0.9937241,0.9704819,0.9921795,0.99028444,0.9971468,0.993467,0.9961816,0.9981148,0.99377567,0.99030024,0.9940457,0.9928331,0.99863267,0.98218274,0.99721175,0.9938011,0.99470013,0.9856397,0.9850582,0.9860272,0.9935471,0.98913795,0.99365276,0.99279606,0.9940128,0.99052805,0.9961957,0.9964405,0.98907256,0.9811356,0.9938306,0.99713045,0.99508464,0.9937179,0.9967809,0.99662673,0.9963287,0.9972742,0.98759335,0.9960444,0.9958458,0.9877643,0.99061596,0.9866937,0.9894419,0.9904906,0.99682283,0.9862751,0.990335,0.994265,0.9935971,0.9951186,0.9922343,0.99928564,0.9957665,0.9877068,0.991386,0.99652356,0.9984678,0.99415016,0.98890436,0.9934784,0.98094773,0.99413013,0.9890727,0.9971371,0.9918683,0.99682283,0.9866678,0.9942639,0.9923914,0.9967733,0.99169105,0.9972049,0.9973129,0.9936211,0.9948745,0.988215,0.99420226,0.994483,0.9922376,0.99561834,0.9960349,0.9965519,0.99092704,0.9628308,0.9977964,0.9971519,0.99136156,0.9875289,0.9936688,0.99432224,0.9931379,0.9968782,0.9989395,0.9965443,0.9974743,0.99613047,0.9958893,0.9915867,0.9943583,0.9951441,0.9974349,0.992301,0.9947857,0.9765029,0.9932602,0.9939343,0.9950399,0.97492903,0.9942296,0.9930827,0.9899809,0.9982524,0.99779177,0.9921971,0.99859667,0.9958727,0.9875904,0.99000853,0.9970913,0.9971706,0.9919476,0.99357224,0.992222,0.9856364,0.99916697,0.9857464,0.99508345,0.99778336,0.99364185,0.9949482,0.995594,0.9961855,0.9947855,0.9895725,0.99859667,0.9966699,0.9945046,0.99650925,0.99006516
arcticdogsmovie,0.99876606,0.9947884,0.9943143,0.9820163,0.9950621,0.99777764,0.992969,0.9993372,0.99675614,0.99437517,0.9983376,0.9881813,0.99269766,0.9967169,0.99358445,1.0,0.99481386,0.9927324,0.99263537,0.9911457,0.9882215,0.9986368,0.99797726,0.99621195,0.9942244,0.96626306,0.9937154,0.9948654,0.99570394,0.99842,0.99083596,0.99655396,0.99965024,0.9853633,0.9987591,0.9990522,0.9890107,0.98984873,0.9957576,0.9903859,0.99709606,0.9826385,0.97978914,0.980493,0.99081016,0.99820423,0.9981125,0.99283755,0.99770373,0.98498166,0.9953567,0.9890824,0.9893268,0.9807354,0.9990904,0.9965414,0.99521315,0.99034554,0.9947463,0.9963794,0.9936485,0.9970107,0.9894061,0.99839085,0.9952428,0.9900287,0.99734515,0.9783892,0.9990209,0.9978312,0.9988673,0.99379766,0.9953075,0.9863443,0.9975787,0.9916902,0.99812055,0.99434716,0.99328744,0.9940619,0.9988136,0.99706453,0.99704707,0.99487793,0.9891345,0.9957403,0.991881,0.9899896,0.99556696,0.996448,0.99493724,0.9988673,0.9870851,0.9929141,0.9833365,0.99173146,0.9968411,0.98751116,0.99392706,0.9980161,0.9986233,0.99535394,0.9995884,0.9960799,0.9889406,0.9949492,0.99804646,0.9949948,0.99666417,0.94134283,0.99574924,0.9980503,0.98774445,0.9906913,0.9904417,0.998238,0.9989914,0.998239,0.9961591,0.9893659,0.99260676,0.99029946,0.9955967,0.9992325,0.99338204,0.98773795,0.99693906,0.9952424,0.99205977,0.9713493,0.99615175,0.9874964,0.99724966,0.9866833,0.98829246,0.997752,0.9970588,0.9883855,0.9980789,0.9955456,0.99675614,0.99816823,0.99539644,0.9872736,0.99768764,0.99520314,0.9968947,0.99668306,0.99223816,0.99327207,0.9936421,0.9797321,0.99865353,0.99847674,0.99803585,0.99696475,0.9966194,0.9986744,0.9941473,0.98565686,0.99675614,0.9986551,0.9959926,0.9954395,0.98783755
arcticmovie,0.9924417,0.98917764,0.99942106,0.9903056,0.9981019,0.9978138,0.998924,0.99528855,0.9988193,0.9968975,0.9987011,0.9930954,0.9975692,0.99742174,0.99649996,0.99481386,1.0000001,0.9997099,0.9991604,0.9962275,0.99486715,0.9968608,0.9966048,0.9998699,0.998839,0.9845309,0.9934917,0.9936251,0.99737203,0.9925856,0.9982555,0.99942005,0.9964403,0.9944828,0.9972457,0.99522614,0.99444735,0.98885894,0.9973817,0.9976531,0.99587154,0.9952284,0.9942437,0.99401706,0.9958245,0.9946638,0.9958946,0.9902499,0.99822825,0.99707776,0.9971575,0.9981289,0.9961332,0.99314725,0.99561745,0.99493676,0.99689144,0.9970562,0.9934701,0.9977556,0.9964928,0.9985167,0.99374723,0.99673504,0.9997798,0.9972134,0.9948889,0.99398386,0.9939046,0.99486554,0.9957582,0.9912375,0.99198645,0.9975028,0.9953362,0.99592453,0.98950547,0.99672055,0.99891347,0.9914712,0.9906266,0.9986636,0.9976415,0.9980312,0.9948225,0.9985219,0.9925083,0.9963882,0.997034,0.99929667,0.9976854,0.9957582,0.99640656,0.9945289,0.99347353,0.9986581,0.9981301,0.9973188,0.9992247,0.99419403,0.9934933,0.993433,0.996594,0.9965116,0.9938901,0.9982489,0.9983809,0.9926082,0.9885924,0.9699228,0.99981064,0.99879503,0.9950513,0.99493575,0.9957412,0.9961654,0.9937659,0.9978801,0.9982638,0.99630857,0.99899715,0.997007,0.9992795,0.9957428,0.99839085,0.9893638,0.99940383,0.99765646,0.9990757,0.9885279,0.9986475,0.9973529,0.9977663,0.9854215,0.9975071,0.99267673,0.9901485,0.995985,0.9966003,0.99404556,0.9988193,0.9928905,0.98645866,0.98870623,0.9940015,0.9998406,0.9927962,0.9947421,0.9926177,0.98219067,0.9980144,0.9942016,0.99587893,0.9961559,0.99829113,0.9946253,0.9993448,0.9980728,0.9977009,0.9953506,0.9988193,0.99713826,0.9992917,0.9961797,0.9910472
artofracingmovie,0.9907799,0.98853844,0.9989006,0.99245137,0.99789494,0.9968782,0.9985065,0.99366117,0.9979448,0.99674255,0.99759364,0.99300855,0.9980138,0.997118,0.9953918,0.9927324,0.9997099,1.0,0.9996321,0.99579984,0.99397504,0.9955772,0.9953862,0.999355,0.9985811,0.98617107,0.99082035,0.99202013,0.9962524,0.99102724,0.9989596,0.9985133,0.99461436,0.99495995,0.9957572,0.9930405,0.99320525,0.9897294,0.9971572,0.99845576,0.9939824,0.9963585,0.9953171,0.9943824,0.99681085,0.9933061,0.9946106,0.9899296,0.9973645,0.99769795,0.9965838,0.99799496,0.9971109,0.9943331,0.99422073,0.99262464,0.9965679,0.9977877,0.9922336,0.9960911,0.99449146,0.99717855,0.99514544,0.99456304,0.9997039,0.99791855,0.9926444,0.99510354,0.9923226,0.99412566,0.9936275,0.98863554,0.991123,0.9977088,0.9935585,0.99436045,0.9866311,0.9958574,0.9982079,0.99156797,0.9882116,0.99761456,0.9959078,0.9976291,0.99572855,0.9973128,0.9917782,0.9970388,0.99620944,0.99884635,0.99668115,0.9936275,0.9972317,0.994764,0.99295074,0.99805385,0.9974993,0.9974765,0.9984548,0.99251044,0.9918847,0.99318236,0.995148,0.9943204,0.99510443,0.9980879,0.9976103,0.98985845,0.98674023,0.97367346,0.9991965,0.99784154,0.9966096,0.99565834,0.99490154,0.9951976,0.9923162,0.9965806,0.9974056,0.99615157,0.9984051,0.9978206,0.9992636,0.99402833,0.99898285,0.98892635,0.99884725,0.99786675,0.9993093,0.9903122,0.99843717,0.9970264,0.99626416,0.9827823,0.9987209,0.9913783,0.988685,0.9951334,0.994682,0.99384487,0.9979448,0.99015844,0.98491925,0.98544914,0.99138904,0.99918246,0.9920498,0.99371773,0.9901208,0.9796251,0.9976041,0.99517334,0.99453217,0.99416244,0.99704415,0.9932342,0.99846274,0.99647486,0.99800617,0.99676764,0.9979448,0.99585104,0.9983986,0.99490297,0.99140096
avengers,0.99099433,0.9892387,0.9987802,0.99386954,0.9989343,0.9963296,0.99677926,0.99311703,0.99686134,0.99576175,0.99726814,0.9947541,0.9992206,0.9968475,0.99390596,0.99263537,0.9991604,0.9996321,0.99999994,0.9956109,0.9911999,0.996351,0.9943183,0.99891376,0.9991995,0.9864135,0.9883437,0.98991543,0.99652165,0.9914606,0.99828947,0.9979639,0.99429923,0.99622935,0.9949881,0.9920925,0.9916152,0.99148893,0.99691755,0.99928206,0.99205995,0.9954502,0.99445194,0.9933419,0.9974809,0.9944758,0.9936247,0.9899731,0.99677944,0.99705976,0.99738556,0.9971271,0.9987817,0.9937976,0.9937629,0.992045,0.995387,0.9966139,0.99035066,0.9942961,0.9928002,0.996914,0.996329,0.99389327,0.99954206,0.99813735,0.99282855,0.9940911,0.9930942,0.99466604,0.99238706,0.9866776,0.99316996,0.995929,0.99191743,0.99154717,0.9855358,0.99416786,0.9979026,0.99309886,0.9888564,0.9963184,0.9943943,0.99859285,0.99779433,0.9965698,0.9925956,0.9981,0.99663717,0.9981019,0.99545467,0.99238706,0.9980519,0.9941666,0.99244267,0.9972911,0.9976719,0.9963201,0.9968821,0.9912074,0.9919723,0.995202,0.99503225,0.9933369,0.9959533,0.9988596,0.9979533,0.9873022,0.9876809,0.97338223,0.9985252,0.997805,0.99683905,0.99779385,0.9920402,0.99472356,0.9925013,0.99545765,0.9961338,0.9936174,0.9966926,0.9975872,0.9990296,0.9938963,0.99920326,0.9866298,0.9983387,0.9987953,0.99814725,0.99089605,0.9982725,0.9959229,0.99482,0.98290795,0.99838614,0.9910944,0.98848444,0.9929415,0.9941965,0.995207,0.99686134,0.98870224,0.9852617,0.98342234,0.9903109,0.9983664,0.99245656,0.9924801,0.98699826,0.9813866,0.9962157,0.9947456,0.9937349,0.9929243,0.9970043,0.99165994,0.9975572,0.99556816,0.99755245,0.99560666,0.99686134,0.99609154,0.99786985,0.9927303,0.9936514
beachbummovie,0.9903967,0.9815835,0.9973034,0.98008066,0.994085,0.99068725,0.9953144,0.99148816,0.9964558,0.98848087,0.99339134,0.99695826,0.9962637,0.9937943,0.9982237,0.9911457,0.9962275,0.99579984,0.9956109,1.0,0.98522735,0.99410903,0.9933278,0.99654275,0.9958437,0.9754515,0.9869029,0.98389095,0.9985728,0.99187964,0.9960164,0.99763864,0.9913129,0.99597466,0.9908709,0.98882544,0.998245,0.98269737,0.9963345,0.99701047,0.9894933,0.9858543,0.9865469,0.9875336,0.99520624,0.98932457,0.9894851,0.99095434,0.9915741,0.99228257,0.99835503,0.99763066,0.9934457,0.9817175,0.99055266,0.99628574,0.9915944,0.99159163,0.9917753,0.9929438,0.994266,0.99726945,0.9890612,0.9942512,0.995914,0.9884206,0.9900228,0.9887264,0.988166,0.9889023,0.99302715,0.98031706,0.9931097,0.99359214,0.9883378,0.9903124,0.98690754,0.99624425,0.99688584,0.9881152,0.9899596,0.9934087,0.99552304,0.9967489,0.99397993,0.9920893,0.9807212,0.9979327,0.98905426,0.9954936,0.9888404,0.99302715,0.9898807,0.99194175,0.9956544,0.9975417,0.99098194,0.9980403,0.9952523,0.9884884,0.9929203,0.99036676,0.9920169,0.99279505,0.9941989,0.997769,0.9961505,0.99093497,0.99001974,0.97110903,0.9972129,0.99683213,0.99225855,0.99191517,0.9883079,0.9912977,0.990842,0.993619,0.99648064,0.9926266,0.9955312,0.9968141,0.9953362,0.9890518,0.9949431,0.99025726,0.9963436,0.9934696,0.9932162,0.9819746,0.9920768,0.9948465,0.99132675,0.974131,0.9951525,0.9896788,0.9858606,0.99671066,0.9966491,0.99343735,0.9964558,0.9913303,0.98409444,0.98793316,0.99429655,0.99645364,0.99004954,0.9888214,0.98557866,0.9861934,0.9972567,0.9886256,0.9914348,0.9943823,0.9928067,0.9897743,0.9936361,0.9935135,0.99333316,0.9879316,0.9964558,0.9964065,0.99366236,0.99134755,0.9957711
bernadettefilm,0.9831197,0.9814753,0.9925199,0.9829703,0.98899174,0.9944722,0.9966311,0.9894222,0.9937799,0.99500465,0.9939395,0.9773655,0.98579687,0.9903095,0.9900693,0.9882215,0.99486715,0.99397504,0.9911999,0.98522735,1.0,0.98758245,0.99168074,0.9940668,0.9904471,0.98266506,0.99640244,0.9960983,0.98717576,0.98184586,0.9915423,0.9931017,0.99153817,0.9818532,0.99419963,0.99293125,0.987746,0.9770549,0.98854756,0.98642105,0.99598706,0.9949851,0.993374,0.9934251,0.9839982,0.98596233,0.99284816,0.9785472,0.99466866,0.9936097,0.98506945,0.99231493,0.9841501,0.99343693,0.9902866,0.9872482,0.99323124,0.99345523,0.989274,0.9969196,0.9945539,0.9914441,0.9829022,0.9916954,0.9933791,0.99313563,0.9895772,0.9919895,0.9862068,0.9872269,0.99163973,0.9953106,0.97623646,0.9961848,0.9948262,0.99855864,0.98449945,0.9917553,0.99277407,0.97880685,0.9799726,0.99623084,0.99417835,0.98747945,0.9804815,0.9963115,0.9894411,0.98309195,0.99246484,0.99415255,0.99791086,0.99163973,0.9899105,0.98690736,0.98594105,0.993102,0.99317914,0.9910786,0.9971679,0.991458,0.98367447,0.98019546,0.9903878,0.9936604,0.9806993,0.987237,0.9895254,0.99171907,0.9750713,0.9621389,0.9942529,0.9909492,0.98555684,0.981813,0.99902505,0.99051714,0.98512787,0.9941693,0.993216,0.99574345,0.9969526,0.9875615,0.992754,0.99130905,0.9900609,0.98398226,0.99327004,0.98811847,0.9965173,0.9835783,0.9937569,0.99398375,0.9968307,0.9857787,0.98995423,0.9849355,0.98285866,0.9927921,0.98907125,0.980539,0.9937799,0.98867434,0.97620094,0.9879554,0.9879547,0.9953824,0.98288107,0.99161094,0.99716765,0.96531004,0.9925205,0.9910538,0.9909727,0.9913896,0.9932137,0.99188083,0.99647504,0.99446553,0.9914591,0.99300224,0.9937799,0.9876653,0.9957429,0.9954363,0.97250646
