movie,21bridgesmovie,47metersdown,abeautifuldaymovie,abominablemovie,adastramovie,adogsjourneymovie,aftermathmovie,aftermovie,ahiddenlifefilm,alitamovie,angelhasfallen,angrybirdsmovie,annabellemovie,annamovie,apollo11movie,arcticdogsmovie,arcticmovie,artofracingmovie,avengers,beachbummovie,bernadettefilm,blackandbluemovie,blackchristmas,blindedbythelightmovie,bombshellmovie,booksmart,breakthroughmovie,brianbanksmovie,brightburnmovie,brittanyrunsmov,captainmarvelofficial,captivestatemovie,catsmovie,charliesangels,childsplaymovie,clarathefilm,coldpursuitmovie,countdown,currentwarmovie,darkwatersmovie,detectivepikachumovie,disneyaladdin,disneyfrozen,disneymaleficent,doctorsleepmovie,dolemiteismyname,dontletgomovie,doramovie,downtonabbey_official,dumbo,escaperoom,everybodyknowsmovie,fastandfuriousmovie,fightingwmyfam,fivefeetapartfilm,fordvferrari,freaksthefilm,geminimanmovie,glassmovie,gloriabellmovie,godzillamovie,goldfinchmovie,goodboysmovie,goodliarmovie,gretafilm,halathemovie,happydeathdaymovie,harrietfilm,hellboymovie,hersmellmovie,highlifemovie,highstrungmovie,honeyboymovie,hotelmumbaifilm,httydragon,hustlemovie,hustlersmovie,isntitromantic,itmovieofficial,jayandsilentbob,johnwickmovie,jojorabbitmovie,jokermovie,judythefilm,jumanjimovie,justmercyfilm,knivesout,lalloronamovie,lastblackmansf,lastchristmasthemovie,latenightmovie,lighthousemovie,lionking,littlethemovie,littlewomenmovie,littlewoodsfilm,longshotmovie,lordsofchaosmovie,lucyintheskyfilm,mamovie2019,marriagestory,meettheaddams,meninblack,midsommarmovie,midwaymovie,missbalamovie,missinglinkfilm,motherlessbklyn,onceinhollywood,onthebasisofsex,overcomermovie,peanutbutterfalcon,petsematarymovie,piercingmovie,playingwithfire,playmobilthemovie,pomsmovie,queenandslim,rambomovie,readyornotfilm,richardjewellfilm,rocketmanmovie,scarystoriesmovie,secretlifeofpets,serenityfilm,shaftmovie,shazammovie,spidermanmovie,spiesindisguise,starwars,stormboymovie,stubermovie,taosdfilm,teenspiritmov,terminator,theaeronautsmov,thebestofenemies,thedeaddontdie,thefarewell,thehighwaymen,thehummingbirdprojectfilm,theintrudermovie,theirishmanfilm,thekitchenmovie,thelegomovie,themustangfilm,thenightingalefilm,theprodigymovie,thesunisalsoastar,theupsidefilm,tolkienmovie,toystory,triplefrontier,uglydolls,uncutgems,underthesilverlake,usmovie,wavesmovie,whatmenwant,wonderparkmovie,wrinklestheclown,xmenmovies,yardiefilm,yesterdaymovie,zombieland
21bridgesmovie,1.0,0.95289856,0.9680926,0.9698601,0.96399724,0.95538473,0.97074705,0.97291327,0.9856787,0.9699635,0.97345275,0.98420954,0.98387635,0.9610777,0.98335737,0.96417725,0.9622336,0.9602111,0.9889492,0.9754129,0.97275496,0.9767833,0.96502775,0.97218686,0.987404,0.9682551,0.94623864,0.95117545,0.97909737,0.9605412,0.9835138,0.96480787,0.9536414,0.96391845,0.96290946,0.96520776,0.9842734,0.9802444,0.98187524,0.98336136,0.97092193,0.96669275,0.9474777,0.97081864,0.95664144,0.98006266,0.9657562,0.98324126,0.9665847,0.97188866,0.98135185,0.9819279,0.9614266,0.98832524,0.97404695,0.97383267,0.9706064,0.97491574,0.97949785,0.97901946,0.98073363,0.96884394,0.9498493,0.97848666,0.9797132,0.9629923,0.9741733,0.9836176,0.9502881,0.9710787,0.98379225,0.9712361,0.96219325,0.9681379,0.96720517,0.9568841,0.9662399,0.9401591,0.9524411,0.9732725,0.9627868,0.9748267,0.98201805,0.9793437,0.98468614,0.9787931,0.9711132,0.98035985,0.957921,0.9797642,0.9512442,0.98379225,0.96569425,0.9734824,0.97799337,0.97100776,0.96975404,0.9678057,0.96715736,0.9449747,0.9870682,0.9591366,0.98413765,0.98324645,0.9564392,0.9859608,0.98131543,0.98392814,0.96792734,0.97653604,0.9766238,0.98051655,0.9721732,0.96426123,0.9721298,0.9758366,0.99661094,0.9781275,0.969566,0.9628753,0.95645624,0.9733925,0.9882732,0.96310943,0.9710039,0.9734275,0.9812052,0.97700506,0.96604395,0.9728453,0.97632223,0.97572887,0.9619856,0.9487739,0.97620374,0.9631983,0.9858043,0.97110605,0.9811709,0.9761971,0.9856787,0.9760769,0.98248804,0.98255855,0.9720149,0.9783968,0.95978296,0.95253396,0.98853064,0.9700855,0.9817657,0.9660173,0.9775619,0.97904843,0.9705598,0.97557557,0.980045,0.9734163,0.97971314,0.97691214,0.9856787,0.9694973,0.97129214,0.96519256,0.98511565
47metersdown,0.95289856,0.9999999,0.95392984,0.953758,0.9740726,0.95414966,0.9733514,0.9562668,0.9722615,0.9614877,0.9536069,0.9550499,0.9626771,0.9613033,0.96248734,0.9734331,0.9629178,0.9617208,0.95200443,0.9449025,0.9411337,0.9600074,0.96490943,0.95392376,0.9685528,0.9700651,0.91965044,0.94827133,0.96233994,0.96115327,0.958187,0.9635483,0.9698875,0.970955,0.9696612,0.96410877,0.966839,0.96580845,0.9565445,0.95139307,0.93683535,0.9763643,0.94561934,0.9759466,0.97364855,0.96079326,0.967111,0.9668696,0.9499605,0.9688119,0.9569077,0.95818853,0.9628078,0.9541936,0.944827,0.9645937,0.96402013,0.9686101,0.95309037,0.9469668,0.95724416,0.9449122,0.95943487,0.9587936,0.9553758,0.94002557,0.96671593,0.96427906,0.9499715,0.9476347,0.96178627,0.9767409,0.9474592,0.9567526,0.9703897,0.9471821,0.9417528,0.94125926,0.949761,0.9750048,0.9612158,0.96962607,0.9702013,0.9608362,0.9580178,0.9609494,0.95960665,0.9600081,0.9513359,0.96470773,0.95744216,0.96178627,0.95322454,0.9568657,0.96026355,0.9614809,0.96506673,0.9545203,0.96630144,0.95849615,0.950161,0.958268,0.9583158,0.9628297,0.9623364,0.96198213,0.9719085,0.95113075,0.92892665,0.9526776,0.95963544,0.95954853,0.9671439,0.96593904,0.9524332,0.9462345,0.9612856,0.962645,0.9589093,0.9713966,0.94305795,0.95518863,0.9566653,0.9685666,0.9434487,0.9659178,0.95419955,0.948099,0.9700386,0.96175134,0.9538174,0.9620152,0.9686179,0.9368344,0.96296984,0.9665459,0.9589931,0.9493961,0.9496488,0.9419943,0.9722615,0.95352024,0.93857294,0.9463719,0.9572428,0.9541764,0.9528151,0.96021944,0.9589168,0.9421498,0.9717073,0.96712154,0.94939995,0.95839626,0.93425536,0.9373465,0.97417164,0.9582452,0.96345586,0.95021105,0.9722615,0.9743022,0.97511333,0.9665602,0.9539884
abeautifuldaymovie,0.9680926,0.95392984,0.99999994,0.97556406,0.9494689,0.9646972,0.9674035,0.9775515,0.978133,0.9586719,0.95783216,0.9741485,0.9739159,0.97771615,0.98040825,0.9750769,0.9604518,0.9441503,0.96998334,0.96380836,0.95202005,0.98929566,0.97726864,0.95108825,0.98013616,0.9576632,0.9275383,0.9735579,0.9860357,0.96722054,0.96458954,0.96901184,0.94810903,0.9741597,0.959778,0.97497225,0.9781633,0.969735,0.97348595,0.9586985,0.9644631,0.9637011,0.96022445,0.96705854,0.96222025,0.9691597,0.9669384,0.967601,0.962464,0.9750143,0.98868656,0.9745788,0.9664211,0.9695123,0.98062897,0.9577498,0.96542835,0.9629732,0.96285725,0.96335584,0.97306806,0.9631768,0.96142465,0.9621133,0.95825523,0.9316334,0.96921575,0.9647985,0.9497215,0.94773316,0.9749684,0.9724744,0.9674588,0.9796234,0.97547805,0.9267193,0.9443764,0.9318913,0.9528232,0.9698557,0.9541708,0.970349,0.9732162,0.9790866,0.98505783,0.96157485,0.9622011,0.9734913,0.9382919,0.9670897,0.9520875,0.9749684,0.9833174,0.9684042,0.9881259,0.9739043,0.9779664,0.9445158,0.95177156,0.9670607,0.971557,0.9616099,0.9758366,0.9726117,0.9564808,0.9848723,0.9614287,0.95648754,0.97791904,0.95335543,0.96853346,0.97271043,0.97486013,0.9624525,0.9681447,0.95094115,0.97376424,0.98097473,0.96464086,0.9535645,0.95339006,0.9701395,0.97393423,0.9695713,0.9268397,0.97369474,0.9738949,0.99152315,0.94889927,0.96824473,0.95982116,0.9600684,0.9663512,0.95965606,0.9781171,0.96842754,0.968952,0.96463037,0.96718806,0.94934124,0.978133,0.98965245,0.9558979,0.9672212,0.96215606,0.9707869,0.9719194,0.9530661,0.963594,0.97093856,0.9728452,0.9867485,0.9852916,0.9551037,0.9569969,0.95694155,0.9802024,0.97032696,0.9709973,0.9690423,0.978133,0.95513284,0.95054907,0.9621602,0.9781254
abominablemovie,0.9698601,0.953758,0.97556406,0.99999994,0.9584026,0.9701379,0.97938734,0.9698711,0.98576957,0.95486766,0.98061305,0.96965516,0.9843951,0.9860573,0.98326313,0.9633193,0.96067756,0.95722103,0.9657276,0.97865915,0.96708304,0.9795689,0.97001666,0.97231895,0.98117554,0.9760939,0.948983,0.9509151,0.98526907,0.9758517,0.9719574,0.9837941,0.9702693,0.9781016,0.97701484,0.98236054,0.97998786,0.98307896,0.9779506,0.970132,0.9727942,0.97773933,0.96027654,0.98098105,0.96951616,0.97916615,0.9685198,0.9744572,0.98027986,0.98261315,0.9768862,0.9796519,0.9702166,0.97023,0.97666013,0.9636906,0.96926904,0.9794109,0.985919,0.9731836,0.98264325,0.97997206,0.9723146,0.98118997,0.96672827,0.95346534,0.97041595,0.9745883,0.96858364,0.96520346,0.98050594,0.98595375,0.9720116,0.975873,0.9877057,0.96210015,0.9755254,0.9576951,0.9781915,0.9745455,0.9759669,0.98819005,0.98180777,0.9811547,0.9854763,0.9790276,0.9742001,0.9698739,0.96664846,0.96836245,0.97524816,0.98050594,0.97309047,0.96711576,0.97018164,0.9881228,0.9850641,0.9560077,0.9746737,0.96819156,0.9737025,0.9694743,0.9831929,0.9784605,0.9750574,0.97740906,0.9725152,0.9696424,0.96927863,0.954955,0.9762289,0.9854668,0.9814621,0.9734364,0.9822219,0.97448057,0.9775988,0.9791182,0.97401357,0.9722738,0.97647065,0.974817,0.9743729,0.9691722,0.9590359,0.9784163,0.98120785,0.973191,0.9562398,0.9696878,0.9692499,0.969867,0.9590135,0.9570912,0.98868304,0.9811525,0.98033094,0.9791106,0.9751448,0.9607858,0.98576957,0.98595685,0.9641856,0.979254,0.9752602,0.98018867,0.98403513,0.973797,0.9774876,0.98364645,0.9728343,0.97424453,0.96960485,0.97382194,0.9668408,0.9699827,0.97470313,0.960329,0.97906417,0.979677,0.98576957,0.9701877,0.9617089,0.97602344,0.9759514
adastramovie,0.96399724,0.9740726,0.9494689,0.9584026,1.0000001,0.95634675,0.97793156,0.9686178,0.98194116,0.97378564,0.9753406,0.9667108,0.96835494,0.9689137,0.97172534,0.9679402,0.9796956,0.9901746,0.9615224,0.9653702,0.94849086,0.960396,0.9703605,0.967241,0.97264713,0.9735979,0.95766294,0.9522945,0.9704681,0.9679036,0.9589887,0.96752787,0.9830383,0.97642463,0.9786292,0.9676795,0.9694097,0.9718515,0.96380085,0.966656,0.9580267,0.9833759,0.949053,0.9791997,0.9791188,0.9694538,0.9742517,0.9839452,0.965976,0.97641236,0.9601363,0.969864,0.9688601,0.95615274,0.9594966,0.98786956,0.9696285,0.98371506,0.96541846,0.95242333,0.9710107,0.9527603,0.9700765,0.96561444,0.96924055,0.9630782,0.9696429,0.9765972,0.95242405,0.96610296,0.9701206,0.97449774,0.961893,0.96296436,0.9791566,0.9676597,0.9578123,0.96797717,0.95915806,0.98189217,0.9668454,0.97136796,0.9797551,0.9717497,0.95799947,0.96352816,0.95514053,0.96537375,0.9551461,0.9702665,0.97565454,0.9701206,0.9486414,0.9633825,0.95453286,0.9753792,0.9696774,0.9661286,0.9731525,0.9671268,0.9597221,0.9612906,0.968265,0.9722875,0.97799164,0.9646779,0.97072786,0.9584578,0.9372751,0.9595645,0.97741467,0.97455066,0.9808776,0.9761261,0.9614901,0.9572013,0.9704258,0.9721603,0.96889883,0.98008084,0.9633246,0.9679963,0.97267103,0.97164214,0.9687759,0.9757315,0.9633409,0.95070153,0.983052,0.96145576,0.9671279,0.9788414,0.9757219,0.9354499,0.97445196,0.9727665,0.96964395,0.9643719,0.9692033,0.9661046,0.98194116,0.9579033,0.9477811,0.9649067,0.9867249,0.9607081,0.9609535,0.97091675,0.9720038,0.96307045,0.9726137,0.96584827,0.95541173,0.97296053,0.95090294,0.946444,0.97405887,0.9661138,0.97411335,0.9695483,0.98194116,0.9838566,0.9862879,0.98718745,0.96520466
adogsjourneymovie,0.95538473,0.95414966,0.9646972,0.9701379,0.95634675,1.0000002,0.97628623,0.9550908,0.9787096,0.9527377,0.9556173,0.9691007,0.97572464,0.9722763,0.9670279,0.9542175,0.96060324,0.94201195,0.95977855,0.9637637,0.9495038,0.9704298,0.96059597,0.96061426,0.96893567,0.97840565,0.92346513,0.95134604,0.9668127,0.9767229,0.95685256,0.9806038,0.95368737,0.96417356,0.9602564,0.9722133,0.9625497,0.9732362,0.9626598,0.9619907,0.9524465,0.96857995,0.97584003,0.97772944,0.95975393,0.96486247,0.96100974,0.9647517,0.971655,0.97522783,0.957698,0.97113633,0.9814785,0.9504269,0.96454114,0.9585262,0.9560477,0.9721117,0.9567864,0.9654079,0.96987116,0.9621621,0.9585641,0.97167325,0.96264076,0.9576067,0.9562409,0.96389407,0.9447017,0.9585673,0.9726549,0.9706487,0.97830486,0.9607376,0.97057056,0.95634955,0.9575492,0.9430386,0.9669953,0.9617256,0.95877486,0.97181123,0.97787887,0.9736956,0.9735472,0.9590761,0.9533331,0.9692236,0.9479046,0.9743675,0.95990634,0.9726549,0.9467665,0.953978,0.9582731,0.9622592,0.96330625,0.9591293,0.9716097,0.9665881,0.9546093,0.97600096,0.9601515,0.9648058,0.9703375,0.95661855,0.9664539,0.9642229,0.94727236,0.94090354,0.9649224,0.96238357,0.9699519,0.97346365,0.9495807,0.9483436,0.9643954,0.9738895,0.96156764,0.97346455,0.9593237,0.95747286,0.9661738,0.9894072,0.9481179,0.9506729,0.97909206,0.9553961,0.9468411,0.9673392,0.96570945,0.94652534,0.95785815,0.9616323,0.97913706,0.9751025,0.96404237,0.958332,0.9730279,0.9496616,0.9787096,0.9694747,0.95909417,0.9646981,0.96399415,0.97060305,0.97294086,0.95779264,0.97078645,0.96486735,0.9680295,0.97714174,0.9647559,0.9543524,0.9713136,0.9670055,0.96772605,0.9684501,0.95549685,0.9556163,0.9787096,0.95577246,0.96535254,0.96417236,0.9556397
aftermathmovie,0.97074705,0.9733514,0.9674035,0.97938734,0.97793156,0.97628623,1.0000001,0.9696583,0.9925802,0.96209556,0.9799808,0.97565234,0.9811795,0.9844865,0.9879613,0.9810864,0.97477704,0.97319937,0.96812904,0.98140794,0.97108364,0.9765377,0.9808093,0.97659683,0.98346084,0.9849008,0.9511337,0.95659745,0.97767806,0.9836413,0.9716367,0.9880364,0.98458385,0.9786125,0.98591244,0.98403263,0.9804288,0.98657453,0.97670346,0.9767358,0.9675848,0.98088884,0.9556702,0.98836815,0.98008734,0.985041,0.98586565,0.9791415,0.9756613,0.9833308,0.97035563,0.98086095,0.9783228,0.9709878,0.9749968,0.9790397,0.97929454,0.9820128,0.97675765,0.98306835,0.9797822,0.96764946,0.9779615,0.97998667,0.9734662,0.9680882,0.97392285,0.98421216,0.97294813,0.9768477,0.9894821,0.9835257,0.97810847,0.9741522,0.9870622,0.98081416,0.9731146,0.97022307,0.9746484,0.9791431,0.98139644,0.98978496,0.98206913,0.98048556,0.9800468,0.9754782,0.9741715,0.97762865,0.9734125,0.97707456,0.9783237,0.9894821,0.9609359,0.97607565,0.9683194,0.9850959,0.98425573,0.9712916,0.9851589,0.9773152,0.9783341,0.9766773,0.9795728,0.98429066,0.97809786,0.9719129,0.9814176,0.97543037,0.959758,0.96562797,0.9815811,0.98227584,0.98887247,0.9820946,0.9767,0.9769839,0.9810112,0.9849568,0.9804418,0.99555457,0.97180665,0.97115576,0.9814897,0.9854514,0.9720334,0.9750443,0.98255384,0.96405846,0.968582,0.9630434,0.979094,0.9762618,0.9805956,0.9617102,0.9889787,0.98812973,0.9861661,0.9773806,0.98285884,0.9755915,0.9925802,0.97331613,0.97408485,0.98110366,0.9822023,0.9786143,0.9791663,0.9837782,0.9825915,0.9765255,0.9912121,0.97706777,0.9723642,0.97322553,0.9745807,0.9766037,0.9874113,0.9779242,0.9782783,0.98269325,0.9925802,0.9755932,0.98294204,0.98302764,0.9731682
aftermovie,0.97291327,0.9562668,0.9775515,0.9698711,0.9686178,0.9550908,0.9696583,1.0,0.9853499,0.9738051,0.9736791,0.9715911,0.9812647,0.97297424,0.9816829,0.9710629,0.96362555,0.9740512,0.96955174,0.9673472,0.95517087,0.9853933,0.98058635,0.9749966,0.9777912,0.959551,0.9673254,0.97287935,0.98603386,0.9685787,0.9625328,0.9728955,0.9659229,0.9842412,0.9628776,0.9727679,0.97746336,0.97497785,0.9835457,0.96918243,0.97920436,0.9708391,0.9491652,0.97091985,0.9670756,0.9761116,0.97225636,0.98302114,0.9766518,0.98000866,0.9870065,0.9835861,0.970396,0.97426426,0.9800721,0.9795796,0.97903883,0.9703694,0.96996135,0.962374,0.9778418,0.9720637,0.96464556,0.96895254,0.97702634,0.9484336,0.9710017,0.9811231,0.95563245,0.96955925,0.97436386,0.9711526,0.96623635,0.9821239,0.9737685,0.9469972,0.96563643,0.96332335,0.96063733,0.97972083,0.96042836,0.97686285,0.9807421,0.98044497,0.97599626,0.9722296,0.952958,0.9858698,0.9511372,0.9725231,0.97013223,0.97436386,0.9844879,0.9659869,0.9763974,0.9789769,0.9758405,0.95641816,0.9609103,0.9709413,0.9776097,0.9587699,0.98668677,0.97642106,0.96269244,0.98641384,0.9627506,0.9617988,0.9702671,0.9557246,0.98648494,0.97960365,0.9736082,0.9599449,0.97485715,0.96738046,0.97972685,0.97532296,0.9762239,0.9599119,0.96711487,0.9827777,0.9766752,0.964722,0.95343596,0.980443,0.97169954,0.9836495,0.97071373,0.9597121,0.96969944,0.98111045,0.9651017,0.94174063,0.9762337,0.9677795,0.96940464,0.9797844,0.9692315,0.96772724,0.9853499,0.9829613,0.96054834,0.9775352,0.9782223,0.9810577,0.967445,0.9522581,0.97750634,0.9722952,0.97900194,0.9722833,0.98052627,0.9718023,0.9460499,0.9531852,0.97461545,0.96850395,0.96857524,0.96705484,0.9853499,0.9738753,0.96281826,0.979039,0.98200953
ahiddenlifefilm,0.9856787,0.9722615,0.978133,0.98576957,0.98194116,0.9787096,0.9925802,0.9853499,1.0,0.9773966,0.9867948,0.98509675,0.9930239,0.9880639,0.9945299,0.98123205,0.97982115,0.9777064,0.982314,0.9870174,0.97860897,0.98711324,0.98303396,0.9856674,0.9916129,0.98587894,0.96041095,0.9662623,0.9906221,0.9826523,0.9817828,0.98929787,0.9813358,0.9848819,0.9827368,0.98475164,0.99108404,0.9924856,0.99137163,0.9850109,0.9806127,0.9858394,0.96531,0.99100995,0.97972876,0.9897197,0.9851239,0.989893,0.9875028,0.99059546,0.9854851,0.9939239,0.9829947,0.9847457,0.984585,0.9868357,0.9864248,0.9890776,0.98564786,0.9835359,0.9904097,0.98010826,0.9795043,0.98931736,0.9870059,0.97152364,0.98392195,0.9927853,0.97185767,0.9823001,0.99241817,0.9855964,0.981299,0.98265105,0.98880935,0.97696924,0.98117566,0.96926916,0.9799669,0.9871408,0.9844154,0.9934261,0.9935352,0.99065125,0.99123883,0.9854535,0.9778394,0.98838204,0.97253084,0.98899174,0.9809158,0.99241817,0.9748264,0.97875065,0.9809978,0.99020505,0.9874855,0.9762637,0.9847622,0.9771163,0.9878193,0.979596,0.98959446,0.99059695,0.9815206,0.98757595,0.9861557,0.9832373,0.9728955,0.9730676,0.9899968,0.98782855,0.9893708,0.9827595,0.98298585,0.97906417,0.99185365,0.98965055,0.9886465,0.98689646,0.9787,0.9844354,0.9911483,0.9861347,0.9782033,0.9833169,0.98947257,0.97948706,0.97652525,0.9763446,0.98690873,0.98506796,0.9781015,0.96437705,0.9926661,0.9850216,0.9895149,0.98737997,0.9887615,0.9806604,1.0,0.9852899,0.97975755,0.98859197,0.98789346,0.98979056,0.9810726,0.9772812,0.9920456,0.98205626,0.9938471,0.98294663,0.98474514,0.98359114,0.9754997,0.97740597,0.990553,0.9802622,0.98294854,0.9836472,1.0,0.98409486,0.9859199,0.9883203,0.98657703
alitamovie,0.9699635,0.9614877,0.9586719,0.95486766,0.97378564,0.9527377,0.96209556,0.9738051,0.9773966,0.9999999,0.96916366,0.9602967,0.97323525,0.96519357,0.9669412,0.9543984,0.95758253,0.972251,0.9745935,0.945926,0.9525019,0.9653161,0.9683051,0.9729269,0.97624105,0.95541954,0.9534355,0.9640351,0.9694924,0.94699246,0.96645474,0.96628475,0.9586278,0.9661859,0.94707775,0.9524366,0.9658832,0.96462846,0.9726194,0.97389793,0.95915055,0.9712948,0.9470434,0.9679922,0.95951223,0.967159,0.9625236,0.9762873,0.96490175,0.97180176,0.9656905,0.979255,0.9579867,0.9652197,0.9631888,0.9802733,0.96859914,0.97642183,0.9670429,0.9522309,0.97152543,0.9574226,0.9553334,0.9677124,0.96841973,0.96328336,0.962885,0.9801236,0.950461,0.9576802,0.9677448,0.9696846,0.9513994,0.973185,0.9620894,0.9486568,0.94911826,0.9537092,0.94538987,0.9734203,0.96501833,0.9675022,0.9758762,0.9711745,0.9647568,0.960585,0.94516337,0.96570987,0.95662034,0.9690878,0.9637471,0.9677448,0.96568364,0.94543725,0.9547562,0.9596531,0.96477145,0.94404227,0.95411813,0.9623071,0.95431703,0.9532558,0.96432513,0.9678501,0.97118676,0.97086334,0.9563584,0.9493833,0.95985734,0.9586129,0.971429,0.967511,0.9672881,0.9493688,0.96410924,0.9523314,0.9700442,0.965237,0.955373,0.9598498,0.96546525,0.96247053,0.96706235,0.9647072,0.95453185,0.9763935,0.95376086,0.9611256,0.98549366,0.9700626,0.9680446,0.97155905,0.9601917,0.95230055,0.97025496,0.9525669,0.96453184,0.9713116,0.9614932,0.9618541,0.9773966,0.9655014,0.94460946,0.95949656,0.9723972,0.97019744,0.94263995,0.93400633,0.9692831,0.96130794,0.9707345,0.9711238,0.9622683,0.97690684,0.94384253,0.94279206,0.9654254,0.9620559,0.9535384,0.9565643,0.9773966,0.9672828,0.9703945,0.97466344,0.9669814
angelhasfallen,0.97345275,0.9536069,0.95783216,0.98061305,0.9753406,0.9556173,0.9799808,0.9736791,0.9867948,0.96916366,1.0000002,0.96763265,0.978687,0.9771419,0.9828771,0.96622795,0.9705891,0.97442704,0.9634415,0.9791161,0.97390753,0.97020185,0.97073,0.979749,0.9741914,0.97083277,0.9598502,0.95276177,0.97992516,0.96429706,0.9679736,0.97961175,0.9732992,0.9793996,0.9801911,0.9748851,0.97723895,0.9820124,0.9747772,0.97586626,0.97748226,0.9802262,0.93701726,0.9783351,0.9691522,0.9823817,0.9729269,0.97667044,0.97449344,0.97844464,0.9731579,0.9829302,0.96016556,0.97172177,0.9789128,0.9818451,0.9749289,0.9834803,0.98182046,0.9695627,0.9806542,0.9624397,0.97971004,0.9815054,0.97451013,0.9674519,0.97180647,0.98182046,0.9735283,0.9764789,0.980759,0.9766982,0.96674645,0.97349155,0.9827973,0.97179806,0.9811327,0.9701052,0.96664685,0.97508943,0.982469,0.98326975,0.9854472,0.9821636,0.97339535,0.9808225,0.97331786,0.96506244,0.9734729,0.9626373,0.98003864,0.980759,0.96638507,0.9702403,0.96338093,0.9870171,0.98685986,0.9650252,0.9760748,0.9694542,0.9798509,0.9572676,0.97760457,0.9799889,0.97541684,0.9767412,0.96731436,0.9719022,0.96370125,0.9649494,0.9777242,0.98519665,0.97779924,0.97258884,0.98527455,0.98729306,0.9811229,0.97647387,0.97055537,0.9782839,0.9767135,0.97199506,0.98076826,0.9632167,0.9761272,0.9843246,0.9711999,0.9606567,0.97127426,0.951791,0.9782756,0.9804428,0.96564966,0.94411945,0.9840641,0.9674385,0.9802939,0.98092496,0.97594434,0.97616553,0.9867948,0.96892333,0.9698399,0.9830092,0.98331153,0.9752267,0.97170436,0.9756951,0.97879344,0.97891724,0.9776746,0.9648505,0.95825356,0.9769585,0.9645174,0.96243095,0.9745601,0.96697646,0.9741255,0.9824034,0.9867948,0.9752811,0.9714675,0.9824386,0.9732706
angrybirdsmovie,0.98420954,0.9550499,0.9741485,0.96965516,0.9667108,0.9691007,0.97565234,0.9715911,0.98509675,0.9602967,0.96763265,1.0000001,0.9765363,0.9702556,0.980607,0.97307205,0.9649491,0.96418124,0.9761011,0.97823995,0.96396476,0.97992915,0.96806264,0.9727443,0.9842117,0.96872824,0.9357053,0.9596375,0.97774965,0.9797109,0.9666369,0.9703018,0.9547691,0.9677431,0.968427,0.9760799,0.97745234,0.983527,0.9804383,0.9798724,0.9621567,0.9678091,0.960985,0.9720854,0.9688631,0.97344935,0.9687283,0.9822053,0.97348464,0.97492766,0.97885334,0.97666633,0.9725607,0.98696613,0.97772765,0.97442394,0.9715571,0.9702396,0.96736896,0.9779695,0.9724711,0.9694235,0.9621453,0.96519375,0.9729403,0.96315396,0.97304934,0.97348946,0.95751214,0.9760644,0.9859879,0.97591645,0.97695875,0.9715939,0.9723737,0.95758015,0.9626921,0.9341063,0.9565424,0.96906394,0.9586739,0.97067523,0.9775563,0.97996086,0.98112124,0.9678433,0.9672806,0.976638,0.954821,0.9803521,0.9520948,0.9859879,0.95958877,0.96517503,0.9786134,0.97093153,0.97551787,0.9710802,0.96729565,0.95907444,0.97822535,0.9769426,0.9779428,0.9839341,0.9642075,0.9822759,0.97920614,0.9702861,0.9732018,0.9743932,0.9710326,0.97994417,0.9722672,0.97634906,0.96637225,0.96425265,0.9890376,0.9863162,0.9754541,0.9690307,0.9458875,0.96813077,0.98071057,0.97829306,0.9634959,0.96243757,0.98114395,0.978832,0.95889765,0.96818566,0.97262377,0.96599936,0.9610913,0.94684786,0.9749036,0.97839224,0.98736954,0.9672152,0.9820004,0.97613394,0.98509675,0.97388756,0.96891475,0.9771357,0.9772778,0.9728345,0.96883416,0.96158576,0.9807565,0.9684799,0.9798034,0.97634244,0.97589785,0.96702814,0.96872216,0.9682221,0.98455733,0.9865759,0.97136945,0.97450733,0.98509675,0.9668836,0.9648622,0.97227037,0.98117304
annabellemovie,0.98387635,0.9626771,0.9739159,0.9843951,0.96835494,0.97572464,0.9811795,0.9812647,0.9930239,0.97323525,0.978687,0.9765363,1.0,0.9803905,0.987388,0.96819127,0.97158813,0.96710265,0.9816695,0.97749,0.9733905,0.9826749,0.97641575,0.98061377,0.98845726,0.97912294,0.9556673,0.96099734,0.9851258,0.9705841,0.9819308,0.9840908,0.9727187,0.98022723,0.969512,0.9756623,0.9903979,0.98915917,0.9865151,0.98045653,0.977933,0.9817642,0.9667265,0.986958,0.9686482,0.9817751,0.97705317,0.9840586,0.9826539,0.9879375,0.9833006,0.9906584,0.9834045,0.97868973,0.9785283,0.97497874,0.9767637,0.98327786,0.9847463,0.9780131,0.9900093,0.9813871,0.96589726,0.9884302,0.988032,0.9603916,0.9783694,0.9883519,0.9654256,0.97383636,0.9833884,0.9814888,0.9722135,0.9733794,0.97872335,0.9642846,0.9734524,0.9603064,0.97185546,0.9795228,0.9778826,0.9871468,0.99378663,0.9843037,0.9906866,0.9782008,0.97376513,0.99070054,0.962507,0.98365605,0.97118807,0.9833884,0.97540903,0.97689575,0.9786899,0.984273,0.9793726,0.9666045,0.97911394,0.9694311,0.9850573,0.97295684,0.9869904,0.98304003,0.96995676,0.98595864,0.98445237,0.98520815,0.9680312,0.9616375,0.98530585,0.9812628,0.9810562,0.9727308,0.9796606,0.9744984,0.98768145,0.9818788,0.9813827,0.9745614,0.9774217,0.982557,0.9859115,0.9785262,0.96906024,0.9780275,0.98551553,0.97712773,0.9685989,0.9791428,0.9780451,0.9807103,0.9689079,0.96402174,0.9868554,0.97360176,0.9827348,0.98313344,0.979873,0.9704134,0.9930239,0.9831225,0.9775854,0.9833005,0.97733504,0.98767126,0.97539276,0.9612171,0.9885841,0.97419906,0.98461014,0.97814184,0.9800425,0.97698396,0.9687993,0.9716773,0.97960794,0.97177666,0.97688395,0.9722158,0.9930239,0.973896,0.98097545,0.98017484,0.98200464
annamovie,0.9610777,0.9613033,0.97771615,0.9860573,0.9689137,0.9722763,0.9844865,0.97297424,0.9880639,0.96519357,0.9771419,0.9702556,0.9803905,0.99999994,0.9845785,0.972842,0.97228676,0.9684609,0.9608985,0.9741439,0.9633229,0.9805,0.974909,0.9742301,0.9834218,0.9724597,0.95683104,0.9645506,0.9829501,0.97268426,0.9644676,0.9853261,0.97565615,0.9807714,0.9756695,0.9835166,0.9765897,0.9794606,0.9765869,0.96742946,0.96450794,0.979819,0.9643755,0.9833656,0.9743871,0.97820455,0.9732282,0.9739245,0.9835505,0.9861961,0.97402847,0.98211366,0.97622925,0.9673143,0.9743416,0.97129875,0.98061657,0.98213005,0.9737066,0.9690541,0.98075134,0.9787434,0.98230666,0.9763857,0.96991265,0.9551171,0.9706981,0.97867155,0.9708254,0.96758395,0.97883344,0.98109263,0.97391415,0.98113614,0.98883915,0.96829385,0.9646792,0.9670762,0.97597355,0.97985953,0.9806569,0.98753357,0.981815,0.9826969,0.98217255,0.9675802,0.9612763,0.9716072,0.95896184,0.9669892,0.98263836,0.97883344,0.97200114,0.96466184,0.964964,0.9883362,0.98385775,0.94967604,0.9701428,0.97835946,0.97070044,0.9759711,0.97774476,0.9750931,0.9857603,0.97534496,0.96607685,0.96004045,0.9664551,0.95069754,0.98138696,0.9760258,0.9835001,0.9739886,0.9804072,0.96482474,0.9715309,0.97983927,0.9817698,0.97921467,0.9765482,0.96877074,0.96975726,0.97960305,0.95720404,0.975359,0.9744194,0.9690457,0.9604248,0.9650361,0.9675588,0.97428185,0.9703829,0.9546059,0.9881345,0.9801156,0.97748053,0.97849166,0.9751718,0.96247125,0.9880639,0.9805129,0.95447177,0.97572225,0.9790925,0.9728742,0.9787423,0.97266597,0.9719668,0.98181814,0.97660893,0.98372924,0.9743766,0.96539885,0.9595449,0.9607171,0.97715724,0.9627405,0.9705234,0.97335905,0.9880639,0.9676557,0.97161406,0.9847928,0.97227395
apollo11movie,0.98335737,0.96248734,0.98040825,0.98326313,0.97172534,0.9670279,0.9879613,0.9816829,0.9945299,0.9669412,0.9828771,0.980607,0.987388,0.9845785,1.0000001,0.9833996,0.97464603,0.9693692,0.98021525,0.9855379,0.9794397,0.98394805,0.983394,0.97593045,0.9893594,0.9752445,0.9504704,0.9645179,0.98837364,0.97263086,0.9800707,0.98243064,0.97569627,0.9769253,0.979337,0.9776359,0.9915151,0.98805606,0.98543364,0.9788218,0.9757564,0.9737931,0.95243585,0.98070717,0.97207606,0.983813,0.9852162,0.9813109,0.9755817,0.9810237,0.9873016,0.9902386,0.9740552,0.98325276,0.9850034,0.9774745,0.98099756,0.9782624,0.98432237,0.9818871,0.98669845,0.9730487,0.9793392,0.9826813,0.98213494,0.9642597,0.98081845,0.98807555,0.97091365,0.97293586,0.98792225,0.97847617,0.9743021,0.9797205,0.98448956,0.96630335,0.97597873,0.9605857,0.9730537,0.9780945,0.977698,0.9884931,0.9861938,0.98578846,0.9911178,0.98069906,0.98117054,0.98209035,0.9646821,0.9789758,0.9740292,0.98792225,0.9716338,0.97807205,0.98432565,0.989432,0.9889734,0.9667668,0.97260493,0.97238445,0.9890851,0.9743339,0.9854109,0.98701096,0.9705584,0.9879854,0.9795828,0.97974837,0.9765103,0.96985704,0.9842098,0.98440343,0.98640317,0.9733268,0.9814624,0.97846794,0.9893869,0.9889435,0.9827277,0.9801422,0.9733609,0.97583693,0.99014795,0.9761998,0.9669113,0.980198,0.98432434,0.98065466,0.96498626,0.9652462,0.98344994,0.9842366,0.97820115,0.96451247,0.98941904,0.9758057,0.98973536,0.9844165,0.981559,0.97381616,0.9945299,0.98389906,0.97814476,0.984163,0.981088,0.9860056,0.9742086,0.9768718,0.98542875,0.9798476,0.9907357,0.9775585,0.98300534,0.9760274,0.9747034,0.9717081,0.98871505,0.97377545,0.98043823,0.9847521,0.9945299,0.9752615,0.9773752,0.98239905,0.9862481
arcticdogsmovie,0.96417725,0.9734331,0.9750769,0.9633193,0.9679402,0.9542175,0.9810864,0.9710629,0.98123205,0.9543984,0.96622795,0.97307205,0.96819127,0.972842,0.9833996,0.99999994,0.9705669,0.9619896,0.9615118,0.9677137,0.96659285,0.97830796,0.98198926,0.95809096,0.97935283,0.9607423,0.9258982,0.96802056,0.97393906,0.96959496,0.96402806,0.9709745,0.96725,0.96828246,0.9715354,0.97001255,0.9779306,0.97589093,0.97212076,0.9616808,0.95463085,0.96388716,0.93684393,0.9715637,0.9803162,0.9690638,0.9807743,0.96549,0.955417,0.9705072,0.977347,0.9708796,0.9637377,0.97396386,0.9740879,0.96880144,0.97609526,0.959883,0.96038306,0.9662433,0.9654134,0.9521541,0.9775502,0.96020895,0.962215,0.9457572,0.9748692,0.9690502,0.9592967,0.9599226,0.9760585,0.96850055,0.9637437,0.971126,0.97522944,0.94963324,0.94986826,0.9413543,0.9515539,0.97111666,0.958966,0.97516674,0.97086364,0.9734997,0.97425616,0.9619133,0.968725,0.9710299,0.9470134,0.9645319,0.9589406,0.9760585,0.9661177,0.975491,0.9801153,0.97474,0.9811622,0.9601269,0.95880437,0.9693571,0.97444487,0.96407056,0.96793765,0.97616,0.9525685,0.97832906,0.9709759,0.96439266,0.9632891,0.9644469,0.9696737,0.968827,0.974474,0.96642053,0.96825045,0.9595533,0.9751934,0.98308116,0.9706852,0.97317153,0.9463591,0.9645236,0.976634,0.97132665,0.9472962,0.9715986,0.96783507,0.9737605,0.95636487,0.9461475,0.96768665,0.9676177,0.9819586,0.9499723,0.9740931,0.9682868,0.97600335,0.9622515,0.964056,0.9565609,0.98123205,0.9680908,0.96154577,0.9640491,0.96460736,0.9669641,0.95992225,0.96896404,0.96756417,0.95892423,0.9848208,0.9699642,0.9701672,0.9529012,0.94810593,0.9499809,0.9913082,0.9742161,0.96987015,0.968537,0.98123205,0.9637656,0.9662432,0.9736174,0.9721234
arcticmovie,0.9622336,0.9629178,0.9604518,0.96067756,0.9796956,0.96060324,0.97477704,0.96362555,0.97982115,0.95758253,0.9705891,0.9649491,0.97158813,0.97228676,0.97464603,0.9705669,1.0000001,0.96924096,0.95812654,0.9709232,0.9659146,0.9673006,0.9674641,0.95388764,0.9747303,0.96844184,0.9420966,0.9633201,0.9747372,0.97075623,0.96288663,0.96850324,0.9646085,0.9728497,0.9748898,0.9711561,0.96963835,0.9738513,0.96125615,0.9559641,0.96487993,0.9776042,0.9529969,0.9772902,0.9774869,0.97351134,0.97094953,0.9674937,0.95979124,0.9748403,0.971862,0.9679644,0.9674877,0.94894874,0.97418356,0.96811205,0.97167224,0.9801646,0.95559025,0.95660764,0.97579277,0.95342684,0.9737215,0.9690825,0.96691644,0.9523286,0.970896,0.9689789,0.9609279,0.95671153,0.9680299,0.9694255,0.96226054,0.9695403,0.97924453,0.9588315,0.95341563,0.94972587,0.96275425,0.96963197,0.966357,0.96583676,0.98054785,0.975445,0.966327,0.957611,0.9641293,0.9667819,0.94666255,0.96014935,0.9759801,0.9680299,0.95981246,0.98068446,0.95947516,0.97750324,0.9674145,0.9607408,0.96135783,0.96531814,0.97141796,0.9493112,0.9675469,0.96140206,0.9698467,0.9696777,0.96594405,0.96518975,0.9458773,0.95081455,0.9721157,0.96568525,0.98116654,0.9801107,0.96909493,0.9560683,0.9679686,0.97891897,0.96947265,0.9717562,0.9664087,0.97018605,0.9811717,0.96924573,0.9613293,0.96778333,0.9697192,0.9597145,0.9580004,0.9573618,0.96865225,0.9752042,0.98785174,0.9426928,0.97482425,0.9653063,0.96832997,0.9606469,0.9673843,0.9638462,0.97982115,0.96597624,0.96141756,0.96636575,0.9772737,0.9598096,0.97553474,0.96466875,0.9646658,0.96741396,0.9717231,0.9659012,0.95952,0.9512369,0.9568366,0.95492387,0.9727807,0.9706299,0.97628266,0.9669104,0.97982115,0.96786743,0.9806916,0.9821015,0.9704725
artofracingmovie,0.9602111,0.9617208,0.9441503,0.95722103,0.9901746,0.94201195,0.97319937,0.9740512,0.9777064,0.972251,0.97442704,0.96418124,0.96710265,0.9684609,0.9693692,0.9619896,0.96924096,1.0000002,0.9604838,0.9612385,0.9447806,0.9600128,0.97492623,0.97380614,0.9679291,0.9568285,0.9761352,0.95371026,0.9647403,0.96312964,0.95596445,0.96836007,0.9804302,0.9762845,0.9688494,0.96122605,0.9648458,0.9698442,0.9652769,0.96868,0.95823497,0.9791255,0.9401376,0.9746889,0.9741826,0.9694063,0.9764267,0.98253906,0.9667451,0.975217,0.958571,0.9694,0.9675437,0.95732003,0.959718,0.98420614,0.9715792,0.975979,0.96364444,0.95288545,0.96702284,0.95624095,0.9627553,0.9559512,0.9676119,0.96296763,0.96722454,0.97982013,0.962357,0.9684334,0.96757233,0.9700979,0.95454776,0.9643194,0.97261673,0.9642994,0.95422995,0.96691084,0.9532802,0.97456914,0.9672702,0.96594614,0.9715099,0.96665114,0.95417637,0.95612353,0.9468904,0.9672733,0.9590553,0.96199304,0.9758711,0.96757233,0.95191497,0.9527072,0.94833845,0.97416556,0.9718927,0.9544949,0.96130276,0.9702955,0.95727944,0.95705783,0.9685746,0.970184,0.9750127,0.9637488,0.9635262,0.94645596,0.9440181,0.95459306,0.9789616,0.97225434,0.9745381,0.9623398,0.97157735,0.959547,0.96753734,0.9683887,0.96862626,0.9715998,0.96430165,0.965046,0.9662052,0.9632427,0.9678376,0.97615594,0.95321655,0.94829226,0.98299557,0.9542144,0.95581454,0.9824822,0.9681599,0.92850053,0.9692712,0.96972805,0.97182626,0.9711339,0.96322566,0.9739924,0.9777064,0.9568726,0.93792605,0.9627166,0.9870328,0.96133286,0.95760703,0.9573786,0.9663271,0.95943856,0.971145,0.9586997,0.95227367,0.9732118,0.93567616,0.93801177,0.966132,0.96379876,0.9648758,0.9638741,0.9777064,0.9708162,0.9772019,0.9908154,0.9658245
avengers,0.9889492,0.95200443,0.96998334,0.9657276,0.9615224,0.95977855,0.96812904,0.96955174,0.982314,0.9745935,0.9634415,0.9761011,0.9816695,0.9608985,0.98021525,0.9615118,0.95812654,0.9604838,1.0000001,0.96385795,0.9660421,0.97429323,0.9744616,0.96968865,0.98300314,0.96576875,0.9430928,0.95627815,0.9724478,0.95636195,0.9895197,0.9648553,0.9539749,0.9610886,0.9533326,0.9544975,0.97973156,0.9739267,0.9773659,0.98200226,0.9641709,0.9648273,0.95269436,0.9703185,0.9578554,0.97440326,0.9715268,0.9786556,0.9607789,0.97001624,0.97616863,0.97888976,0.9675071,0.97884965,0.9717596,0.9685761,0.9628222,0.97080797,0.97304964,0.9720093,0.97760606,0.9591725,0.949364,0.9724786,0.9710814,0.9647995,0.9762599,0.98150396,0.949428,0.9567827,0.98051524,0.96767265,0.95747894,0.9649854,0.9630899,0.95013267,0.95231843,0.93731767,0.94985837,0.96598446,0.96118283,0.9684546,0.9757162,0.9736805,0.98340243,0.96468073,0.96707636,0.9781071,0.9581702,0.9827439,0.95340323,0.98051524,0.96007115,0.9583282,0.9744497,0.96369916,0.9717434,0.958991,0.95569575,0.9586923,0.97072345,0.95865387,0.9711722,0.977557,0.95658416,0.9786618,0.9796816,0.9698869,0.9682108,0.967778,0.9741154,0.97248065,0.97350484,0.9557461,0.96833724,0.95872486,0.9832059,0.9769219,0.9591613,0.9579829,0.95960826,0.97031313,0.98435485,0.97036123,0.96286875,0.9750824,0.9739594,0.97381765,0.9722985,0.9804337,0.9683556,0.9717889,0.96068937,0.9624148,0.9755959,0.95963913,0.9775965,0.9691531,0.977688,0.9693775,0.982314,0.97372514,0.9660658,0.9694523,0.9704512,0.97749144,0.95356846,0.9424335,0.9795162,0.9607998,0.97810763,0.96828896,0.975326,0.97858584,0.9693646,0.9689235,0.97971505,0.97064185,0.96960676,0.9658325,0.982314,0.95904696,0.97067034,0.96702754,0.9819627
beachbummovie,0.9754129,0.9449025,0.96380836,0.97865915,0.9653702,0.9637637,0.98140794,0.9673472,0.9870174,0.945926,0.9791161,0.97823995,0.97749,0.9741439,0.9855379,0.9677137,0.9709232,0.9612385,0.96385795,1.0000001,0.97245276,0.9763983,0.9661084,0.9690086,0.9742331,0.97486293,0.9507583,0.94997925,0.9846117,0.97421175,0.9674753,0.9809303,0.9681059,0.9701375,0.97750455,0.9774942,0.9790387,0.98741764,0.9805354,0.97516835,0.9744955,0.96557474,0.9426865,0.9762581,0.957687,0.982123,0.97313786,0.9734048,0.97729635,0.97282225,0.9760763,0.9824825,0.96508276,0.97543377,0.9770171,0.97226727,0.9725595,0.9753622,0.97773725,0.9799622,0.9804607,0.9641817,0.96432984,0.97786075,0.97247463,0.9597505,0.9713565,0.98001784,0.96562684,0.9824648,0.98519987,0.9721934,0.978542,0.9705253,0.9801757,0.96772254,0.9840341,0.94883317,0.9675567,0.9655022,0.971649,0.9796844,0.9769311,0.9811687,0.9824352,0.9781011,0.97674096,0.9739702,0.96233106,0.9752931,0.96205264,0.98519987,0.9550949,0.97329366,0.969981,0.9844683,0.9775146,0.98110425,0.97932404,0.95988727,0.9863344,0.96268106,0.9828502,0.9821525,0.9697725,0.9771771,0.9752324,0.98256576,0.9590602,0.9725457,0.9782654,0.9838727,0.97356856,0.981093,0.9740478,0.976482,0.9815334,0.98543996,0.97894716,0.97092724,0.9618617,0.97234523,0.98465323,0.9719188,0.97151804,0.9687739,0.9850439,0.9640606,0.94862604,0.9534404,0.97923845,0.9678258,0.96497726,0.94518423,0.9792432,0.97368646,0.9817003,0.9792782,0.9865925,0.9839983,0.9870174,0.97373545,0.9826951,0.9860502,0.9816669,0.98090136,0.9815296,0.9749831,0.98412645,0.97503453,0.9819857,0.9610829,0.9685492,0.97236705,0.975043,0.9770744,0.97857106,0.97124076,0.9749338,0.983642,0.9870174,0.9701659,0.9673407,0.9768813,0.976591
bernadettefilm,0.97275496,0.9411337,0.95202005,0.96708304,0.94849086,0.9495038,0.97108364,0.95517087,0.97860897,0.9525019,0.97390753,0.96396476,0.9733905,0.9633229,0.9794397,0.96659285,0.9659146,0.9447806,0.9660421,0.97245276,1.0000001,0.9653304,0.9570901,0.97051907,0.97676337,0.9581818,0.9308265,0.9504797,0.9674333,0.9574539,0.977199,0.9666341,0.94954765,0.952569,0.95727855,0.95908326,0.9706424,0.97992784,0.9684025,0.9691235,0.9570263,0.9523678,0.9256745,0.95835847,0.95534486,0.9763057,0.96500564,0.9564861,0.95882106,0.9550895,0.97006047,0.9742793,0.95006275,0.9728211,0.97314286,0.9563322,0.9659677,0.9641995,0.9695937,0.9789119,0.9683324,0.9615435,0.96347183,0.9744216,0.9607463,0.97000074,0.96552503,0.9686295,0.9653493,0.9605018,0.97905093,0.9634679,0.9523644,0.9700889,0.9625114,0.96246916,0.9676833,0.9360553,0.9544711,0.9545771,0.9694749,0.9734674,0.9688883,0.9753729,0.9775618,0.96994734,0.9703408,0.9617293,0.96451277,0.95736766,0.96274847,0.97905093,0.9538107,0.9658198,0.95816857,0.9648221,0.9710574,0.95168734,0.95324117,0.9476643,0.9789167,0.9447184,0.96699816,0.9675221,0.95243526,0.97089344,0.9639073,0.97173667,0.96216774,0.9717482,0.9662349,0.96496016,0.96287876,0.9562863,0.97237223,0.9715249,0.9768417,0.9754915,0.9621708,0.96381485,0.9599737,0.9553852,0.977948,0.95328,0.96781147,0.9610577,0.9691158,0.956459,0.94751173,0.9467272,0.985435,0.9681256,0.961262,0.9482767,0.97212005,0.95140845,0.9776211,0.9723182,0.971491,0.9697934,0.97860897,0.96264243,0.9783572,0.96634316,0.9618051,0.97639394,0.9574866,0.9507409,0.9709987,0.96698177,0.97530544,0.94590634,0.959317,0.95994323,0.96780765,0.97203463,0.9718064,0.96283865,0.9624034,0.9648881,0.97860897,0.9561092,0.9626716,0.9643044,0.9717955
