movie,21bridgesmovie,47metersdown,abeautifuldaymovie,abominablemovie,adastramovie,adogsjourneymovie,aftermathmovie,aftermovie,ahiddenlifefilm,alitamovie,angelhasfallen,angrybirdsmovie,annabellemovie,annamovie,apollo11movie,arcticdogsmovie,arcticmovie,artofracingmovie,avengers,beachbummovie,bernadettefilm,blackandbluemovie,blackchristmas,blindedbythelightmovie,bombshellmovie,booksmart,breakthroughmovie,brianbanksmovie,brightburnmovie,brittanyrunsmov,captainmarvelofficial,captivestatemovie,catsmovie,charliesangels,childsplaymovie,clarathefilm,coldpursuitmovie,countdown,currentwarmovie,darkwatersmovie,detectivepikachumovie,disneyaladdin,disneyfrozen,disneymaleficent,doctorsleepmovie,dolemiteismyname,dontletgomovie,doramovie,downtonabbey_official,dumbo,escaperoom,everybodyknowsmovie,fastandfuriousmovie,fightingwmyfam,fivefeetapartfilm,fordvferrari,freaksthefilm,geminimanmovie,glassmovie,gloriabellmovie,godzillamovie,goldfinchmovie,goodboysmovie,goodliarmovie,gretafilm,halathemovie,happydeathdaymovie,harrietfilm,hellboymovie,hersmellmovie,highlifemovie,highstrungmovie,honeyboymovie,hotelmumbaifilm,httydragon,hustlemovie,hustlersmovie,isntitromantic,itmovieofficial,jayandsilentbob,johnwickmovie,jojorabbitmovie,jokermovie,judythefilm,jumanjimovie,justmercyfilm,knivesout,lalloronamovie,lastblackmansf,lastchristmasthemovie,latenightmovie,lighthousemovie,lionking,littlethemovie,littlewomenmovie,littlewoodsfilm,longshotmovie,lordsofchaosmovie,lucyintheskyfilm,mamovie2019,marriagestory,meettheaddams,meninblack,midsommarmovie,midwaymovie,missbalamovie,missinglinkfilm,motherlessbklyn,onceinhollywood,onthebasisofsex,overcomermovie,peanutbutterfalcon,petsematarymovie,piercingmovie,playingwithfire,playmobilthemovie,pomsmovie,queenandslim,rambomovie,readyornotfilm,richardjewellfilm,rocketmanmovie,scarystoriesmovie,secretlifeofpets,serenityfilm,shaftmovie,shazammovie,spidermanmovie,spiesindisguise,starwars,stormboymovie,stubermovie,taosdfilm,teenspiritmov,terminator,theaeronautsmov,thebestofenemies,thedeaddontdie,thefarewell,thehighwaymen,thehummingbirdprojectfilm,theintrudermovie,theirishmanfilm,thekitchenmovie,thelegomovie,themustangfilm,thenightingalefilm,theprodigymovie,thesunisalsoastar,theupsidefilm,tolkienmovie,toystory,triplefrontier,uglydolls,uncutgems,underthesilverlake,usmovie,wavesmovie,whatmenwant,wonderparkmovie,wrinklestheclown,xmenmovies,yardiefilm,yesterdaymovie,zombieland
21bridgesmovie,1.0,0.97884786,0.98129034,0.9844489,0.98894835,0.98022294,0.9893643,0.9829375,0.99643797,0.9736202,0.99117506,0.98489803,0.9885736,0.9803372,0.9929363,0.9833611,0.984862,0.980606,0.9872266,0.98551005,0.9875867,0.9818477,0.9857956,0.9890697,0.9808549,0.9691737,0.9879404,0.9933756,0.9794866,0.9801523,0.98235404,0.9878528,0.9815617,0.98417723,0.98875767,0.98544306,0.9916784,0.9856512,0.9795611,0.98993695,0.9826179,0.9760465,0.9758658,0.97740227,0.98413116,0.9843729,0.98225224,0.9847504,0.9894638,0.9809821,0.97987556,0.99097574,0.9884067,0.9830471,0.9744419,0.987241,0.98786044,0.98404163,0.9651058,0.98781735,0.97859985,0.96934485,0.97273123,0.98410094,0.9832141,0.97559667,0.9775229,0.97283816,0.9828371,0.990128,0.99190074,0.9849744,0.98684704,0.9949837,0.98779595,0.97595644,0.9830609,0.9890189,0.9797141,0.9734769,0.98592585,0.98884976,0.98471147,0.98528606,0.99147743,0.97566277,0.98780745,0.9859337,0.97742635,0.9909277,0.9860987,0.99190074,0.9717928,0.95552313,0.9793569,0.98919535,0.96660024,0.97972596,0.9780513,0.9840524,0.9875853,0.9848007,0.9423528,0.9909882,0.97977877,0.98095554,0.9863642,0.98848134,0.9865927,0.9655452,0.9930889,0.9835261,0.98979455,0.98405915,0.9862865,0.9909317,0.9966273,0.98267305,0.9926395,0.9877296,0.98318833,0.98370546,0.98657095,0.97607666,0.99336904,0.9761644,0.98982704,0.95648396,0.9798753,0.9693703,0.9924016,0.96990216,0.9873921,0.9823736,0.9739,0.9814518,0.98506784,0.97335213,0.99239105,0.98734444,0.99643797,0.9848681,0.9853721,0.9864822,0.96684957,0.9891216,0.9877574,0.98503965,0.99081826,0.9877769,0.975503,0.98281574,0.9858431,0.9811683,0.9837951,0.9855496,0.9887932,0.9896658,0.9845274,0.9791439,0.99643797,0.97083807,0.9915416,0.98925745,0.9823
47metersdown,0.97884786,1.0000002,0.9603601,0.9772546,0.97696,0.9727039,0.96990585,0.9574932,0.9745851,0.96027577,0.96349484,0.96981514,0.97171825,0.95757496,0.9696436,0.9582295,0.9584777,0.96205944,0.9771259,0.978342,0.9669323,0.95888,0.9694941,0.9655134,0.9572892,0.94851375,0.9660468,0.9701709,0.95272255,0.95228106,0.96899766,0.9598349,0.9786824,0.94684994,0.9770086,0.9585473,0.96655226,0.96896833,0.9516542,0.9638129,0.95657253,0.9421986,0.9539452,0.9529854,0.9638046,0.9633956,0.9679957,0.9774898,0.9621629,0.95663244,0.9518119,0.9652152,0.96647865,0.9533632,0.9550803,0.9741788,0.9750024,0.95917827,0.9315362,0.959215,0.9551538,0.93419844,0.9474644,0.96041995,0.96842104,0.9501548,0.9532775,0.94820684,0.95492816,0.98159444,0.9640967,0.9697165,0.96907556,0.9754978,0.9661254,0.9647881,0.9648866,0.96145856,0.94444776,0.96200716,0.9530879,0.97181654,0.9608791,0.9674588,0.96555114,0.9437725,0.9672032,0.97038966,0.9443434,0.9736386,0.9557,0.9640967,0.9562459,0.93948954,0.9501648,0.9594415,0.9552556,0.96780986,0.96176314,0.9570572,0.9627847,0.96486706,0.92496526,0.964917,0.9717794,0.9570848,0.9590922,0.961527,0.9684234,0.96509993,0.96830016,0.956421,0.9745202,0.96892995,0.96694726,0.96868795,0.97315043,0.95593476,0.96831495,0.96417415,0.95643824,0.95837146,0.97645473,0.9617793,0.96924555,0.9527706,0.9762109,0.92968524,0.9570401,0.9446322,0.97724533,0.9464007,0.96870863,0.96113664,0.9579176,0.95679516,0.9570806,0.9479875,0.96215475,0.9650694,0.9745851,0.9557321,0.96372294,0.9592576,0.9470286,0.9616924,0.97450984,0.96441734,0.9706165,0.96902514,0.9528614,0.96516025,0.962129,0.9628044,0.95041114,0.9520292,0.97238755,0.96673405,0.9650843,0.9584086,0.9745851,0.93910897,0.9722705,0.96818215,0.9626148
abeautifuldaymovie,0.98129034,0.9603601,0.99999994,0.9794376,0.981942,0.9770581,0.97915035,0.98420435,0.9860649,0.97282755,0.9840358,0.9840181,0.97759265,0.9604781,0.9733709,0.97027975,0.979275,0.98654056,0.97891617,0.97573614,0.97084767,0.9919959,0.98585945,0.97189504,0.9869526,0.9679367,0.9802873,0.97460383,0.9854846,0.96172297,0.9798255,0.973483,0.9780219,0.97131956,0.973709,0.9711221,0.98590106,0.97181565,0.97904134,0.97398406,0.9587238,0.97100925,0.9831059,0.9792183,0.9799135,0.97981375,0.98828316,0.9761685,0.9811412,0.98358303,0.9898844,0.97920024,0.9830127,0.97880363,0.9350514,0.9800037,0.98237,0.9685091,0.98224276,0.9794226,0.97210413,0.9877876,0.9826914,0.9679212,0.971923,0.9638773,0.9629076,0.9754721,0.97961056,0.9814514,0.9814344,0.9764994,0.9790138,0.975947,0.98268235,0.9527117,0.96200687,0.9695046,0.9730148,0.9802882,0.9813183,0.98015106,0.97068715,0.97976565,0.98734415,0.9714926,0.9837904,0.98378474,0.96833336,0.9873277,0.97657627,0.9814344,0.98193896,0.9586648,0.9875804,0.97656804,0.97860897,0.9695277,0.9827368,0.96879995,0.9799801,0.98403114,0.9702738,0.9830965,0.96009046,0.9881228,0.97537816,0.96848345,0.9879857,0.9660944,0.9887162,0.9802,0.98500824,0.9664703,0.97470176,0.98141736,0.97880864,0.98009104,0.984784,0.98242056,0.96382445,0.9826271,0.9664978,0.9648449,0.98072535,0.981754,0.97073627,0.9715485,0.96929264,0.9901769,0.98118436,0.97626346,0.976012,0.964798,0.9676917,0.96162397,0.97631276,0.9710538,0.9806669,0.9836759,0.9860649,0.98616385,0.98114014,0.9641897,0.96178025,0.97706395,0.9714361,0.9664392,0.9736618,0.97258484,0.9768768,0.9868254,0.97547036,0.9859912,0.9672019,0.97280425,0.98088133,0.96600145,0.9882557,0.9782535,0.9860649,0.9757639,0.980185,0.9890977,0.97998995
abominablemovie,0.9844489,0.9772546,0.9794376,1.0000001,0.9790264,0.9749856,0.9857671,0.97702104,0.98969495,0.96507514,0.98097414,0.98517084,0.98562247,0.9764025,0.9830166,0.9681051,0.9837245,0.96930355,0.98191124,0.98467016,0.98352104,0.9766843,0.9813247,0.9769415,0.97040164,0.95919144,0.9862734,0.98388064,0.96448344,0.9730409,0.9780354,0.96988773,0.98300904,0.9647749,0.98614794,0.97941905,0.9815928,0.97624606,0.96931976,0.97331506,0.9678041,0.9796288,0.9767195,0.98506093,0.9872405,0.98364854,0.98108315,0.98701704,0.9814055,0.9872849,0.96828324,0.97968173,0.9766731,0.96576613,0.96112317,0.97067654,0.98515344,0.9754802,0.9655496,0.9840728,0.979077,0.95762825,0.9739879,0.9840734,0.96623313,0.98085344,0.96482617,0.96521956,0.9781538,0.99102545,0.9868233,0.97912854,0.9719434,0.98624295,0.9831024,0.96656096,0.97176427,0.9699398,0.96919346,0.96594363,0.9678629,0.9853528,0.98221356,0.98093045,0.9779989,0.9752248,0.98055494,0.9850737,0.9749344,0.9865755,0.9743972,0.9868233,0.9702605,0.9451055,0.9699036,0.97715837,0.96434623,0.98405427,0.97676903,0.9724906,0.9801487,0.97673565,0.9251028,0.9836354,0.9717082,0.9678626,0.9834844,0.97703606,0.98247606,0.9547001,0.98409694,0.96477604,0.9875154,0.97642636,0.98279095,0.9763269,0.98255515,0.9706728,0.9816429,0.98407894,0.9739561,0.97318673,0.9816399,0.9726295,0.98294836,0.9660545,0.97835517,0.9366874,0.9713643,0.96675843,0.98620975,0.95519596,0.9911764,0.98466426,0.97361743,0.9669689,0.9692146,0.95967793,0.9838293,0.98084116,0.98969495,0.96798027,0.982042,0.98113745,0.9481004,0.9777832,0.9821552,0.9814225,0.98214835,0.9716368,0.9670761,0.98647845,0.9854129,0.97163445,0.9761573,0.97535247,0.97915137,0.9795312,0.9730383,0.97188056,0.98969495,0.95518637,0.98392856,0.9820209,0.9760942
adastramovie,0.98894835,0.97696,0.981942,0.9790264,1.0,0.97698414,0.9887769,0.98519933,0.9916347,0.9846968,0.9844464,0.9830537,0.9861363,0.9755661,0.98558104,0.97723776,0.9807312,0.98788065,0.9846385,0.9809795,0.9801787,0.98467326,0.98343295,0.983697,0.9842345,0.97829735,0.98179173,0.9795913,0.98309016,0.9750903,0.9811148,0.99159634,0.984567,0.9727594,0.9861773,0.98401916,0.99049735,0.9762354,0.9785787,0.98531145,0.9721416,0.975,0.9789809,0.97344655,0.98299795,0.98244154,0.982481,0.9759123,0.9826812,0.9801773,0.98311573,0.98470944,0.9814456,0.980506,0.9605622,0.98718244,0.9866022,0.98247206,0.9674104,0.98458546,0.9840032,0.9660092,0.9786002,0.98082757,0.9811004,0.9767633,0.96448994,0.9748749,0.97950876,0.9888697,0.9859458,0.98174185,0.9836193,0.9805988,0.9854672,0.9735751,0.9755225,0.9798018,0.96895504,0.98514915,0.97994167,0.98635036,0.98527116,0.9895959,0.98583853,0.9745424,0.988506,0.9828671,0.9780944,0.99088544,0.98019665,0.9859458,0.97690135,0.9547982,0.98298705,0.9899036,0.9697986,0.9710087,0.98836964,0.97655493,0.9876252,0.98315287,0.9586188,0.9885389,0.9708515,0.9834936,0.9838264,0.9823723,0.9865943,0.97136104,0.98753244,0.9864405,0.99283934,0.9843849,0.97649896,0.9906246,0.98652905,0.98672426,0.9919748,0.98607725,0.9818857,0.985266,0.98146445,0.9647992,0.9838808,0.97904783,0.97919667,0.9698162,0.9881328,0.9759904,0.9885489,0.97880954,0.98175323,0.97256356,0.97905064,0.9726931,0.97464037,0.9696656,0.98309535,0.9845141,0.9916347,0.9873152,0.98603547,0.9769261,0.96736073,0.98895854,0.9828127,0.98132473,0.9886549,0.97742534,0.9813245,0.9768264,0.9795558,0.9819478,0.97818416,0.9798926,0.98157823,0.9780125,0.9840104,0.98848844,0.9916347,0.97773796,0.9873118,0.9866268,0.98382276
adogsjourneymovie,0.98022294,0.9727039,0.9770581,0.9749856,0.97698414,0.9999997,0.9769956,0.97911596,0.98385483,0.9791535,0.9826959,0.98151404,0.97888035,0.9545312,0.97318536,0.9731217,0.97915256,0.9789714,0.98142064,0.98602706,0.97171813,0.9862178,0.9897073,0.97163635,0.9722926,0.9696154,0.9750566,0.98093706,0.9749527,0.96761453,0.98190147,0.96769863,0.98715824,0.96435755,0.9829611,0.96799266,0.9855537,0.9657017,0.9733377,0.97082275,0.9700745,0.95906067,0.9769198,0.9678328,0.9764942,0.9772015,0.99138534,0.974711,0.97409594,0.9728593,0.9777666,0.97880924,0.9787489,0.97538716,0.9452011,0.9780781,0.97949487,0.9624058,0.9626601,0.9718572,0.9721468,0.970239,0.96561915,0.968061,0.9649697,0.9626714,0.9591256,0.97310674,0.97177386,0.9844685,0.9776857,0.9801356,0.9826674,0.975328,0.98200274,0.9684524,0.9641662,0.9747363,0.97461605,0.98372424,0.9751944,0.9770749,0.9721082,0.9816545,0.9800425,0.9505108,0.97502553,0.9865868,0.95972574,0.9873837,0.97550166,0.9776857,0.97564185,0.95527273,0.979043,0.97362053,0.9626264,0.9761688,0.97427684,0.9718964,0.97756517,0.9850488,0.95890075,0.9757672,0.96988964,0.97945064,0.9668721,0.97984046,0.97882783,0.9681412,0.98550427,0.9815712,0.98604023,0.9765174,0.97812617,0.9798372,0.9776512,0.9780812,0.97436434,0.973787,0.96446085,0.9834538,0.9705189,0.98397017,0.98324984,0.9726553,0.987408,0.9621696,0.967497,0.9783753,0.98174244,0.9755045,0.9778402,0.9677784,0.9632229,0.9686311,0.97316056,0.96844476,0.97420985,0.97798324,0.98385483,0.9700721,0.97630864,0.9700333,0.9670088,0.9722139,0.97293174,0.9708523,0.98185784,0.98244625,0.97222465,0.9786915,0.96777433,0.9738008,0.9631767,0.9786425,0.99068856,0.97073394,0.978815,0.9688975,0.98385483,0.9719849,0.97859526,0.9860233,0.9787204
aftermathmovie,0.9893643,0.96990585,0.97915035,0.9857671,0.9887769,0.9769956,1.0,0.98515946,0.9943473,0.971014,0.98978513,0.987476,0.98657364,0.9802268,0.98964816,0.9750077,0.98480195,0.9787101,0.9877432,0.9842751,0.98687917,0.9808621,0.982026,0.9815007,0.9841081,0.9711654,0.9863527,0.9857895,0.97991145,0.98543245,0.98975825,0.98719084,0.9856762,0.97578883,0.98380536,0.9888213,0.9912664,0.9763189,0.9874028,0.98767346,0.97675526,0.9780198,0.9821658,0.97910774,0.98396796,0.98559266,0.9807234,0.98059005,0.99026936,0.98394763,0.9836523,0.989311,0.98352915,0.9705214,0.9668401,0.9803416,0.9867122,0.9765664,0.9695666,0.98932475,0.98250836,0.9674153,0.98049194,0.9892506,0.9786301,0.9792533,0.9681987,0.9790909,0.98885363,0.98914135,0.9922464,0.98871696,0.9817722,0.9878121,0.9857322,0.976408,0.9765094,0.9812313,0.9757632,0.9781648,0.9855278,0.9910301,0.9926051,0.9826269,0.9823409,0.98439574,0.9897018,0.9847723,0.9848727,0.9929303,0.98753935,0.9922464,0.97178626,0.950157,0.98058695,0.99091715,0.9727124,0.97851044,0.99186164,0.9803603,0.98771685,0.9832391,0.94653684,0.9900157,0.96943563,0.9824672,0.99271315,0.98239714,0.9800199,0.96452403,0.9886425,0.98186237,0.99044573,0.98321754,0.983475,0.98788965,0.989047,0.9835643,0.9927382,0.99756116,0.98403186,0.9851668,0.9836805,0.96556735,0.99180055,0.97502387,0.9810902,0.96402115,0.98566186,0.9739339,0.9902114,0.9679539,0.9850451,0.9766706,0.9759432,0.98252046,0.98207194,0.97352374,0.9896992,0.98285496,0.9943473,0.98129076,0.9850226,0.9832208,0.96014607,0.9916,0.9844123,0.97965604,0.9860717,0.98118186,0.98875576,0.98181134,0.9872274,0.9799422,0.98657227,0.98936653,0.9862668,0.98568606,0.98192716,0.98326844,0.9943473,0.9735628,0.989312,0.98669463,0.9857763
aftermovie,0.9829375,0.9574932,0.98420435,0.97702104,0.98519933,0.97911596,0.98515946,0.99999994,0.99075514,0.9813526,0.98703784,0.98265964,0.9840152,0.9742268,0.98153645,0.97642845,0.9874497,0.98604673,0.9779121,0.97124934,0.97697085,0.98133564,0.9827728,0.97450215,0.9819549,0.96960413,0.98110944,0.98287416,0.98324025,0.9703322,0.9749781,0.9856367,0.98357284,0.9757946,0.9798301,0.97819346,0.9927641,0.97748435,0.98591447,0.98404247,0.9686168,0.9782405,0.9826274,0.97773325,0.979773,0.976117,0.9830142,0.96661776,0.98124933,0.9819812,0.9855474,0.9827148,0.98075694,0.98277867,0.95113033,0.9770608,0.9767033,0.98368585,0.97196555,0.9834881,0.9771155,0.972462,0.97376555,0.9767767,0.9727745,0.9820503,0.95399487,0.9777185,0.98235464,0.9827264,0.98721206,0.97914547,0.9791334,0.9795311,0.98204315,0.96092266,0.96578246,0.974706,0.97894835,0.98512524,0.9831607,0.98493874,0.9823863,0.98741066,0.9861074,0.97663987,0.9855093,0.98503363,0.9785671,0.9897357,0.98166114,0.98721206,0.9753802,0.9450629,0.98873514,0.986334,0.9610113,0.9619182,0.98583764,0.9712922,0.9837565,0.9888946,0.9563665,0.99105376,0.9671968,0.98536575,0.980032,0.9791973,0.9818701,0.97010434,0.99104756,0.98232347,0.9917158,0.9716718,0.97236943,0.98010296,0.9806061,0.9865968,0.9896214,0.9835113,0.97293943,0.98830056,0.96731347,0.9602763,0.98238426,0.9730223,0.9777437,0.9694662,0.9864475,0.9813674,0.99048567,0.9763286,0.9771961,0.9759205,0.9827981,0.9665832,0.9788953,0.97110707,0.9819257,0.98545516,0.99075514,0.9851433,0.9824661,0.976698,0.9572255,0.9842614,0.9780683,0.9783267,0.980058,0.971816,0.9853695,0.9813892,0.97848964,0.98028094,0.9781775,0.9875752,0.98343,0.9770478,0.9881954,0.98029214,0.99075514,0.9775797,0.9868772,0.9873229,0.98456377
ahiddenlifefilm,0.99643797,0.9745851,0.9860649,0.98969495,0.9916347,0.98385483,0.9943473,0.99075514,1.0000001,0.9774871,0.99414927,0.9902978,0.9923441,0.98315346,0.99480486,0.98620474,0.99318635,0.9835655,0.990112,0.9886307,0.992048,0.9866147,0.99078685,0.9901954,0.98566496,0.97627217,0.9910249,0.9919458,0.9847866,0.98693955,0.98800045,0.99036366,0.9877283,0.98372555,0.9913374,0.9908261,0.99569964,0.98280096,0.98438877,0.9893804,0.98272604,0.9854613,0.9816498,0.9851954,0.9900225,0.98986095,0.9885015,0.9866754,0.9912984,0.98962015,0.98520106,0.99443716,0.99084157,0.98441726,0.97091115,0.98554695,0.99182135,0.9879161,0.9771665,0.9931296,0.98448414,0.97497946,0.9817772,0.98946595,0.98290694,0.9862263,0.977876,0.9821997,0.98795176,0.99349207,0.9971415,0.98852205,0.98698515,0.9929787,0.99262863,0.97881055,0.98170984,0.9885819,0.9859168,0.9791523,0.9886397,0.9910442,0.99057704,0.99244624,0.99128515,0.9842952,0.99107945,0.9928954,0.98650634,0.9961591,0.9898398,0.9971415,0.98090565,0.9612439,0.9840494,0.99239147,0.97291815,0.9829881,0.98594797,0.9863573,0.9919975,0.9888037,0.94780815,0.9938128,0.9760474,0.98553324,0.9931169,0.99166936,0.9894057,0.9692269,0.9965073,0.98608625,0.99586284,0.986219,0.98984396,0.9916162,0.9939914,0.9897192,0.99603343,0.99257743,0.9836771,0.9906874,0.9870659,0.9788972,0.99503005,0.982908,0.98934275,0.9636347,0.9873539,0.97776467,0.9947866,0.9731005,0.992995,0.9844853,0.98315334,0.9839097,0.98697203,0.97982526,0.99473196,0.9898201,1.0000001,0.98652834,0.9923168,0.98995143,0.9685441,0.99272525,0.9876398,0.98810685,0.99267566,0.9849705,0.98148376,0.98771894,0.98981714,0.98314965,0.98904383,0.99131346,0.99010444,0.98995954,0.98875266,0.98619574,1.0000001,0.9766794,0.99419844,0.9926284,0.9855385
alitamovie,0.9736202,0.96027577,0.97282755,0.96507514,0.9846968,0.9791535,0.971014,0.9813526,0.9774871,1.0,0.97727567,0.97184116,0.975243,0.9685795,0.96913546,0.9585994,0.97562534,0.980395,0.96800923,0.9633677,0.9630912,0.9806804,0.97617006,0.97457427,0.96332324,0.9576733,0.97484654,0.97385746,0.974185,0.960127,0.9643169,0.97529113,0.9700478,0.96171004,0.97764766,0.9641458,0.9825295,0.96822244,0.97672457,0.97090423,0.95595324,0.9573136,0.97873443,0.96531665,0.96996176,0.96765804,0.9754575,0.9532381,0.9677292,0.9687952,0.97876847,0.9679281,0.96056414,0.9803036,0.9431204,0.9746232,0.9682604,0.96847945,0.95202464,0.9747324,0.9863524,0.9673652,0.9604896,0.9660134,0.95511353,0.971097,0.9374285,0.9591316,0.96085656,0.9730376,0.97391754,0.9656422,0.9648394,0.9687026,0.97217935,0.9520335,0.9592787,0.9639409,0.9549477,0.9898847,0.968651,0.97901344,0.97670513,0.9771113,0.9816086,0.955768,0.97263944,0.9683797,0.96578974,0.9830034,0.9744344,0.97391754,0.9637847,0.9320876,0.988249,0.97517675,0.93788564,0.94890785,0.97149736,0.96400315,0.9736733,0.982716,0.95334405,0.9821257,0.9745614,0.9755098,0.966622,0.9728261,0.9721767,0.9624155,0.9814041,0.9810998,0.98485434,0.9690121,0.96497506,0.97628504,0.9745179,0.976463,0.969882,0.96819764,0.9749966,0.9842759,0.9611982,0.9582514,0.9736339,0.9586361,0.97091806,0.9707305,0.9786186,0.9781662,0.98104864,0.9794627,0.96950626,0.9676252,0.97140306,0.96145433,0.956714,0.9508897,0.9663034,0.97635984,0.9774871,0.97588843,0.96689975,0.9631133,0.963438,0.9755217,0.97533816,0.97329026,0.9750691,0.97178316,0.97889,0.9718697,0.96293247,0.9653257,0.96117896,0.97891897,0.9749492,0.9651848,0.9696699,0.97573715,0.9774871,0.96410453,0.96879125,0.9783314,0.9870787
angelhasfallen,0.99117506,0.96349484,0.9840358,0.98097414,0.9844464,0.9826959,0.98978513,0.98703784,0.99414927,0.97727567,1.0000001,0.98835784,0.9870161,0.9807036,0.9852462,0.9817345,0.98745924,0.9825617,0.982656,0.97825456,0.98771024,0.98602134,0.9923876,0.9869684,0.9869812,0.97035927,0.98546064,0.9890606,0.9856284,0.98622155,0.9846785,0.98500943,0.98157007,0.99027413,0.98710835,0.9879668,0.9949984,0.9835618,0.9845413,0.9852732,0.9808522,0.9799405,0.9863695,0.9850594,0.9812043,0.9836265,0.9870449,0.97950613,0.9877283,0.9866063,0.98768896,0.98595893,0.99052995,0.9859529,0.9747347,0.9831625,0.98519975,0.97852886,0.97532624,0.9868782,0.9857328,0.98128015,0.9737864,0.9850493,0.97331965,0.97837955,0.9744644,0.9705988,0.9890516,0.9871732,0.9921139,0.9882459,0.9862278,0.99013376,0.9907411,0.9723794,0.9813027,0.99118805,0.98460656,0.9788834,0.9935728,0.9908082,0.98736584,0.9854465,0.99417895,0.9741514,0.98503524,0.9882769,0.9761183,0.9903196,0.99441314,0.9921139,0.9716378,0.9501927,0.986216,0.98834497,0.96377057,0.9720226,0.9807253,0.9901042,0.98890674,0.98399234,0.9517398,0.988403,0.9754112,0.9872684,0.98719174,0.98841697,0.98640966,0.96141446,0.99290943,0.98906916,0.9910996,0.9822373,0.9920568,0.9940346,0.9931087,0.985382,0.9908556,0.9907527,0.9795821,0.9884824,0.9842387,0.9760559,0.9939502,0.9737237,0.9852411,0.9663264,0.9770974,0.9804547,0.988723,0.971719,0.985841,0.9793899,0.97440034,0.98517364,0.98523307,0.96935683,0.9923537,0.9887559,0.99414927,0.98415565,0.9875687,0.9893055,0.9672973,0.9870126,0.9848601,0.9862944,0.9879624,0.989268,0.98296165,0.9858453,0.9884939,0.97353977,0.98376346,0.9896159,0.990217,0.98669773,0.9835469,0.9816216,0.99414927,0.9799825,0.9893024,0.9907457,0.9861286
angrybirdsmovie,0.98489803,0.96981514,0.9840181,0.98517084,0.9830537,0.98151404,0.987476,0.98265964,0.9902978,0.97184116,0.98835784,1.0,0.98404,0.9766009,0.9808308,0.9773598,0.9810698,0.97808367,0.9824313,0.9831652,0.9857212,0.98152006,0.9857573,0.9744608,0.97629625,0.9689783,0.9828117,0.98517025,0.9745608,0.9761897,0.9835143,0.98068136,0.9882608,0.969749,0.9871124,0.9814689,0.98874724,0.9713254,0.97454333,0.97791874,0.9733342,0.97980607,0.984974,0.9826421,0.98394066,0.98740315,0.98742366,0.9903046,0.98530734,0.9878331,0.98175377,0.97898257,0.9800513,0.97347265,0.9586446,0.9720113,0.9863451,0.97885394,0.9691895,0.98316056,0.98082185,0.97145367,0.97740006,0.9839509,0.9693858,0.9760473,0.9565614,0.96713644,0.9833155,0.9881863,0.98569655,0.9877207,0.9826307,0.98685414,0.9876626,0.9690922,0.9741279,0.9727519,0.97351754,0.977133,0.9776367,0.98773056,0.98499775,0.9835339,0.9875312,0.9637881,0.980269,0.98528844,0.97347534,0.9927676,0.98441434,0.98569655,0.9770911,0.9512862,0.98114175,0.97885126,0.96769005,0.9761649,0.98338765,0.97662836,0.9831382,0.9847268,0.94383407,0.9838291,0.9765231,0.9820326,0.9831157,0.9805622,0.98252493,0.9738628,0.98773104,0.978758,0.9893624,0.9785063,0.9853684,0.9817046,0.9854787,0.98342,0.9872524,0.98726416,0.9777624,0.981753,0.98271435,0.9790557,0.9867694,0.9723313,0.98476285,0.95627964,0.97173184,0.9827025,0.98632294,0.9615984,0.9803222,0.9755109,0.9726434,0.9732795,0.97438425,0.9712771,0.9883533,0.9858954,0.9902978,0.9760342,0.9852285,0.97884077,0.9643645,0.9801085,0.9778452,0.98079395,0.98240244,0.9805933,0.97300863,0.98730075,0.98228467,0.974939,0.9747354,0.9819244,0.98376155,0.9842952,0.97596765,0.97326714,0.9902978,0.9694244,0.9935821,0.989856,0.98098606
annabellemovie,0.9885736,0.97171825,0.97759265,0.98562247,0.9861363,0.97888035,0.98657364,0.9840152,0.9923441,0.975243,0.9870161,0.98404,1.0000001,0.98030835,0.9880323,0.97672665,0.9815771,0.9785347,0.98554885,0.9847226,0.98997736,0.9784647,0.98681915,0.98599035,0.9745698,0.9783949,0.98821115,0.98335665,0.9830134,0.9791726,0.9817199,0.98561275,0.983797,0.9808865,0.995538,0.9919149,0.98654675,0.9817263,0.9746481,0.98218966,0.9831136,0.9752512,0.96983397,0.97446436,0.98810315,0.98035204,0.9856496,0.98063487,0.9871647,0.9786347,0.9791237,0.98442906,0.9854813,0.9837113,0.971574,0.98191476,0.98537934,0.97779936,0.9675724,0.98783,0.98277557,0.9589142,0.97179806,0.986879,0.9814888,0.9855525,0.9689816,0.9671617,0.9734741,0.99137807,0.99031824,0.9840199,0.9843195,0.98213655,0.99040014,0.9788229,0.98785204,0.9829902,0.97228163,0.97499585,0.97894526,0.9907326,0.9884084,0.9886349,0.9832434,0.9717134,0.9874608,0.99137855,0.9815044,0.99053097,0.97607595,0.99031824,0.9695764,0.9609667,0.97623026,0.9889998,0.96286875,0.98055655,0.9799933,0.9853871,0.98547107,0.9836043,0.94632936,0.99178344,0.9704183,0.98029894,0.98422086,0.9872374,0.9841904,0.9684047,0.99063176,0.983628,0.99046296,0.99371547,0.9803419,0.983229,0.98526865,0.9831046,0.98829836,0.9823189,0.98163646,0.9798452,0.9819433,0.976181,0.98498476,0.97281307,0.9868695,0.9563639,0.9806458,0.96672297,0.99165034,0.96833825,0.9826454,0.9809812,0.97421426,0.97447133,0.9780479,0.9752609,0.98632526,0.9818379,0.9923441,0.9824709,0.9890647,0.9897946,0.9745223,0.9835012,0.9867174,0.9892734,0.9915186,0.9775417,0.97038186,0.9776357,0.98332536,0.97030395,0.98286337,0.9847621,0.983355,0.9843586,0.98094034,0.97699684,0.9923441,0.9693591,0.9856342,0.9904252,0.9835832
annamovie,0.9803372,0.95757496,0.9604781,0.9764025,0.9755661,0.9545312,0.9802268,0.9742268,0.98315346,0.9685795,0.9807036,0.9766009,0.98030835,0.99999994,0.9793767,0.9570219,0.9746426,0.9614528,0.96319133,0.95836854,0.97839826,0.9604118,0.9663962,0.97947073,0.9616509,0.94591314,0.9896945,0.98150766,0.9593544,0.97309375,0.9598585,0.97527134,0.9612651,0.97203106,0.98198664,0.9778542,0.9821115,0.9793482,0.9723079,0.97257006,0.97053313,0.9733675,0.9686396,0.97436655,0.9732504,0.97467947,0.96143264,0.97116035,0.9717343,0.9753628,0.96288824,0.96926004,0.96327835,0.96735895,0.9765336,0.9601767,0.97519505,0.98279524,0.9487033,0.98069,0.9836677,0.9485793,0.96108294,0.9890048,0.9542692,0.9858094,0.9468224,0.9493587,0.9716541,0.9763644,0.9829508,0.9655068,0.95901227,0.9842349,0.96821576,0.9655005,0.97476935,0.9761919,0.9645002,0.96265733,0.9696955,0.9844884,0.9886489,0.9701359,0.9791905,0.9698396,0.9769001,0.9645998,0.973726,0.97930896,0.9794653,0.9829508,0.9473291,0.9149843,0.9707949,0.97294647,0.93232566,0.9533797,0.96308434,0.977144,0.9808109,0.97452664,0.90409356,0.9841452,0.98429745,0.95965815,0.982099,0.9781091,0.9652035,0.9438765,0.9811439,0.96516585,0.9790628,0.96742594,0.97631145,0.97360706,0.9814698,0.9645421,0.97769946,0.97767985,0.9872219,0.9705259,0.9741463,0.9502066,0.9817388,0.9452287,0.9714395,0.93477917,0.98012006,0.95315516,0.98265254,0.9513766,0.97529674,0.9841431,0.97915524,0.97139186,0.95768386,0.9466318,0.98048705,0.9810318,0.98315346,0.97081274,0.97298133,0.9870785,0.9536519,0.97871345,0.98298544,0.98946834,0.9739472,0.9667624,0.96772254,0.9721985,0.98405087,0.94868356,0.97743267,0.9821138,0.9717637,0.9860627,0.95799184,0.9672224,0.98315346,0.94790554,0.9775175,0.9681452,0.980309
apollo11movie,0.9929363,0.9696436,0.9733709,0.9830166,0.98558104,0.97318536,0.98964816,0.98153645,0.99480486,0.96913546,0.9852462,0.9808308,0.9880323,0.9793767,1.0,0.98389345,0.9873983,0.970842,0.98845375,0.9879438,0.9867554,0.97660196,0.9818581,0.99180335,0.9755012,0.97220504,0.9834749,0.9871662,0.9784235,0.98486423,0.98339033,0.98848337,0.97700506,0.9786035,0.98594207,0.9884276,0.98753077,0.97509825,0.9753422,0.985546,0.97994435,0.9802899,0.97087485,0.97801447,0.98472977,0.98279256,0.9774254,0.9785012,0.9859706,0.98169506,0.97585386,0.9901181,0.98241436,0.97864443,0.96952295,0.98138267,0.9824816,0.9842821,0.9687331,0.9902541,0.979103,0.96145254,0.9748222,0.98114043,0.984178,0.98050064,0.9735815,0.97162265,0.9755532,0.9841558,0.99319565,0.9796035,0.97908735,0.9910763,0.9882928,0.9768755,0.97927207,0.98318535,0.97764665,0.9697852,0.98270756,0.9848021,0.9857004,0.9873885,0.984165,0.9803011,0.9882453,0.98492754,0.9841261,0.988303,0.9812106,0.99319565,0.97513527,0.9620812,0.975426,0.9927267,0.96657145,0.98012364,0.97782755,0.9821134,0.9862747,0.9808567,0.93487,0.98996246,0.97008044,0.97660047,0.9922829,0.9886646,0.9833323,0.9605049,0.99033034,0.9823175,0.99057,0.98343885,0.98441225,0.98482895,0.9880392,0.9854783,0.9917116,0.9865304,0.9804592,0.9858724,0.9818584,0.9707879,0.99131763,0.9781371,0.9861466,0.95749074,0.98100954,0.9650379,0.9901477,0.9619422,0.9875363,0.9781018,0.9787197,0.9816106,0.9790639,0.9780663,0.98940504,0.9799682,0.99480486,0.98039895,0.98584914,0.98415494,0.96435505,0.98837155,0.98354065,0.9828727,0.9870606,0.9769556,0.97355825,0.9748498,0.98200524,0.97332084,0.9913751,0.98686904,0.9803039,0.9880428,0.9837582,0.9848252,0.99480486,0.96854025,0.98742914,0.9845544,0.9766076
arcticdogsmovie,0.9833611,0.9582295,0.97027975,0.9681051,0.97723776,0.9731217,0.9750077,0.97642845,0.98620474,0.9585994,0.9817345,0.9773598,0.97672665,0.9570219,0.98389345,1.0,0.97675407,0.97440964,0.9847892,0.9785101,0.9757984,0.9711234,0.9826138,0.9790221,0.97490954,0.98359776,0.9656143,0.973792,0.9714242,0.97261447,0.9767458,0.9831028,0.97658604,0.9731311,0.9789787,0.9804257,0.98025286,0.95385987,0.9601348,0.973759,0.98325944,0.97622186,0.96356833,0.9683857,0.97874457,0.97871506,0.98220545,0.9732533,0.98194534,0.97597814,0.96739376,0.9846034,0.9839747,0.9782467,0.95426846,0.98098207,0.97218287,0.97711647,0.96955186,0.9754336,0.9616416,0.9598204,0.9703409,0.9706412,0.9813924,0.9672164,0.9708991,0.96803176,0.97388244,0.9755457,0.98226714,0.9773056,0.98606676,0.9776303,0.98662806,0.9730207,0.96635514,0.97633374,0.9822703,0.9596545,0.97667,0.9655194,0.96822536,0.98625886,0.9794729,0.95649785,0.9683447,0.98682445,0.96513855,0.9788247,0.97443956,0.98226714,0.9795922,0.97156674,0.9643546,0.98138803,0.97034955,0.9752314,0.9682529,0.97560114,0.9795714,0.97730374,0.9363976,0.97255063,0.95558673,0.9708646,0.97810256,0.9876838,0.9856827,0.9629768,0.9848174,0.97871894,0.9850279,0.9775628,0.9774245,0.9832848,0.9772086,0.9850482,0.9854689,0.9730539,0.96650714,0.97968334,0.97886485,0.98140633,0.97876334,0.97822,0.98592967,0.9489409,0.9649738,0.9651585,0.9740342,0.959522,0.9773335,0.96680915,0.9672994,0.9661621,0.9750313,0.9790568,0.9844635,0.9761424,0.98620474,0.9666941,0.9863376,0.97770035,0.9641703,0.9758722,0.95855075,0.9702666,0.9843699,0.969303,0.9555243,0.96891594,0.9691941,0.9612232,0.97958183,0.9758719,0.97270805,0.97827166,0.98000616,0.9768733,0.98620474,0.9781142,0.98818946,0.97855633,0.9593311
arcticmovie,0.984862,0.9584777,0.979275,0.9837245,0.9807312,0.97915256,0.98480195,0.9874497,0.99318635,0.97562534,0.98745924,0.9810698,0.9815771,0.9746426,0.9873983,0.97675407,1.0,0.972873,0.98043984,0.9817565,0.98480904,0.9813298,0.98690593,0.9835908,0.9731722,0.95943165,0.98326594,0.98645824,0.97535753,0.9815806,0.97813576,0.97877055,0.98005027,0.97360015,0.9814714,0.98052955,0.9904072,0.9711053,0.9777289,0.97684383,0.96892405,0.9870351,0.97684187,0.98837745,0.9831019,0.98077834,0.9829757,0.97619325,0.98062193,0.99032766,0.9787216,0.9879718,0.98079336,0.9791315,0.9586511,0.97210306,0.9840815,0.9844855,0.9743037,0.99046,0.9823009,0.97365355,0.97072226,0.98128617,0.9647153,0.98688364,0.97090834,0.98470145,0.9765605,0.9835431,0.99353904,0.9762262,0.9711443,0.9845523,0.9857672,0.95967484,0.9627614,0.9776461,0.9824705,0.97203094,0.9797856,0.9810028,0.9826115,0.9857061,0.9849794,0.9840054,0.9811156,0.9868348,0.98698425,0.98970556,0.98505896,0.99353904,0.9763415,0.950153,0.9822287,0.9828403,0.95789057,0.97547156,0.97437006,0.9777461,0.98228705,0.9795608,0.936092,0.9876413,0.96453524,0.97741646,0.99017644,0.9875721,0.9830169,0.95294017,0.99013615,0.9736695,0.9906119,0.97450984,0.9832809,0.9805607,0.98411787,0.9835974,0.983431,0.98281544,0.97120154,0.9900525,0.9747215,0.972467,0.9866094,0.97635657,0.980645,0.9572123,0.98376983,0.9753519,0.9883194,0.96343994,0.993128,0.98239446,0.9828783,0.97818285,0.97470707,0.9684257,0.98704326,0.97911894,0.99318635,0.9757339,0.9815515,0.98179376,0.9527369,0.98347276,0.9800567,0.9807786,0.9864028,0.97309005,0.9773692,0.98797166,0.979259,0.97373456,0.98061174,0.98747885,0.9830564,0.98228043,0.97951835,0.9813535,0.99318635,0.96335024,0.9808321,0.98766714,0.9779597
artofracingmovie,0.980606,0.96205944,0.98654056,0.96930355,0.98788065,0.9789714,0.9787101,0.98604673,0.9835655,0.980395,0.9825617,0.97808367,0.9785347,0.9614528,0.970842,0.97440964,0.972873,1.0,0.9765413,0.97014934,0.96429807,0.9854563,0.9835323,0.96987695,0.98559445,0.9734439,0.9759141,0.9742543,0.9816378,0.9569302,0.9741724,0.980636,0.97840464,0.97399503,0.98072594,0.9746176,0.9879619,0.97295207,0.97508174,0.9745241,0.9607874,0.96684986,0.98026043,0.97065055,0.97695446,0.9795055,0.98621416,0.9645999,0.97675735,0.9754848,0.9820267,0.97616845,0.98252034,0.9837904,0.94121504,0.98733985,0.97659045,0.97294164,0.97089946,0.97060835,0.97273207,0.97353834,0.9720602,0.9677168,0.97545,0.9639854,0.95339805,0.96922606,0.9781725,0.98362535,0.9735209,0.97143495,0.98646045,0.9696337,0.98146474,0.95380867,0.9625769,0.9746379,0.9726515,0.9882789,0.97763526,0.9812713,0.97063005,0.9852434,0.98552346,0.95756096,0.9825128,0.98054713,0.9639278,0.9832144,0.97267437,0.9735209,0.97664785,0.9504357,0.98612505,0.9793998,0.9670622,0.9586403,0.9839574,0.97122365,0.98646325,0.9882888,0.96945363,0.98071396,0.96298796,0.98221356,0.96684283,0.9714613,0.9871518,0.9619475,0.9857536,0.9839076,0.98769,0.97310877,0.96856624,0.98541504,0.9788375,0.98536885,0.9856322,0.9766861,0.9707614,0.980018,0.9609596,0.9599723,0.9735628,0.9759597,0.9756363,0.9706588,0.97736233,0.9835092,0.9803693,0.988516,0.9710762,0.96436584,0.9672932,0.9551623,0.97114164,0.96076834,0.9720773,0.98968977,0.9835655,0.9806416,0.9818244,0.9666526,0.9634015,0.9754376,0.96927416,0.97451484,0.9776626,0.97292876,0.97769207,0.9755131,0.9745944,0.97801673,0.9630409,0.9727572,0.9823612,0.96509856,0.98329175,0.97862667,0.9835655,0.9803073,0.9816073,0.98467624,0.9806926
avengers,0.9872266,0.9771259,0.97891617,0.98191124,0.9846385,0.98142064,0.9877432,0.9779121,0.990112,0.96800923,0.982656,0.9824313,0.98554885,0.96319133,0.98845375,0.9847892,0.98043984,0.9765413,1.0,0.99055135,0.98064715,0.97723484,0.9860664,0.98040974,0.97887444,0.97808415,0.9746684,0.9770183,0.97776324,0.9776904,0.9934829,0.97715896,0.98622274,0.9637021,0.98311776,0.9853906,0.9812063,0.96898854,0.9699317,0.9766893,0.98094547,0.9681945,0.97425765,0.97377604,0.97902125,0.98336303,0.986674,0.98306555,0.9866028,0.9800252,0.975747,0.98820376,0.9809887,0.97430223,0.95762134,0.98366994,0.9815536,0.9735625,0.96636033,0.98281693,0.971196,0.9637007,0.9731358,0.9763753,0.9890955,0.96784824,0.974669,0.9747808,0.9703797,0.9817151,0.9862019,0.9868746,0.97976315,0.98487043,0.9845812,0.97688276,0.9753051,0.9757958,0.9697385,0.97460574,0.9827246,0.98207253,0.9796344,0.9840332,0.98135376,0.9701805,0.97846293,0.9865878,0.97647727,0.9909248,0.97498024,0.9862019,0.9767305,0.9684708,0.9715958,0.9863242,0.97420025,0.9811209,0.97826564,0.9732652,0.97899395,0.9825451,0.95138806,0.98111105,0.96051055,0.9778602,0.98624635,0.98210126,0.987036,0.9763519,0.9890001,0.9792677,0.9898106,0.9854449,0.98068434,0.9843744,0.98092383,0.9826528,0.9874296,0.9814712,0.972672,0.98515815,0.983632,0.9791181,0.98561543,0.97695506,0.9863591,0.9620438,0.97334456,0.97403824,0.98618203,0.96373963,0.98254424,0.9668214,0.97573864,0.976803,0.97627664,0.98130965,0.98318005,0.973627,0.990112,0.9706456,0.98343587,0.975131,0.97260094,0.9836216,0.97934896,0.96942097,0.9847262,0.9760249,0.971087,0.98217124,0.97475994,0.97609186,0.9782464,0.97941417,0.98129964,0.9783281,0.98596364,0.98583245,0.990112,0.96667516,0.9839668,0.98573655,0.975232
beachbummovie,0.98551005,0.978342,0.97573614,0.98467016,0.9809795,0.98602706,0.9842751,0.97124934,0.9886307,0.9633677,0.97825456,0.9831652,0.9847226,0.95836854,0.9879438,0.9785101,0.9817565,0.97014934,0.99055135,1.0,0.9815429,0.98176974,0.98822105,0.98069257,0.9717163,0.9741648,0.9763896,0.9802937,0.9734002,0.97632545,0.9893928,0.9746296,0.98683476,0.96432674,0.9864804,0.9805812,0.98173445,0.9629377,0.9639532,0.9730644,0.9741324,0.97148293,0.9675797,0.9729832,0.9850267,0.982613,0.98790455,0.986795,0.98077756,0.9785926,0.9727296,0.98575425,0.983338,0.9689167,0.9537862,0.97853214,0.98855454,0.9684166,0.96867573,0.9796923,0.97157824,0.9599002,0.9724833,0.97336954,0.9789886,0.96651894,0.9744727,0.9756799,0.96960586,0.9878706,0.9837469,0.9818021,0.983273,0.98084223,0.99008876,0.97397465,0.9705096,0.97566074,0.97167265,0.96912277,0.97305924,0.9772929,0.97522837,0.9841507,0.9763491,0.96364564,0.9827112,0.9900417,0.97161597,0.98697174,0.97119486,0.9837469,0.97958505,0.9722842,0.9687632,0.9812102,0.97724444,0.9922208,0.97598046,0.9773046,0.98035187,0.97590923,0.94730604,0.9782048,0.9614173,0.97519886,0.9818217,0.98294896,0.9854549,0.9637556,0.9842083,0.97655004,0.98597074,0.9864748,0.9813507,0.9805528,0.9806734,0.9807782,0.9822385,0.9804953,0.9669931,0.979209,0.9800109,0.982453,0.98502225,0.98253953,0.9883909,0.9524604,0.9665656,0.967849,0.98347306,0.9619204,0.9856318,0.9685288,0.96363443,0.9749606,0.9737248,0.9773376,0.98157865,0.9722285,0.9886307,0.9708653,0.98231816,0.9739196,0.96642923,0.9760879,0.9759245,0.9735813,0.987059,0.9759495,0.9649097,0.9768197,0.97139084,0.97438526,0.9736884,0.97359765,0.98436284,0.9762966,0.97985697,0.9743617,0.9886307,0.96597624,0.9821357,0.9885511,0.96895766
bernadettefilm,0.9875867,0.9669323,0.97084767,0.98352104,0.9801787,0.97171813,0.98687917,0.97697085,0.992048,0.9630912,0.98771024,0.9857212,0.98997736,0.97839826,0.9867554,0.9757984,0.98480904,0.96429807,0.98064715,0.9815429,1.0,0.971198,0.9809079,0.98631936,0.96752113,0.96568286,0.9816064,0.98151743,0.9776637,0.9895873,0.9813351,0.9844684,0.9806874,0.9792285,0.98722225,0.98886234,0.98335767,0.975956,0.9704995,0.9800157,0.97765493,0.9770301,0.96724045,0.97440577,0.98294836,0.9770533,0.97546405,0.9849272,0.9846646,0.9791214,0.97681075,0.98478615,0.9848029,0.97336864,0.97897243,0.97204745,0.98713166,0.9738574,0.963844,0.98780435,0.9771474,0.9598348,0.9668064,0.986546,0.97438926,0.9823709,0.9763334,0.96859986,0.97585416,0.98738587,0.9919387,0.9894084,0.9768021,0.98468715,0.9881321,0.9773795,0.9848145,0.98064286,0.9702017,0.9615145,0.9787484,0.9871435,0.98603904,0.98154616,0.9780589,0.97644,0.98022074,0.9876029,0.9824348,0.98819256,0.9846843,0.9919387,0.9645831,0.9582207,0.9658585,0.9841938,0.96035504,0.97782224,0.97439116,0.98024523,0.97671396,0.970809,0.92909145,0.98348784,0.9642267,0.97908765,0.9897639,0.98399526,0.9735804,0.9626062,0.985046,0.9745095,0.9847196,0.98685056,0.9863458,0.98308116,0.98798084,0.97897613,0.986571,0.98516256,0.9718668,0.9778366,0.99017304,0.97595257,0.9857362,0.97142494,0.9797659,0.95025206,0.9743531,0.96147335,0.9896157,0.9463645,0.98613507,0.9759686,0.96626985,0.9860272,0.98144984,0.9764327,0.9903717,0.97307366,0.992048,0.97626805,0.98292834,0.98743874,0.96201426,0.9848298,0.9832348,0.9822092,0.98700404,0.97806984,0.96665674,0.97874486,0.9804258,0.9685329,0.9857757,0.9842153,0.9778037,0.98395604,0.97275543,0.9713597,0.992048,0.96070784,0.9857481,0.98763734,0.9766742
