movie,21bridgesmovie,47metersdown,abeautifuldaymovie,abominablemovie,adastramovie,adogsjourneymovie,aftermathmovie,aftermovie,ahiddenlifefilm,alitamovie,angelhasfallen,angrybirdsmovie,annabellemovie,annamovie,apollo11movie,arcticdogsmovie,arcticmovie,artofracingmovie,avengers,beachbummovie,bernadettefilm,blackandbluemovie,blackchristmas,blindedbythelightmovie,bombshellmovie,booksmart,breakthroughmovie,brianbanksmovie,brightburnmovie,brittanyrunsmov,captainmarvelofficial,captivestatemovie,catsmovie,charliesangels,childsplaymovie,clarathefilm,coldpursuitmovie,countdown,currentwarmovie,darkwatersmovie,detectivepikachumovie,disneyaladdin,disneyfrozen,disneymaleficent,doctorsleepmovie,dolemiteismyname,dontletgomovie,doramovie,downtonabbey_official,dumbo,escaperoom,everybodyknowsmovie,fastandfuriousmovie,fightingwmyfam,fivefeetapartfilm,fordvferrari,freaksthefilm,geminimanmovie,glassmovie,gloriabellmovie,godzillamovie,goldfinchmovie,goodboysmovie,goodliarmovie,gretafilm,halathemovie,happydeathdaymovie,harrietfilm,hellboymovie,hersmellmovie,highlifemovie,highstrungmovie,honeyboymovie,hotelmumbaifilm,httydragon,hustlemovie,hustlersmovie,isntitromantic,itmovieofficial,jayandsilentbob,johnwickmovie,jojorabbitmovie,jokermovie,judythefilm,jumanjimovie,justmercyfilm,knivesout,lalloronamovie,lastblackmansf,lastchristmasthemovie,latenightmovie,lighthousemovie,lionking,littlethemovie,littlewomenmovie,littlewoodsfilm,longshotmovie,lordsofchaosmovie,lucyintheskyfilm,mamovie2019,marriagestory,meettheaddams,meninblack,midsommarmovie,midwaymovie,missbalamovie,missinglinkfilm,motherlessbklyn,onceinhollywood,onthebasisofsex,overcomermovie,peanutbutterfalcon,petsematarymovie,piercingmovie,playingwithfire,playmobilthemovie,pomsmovie,queenandslim,rambomovie,readyornotfilm,richardjewellfilm,rocketmanmovie,scarystoriesmovie,secretlifeofpets,serenityfilm,shaftmovie,shazammovie,spidermanmovie,spiesindisguise,starwars,stormboymovie,stubermovie,taosdfilm,teenspiritmov,terminator,theaeronautsmov,thebestofenemies,thedeaddontdie,thefarewell,thehighwaymen,thehummingbirdprojectfilm,theintrudermovie,theirishmanfilm,thekitchenmovie,thelegomovie,themustangfilm,thenightingalefilm,theprodigymovie,thesunisalsoastar,theupsidefilm,tolkienmovie,toystory,triplefrontier,uglydolls,uncutgems,underthesilverlake,usmovie,wavesmovie,whatmenwant,wonderparkmovie,wrinklestheclown,xmenmovies,yardiefilm,yesterdaymovie,zombieland
21bridgesmovie,0.9999998,0.9712993,0.9718649,0.97989666,0.96599406,0.9640568,0.9670559,0.97094935,0.98274827,0.9815212,0.9717991,0.9595555,0.9737571,0.9622828,0.9659141,0.96862066,0.96657276,0.96451855,0.9860162,0.96559656,0.96926457,0.9668698,0.9601974,0.9625085,0.9682202,0.95831937,0.95882165,0.9609803,0.96800566,0.9758991,0.97622514,0.9839329,0.9799315,0.96533334,0.96019334,0.9621695,0.9721777,0.98528624,0.9700727,0.9755418,0.9729158,0.9864635,0.97622633,0.9767936,0.95709354,0.96256614,0.9595473,0.9633733,0.9812484,0.9836468,0.96220624,0.9864977,0.961981,0.98407423,0.9735767,0.9662131,0.9724124,0.97177565,0.9740762,0.97671694,0.94257337,0.97088546,0.94396067,0.968015,0.9829829,0.9662964,0.9661764,0.9842097,0.97214967,0.968508,0.96995854,0.9730722,0.9597674,0.97813636,0.969338,0.9632926,0.96321493,0.9820033,0.97945124,0.944717,0.9678007,0.9749494,0.96199936,0.966353,0.97999203,0.9729971,0.97580516,0.9487467,0.968786,0.9767814,0.9770001,0.96995854,0.9696192,0.9799261,0.95481443,0.9747677,0.9684229,0.9765713,0.96557766,0.9780249,0.9625189,0.96564174,0.96107435,0.9624272,0.97598153,0.9664666,0.97312564,0.9639059,0.9461996,0.9746052,0.96834874,0.97613376,0.95800114,0.957786,0.96564543,0.9768135,0.9939897,0.96846724,0.9742688,0.9687667,0.97458774,0.95114523,0.9748225,0.96056527,0.9854646,0.9736605,0.9498608,0.9694709,0.9629459,0.9624638,0.9834749,0.9735074,0.97818464,0.96351856,0.9620584,0.9767414,0.98318464,0.96993124,0.9721838,0.96781886,0.98274827,0.94078225,0.96115714,0.96282685,0.97913325,0.97891426,0.95690656,0.9691674,0.9712904,0.98583853,0.95828503,0.9781435,0.9689069,0.9851778,0.963281,0.9636013,0.96151185,0.9709683,0.9704286,0.9575985,0.98274827,0.9828545,0.97729313,0.9678647,0.9608566
47metersdown,0.9712993,1.0,0.96867347,0.96265024,0.973735,0.944125,0.9759015,0.96447307,0.9747607,0.97008777,0.9630806,0.9521908,0.9726207,0.9552437,0.9741319,0.97684133,0.95080626,0.9604251,0.9741576,0.96511644,0.956413,0.9570521,0.9441256,0.96139115,0.9659865,0.96650827,0.9588085,0.93359244,0.9544785,0.964576,0.9730323,0.96571565,0.96619684,0.94582,0.97658193,0.9575044,0.9770712,0.95289856,0.95437837,0.9838584,0.95502526,0.9747025,0.97691905,0.9733424,0.94398654,0.9340852,0.949453,0.9562706,0.9662584,0.97629714,0.9571185,0.97955704,0.9521434,0.97503203,0.95830333,0.95750445,0.9734264,0.95123994,0.9755486,0.9765918,0.9249796,0.9557925,0.94654036,0.94681966,0.96956915,0.9364038,0.9690326,0.9814143,0.97349393,0.9508367,0.97419226,0.9501649,0.9496553,0.9688803,0.97058505,0.9507363,0.95396525,0.9626351,0.9685235,0.92120016,0.9663248,0.9777842,0.9416354,0.9730359,0.9704558,0.97065383,0.9782179,0.95273626,0.9446565,0.9509173,0.9639655,0.97419226,0.96986634,0.9616398,0.9613301,0.9685655,0.9678802,0.9756273,0.96972793,0.97309214,0.9499881,0.95407546,0.94971865,0.9744545,0.9812503,0.95645183,0.9703533,0.95035416,0.95545536,0.9787188,0.9533131,0.97097176,0.9426516,0.96929795,0.94437647,0.95743984,0.9723968,0.94891477,0.9672723,0.9721236,0.9694673,0.94505334,0.96604663,0.9435398,0.9607376,0.9667606,0.9440014,0.9638736,0.9646211,0.9735596,0.9629029,0.9739438,0.9655816,0.93721074,0.9511509,0.96295995,0.9722464,0.9475088,0.97704804,0.9586055,0.9747607,0.9388141,0.9441908,0.9412582,0.9588763,0.9673359,0.9426596,0.972071,0.9692844,0.9549051,0.9442007,0.9754074,0.951782,0.96079904,0.9608191,0.9707254,0.95498556,0.9643513,0.9598864,0.94308656,0.9747607,0.9634517,0.969207,0.95762116,0.9540004
abeautifuldaymovie,0.9718649,0.96867347,0.99999994,0.96535844,0.9851303,0.9595369,0.990505,0.9755693,0.99173486,0.98233396,0.96118057,0.9738347,0.9776038,0.96143836,0.98562914,0.9769777,0.9783817,0.9782698,0.96637547,0.9785396,0.97261405,0.982374,0.97189826,0.9772334,0.972694,0.9644945,0.9753476,0.9563963,0.98987,0.9719586,0.9706541,0.98327744,0.98047125,0.9841414,0.97638255,0.97241,0.98544574,0.9582557,0.9796835,0.98065287,0.96707016,0.9724999,0.9714609,0.97229415,0.97692853,0.9644535,0.96622556,0.98857003,0.9810699,0.97270995,0.9864617,0.987169,0.9806701,0.9729942,0.96648735,0.97665346,0.96660584,0.9791968,0.98084885,0.98114103,0.9531816,0.9778061,0.9736937,0.9611354,0.9799852,0.973143,0.9743103,0.98549855,0.9705603,0.97281057,0.97732824,0.9653449,0.97595006,0.9708241,0.9860114,0.97587407,0.97167534,0.9821713,0.97990936,0.9742069,0.9693195,0.98359215,0.96930665,0.9777129,0.9832293,0.97212905,0.96307975,0.97696596,0.97336257,0.97274184,0.98270977,0.97732824,0.9863696,0.98432446,0.98062056,0.97294986,0.97086835,0.9817126,0.982045,0.9817936,0.97080356,0.9727712,0.9760416,0.97802144,0.9690613,0.9821859,0.99155945,0.9654431,0.9743902,0.96361625,0.9761144,0.97774184,0.9686972,0.97757614,0.96684766,0.980318,0.9837755,0.9785803,0.98111385,0.9845038,0.979613,0.98424184,0.97817796,0.9585318,0.9724182,0.9782024,0.97244525,0.9882108,0.9880043,0.9770275,0.9752721,0.9811237,0.97242635,0.9599742,0.9812795,0.9732319,0.97944736,0.98015153,0.9772173,0.9772779,0.99173486,0.9766018,0.9711097,0.95511293,0.97856224,0.9808999,0.97121495,0.972643,0.97096705,0.95800406,0.9753685,0.9790494,0.9898503,0.9659637,0.9706537,0.96935105,0.9626375,0.97587204,0.97841483,0.977827,0.99173486,0.9897231,0.9789026,0.97758573,0.9824266
abominablemovie,0.97989666,0.96265024,0.96535844,1.0000001,0.9508015,0.9353896,0.9601308,0.961901,0.977739,0.98044854,0.96785384,0.95634764,0.96856344,0.9588401,0.97200406,0.9586479,0.9679503,0.9631749,0.97240764,0.9743564,0.9724113,0.973292,0.96393865,0.9669811,0.96149236,0.9631664,0.9402005,0.95932883,0.96926093,0.9632646,0.9756876,0.96927637,0.9695463,0.9570851,0.9402467,0.95555604,0.972,0.98732907,0.96237785,0.9742739,0.97036797,0.9707581,0.9805343,0.97422296,0.96366644,0.96121466,0.95927155,0.9602709,0.9846143,0.9736845,0.96088094,0.97863734,0.97178286,0.9706336,0.95774025,0.95306385,0.96431,0.96958,0.9773964,0.9688197,0.94474554,0.959944,0.9498389,0.9539239,0.9697771,0.95181715,0.9615442,0.9751634,0.9619168,0.9659907,0.9670856,0.9727171,0.95264816,0.9723213,0.96770704,0.95805967,0.9633537,0.98153216,0.97478926,0.94872266,0.9609345,0.97843933,0.9562627,0.9748759,0.98273945,0.977608,0.9662116,0.94324154,0.96882844,0.96950376,0.9693077,0.9670856,0.96526194,0.9681311,0.95752275,0.985394,0.9510992,0.9735148,0.9646058,0.9746281,0.96151495,0.94669867,0.95202243,0.9608902,0.9834006,0.9627432,0.9676098,0.9585716,0.938892,0.96124804,0.9626713,0.9795058,0.96614736,0.9525586,0.97060376,0.9631842,0.9844436,0.9672203,0.9740127,0.9668869,0.9738106,0.9567746,0.9678808,0.9512397,0.97643507,0.96577215,0.93173134,0.9638865,0.9610442,0.9641618,0.9797626,0.95950276,0.9671472,0.96792006,0.96584094,0.9655792,0.9826366,0.9695203,0.9773332,0.97242063,0.977739,0.9478815,0.9611045,0.9655874,0.97710186,0.98028487,0.9576849,0.9438651,0.96558416,0.9832956,0.9486569,0.9641651,0.966679,0.9778489,0.9632787,0.96492124,0.9680276,0.9600851,0.9746215,0.9632044,0.977739,0.9698862,0.9679755,0.9688321,0.9609476
adastramovie,0.96599406,0.973735,0.9851303,0.9508015,1.0000001,0.96508807,0.98839915,0.9734128,0.98629695,0.9790075,0.9585218,0.9624124,0.97756517,0.96350545,0.98592645,0.96874094,0.9756443,0.97398645,0.9628837,0.97085744,0.9714157,0.9679532,0.96673167,0.9677667,0.9578804,0.9683535,0.9786497,0.94626606,0.97480994,0.9742968,0.9617797,0.9778317,0.97158635,0.96868753,0.98356587,0.96647644,0.9895622,0.94233185,0.97366726,0.97969085,0.9592921,0.96831775,0.9720073,0.9721919,0.96516067,0.9475236,0.96741027,0.975096,0.9614694,0.9689801,0.9781236,0.9812711,0.9642501,0.9677219,0.9664248,0.9840328,0.96690464,0.96920073,0.9833095,0.98295945,0.9439901,0.97033,0.96313477,0.96053755,0.97742385,0.9635908,0.9790457,0.98029214,0.96569014,0.95692295,0.9780859,0.9419631,0.97566676,0.9661784,0.98516375,0.97341913,0.96471244,0.97645396,0.9738285,0.95787174,0.9717938,0.9833471,0.9734474,0.9749148,0.9688667,0.9717106,0.9600511,0.9745926,0.9657326,0.96530837,0.968783,0.9780859,0.98385406,0.9791884,0.9842781,0.97126037,0.97303766,0.96376,0.9810412,0.9813889,0.9567808,0.96255934,0.9721162,0.98552376,0.96874416,0.9735827,0.98006314,0.95696396,0.96471024,0.9590783,0.97207236,0.9719432,0.9544518,0.97987497,0.9547483,0.9758145,0.9759358,0.96731514,0.9725743,0.9832968,0.976363,0.97363377,0.9709748,0.9536052,0.9649009,0.97589415,0.97629654,0.9798131,0.9850057,0.9859656,0.96963996,0.9856537,0.97315365,0.94795555,0.9692174,0.9677876,0.973737,0.96080697,0.9747671,0.96124023,0.98629695,0.967951,0.95708895,0.9383532,0.9651156,0.96375155,0.95818245,0.97094125,0.9655632,0.9477055,0.96456206,0.9711461,0.97308826,0.9483883,0.9656539,0.966456,0.95452356,0.9734137,0.96668977,0.9553049,0.98629695,0.98190147,0.97182965,0.9720371,0.9751125
adogsjourneymovie,0.9640568,0.944125,0.9595369,0.9353896,0.96508807,1.0000001,0.9621199,0.94834626,0.96936935,0.9564564,0.95390344,0.9322307,0.96167994,0.9542806,0.95847344,0.96217555,0.95945245,0.95715225,0.9612904,0.95325804,0.9553504,0.948104,0.9699779,0.9499545,0.94684845,0.9290068,0.9577609,0.93919086,0.94998324,0.9776257,0.95214003,0.9777452,0.9539441,0.94604975,0.9517645,0.9449947,0.9533716,0.92320967,0.9782956,0.9556403,0.9371397,0.9581338,0.94507927,0.96136856,0.9383915,0.945661,0.96930003,0.96207994,0.9480396,0.96218276,0.9439872,0.96291906,0.95232266,0.95518047,0.94817233,0.9582814,0.9523728,0.9557184,0.9503471,0.9619922,0.9311551,0.9658369,0.9326556,0.957101,0.9710045,0.96869576,0.9635081,0.96500355,0.9400535,0.93767697,0.96492314,0.9278665,0.95492756,0.9560386,0.9701813,0.9358332,0.92060876,0.966483,0.9739017,0.9570382,0.94733804,0.9436618,0.9383354,0.9515737,0.9469573,0.9598319,0.93073833,0.96295404,0.954247,0.9581898,0.9590263,0.96492314,0.9732242,0.96500355,0.9358103,0.95895094,0.95704466,0.93860596,0.94305557,0.9700544,0.93924475,0.96146303,0.9417092,0.9643905,0.95132583,0.9501122,0.9514385,0.9463374,0.931658,0.9297547,0.95960855,0.94670695,0.9420131,0.9388077,0.940248,0.95479137,0.9581936,0.9568055,0.9629156,0.9523268,0.96031415,0.95014346,0.95335466,0.97919255,0.9657055,0.95528835,0.968523,0.9590779,0.95261526,0.9450256,0.95800966,0.95233333,0.9639864,0.95250344,0.95575917,0.9711785,0.9625834,0.94210255,0.9556583,0.9492712,0.96936935,0.943848,0.9268409,0.9233853,0.9429775,0.9522986,0.9298771,0.95001966,0.9449627,0.9466473,0.9652253,0.9623662,0.96302867,0.9398755,0.9415711,0.9538526,0.9639597,0.9527207,0.94593066,0.93376696,0.96936935,0.97542703,0.9504987,0.9768898,0.9446032
aftermathmovie,0.9670559,0.9759015,0.990505,0.9601308,0.98839915,0.9621199,0.9999998,0.9832798,0.9943212,0.9807024,0.9721476,0.9625788,0.9884406,0.9770019,0.98938483,0.9782575,0.9765436,0.98419863,0.96842706,0.9808877,0.98025244,0.983142,0.9733591,0.9773558,0.9767712,0.9790968,0.98760515,0.95852256,0.98515266,0.97316104,0.9729801,0.9817169,0.98058844,0.9671094,0.9817766,0.9768195,0.99183714,0.95100826,0.9804753,0.9760359,0.97790986,0.96936834,0.97335756,0.97664636,0.9687576,0.96142316,0.97342384,0.98544526,0.9741693,0.97575986,0.9849107,0.98451316,0.98075014,0.9715664,0.97765326,0.9831594,0.9798552,0.9724405,0.98446727,0.98948365,0.95860463,0.9811653,0.9770194,0.97629523,0.98576933,0.9762026,0.98321986,0.97938913,0.9787011,0.9692909,0.989232,0.9570164,0.9836965,0.9776615,0.98953134,0.9810409,0.969921,0.9789228,0.9867422,0.9718416,0.98410624,0.9877197,0.9745054,0.98599243,0.97673506,0.9738248,0.9663485,0.9848726,0.9776415,0.9750401,0.9827322,0.989232,0.9876986,0.9823238,0.981338,0.97960407,0.9804796,0.97490233,0.99028283,0.9839012,0.97235894,0.98292917,0.9697155,0.9870277,0.9758099,0.98391724,0.99116,0.9770575,0.9784143,0.9611454,0.988222,0.97915435,0.9652762,0.98307884,0.9655497,0.97703624,0.9780428,0.9807391,0.984064,0.9924516,0.9862578,0.98422945,0.9859482,0.95576614,0.9705043,0.9807216,0.97840333,0.9898474,0.9901895,0.98001194,0.9768142,0.98517793,0.97136337,0.9654868,0.9785863,0.9753638,0.9813213,0.97838426,0.98732704,0.97928345,0.9943212,0.9753469,0.9631679,0.9631323,0.97396976,0.9741473,0.9712496,0.9681139,0.983316,0.9558986,0.98438275,0.9696738,0.97913265,0.9602603,0.9759464,0.97804254,0.9746264,0.9848989,0.9780639,0.97294354,0.9943212,0.98554265,0.9816109,0.98218095,0.9822231
aftermovie,0.97094935,0.96447307,0.9755693,0.961901,0.9734128,0.94834626,0.9832798,0.99999994,0.9891667,0.9812581,0.9558192,0.9521772,0.9795424,0.97890097,0.97827846,0.9530777,0.9807325,0.97728205,0.9623988,0.963207,0.980457,0.97173756,0.9740158,0.96825886,0.9683447,0.97094667,0.9626148,0.9732031,0.97343373,0.965771,0.9669051,0.9788202,0.97912896,0.9501941,0.9551367,0.95407856,0.98317826,0.958717,0.97034687,0.9656787,0.9795105,0.969802,0.9751787,0.97860974,0.9697376,0.9485594,0.9732762,0.9750205,0.96999127,0.9760112,0.96882427,0.97186476,0.97367233,0.96318346,0.9791549,0.986386,0.96550375,0.9738352,0.9773702,0.9796999,0.9448684,0.9803367,0.97312254,0.9768976,0.9764058,0.97652566,0.98326236,0.96478844,0.9599918,0.95992506,0.9764896,0.9466334,0.9697115,0.9824971,0.9756275,0.97629696,0.9584995,0.9770513,0.97697055,0.96418613,0.9748568,0.9782602,0.97620416,0.9700065,0.9718243,0.9645884,0.9543522,0.9751938,0.96574795,0.9834713,0.9803076,0.9764896,0.97314304,0.9731793,0.96757233,0.9788649,0.9577713,0.9664444,0.9825872,0.97676045,0.9548108,0.9666256,0.9583939,0.97183836,0.97516143,0.96438336,0.97797984,0.9620429,0.9552566,0.95940864,0.98266596,0.96413267,0.97091705,0.96165335,0.9695162,0.9597735,0.9774958,0.97036076,0.9834689,0.9815993,0.97495234,0.97609454,0.97919345,0.94861996,0.9788237,0.97333443,0.95746946,0.96933126,0.971898,0.96916324,0.9770852,0.9844019,0.975852,0.97400457,0.98069185,0.9727105,0.975138,0.96689534,0.9777827,0.96614414,0.9891667,0.9614075,0.9502122,0.96176064,0.9696824,0.9569597,0.960501,0.94761133,0.9748885,0.9676606,0.9695039,0.97231835,0.9665854,0.96296006,0.9596584,0.9567534,0.9762343,0.9726989,0.98430276,0.9722126,0.9891667,0.9733744,0.9864884,0.97622335,0.9650464
ahiddenlifefilm,0.98274827,0.9747607,0.99173486,0.977739,0.98629695,0.96936935,0.9943212,0.9891667,0.9999998,0.99007046,0.9753161,0.9698827,0.990216,0.9829134,0.9916513,0.9780523,0.9879327,0.9869339,0.9795,0.9851685,0.98669153,0.98807913,0.98378134,0.9845087,0.9802958,0.97755474,0.98082685,0.97312695,0.99006116,0.9842424,0.98260355,0.99032724,0.9884451,0.975065,0.9741966,0.9754613,0.99313897,0.9706029,0.98841155,0.9830518,0.98382217,0.98093927,0.9831686,0.98371965,0.979369,0.9707024,0.9802002,0.9878432,0.9858912,0.98415905,0.98545516,0.989868,0.9864104,0.9787541,0.98167765,0.98702395,0.98167783,0.9854125,0.98928165,0.99234045,0.96258926,0.988651,0.9774806,0.98148537,0.98987603,0.9833502,0.9871404,0.98576623,0.9790333,0.97888947,0.99055904,0.9700252,0.9840665,0.9868581,0.9920523,0.9833124,0.9750147,0.99075377,0.9926894,0.977163,0.9851775,0.98932564,0.9808452,0.9861962,0.9860979,0.98296684,0.97102827,0.9838297,0.9849916,0.9874649,0.99051356,0.99055904,0.9890893,0.98780996,0.9801074,0.98850805,0.97793853,0.9817325,0.98973405,0.9915209,0.97507393,0.9814929,0.97605,0.9861017,0.9846156,0.98438436,0.9925119,0.97907597,0.9704626,0.9670297,0.99050945,0.9840233,0.97934467,0.97940505,0.977727,0.982381,0.9907393,0.9864471,0.9901712,0.9909591,0.9904654,0.986964,0.9878226,0.9694839,0.9870752,0.98234755,0.9767021,0.99086523,0.9897336,0.98234713,0.9869237,0.98858094,0.98275656,0.97752213,0.9880524,0.98544276,0.9906737,0.98405606,0.9904939,0.98521525,0.9999998,0.9778028,0.97088194,0.97221905,0.9842374,0.9830509,0.9759495,0.9683263,0.9845181,0.9760721,0.9847546,0.9807502,0.98835796,0.9762502,0.97810066,0.9780091,0.9822394,0.98758113,0.98722464,0.98098916,0.9999998,0.99201214,0.9892483,0.9887999,0.9840462
alitamovie,0.9815212,0.97008777,0.98233396,0.98044854,0.9790075,0.9564564,0.9807024,0.9812581,0.99007046,1.0,0.97503966,0.9511923,0.988233,0.9708671,0.98482454,0.96695644,0.9832902,0.9830882,0.9688325,0.97409815,0.99290663,0.9732926,0.97614604,0.9749947,0.9640618,0.97193706,0.96765745,0.96937054,0.97839993,0.9721875,0.96746504,0.9825607,0.97987384,0.96285534,0.96638095,0.9597775,0.981802,0.97311527,0.9724019,0.9720677,0.9784907,0.97740465,0.98138666,0.9859495,0.9655772,0.9519559,0.9756615,0.9715942,0.97502846,0.98361367,0.97269154,0.9838507,0.9746296,0.9842499,0.9737404,0.98580194,0.9681876,0.97895104,0.9797933,0.9808307,0.956596,0.97446066,0.95658463,0.9706948,0.98771447,0.97449833,0.98086,0.9840285,0.9677438,0.97084403,0.9763163,0.9623732,0.97511584,0.9794149,0.97990197,0.9790964,0.97091675,0.9923022,0.9821403,0.9645136,0.9774405,0.9835013,0.9745915,0.98410195,0.98763067,0.976383,0.96384937,0.9734522,0.97442424,0.9806497,0.97494286,0.9763163,0.9781812,0.9820288,0.9739187,0.9905885,0.95825344,0.97155255,0.9744613,0.98559743,0.9549492,0.95963055,0.9711083,0.97657126,0.9870798,0.9745357,0.9783854,0.9706196,0.9542005,0.9588779,0.9795587,0.98287094,0.97107136,0.9664663,0.98106563,0.97106063,0.9857763,0.97669184,0.9803826,0.98314816,0.98154557,0.9731245,0.97998357,0.9574661,0.98045933,0.9701966,0.9678717,0.97530174,0.9784688,0.97287524,0.98918104,0.98620576,0.99106145,0.97312826,0.98142207,0.9752928,0.9832298,0.96775186,0.98024374,0.97416013,0.99007046,0.9559508,0.95527005,0.9604754,0.97655225,0.97103596,0.9641324,0.9598531,0.97629166,0.98284435,0.96344745,0.98007566,0.9773507,0.9753071,0.9563388,0.9653197,0.9699705,0.97083193,0.98403925,0.97124755,0.99007046,0.9806492,0.98184377,0.9815985,0.9756847
angelhasfallen,0.9717991,0.9630806,0.96118057,0.96785384,0.9585218,0.95390344,0.9721476,0.9558192,0.9753161,0.97503966,0.99999994,0.94292706,0.9823431,0.9676632,0.9709191,0.9775925,0.95799625,0.96945775,0.96424764,0.976655,0.9778229,0.96547633,0.94913435,0.96419674,0.9730634,0.9766186,0.97510916,0.9432403,0.96725786,0.96178037,0.9647461,0.96813893,0.974841,0.95132,0.9576707,0.9667182,0.97157836,0.9623792,0.9640667,0.95801145,0.97930956,0.97814244,0.96975404,0.97607064,0.92817605,0.9554023,0.9469547,0.9462163,0.9645728,0.98086995,0.9616409,0.9785898,0.9659212,0.9740306,0.9749757,0.9599477,0.97524524,0.96391845,0.9654183,0.97732675,0.9545576,0.9625617,0.92704403,0.9743086,0.98541343,0.96709925,0.95396227,0.97721916,0.98271215,0.96362597,0.97496665,0.96658134,0.9730219,0.96371794,0.9652605,0.9667222,0.95614135,0.97592103,0.97675514,0.94390815,0.98442596,0.97259337,0.9591218,0.9752751,0.97770685,0.95904577,0.9705871,0.957817,0.9766875,0.9701066,0.9615461,0.97496665,0.9670779,0.9740638,0.95648664,0.9774713,0.96869254,0.96023273,0.9683662,0.973415,0.9615619,0.9705588,0.96246034,0.9646321,0.98025125,0.97519255,0.9633813,0.97564805,0.960984,0.9515708,0.9765561,0.983322,0.9470218,0.96261877,0.9741065,0.97192335,0.97499233,0.972833,0.9758749,0.9739614,0.9794247,0.9553549,0.98194194,0.94549525,0.96913576,0.95610577,0.9567337,0.9709619,0.97112274,0.9630696,0.9736199,0.9688213,0.96386117,0.9623258,0.95578855,0.96439034,0.9799571,0.96244824,0.97680897,0.97037417,0.9753161,0.9379163,0.9500517,0.95901865,0.97095895,0.9682859,0.96193224,0.95241845,0.97522455,0.9671539,0.9710144,0.95342356,0.9595468,0.96191037,0.9628468,0.9650171,0.96277434,0.97735834,0.9701252,0.954271,0.9753161,0.97236186,0.97240376,0.9687305,0.96959025
angrybirdsmovie,0.9595555,0.9521908,0.9738347,0.95634764,0.9624124,0.9322307,0.9625788,0.9521772,0.9698827,0.9511923,0.94292706,1.0,0.94710654,0.9499818,0.9639546,0.9535908,0.9541921,0.9513724,0.9637702,0.9684442,0.9429045,0.9744912,0.94888395,0.94566196,0.9583666,0.9576777,0.95281357,0.9281701,0.97767985,0.96046704,0.9729681,0.96666396,0.9704432,0.9831983,0.9490765,0.9688419,0.9755089,0.9493821,0.9539318,0.9769562,0.9534928,0.9602005,0.96381015,0.93777156,0.9567369,0.9635828,0.9310579,0.9669569,0.9651807,0.94074845,0.9834703,0.9767558,0.96436524,0.9445343,0.9564873,0.9538042,0.96256024,0.97528505,0.97656685,0.955558,0.93720645,0.9641458,0.9566047,0.9457492,0.95116794,0.94099057,0.94855976,0.9679001,0.9557793,0.94337225,0.9455422,0.96885276,0.9660432,0.9450232,0.9657269,0.9586834,0.96248096,0.96219766,0.9552368,0.9446826,0.95591074,0.9633913,0.9605192,0.94913703,0.9723968,0.9491854,0.95265824,0.93468285,0.94297856,0.95459,0.96300405,0.9455422,0.96007013,0.96121794,0.97467273,0.94860196,0.96621466,0.96484494,0.9696309,0.9655129,0.9708406,0.9539027,0.97242457,0.9459365,0.9554783,0.97741854,0.9728346,0.9451195,0.97290486,0.96369207,0.95167667,0.9612539,0.94056296,0.970821,0.95052505,0.98075116,0.97345287,0.9596746,0.96793884,0.9648558,0.9635925,0.9630367,0.9650874,0.95239043,0.95690507,0.96574825,0.93043756,0.97657704,0.9705527,0.9783411,0.9510279,0.9578509,0.93175524,0.9274894,0.9557334,0.9437184,0.96773756,0.9742098,0.9493466,0.960082,0.9698827,0.9717412,0.9799612,0.941158,0.97488165,0.9730844,0.96693015,0.9501956,0.9461874,0.9430388,0.95121354,0.9427298,0.9680986,0.95734745,0.9593555,0.9327708,0.9468956,0.9656494,0.95577395,0.95451283,0.9698827,0.96885645,0.9665405,0.95097166,0.97504556
annabellemovie,0.9737571,0.9726207,0.9776038,0.96856344,0.97756517,0.96167994,0.9884406,0.9795424,0.990216,0.988233,0.9823431,0.94710654,1.0000002,0.98274314,0.987105,0.9745469,0.9767364,0.9856805,0.9708414,0.9815072,0.98588145,0.97337776,0.97297144,0.9830362,0.97977793,0.9792023,0.98333037,0.96254617,0.97600704,0.97706354,0.97084814,0.9768125,0.98142636,0.95541346,0.9685646,0.9625711,0.98539925,0.9618939,0.9781614,0.9701317,0.9832426,0.9731845,0.97353226,0.9796731,0.9586504,0.95055753,0.9731139,0.9691751,0.97046125,0.98156273,0.9748047,0.9809221,0.97699296,0.98124295,0.9751396,0.978965,0.9827122,0.9673604,0.978682,0.99001664,0.9708675,0.97289395,0.9635378,0.9847363,0.986475,0.973243,0.9826881,0.9808495,0.9779753,0.97503525,0.98925877,0.95711404,0.982181,0.97906095,0.9847259,0.9762494,0.96690035,0.985857,0.98988175,0.9621491,0.99038154,0.9834662,0.97665894,0.9853669,0.98337215,0.9707581,0.9704978,0.98563033,0.98118216,0.97209895,0.972824,0.98925877,0.9825109,0.9832057,0.9761241,0.98546314,0.9758103,0.96883,0.98039675,0.98749435,0.9640679,0.9800228,0.9616501,0.98642725,0.9826315,0.9803516,0.9792346,0.98727006,0.9672917,0.9527612,0.9882735,0.9857887,0.96945703,0.97082716,0.9696851,0.97263986,0.97872895,0.98200357,0.97631246,0.98735917,0.99229723,0.9766191,0.9832273,0.96198475,0.9788042,0.9687805,0.98009944,0.98001873,0.98535305,0.9719135,0.9747169,0.9832541,0.98339564,0.9723403,0.9780079,0.980242,0.98562086,0.9710643,0.98903495,0.97764313,0.990216,0.95648754,0.9533383,0.97371835,0.9795606,0.969846,0.9664874,0.9588721,0.9885616,0.96998984,0.97934794,0.97080547,0.9714643,0.96105206,0.96782124,0.97521263,0.9767448,0.9855883,0.97748613,0.965464,0.990216,0.98024625,0.98208797,0.98276687,0.97976583
annamovie,0.9622828,0.9552437,0.96143836,0.9588401,0.96350545,0.9542806,0.9770019,0.97890097,0.9829134,0.9708671,0.9676632,0.9499818,0.98274314,0.99999994,0.96937734,0.9548823,0.9748062,0.9839843,0.97095865,0.9702758,0.9802059,0.9758002,0.97865057,0.97015196,0.9646608,0.9737874,0.96896577,0.9778741,0.9684078,0.9739163,0.9699031,0.97377765,0.9823337,0.9356292,0.94163555,0.9497099,0.9790906,0.9544803,0.9656295,0.95951307,0.9843961,0.9562658,0.9630242,0.96058595,0.96458757,0.94991064,0.97106224,0.96464324,0.960737,0.961926,0.9701879,0.96564317,0.9696526,0.9571293,0.9770725,0.9760129,0.9752828,0.97270197,0.97602785,0.9754214,0.96719587,0.98437667,0.9665162,0.99187964,0.97444236,0.9740199,0.9768439,0.95514554,0.9619119,0.9546899,0.97476715,0.9499711,0.97928494,0.9831902,0.9745431,0.97258615,0.95412064,0.97624594,0.97870815,0.96174556,0.98690414,0.967764,0.9760372,0.9661412,0.9712494,0.9533604,0.94870454,0.9718748,0.9698362,0.97592604,0.97556406,0.97476715,0.96282125,0.9642429,0.966065,0.9790477,0.9570165,0.945081,0.97459763,0.9831918,0.9567601,0.96731365,0.9644846,0.96967775,0.9771062,0.9717537,0.97379434,0.98145866,0.95899075,0.9377172,0.9857453,0.96659005,0.979372,0.9568577,0.9736488,0.9585029,0.96629715,0.9827943,0.9736709,0.9821328,0.98430073,0.9793549,0.9751615,0.9683082,0.9739656,0.95740604,0.9560544,0.97016144,0.97207254,0.9657556,0.9727707,0.97539407,0.96331155,0.97275734,0.9837229,0.97383344,0.9790551,0.9679796,0.9746276,0.97184247,0.9829134,0.96811056,0.9474107,0.974275,0.96870995,0.95245546,0.9584745,0.92630404,0.9770053,0.9721766,0.97281593,0.9517914,0.95992184,0.9562208,0.94830275,0.9486191,0.9852749,0.9792526,0.97826004,0.9715561,0.9829134,0.9635559,0.98643076,0.98049176,0.9738699
apollo11movie,0.9659141,0.9741319,0.98562914,0.97200406,0.98592645,0.95847344,0.98938483,0.97827846,0.9916513,0.98482454,0.9709191,0.9639546,0.987105,0.96937734,1.0000002,0.97495925,0.981463,0.9806059,0.9605057,0.98728955,0.9804285,0.9761755,0.97578955,0.9836802,0.9723496,0.97676975,0.9732128,0.9485066,0.98346514,0.9735212,0.97211754,0.9751498,0.9755748,0.9713933,0.9698345,0.96745676,0.99315566,0.953095,0.98302346,0.9819803,0.9707936,0.97311664,0.9826225,0.97963387,0.9673799,0.95467824,0.9723268,0.97713864,0.9729193,0.9764026,0.9792672,0.9827117,0.98420775,0.96899116,0.9659141,0.97796196,0.97460043,0.97575724,0.98657566,0.98665655,0.9584171,0.9685346,0.9695314,0.9640178,0.97800726,0.9665731,0.9812416,0.98515403,0.97080266,0.9698891,0.9872755,0.9541463,0.97808546,0.96832234,0.9888846,0.97651446,0.967907,0.98474133,0.9828829,0.966075,0.9789297,0.9875288,0.97214776,0.98826295,0.980382,0.98380464,0.9637533,0.98383445,0.9761462,0.9713032,0.9733085,0.9872755,0.98987216,0.9821017,0.98552907,0.9858093,0.974488,0.975026,0.98505664,0.98431736,0.96514773,0.9667653,0.96689385,0.9889628,0.9834648,0.97770303,0.9799719,0.965815,0.964563,0.957264,0.97846246,0.9823687,0.9671337,0.97769123,0.9684619,0.97399503,0.98078305,0.975204,0.98551494,0.9855302,0.9870264,0.98155725,0.9789793,0.9593264,0.97555107,0.97512424,0.9726435,0.984076,0.9906978,0.98685354,0.9714778,0.9812485,0.9758464,0.9615829,0.9789198,0.9718397,0.985463,0.96949464,0.9879833,0.9750359,0.9916513,0.97043854,0.9604119,0.9550088,0.97728586,0.97716093,0.97032624,0.9600112,0.97215855,0.957371,0.9738229,0.97315764,0.98078114,0.9558855,0.9769375,0.9782049,0.9729224,0.9791848,0.9813371,0.966453,0.9916513,0.9831903,0.97671175,0.9825666,0.98012424
arcticdogsmovie,0.96862066,0.97684133,0.9769777,0.9586479,0.96874094,0.96217555,0.9782575,0.9530777,0.9780523,0.96695644,0.9775925,0.9535908,0.9745469,0.9548823,0.97495925,1.0,0.956964,0.96665823,0.9640716,0.9689324,0.95847213,0.96753323,0.9477201,0.9739976,0.9735782,0.9595346,0.9714325,0.93043226,0.9678362,0.9695318,0.9612334,0.96592724,0.9664233,0.96260643,0.97134364,0.96033,0.97385144,0.9463003,0.97413146,0.97277313,0.9579796,0.9768097,0.96824265,0.9722937,0.9476168,0.94540507,0.9457196,0.9658446,0.972652,0.97816026,0.9639347,0.97917324,0.9704805,0.968049,0.95015746,0.9550577,0.9747433,0.9644175,0.95951015,0.9786219,0.9424623,0.9595047,0.94992524,0.9559792,0.9775486,0.96124625,0.9627569,0.98762405,0.98024017,0.9613586,0.97812116,0.95504516,0.9607579,0.95735097,0.9716114,0.94938195,0.94289064,0.9664766,0.9735386,0.9434147,0.97295475,0.96998346,0.9487473,0.9734637,0.97528505,0.96040994,0.97396946,0.9679234,0.96570325,0.9620306,0.9704889,0.97812116,0.97708416,0.96663487,0.95892555,0.96628475,0.9780232,0.97714156,0.9704142,0.97401506,0.9555334,0.97323257,0.9551838,0.9685935,0.97284776,0.9681942,0.97417575,0.9637201,0.96942663,0.95653886,0.9630134,0.9725771,0.94876426,0.9642791,0.95714504,0.9712997,0.9741895,0.961874,0.9731673,0.9767668,0.9751804,0.95555687,0.9637339,0.94979525,0.96602094,0.9516063,0.9583031,0.9763546,0.9769985,0.96799535,0.9632359,0.9685369,0.9667955,0.94848186,0.95942307,0.9731539,0.9815774,0.955237,0.97626776,0.9628118,0.9780523,0.9503541,0.9435115,0.951797,0.96305966,0.96933454,0.9454591,0.96722615,0.96988297,0.9512716,0.97091866,0.9732485,0.96845925,0.95534444,0.9637322,0.97109,0.95834744,0.97362536,0.9646894,0.95140696,0.9780523,0.97685057,0.96855575,0.97220796,0.9687525
arcticmovie,0.96657276,0.95080626,0.9783817,0.9679503,0.9756443,0.95945245,0.9765436,0.9807325,0.9879327,0.9832902,0.95799625,0.9541921,0.9767364,0.9748062,0.981463,0.956964,1.0,0.9851839,0.9591869,0.97720987,0.98082167,0.975491,0.9820738,0.9757552,0.9587442,0.958481,0.9576248,0.9801518,0.97874945,0.98014915,0.96164757,0.9792018,0.96688,0.9642247,0.94362915,0.94456613,0.9817799,0.9557342,0.979672,0.9683364,0.9691339,0.96467626,0.9772556,0.976871,0.9808821,0.9491372,0.9718005,0.97177726,0.9711376,0.9719373,0.97121024,0.9736762,0.97948045,0.9553154,0.9590636,0.9847429,0.95580363,0.98310554,0.9721156,0.9724852,0.95943767,0.9799784,0.97088534,0.97221303,0.97641647,0.9809411,0.98326886,0.9706297,0.95239615,0.9629612,0.97051543,0.9496941,0.96885884,0.9718784,0.97829974,0.9641369,0.9512269,0.989177,0.97717106,0.9816518,0.9713326,0.972375,0.97620595,0.96710163,0.97640485,0.9676014,0.939281,0.9805556,0.9724349,0.9861454,0.9772027,0.97051543,0.98098415,0.97842807,0.97214866,0.9810494,0.9559079,0.9629847,0.96962726,0.984681,0.94888496,0.96066177,0.96267223,0.96983075,0.9756972,0.9667265,0.97816384,0.96207833,0.9472767,0.93977946,0.97443813,0.9653466,0.9831611,0.9516748,0.9689507,0.96805954,0.9778566,0.97460055,0.9803493,0.9833355,0.97813576,0.9853944,0.9692124,0.96495175,0.98273104,0.9605275,0.9681542,0.9710653,0.9762692,0.9735584,0.9777141,0.98327863,0.9833209,0.9743125,0.9890351,0.983698,0.9798408,0.9644573,0.97340906,0.9685362,0.9879327,0.97172004,0.9494723,0.95901895,0.97259426,0.9611217,0.95021963,0.9358054,0.9682494,0.9694882,0.97460264,0.9724647,0.9785484,0.9620605,0.9521668,0.9510683,0.9736956,0.9633614,0.9836102,0.9658817,0.9879327,0.98058695,0.9761912,0.98573434,0.974978
artofracingmovie,0.96451855,0.9604251,0.9782698,0.9631749,0.97398645,0.95715225,0.98419863,0.97728205,0.9869339,0.9830882,0.96945775,0.9513724,0.9856805,0.9839843,0.9806059,0.96665823,0.9851839,1.0,0.9672767,0.98024595,0.9845247,0.9818245,0.98331016,0.9742661,0.9573868,0.9687652,0.97197986,0.9747876,0.9804815,0.9725522,0.9647383,0.974206,0.9764219,0.9543623,0.95306003,0.95094806,0.9829325,0.9516988,0.9673066,0.96628445,0.9836568,0.95533353,0.9664953,0.96534455,0.9678107,0.95108247,0.97775406,0.97502685,0.966759,0.96341485,0.9799222,0.97356486,0.98046905,0.96540743,0.9672328,0.9830883,0.97544646,0.9793558,0.9736216,0.9725279,0.9802727,0.9768889,0.97053444,0.9841918,0.98382986,0.97619,0.9791932,0.9703209,0.9601123,0.9577541,0.9725644,0.95071685,0.97934717,0.974704,0.9813628,0.9753161,0.96024954,0.9840023,0.97632843,0.969979,0.98269403,0.97446185,0.9806,0.9787878,0.9832858,0.96426105,0.9444066,0.97802943,0.9704751,0.9760259,0.9788033,0.9725644,0.9748933,0.97161245,0.9780741,0.98268586,0.9603991,0.9571216,0.9759791,0.9838128,0.95684457,0.96923375,0.96895975,0.9735916,0.9830681,0.9790042,0.9845342,0.9796035,0.9617051,0.93697584,0.97863346,0.97455865,0.9772301,0.9607981,0.9778084,0.96420217,0.9708015,0.9836967,0.9771656,0.99153984,0.9904627,0.9860629,0.97105616,0.9693383,0.9716537,0.9611695,0.96189654,0.9787576,0.980371,0.97019625,0.9790669,0.9875018,0.98150164,0.9674177,0.9911615,0.9787936,0.98275393,0.96942765,0.97421855,0.97988987,0.9869339,0.9739094,0.9458225,0.9704786,0.97319853,0.9603604,0.957557,0.932625,0.97704995,0.97279346,0.9745183,0.9631679,0.9735965,0.95907027,0.94714904,0.95597494,0.982495,0.97025734,0.98401505,0.97108513,0.9869339,0.974745,0.9841326,0.99002737,0.98485744
avengers,0.9860162,0.9741576,0.96637547,0.97240764,0.9628837,0.9612904,0.96842706,0.9623988,0.9795,0.9688325,0.96424764,0.9637702,0.9708414,0.97095865,0.9605057,0.9640716,0.9591869,0.9672767,0.9999998,0.9714966,0.9597144,0.9746868,0.96443385,0.95503336,0.9644564,0.9614167,0.9646415,0.9623506,0.9649214,0.9835521,0.9916216,0.9806766,0.9792444,0.956292,0.9632047,0.965141,0.97127974,0.9719797,0.9599918,0.98030096,0.9690235,0.9699986,0.96737576,0.96014005,0.9536687,0.9665368,0.9626832,0.9682828,0.9790189,0.9671646,0.96732396,0.98384744,0.9575742,0.9801196,0.97203135,0.9583897,0.98095757,0.96358067,0.97811866,0.97434115,0.9433719,0.974629,0.9508062,0.97176254,0.97926104,0.95047355,0.9657181,0.9740263,0.9706524,0.9600227,0.9711506,0.9722243,0.9612927,0.98186845,0.976823,0.9577934,0.96588063,0.97513545,0.97878295,0.9402475,0.9684423,0.9711226,0.9565398,0.96689236,0.9755126,0.9710352,0.9728362,0.9441562,0.9591881,0.9629025,0.9782417,0.9711506,0.96549505,0.96883696,0.9542286,0.971847,0.9664143,0.96772665,0.967432,0.98290116,0.96964,0.9689663,0.96035314,0.967341,0.9754853,0.96937543,0.9773739,0.9696407,0.9531256,0.9704331,0.9669253,0.9749107,0.9561096,0.9656263,0.95420355,0.96899825,0.97954524,0.9709952,0.96578026,0.9672264,0.9780085,0.9551785,0.9692852,0.97302836,0.9726171,0.9724158,0.9463581,0.9739667,0.9600924,0.96439517,0.97535264,0.9691854,0.9641073,0.9564343,0.96285844,0.97532964,0.9798239,0.9728426,0.9730877,0.97797894,0.9795,0.95389843,0.9633553,0.96591705,0.9707794,0.9789818,0.9567896,0.9643516,0.9752325,0.97758657,0.95649284,0.96572363,0.96449494,0.9780163,0.96223557,0.9649447,0.97124445,0.9715676,0.9593463,0.9562663,0.9795,0.973789,0.97506213,0.96865696,0.9613814
beachbummovie,0.96559656,0.96511644,0.9785396,0.9743564,0.97085744,0.95325804,0.9808877,0.963207,0.9851685,0.97409815,0.976655,0.9684442,0.9815072,0.9702758,0.98728955,0.9689324,0.97720987,0.98024595,0.9714966,1.0,0.972725,0.9843805,0.9703417,0.9760636,0.97482175,0.97577614,0.97456694,0.95607567,0.9869181,0.9753304,0.98143244,0.9745888,0.9752172,0.97447747,0.9598402,0.973185,0.98654586,0.9623426,0.97356963,0.98253804,0.9758571,0.9681047,0.9775908,0.96743715,0.961479,0.9718141,0.9618751,0.96733063,0.9787287,0.9683216,0.9830687,0.98582166,0.98035073,0.9697424,0.96662587,0.96283376,0.9786638,0.97225976,0.98417956,0.9791889,0.96914303,0.9705367,0.9610115,0.96938336,0.9771857,0.9596194,0.96752995,0.9802142,0.97468364,0.9745875,0.98004913,0.9728853,0.97699547,0.96938986,0.9868448,0.96942234,0.97524333,0.98458815,0.9835229,0.9629075,0.9773652,0.9836989,0.9673858,0.98257387,0.98363715,0.9786976,0.96324813,0.9677176,0.97834283,0.96533656,0.97287816,0.98004913,0.9833919,0.98251295,0.98027986,0.9789837,0.9744108,0.97344553,0.97764826,0.98448396,0.980422,0.9722768,0.9682482,0.98115486,0.9811854,0.98516107,0.9810198,0.97658336,0.96405786,0.9569032,0.97604465,0.9886993,0.9667985,0.9771522,0.96602476,0.9792938,0.97952795,0.9830065,0.97719145,0.9813744,0.9886263,0.9802138,0.9809536,0.96686316,0.9713903,0.97360903,0.9651228,0.9854499,0.9838217,0.98106116,0.96811914,0.97303605,0.9636055,0.9627241,0.973422,0.97201306,0.98460007,0.9816896,0.9837272,0.9882684,0.9851685,0.9722301,0.9742041,0.96679986,0.9859042,0.98679686,0.9757429,0.95325357,0.97780335,0.9634638,0.97483855,0.9585235,0.9797273,0.96347606,0.9777885,0.97392994,0.9732516,0.97723883,0.97444874,0.96519536,0.9851685,0.98337036,0.9721305,0.9755012,0.98468494
bernadettefilm,0.96926457,0.956413,0.97261405,0.9724113,0.9714157,0.9553504,0.98025244,0.980457,0.98669153,0.99290663,0.9778229,0.9429045,0.98588145,0.9802059,0.9804285,0.95847213,0.98082167,0.9845247,0.9597144,0.972725,1.0000001,0.9750966,0.97990334,0.9685564,0.95711374,0.9770974,0.9693669,0.9724496,0.9767091,0.9640561,0.9612165,0.97964203,0.9767567,0.9494194,0.955063,0.95867455,0.9792118,0.9632966,0.9697181,0.95901513,0.98359287,0.9652104,0.9748823,0.9813496,0.96027714,0.95303947,0.97927886,0.9686689,0.9658744,0.9757723,0.9712483,0.97528505,0.9739277,0.97372293,0.9768761,0.9860254,0.9658528,0.9763152,0.9771118,0.9757156,0.9587345,0.97739947,0.9569184,0.9780966,0.98621726,0.9803126,0.9799911,0.9701225,0.9617046,0.96138036,0.9741786,0.95319265,0.9795718,0.97902954,0.9762757,0.9822347,0.9652492,0.9888311,0.98139757,0.9722125,0.97946465,0.97733545,0.97451764,0.9824179,0.97889674,0.9692997,0.950417,0.9738448,0.9756487,0.9810943,0.97074664,0.9741786,0.97193336,0.9770454,0.97031707,0.9920858,0.9523304,0.95626354,0.9731889,0.98183227,0.9541029,0.95785594,0.9691998,0.9730925,0.98461866,0.975813,0.9724166,0.9761222,0.9533641,0.94470966,0.9882824,0.977208,0.9694322,0.96250004,0.98606634,0.96464014,0.97618645,0.9804699,0.980989,0.98322403,0.97822773,0.97521216,0.9833756,0.95531684,0.97301793,0.9680558,0.9646278,0.9732659,0.975145,0.967621,0.9900399,0.9788237,0.97973955,0.9807771,0.9805916,0.9667903,0.9790425,0.96742135,0.9767291,0.9730884,0.98669153,0.95913213,0.94939816,0.9614471,0.96997863,0.96032774,0.96542865,0.94092745,0.9750276,0.9801253,0.9675492,0.9620967,0.9703026,0.96602213,0.9506122,0.9584546,0.97882575,0.96944845,0.98383546,0.97226703,0.98669153,0.9737465,0.9781283,0.9838879,0.9755414
