movie,21bridgesmovie,47metersdown,abeautifuldaymovie,abominablemovie,adastramovie,adogsjourneymovie,aftermathmovie,aftermovie,ahiddenlifefilm,alitamovie,angelhasfallen,angrybirdsmovie,annabellemovie,annamovie,apollo11movie,arcticdogsmovie,arcticmovie,artofracingmovie,avengers,beachbummovie,bernadettefilm,blackandbluemovie,blackchristmas,blindedbythelightmovie,bombshellmovie,booksmart,breakthroughmovie,brianbanksmovie,brightburnmovie,brittanyrunsmov,captainmarvelofficial,captivestatemovie,catsmovie,charliesangels,childsplaymovie,clarathefilm,coldpursuitmovie,countdown,currentwarmovie,darkwatersmovie,detectivepikachumovie,disneyaladdin,disneyfrozen,disneymaleficent,doctorsleepmovie,dolemiteismyname,dontletgomovie,doramovie,downtonabbey_official,dumbo,escaperoom,everybodyknowsmovie,fastandfuriousmovie,fightingwmyfam,fivefeetapartfilm,fordvferrari,freaksthefilm,geminimanmovie,glassmovie,gloriabellmovie,godzillamovie,goldfinchmovie,goodboysmovie,goodliarmovie,gretafilm,halathemovie,happydeathdaymovie,harrietfilm,hellboymovie,hersmellmovie,highlifemovie,highstrungmovie,honeyboymovie,hotelmumbaifilm,httydragon,hustlemovie,hustlersmovie,isntitromantic,itmovieofficial,jayandsilentbob,johnwickmovie,jojorabbitmovie,jokermovie,judythefilm,jumanjimovie,justmercyfilm,knivesout,lalloronamovie,lastblackmansf,lastchristmasthemovie,latenightmovie,lighthousemovie,lionking,littlethemovie,littlewomenmovie,littlewoodsfilm,longshotmovie,lordsofchaosmovie,lucyintheskyfilm,mamovie2019,marriagestory,meettheaddams,meninblack,midsommarmovie,midwaymovie,missbalamovie,missinglinkfilm,motherlessbklyn,onceinhollywood,onthebasisofsex,overcomermovie,peanutbutterfalcon,petsematarymovie,piercingmovie,playingwithfire,playmobilthemovie,pomsmovie,queenandslim,rambomovie,readyornotfilm,richardjewellfilm,rocketmanmovie,scarystoriesmovie,secretlifeofpets,serenityfilm,shaftmovie,shazammovie,spidermanmovie,spiesindisguise,starwars,stormboymovie,stubermovie,taosdfilm,teenspiritmov,terminator,theaeronautsmov,thebestofenemies,thedeaddontdie,thefarewell,thehighwaymen,thehummingbirdprojectfilm,theintrudermovie,theirishmanfilm,thekitchenmovie,thelegomovie,themustangfilm,thenightingalefilm,theprodigymovie,thesunisalsoastar,theupsidefilm,tolkienmovie,toystory,triplefrontier,uglydolls,uncutgems,underthesilverlake,usmovie,wavesmovie,whatmenwant,wonderparkmovie,wrinklestheclown,xmenmovies,yardiefilm,yesterdaymovie,zombieland
21bridgesmovie,0.99999994,0.9784494,0.9767564,0.9688,0.9656739,0.9630213,0.9805672,0.96395814,0.9862023,0.9590772,0.97610694,0.97101045,0.9801472,0.97728217,0.9806539,0.9706091,0.97423965,0.96321607,0.9792077,0.9658448,0.9838056,0.981176,0.9635205,0.96832484,0.9680499,0.9577192,0.9657321,0.96285194,0.97665966,0.97003007,0.9567351,0.9556898,0.95871425,0.96063966,0.9784761,0.9598014,0.9738401,0.9795638,0.9598735,0.9454132,0.9623571,0.97382754,0.97662944,0.9669175,0.9677506,0.95822966,0.95968276,0.96935767,0.95018804,0.9715736,0.9839511,0.9599573,0.96849245,0.9701429,0.97177154,0.9690294,0.9711475,0.98378134,0.97139835,0.9705456,0.96808285,0.97668165,0.9541483,0.9796402,0.95608777,0.97483426,0.96076834,0.9651131,0.96337926,0.9701629,0.97875917,0.97215986,0.96392655,0.9620808,0.9774794,0.96552354,0.9703033,0.9600871,0.95612967,0.9790447,0.9773527,0.96349233,0.9814424,0.9728345,0.9753823,0.95790577,0.97900057,0.9718527,0.96365976,0.9850272,0.9839675,0.97875917,0.95371455,0.9568626,0.9786298,0.9678985,0.971037,0.9739403,0.9666283,0.951882,0.9510126,0.96546185,0.94855297,0.9685155,0.9682736,0.9857065,0.9724497,0.97212416,0.97003615,0.9601409,0.97051775,0.9767683,0.9765257,0.968918,0.976621,0.9815245,0.9915,0.97009486,0.9716788,0.9815751,0.98060167,0.97357494,0.9787582,0.9539083,0.9677437,0.9694594,0.9603529,0.9771074,0.9696834,0.9714426,0.967452,0.95365286,0.9733055,0.9538304,0.9716579,0.97348887,0.9785241,0.94810015,0.9764738,0.9588309,0.9862023,0.9754566,0.9535307,0.9813775,0.97881764,0.97002286,0.96086127,0.98180014,0.98219275,0.964757,0.96121794,0.9630512,0.96797496,0.9711322,0.96318585,0.9782378,0.9629643,0.9682994,0.9625482,0.9723057,0.9862023,0.9624155,0.9683004,0.96975935,0.979794
47metersdown,0.9784494,1.0,0.9681365,0.9548594,0.95413196,0.95893145,0.97106904,0.96564347,0.98129886,0.9550922,0.9777574,0.9618184,0.9718627,0.9735364,0.9698936,0.98203707,0.96747136,0.9555036,0.9770661,0.9537987,0.97904193,0.9796545,0.9551954,0.97290987,0.9684586,0.9386929,0.9572372,0.9525569,0.97348046,0.96348405,0.9601839,0.9572361,0.96521395,0.96360713,0.9660975,0.9464951,0.9693494,0.95130414,0.9602492,0.94936657,0.94774204,0.967596,0.96895695,0.9597071,0.9620626,0.95633096,0.9472404,0.9513846,0.94710916,0.9674126,0.97780424,0.95549124,0.9641227,0.95863324,0.9549989,0.965796,0.9621506,0.9778919,0.96977305,0.9601824,0.9615743,0.94701093,0.9607524,0.9675385,0.95098454,0.9748648,0.9644155,0.9596428,0.9718464,0.9586324,0.96842796,0.9611643,0.96348315,0.96119595,0.9768794,0.9481704,0.950923,0.96149606,0.9449326,0.9667211,0.9807419,0.9563842,0.9706621,0.965208,0.95659125,0.95517987,0.9634065,0.9738986,0.9479682,0.9702646,0.9706013,0.96842796,0.94676876,0.9458632,0.97270256,0.9488201,0.97555184,0.9659553,0.9513962,0.9458649,0.954057,0.9533074,0.9428287,0.963855,0.9602869,0.9755536,0.9777851,0.95866865,0.9629916,0.96766824,0.9661045,0.9635858,0.9671366,0.95126635,0.9673808,0.9701232,0.9718729,0.96256065,0.96479386,0.97113365,0.96594846,0.9725315,0.9775677,0.9533712,0.96869355,0.9615665,0.9515282,0.9756172,0.96563464,0.96412957,0.9629096,0.95369905,0.96952933,0.9475988,0.9695402,0.9627593,0.95387715,0.9442821,0.96082026,0.9576289,0.98129886,0.9711955,0.9574133,0.967941,0.9638738,0.95193535,0.94014096,0.9675784,0.96333,0.9524492,0.9407826,0.9519512,0.96995014,0.94016105,0.95709664,0.9720907,0.9593241,0.94985986,0.94935167,0.9591524,0.98129886,0.9509633,0.97085714,0.96304667,0.9738101
abeautifuldaymovie,0.9767564,0.9681365,1.0,0.97689724,0.98274195,0.96367294,0.9806217,0.97868353,0.9900166,0.97660846,0.9742235,0.98027015,0.977046,0.97525185,0.9854124,0.97563463,0.976805,0.9776586,0.9697112,0.9779227,0.97423744,0.9767792,0.9664798,0.97802573,0.971919,0.9649478,0.966894,0.97724944,0.9866995,0.9822703,0.96482754,0.96843415,0.96593326,0.9737503,0.9660308,0.95520097,0.9784417,0.97892267,0.97867256,0.9632276,0.97747725,0.96657705,0.9694057,0.9700408,0.9721728,0.96836644,0.96071124,0.9731371,0.9613558,0.97581565,0.98899823,0.9645957,0.9715929,0.96940315,0.98572606,0.97700876,0.9728746,0.98043424,0.9771674,0.9760782,0.95738816,0.97656226,0.9650135,0.9739037,0.970263,0.9678821,0.96862656,0.9638663,0.976348,0.97438186,0.9875063,0.9762799,0.9660827,0.9706666,0.98041874,0.96915853,0.96877366,0.975496,0.9640028,0.97573227,0.980299,0.9727409,0.9724632,0.96631587,0.98536456,0.9704897,0.98521787,0.9718323,0.9725993,0.97770846,0.96541333,0.9875063,0.9500839,0.9569575,0.980751,0.9758639,0.9798234,0.9788373,0.9640146,0.9641984,0.96289,0.9741183,0.9648035,0.9705348,0.96422046,0.9907856,0.97543454,0.9815205,0.98497605,0.9644236,0.97887856,0.98594385,0.97627205,0.9727675,0.9747932,0.97753173,0.98082274,0.96642554,0.97967625,0.9784164,0.9710244,0.96666706,0.98821187,0.95500684,0.9644782,0.9742553,0.96891534,0.97773755,0.9677375,0.96881557,0.97625226,0.9728993,0.97793674,0.97333026,0.97682637,0.9768895,0.97169626,0.9526378,0.97849935,0.9729402,0.9900166,0.9784681,0.96723753,0.98357534,0.9781165,0.9629001,0.9624865,0.9742808,0.9816437,0.9742988,0.9797402,0.97122425,0.9835311,0.9638424,0.9747412,0.9813301,0.96892416,0.9726389,0.9725685,0.97364223,0.9900166,0.9683515,0.9754644,0.9727546,0.981064
abominablemovie,0.9688,0.9548594,0.97689724,1.0,0.960127,0.9461699,0.9701965,0.9624165,0.97368133,0.96042174,0.97332734,0.9642938,0.97259676,0.959124,0.9746807,0.960049,0.96325094,0.952664,0.9412417,0.9677888,0.9667791,0.9600656,0.9586206,0.96006864,0.96068835,0.96637523,0.94815123,0.9650218,0.9717222,0.9640769,0.9265803,0.948575,0.9509965,0.9544951,0.96216995,0.96021545,0.97054255,0.98436195,0.9693642,0.9559974,0.9579929,0.96913636,0.9603238,0.9771549,0.95496535,0.964863,0.94991577,0.9405971,0.9486929,0.97620475,0.97098964,0.94474936,0.9617664,0.9685117,0.9709702,0.9492846,0.9635882,0.97005135,0.95848745,0.9542393,0.9561864,0.97078323,0.9593765,0.95519406,0.93784404,0.96655965,0.96920663,0.9375017,0.96986943,0.96507037,0.9637863,0.9744375,0.9409453,0.96273154,0.9668147,0.9621778,0.9714232,0.9497099,0.9438967,0.9520928,0.96976525,0.9697298,0.95785123,0.9499632,0.9808025,0.9460433,0.9718179,0.96778053,0.95748204,0.9669068,0.9574518,0.9637863,0.95127606,0.9423403,0.9716953,0.9755218,0.9715638,0.9676435,0.94582456,0.95647067,0.95448667,0.96458066,0.94397134,0.95872223,0.95141006,0.9749246,0.95317674,0.96568626,0.9695341,0.95272243,0.96482134,0.9733279,0.9579496,0.96750706,0.9710192,0.9625633,0.97329414,0.9564404,0.9778031,0.97232825,0.9554462,0.9620299,0.9705557,0.93253785,0.954885,0.9506382,0.95675516,0.9520568,0.9646754,0.9500923,0.94243234,0.95238894,0.962607,0.9620942,0.9527141,0.9582191,0.97290844,0.9432254,0.96632683,0.9453162,0.97368133,0.9696889,0.95143557,0.9674637,0.9802089,0.9531566,0.97102726,0.9660412,0.9688134,0.967307,0.96613723,0.9627661,0.96026486,0.96020186,0.94846547,0.95834255,0.95671684,0.95448965,0.97363484,0.9585684,0.97368133,0.9511768,0.9469904,0.9570575,0.95706034
adastramovie,0.9656739,0.95413196,0.98274195,0.960127,1.0000004,0.9734306,0.9737496,0.9705654,0.98376584,0.97377115,0.963476,0.9582663,0.96896476,0.9596331,0.9745888,0.96923834,0.96174574,0.9784129,0.9555768,0.9707671,0.9622675,0.96367216,0.97522604,0.96872747,0.9719935,0.96904224,0.9670984,0.9740493,0.97425854,0.978004,0.96288764,0.94809145,0.968984,0.9585745,0.9626511,0.95675176,0.97852445,0.9669413,0.9726047,0.96395993,0.97244287,0.9628415,0.96630913,0.95539963,0.97243035,0.9704292,0.972746,0.95650905,0.9632727,0.96437675,0.97807693,0.9676862,0.9651834,0.9651393,0.9635996,0.9780496,0.96808887,0.9696126,0.97308034,0.975346,0.9431989,0.9700907,0.9681953,0.9618473,0.97175723,0.96607965,0.9689055,0.9554431,0.95693177,0.9784174,0.9845765,0.96755874,0.9677425,0.9759219,0.9802366,0.97449934,0.9650502,0.97050965,0.98047346,0.9698834,0.95785594,0.9593303,0.971546,0.9648137,0.971809,0.9672434,0.972937,0.97223616,0.97405493,0.9813313,0.9646098,0.9845765,0.95422816,0.96630657,0.9791411,0.96546394,0.96522635,0.97844344,0.97315246,0.9588224,0.96181655,0.97105116,0.9570465,0.975835,0.94585097,0.9772205,0.96733534,0.98056567,0.9613468,0.9642733,0.9822371,0.9841585,0.97625756,0.97351915,0.9618378,0.9813675,0.97751045,0.97452104,0.967586,0.9651187,0.9677338,0.9658678,0.97760147,0.9565685,0.9635328,0.96984035,0.9784489,0.97129583,0.9716012,0.9723584,0.9743151,0.976777,0.9708695,0.9510286,0.9724554,0.9800837,0.9650984,0.9521235,0.96861565,0.9680703,0.98376584,0.9627665,0.96430403,0.9660873,0.96752495,0.96170634,0.95102614,0.9653282,0.97602534,0.9606815,0.9648251,0.96653724,0.9717145,0.96213794,0.9694138,0.9761724,0.96690696,0.9707539,0.9682209,0.9697903,0.98376584,0.97139955,0.9741623,0.9767313,0.9752625
adogsjourneymovie,0.9630213,0.95893145,0.96367294,0.9461699,0.9734306,1.0,0.9634439,0.963952,0.978014,0.9592479,0.95868367,0.9566786,0.9644409,0.9644244,0.9651357,0.9698586,0.9560211,0.9621446,0.9578273,0.9597294,0.96118104,0.96763295,0.9781592,0.9697434,0.973066,0.9584958,0.9627191,0.96437895,0.96979606,0.96451724,0.96906775,0.9531066,0.96838695,0.9656459,0.95857596,0.95879436,0.9752573,0.94246113,0.9691133,0.96169525,0.96513027,0.9697538,0.955159,0.9462354,0.9734607,0.973159,0.9740676,0.954181,0.97314256,0.96044344,0.96961504,0.975179,0.9747702,0.9647909,0.948586,0.9671714,0.9606099,0.9646514,0.97320026,0.96016425,0.9338019,0.9546266,0.96454376,0.95406884,0.9700628,0.9642312,0.96124893,0.9718177,0.96104556,0.9707491,0.971079,0.96772146,0.9619451,0.968619,0.9744452,0.9658391,0.95232725,0.96009433,0.96586734,0.96082187,0.956763,0.9447642,0.97035444,0.9674923,0.9554559,0.95627177,0.9611766,0.9732855,0.96181816,0.96938914,0.96349853,0.971079,0.95090294,0.96269524,0.97217804,0.95857924,0.9657185,0.965156,0.9783052,0.9543493,0.9746893,0.9622168,0.95433605,0.9699519,0.95496154,0.9656233,0.9567168,0.96778625,0.9560793,0.9687721,0.9732798,0.97259504,0.9629582,0.95964885,0.95925224,0.9777561,0.96989125,0.9807534,0.9641635,0.9527735,0.95626736,0.961666,0.9733085,0.9908626,0.96295756,0.9781064,0.9723021,0.9724348,0.97090834,0.9728393,0.96661013,0.9542055,0.95993865,0.9404239,0.96475023,0.9716847,0.94015396,0.9681556,0.95462096,0.9725543,0.978014,0.9680798,0.9694351,0.9543571,0.96219504,0.9642585,0.93235725,0.9562311,0.96694416,0.9581393,0.9435019,0.94654024,0.9618764,0.94344527,0.9558443,0.97098804,0.9673701,0.956982,0.9425267,0.9576791,0.978014,0.95078474,0.9684879,0.98363644,0.96443665
aftermathmovie,0.9805672,0.97106904,0.9806217,0.9701965,0.9737496,0.9634439,0.9999999,0.9732299,0.9889147,0.9645292,0.98132277,0.97336406,0.9877548,0.97575545,0.9713302,0.9819259,0.9747699,0.9709792,0.9718934,0.9670876,0.9849724,0.97228366,0.9632926,0.97365934,0.962435,0.9622492,0.9558675,0.97306526,0.98361266,0.9732039,0.9661578,0.96455675,0.96051323,0.95543164,0.9667806,0.964476,0.98449665,0.9782926,0.97179824,0.95757496,0.9631868,0.9725056,0.97749203,0.9717615,0.96638036,0.9641225,0.95605814,0.96411556,0.96111965,0.9757498,0.984779,0.9698968,0.9683006,0.960754,0.97145474,0.97362524,0.95514405,0.98774135,0.97174823,0.9669146,0.9719913,0.9674529,0.9731633,0.97722673,0.96782285,0.9742595,0.9667711,0.96907735,0.97053695,0.96887505,0.9782805,0.9741502,0.96234244,0.96971494,0.9783797,0.9712172,0.9687746,0.96317947,0.95251244,0.9723844,0.9774994,0.9825736,0.9796659,0.9645255,0.97983354,0.9642899,0.9775013,0.97958547,0.95453584,0.9807078,0.9731681,0.9782805,0.94931823,0.9640065,0.98075634,0.96865654,0.9777652,0.97500366,0.9760432,0.94861907,0.955611,0.9700658,0.9702234,0.9606771,0.9532018,0.98142195,0.97059435,0.97534025,0.97011125,0.9637439,0.9787613,0.976603,0.9748525,0.9715016,0.9808599,0.97732735,0.980996,0.96299416,0.9778305,0.98942673,0.9794133,0.9783541,0.9807566,0.95144814,0.9798652,0.97195965,0.96783096,0.9774834,0.9743783,0.97192085,0.9733288,0.9771076,0.97067,0.9561519,0.97421944,0.96917325,0.97099775,0.9591244,0.97784114,0.9560719,0.9889147,0.9777416,0.9594693,0.9725551,0.97606605,0.9775737,0.9723155,0.96852666,0.9760468,0.9594778,0.9807934,0.96467346,0.97595567,0.9595117,0.9669765,0.97083896,0.95545155,0.9640286,0.9775711,0.9784121,0.9889147,0.9633152,0.96958244,0.96542346,0.9785062
aftermovie,0.96395814,0.96564347,0.97868353,0.9624165,0.9705654,0.963952,0.9732299,1.0,0.9816875,0.9691686,0.9614974,0.96461153,0.9695415,0.9654737,0.97049516,0.9717949,0.96387714,0.967304,0.9611918,0.9720525,0.970314,0.9645319,0.9534594,0.9665175,0.95356095,0.9366939,0.9662581,0.95888996,0.97159636,0.9847578,0.9554417,0.9516309,0.96635526,0.96229833,0.94721645,0.94537944,0.96862036,0.9565771,0.9764214,0.96039116,0.9657201,0.9588046,0.96241933,0.95824337,0.9631291,0.96825397,0.9483044,0.96318203,0.95764667,0.9669027,0.9721217,0.9631112,0.96639353,0.9515885,0.96898055,0.9718915,0.96357256,0.9670542,0.98093545,0.96534866,0.9479293,0.9568715,0.96422726,0.9603171,0.9688277,0.96302134,0.9659901,0.9588019,0.9588187,0.95854115,0.9748206,0.96413696,0.9509246,0.96594393,0.9629792,0.95756924,0.9500661,0.95989645,0.9620334,0.96390015,0.96164656,0.9584144,0.96722764,0.9547279,0.9631216,0.9626599,0.9651636,0.97761136,0.96418834,0.9658879,0.95599115,0.9748206,0.9435793,0.956959,0.96289563,0.9587358,0.96926683,0.9624761,0.9586969,0.94056696,0.9506063,0.9586785,0.9566084,0.95684284,0.9392426,0.96813786,0.9736051,0.95677227,0.97249174,0.9542186,0.9821974,0.9655454,0.9601572,0.9555454,0.971219,0.9612809,0.9634109,0.95273197,0.9716666,0.97038084,0.96109235,0.9594899,0.98018336,0.9550573,0.96061414,0.9741308,0.9642865,0.963422,0.9643155,0.9556851,0.98129004,0.964478,0.963246,0.9340542,0.9663499,0.9732302,0.95213026,0.9475608,0.97087437,0.96110576,0.9816875,0.96638757,0.95042276,0.9557717,0.9526925,0.9663492,0.9460667,0.95280397,0.9593036,0.94630206,0.958922,0.9622921,0.9790321,0.9453695,0.949116,0.9671873,0.9472838,0.9599342,0.9623329,0.95743835,0.9816875,0.9587279,0.97216237,0.9552491,0.96337634
ahiddenlifefilm,0.9862023,0.98129886,0.9900166,0.97368133,0.98376584,0.978014,0.9889147,0.9816875,1.0000002,0.97879416,0.9848392,0.9842056,0.9876483,0.98476386,0.9878767,0.9872767,0.98790807,0.9820001,0.9750629,0.97972685,0.9868158,0.98260987,0.980499,0.98648214,0.9840184,0.9728385,0.96823776,0.9842843,0.98892087,0.9846257,0.9736572,0.97346157,0.9754684,0.9725905,0.97877854,0.97539866,0.99206614,0.97603273,0.9831866,0.97119725,0.9756968,0.9789058,0.97920865,0.96945626,0.9857397,0.9790514,0.9757014,0.9741468,0.97895825,0.97868997,0.9945842,0.9828905,0.983496,0.9788547,0.97775096,0.98744535,0.97899884,0.99180275,0.98222953,0.985595,0.9704829,0.9752887,0.98266554,0.9798638,0.9772244,0.9850077,0.9774996,0.97690904,0.9751233,0.98361826,0.993725,0.9809281,0.97981566,0.9820179,0.9914301,0.9790349,0.97689897,0.9781533,0.97189945,0.98367816,0.9849933,0.9781645,0.98302066,0.97730607,0.98568255,0.9743492,0.9855746,0.9877817,0.9734168,0.9864347,0.9808154,0.993725,0.96509826,0.9710596,0.9914433,0.9803183,0.9882282,0.98450553,0.97682977,0.9707976,0.97746336,0.97842133,0.97561383,0.9824172,0.96852696,0.9920822,0.98820955,0.98656636,0.98200864,0.98115534,0.98573905,0.9869532,0.9863745,0.9827239,0.98236763,0.9874862,0.9911118,0.98161,0.9894735,0.9816979,0.98388886,0.9815789,0.99248576,0.96936595,0.9791193,0.9830987,0.9792405,0.9865405,0.98032796,0.9785964,0.9804461,0.97812074,0.98741263,0.96820223,0.9872641,0.98399216,0.9747697,0.96920806,0.987139,0.9797408,1.0000002,0.98402125,0.97890484,0.98082775,0.9825487,0.9788622,0.9707608,0.9820343,0.9883186,0.9804894,0.9748061,0.9732396,0.98569703,0.9683345,0.97638506,0.9872844,0.97800505,0.98092926,0.9743049,0.9796565,1.0000002,0.9750731,0.98464584,0.9849016,0.9882678
alitamovie,0.9590772,0.9550922,0.97660846,0.96042174,0.97377115,0.9592479,0.9645292,0.9691686,0.97879416,0.9999999,0.9624625,0.97670543,0.96538705,0.9690745,0.9740404,0.95735127,0.96805763,0.9603805,0.9467864,0.96823364,0.9501754,0.96350795,0.9603626,0.97024,0.965009,0.95255375,0.96188736,0.9697771,0.9673248,0.9726521,0.9534365,0.9465204,0.9691906,0.9611243,0.9475881,0.9589304,0.97960395,0.9603159,0.9738016,0.96367013,0.96630496,0.9664468,0.9680146,0.95677483,0.9658592,0.971948,0.9506368,0.95082307,0.9725424,0.9679448,0.97537196,0.96151364,0.9671685,0.9593104,0.9531915,0.9754752,0.9674025,0.9674817,0.96869594,0.97097856,0.95228374,0.9492213,0.9717849,0.9627284,0.96029276,0.9665321,0.9707979,0.9435108,0.9596792,0.96552956,0.98077154,0.96766156,0.95540845,0.97042507,0.97369635,0.97063875,0.96546847,0.96919304,0.95860684,0.95451444,0.9547353,0.96547276,0.9653641,0.942712,0.97312313,0.9651424,0.96318597,0.9725213,0.9701158,0.9717659,0.9511762,0.98077154,0.9619537,0.96603537,0.97660846,0.96956664,0.9761869,0.961299,0.96726483,0.9517205,0.96383613,0.9601095,0.95008326,0.9683128,0.95403856,0.9752911,0.96621054,0.975835,0.9558603,0.9618958,0.9770336,0.97773015,0.9684905,0.96879417,0.960247,0.9688631,0.97164434,0.95774454,0.9674769,0.9631424,0.9469171,0.95979553,0.97867566,0.9552678,0.9569906,0.9739511,0.9626006,0.96121365,0.9736273,0.9731425,0.95711964,0.9669853,0.965787,0.9413038,0.97316796,0.9674548,0.9533492,0.95357895,0.9761815,0.9545422,0.97879416,0.964953,0.964035,0.9642216,0.96206313,0.96293855,0.9587486,0.9544939,0.97171444,0.96133673,0.95871735,0.97679377,0.97036874,0.94880855,0.9563431,0.97654337,0.9549029,0.97410625,0.96958977,0.96238256,0.97879416,0.96509856,0.96576315,0.9678782,0.9666277
angelhasfallen,0.97610694,0.9777574,0.9742235,0.97332734,0.963476,0.95868367,0.98132277,0.9614974,0.9848392,0.9624625,1.0000001,0.9662497,0.9767404,0.97634083,0.97359645,0.9828985,0.96912336,0.95485425,0.9609664,0.959458,0.98135364,0.97465086,0.96199745,0.97574085,0.9745079,0.9597918,0.94717515,0.97379535,0.98459774,0.96892405,0.9577667,0.96554124,0.9548462,0.9633568,0.9602597,0.95731896,0.9792277,0.9725913,0.97084653,0.9633186,0.9496483,0.9650859,0.96795607,0.96625704,0.9660437,0.96250427,0.9541407,0.94292814,0.9634259,0.97113395,0.98445684,0.9667407,0.9651897,0.96529096,0.9569629,0.96694976,0.96230936,0.97628844,0.9651091,0.96279716,0.9705193,0.9612889,0.96924764,0.9704288,0.9618916,0.97434473,0.96359396,0.9601208,0.9765687,0.96585363,0.971251,0.9698461,0.9557791,0.9712758,0.9829512,0.95029163,0.9562624,0.9550975,0.9464982,0.96019626,0.98754704,0.9727468,0.9722731,0.9640209,0.9717103,0.9596813,0.9720232,0.9682501,0.9514528,0.97059304,0.9742876,0.971251,0.9544034,0.9522768,0.9769429,0.9717436,0.98361385,0.9670151,0.958582,0.9560128,0.9596297,0.9734341,0.96366775,0.9585893,0.9583356,0.98286337,0.966543,0.9766266,0.9720632,0.9688303,0.9670717,0.9737508,0.97497076,0.9595576,0.9734975,0.9753099,0.9822274,0.9677874,0.97402954,0.97243994,0.9718685,0.97431,0.98115623,0.94680035,0.9734559,0.96126354,0.9563248,0.9766889,0.9645788,0.9620373,0.9628067,0.9605326,0.97001934,0.96514094,0.9645788,0.9611705,0.9681823,0.95637167,0.9656722,0.9533012,0.9848392,0.97779936,0.96714354,0.97307473,0.9795453,0.96400714,0.95717895,0.96630317,0.9796115,0.96763813,0.9613578,0.9483431,0.95961493,0.95027655,0.9661582,0.9668311,0.96411204,0.95270723,0.97076255,0.9680772,0.9848392,0.9551129,0.9590854,0.96434367,0.9709941
angrybirdsmovie,0.97101045,0.9618184,0.98027015,0.9642938,0.9582663,0.9566786,0.97336406,0.96461153,0.9842056,0.97670543,0.9662497,0.99999976,0.9738777,0.9850615,0.9801532,0.9650361,0.97769856,0.9634872,0.9583521,0.9738879,0.9653909,0.9765057,0.96078545,0.97628856,0.96057844,0.9549705,0.9520956,0.9708744,0.9789127,0.97174776,0.9540641,0.9620414,0.95944005,0.960144,0.96133906,0.96908635,0.98185015,0.96909755,0.9676143,0.9538361,0.96925896,0.96115786,0.96611315,0.95388395,0.9718847,0.9658988,0.9540486,0.9761093,0.9707579,0.9625047,0.9877714,0.96328056,0.97458535,0.96149516,0.9706851,0.97515076,0.9689243,0.9841218,0.95630044,0.97505784,0.9635935,0.95798665,0.97236955,0.9760253,0.958924,0.9730877,0.96655643,0.9556645,0.9638704,0.96492964,0.9837091,0.97717375,0.9651546,0.95929384,0.9745877,0.97144526,0.975648,0.9654224,0.94044924,0.9704308,0.9680361,0.97487396,0.9681315,0.95564044,0.981611,0.95840174,0.973681,0.9725812,0.9635805,0.96638125,0.9614646,0.9837091,0.94472086,0.9478229,0.98131883,0.9798143,0.9793522,0.964337,0.961806,0.9594549,0.9640878,0.96476716,0.9718852,0.9651355,0.9635427,0.98501366,0.9740942,0.9716433,0.972295,0.9589486,0.970572,0.9736329,0.9705074,0.9777438,0.96858776,0.97461677,0.97643775,0.95829004,0.9791992,0.969017,0.9614646,0.9570902,0.97769654,0.95483196,0.96116644,0.9678688,0.96265733,0.97040683,0.9686339,0.9608901,0.95868593,0.9616159,0.9730272,0.95567465,0.97804826,0.96330583,0.95936656,0.9484255,0.9893262,0.96609986,0.9842056,0.9833442,0.96442425,0.9694958,0.96706253,0.9675506,0.9720956,0.9627819,0.9737093,0.9713345,0.9668677,0.9670833,0.9733836,0.955665,0.9589429,0.9800301,0.9615814,0.9834224,0.9586165,0.97149926,0.9842056,0.95683163,0.97011864,0.9739253,0.9809086
annabellemovie,0.9801472,0.9718627,0.977046,0.97259676,0.96896476,0.9644409,0.9877548,0.9695415,0.9876483,0.96538705,0.9767404,0.9738777,1.0,0.9692757,0.97011113,0.97341573,0.97743446,0.9662652,0.96580553,0.97410023,0.98084706,0.976225,0.970965,0.9702106,0.96043825,0.95967907,0.9625263,0.9732088,0.9800302,0.9731024,0.95904666,0.9573467,0.9732192,0.96242964,0.9747683,0.9757016,0.9848598,0.97718894,0.9809234,0.9593581,0.97300214,0.9798212,0.98038805,0.9775696,0.9704663,0.9715169,0.958705,0.9594653,0.9707697,0.9822974,0.982437,0.97068244,0.97533256,0.96662945,0.97315186,0.97059286,0.96095127,0.9862105,0.9748665,0.9668054,0.9761861,0.9626693,0.9755876,0.97990483,0.96187574,0.9785049,0.9658708,0.966273,0.96231925,0.9811829,0.9775345,0.98077255,0.96296227,0.97215986,0.97864276,0.9777873,0.97466934,0.9676047,0.96406347,0.9776273,0.97675735,0.97469264,0.9847638,0.9690863,0.98224723,0.9535042,0.97960925,0.9901821,0.95778906,0.98181397,0.9726841,0.9775345,0.9631562,0.9593784,0.9830089,0.97317046,0.9719661,0.97831345,0.9762048,0.95066196,0.96409637,0.96990275,0.965861,0.9680712,0.9570479,0.9825201,0.9705099,0.98012006,0.96918404,0.9613038,0.9709232,0.98479337,0.977396,0.9763697,0.98873216,0.9771285,0.9787473,0.9711505,0.97880065,0.9863397,0.9839638,0.98440754,0.9811591,0.953216,0.97808605,0.9725602,0.97533077,0.97968096,0.97543126,0.9757033,0.9692056,0.96108896,0.9724761,0.953925,0.97269136,0.9689038,0.96860677,0.9605422,0.9768704,0.96388674,0.9876483,0.9770593,0.9583528,0.9811433,0.9804657,0.97731507,0.96689016,0.97411,0.9836543,0.9676463,0.97701865,0.97091377,0.9765691,0.9705466,0.96345,0.9712763,0.96053225,0.96607625,0.9765868,0.9836162,0.9876483,0.97446626,0.97147274,0.9734773,0.9749831
annamovie,0.97728217,0.9735364,0.97525185,0.959124,0.9596331,0.9644244,0.97575545,0.9654737,0.98476386,0.9690745,0.97634083,0.9850615,0.9692757,1.0,0.979972,0.97566134,0.9702897,0.9614142,0.9570274,0.95652246,0.9693774,0.9795589,0.9584463,0.97442794,0.9651891,0.95355326,0.9592588,0.9672461,0.9752488,0.9718197,0.95360804,0.95792615,0.9549955,0.95213693,0.9566061,0.9526608,0.9813062,0.96417856,0.96377444,0.94737643,0.95846707,0.95781195,0.95716465,0.9478879,0.9641635,0.9553446,0.95274657,0.967951,0.9620809,0.9557299,0.98574007,0.96105015,0.96876615,0.96904755,0.9553996,0.97475487,0.96516526,0.9824582,0.9598566,0.97789216,0.9612505,0.95461065,0.96284664,0.97704965,0.9595998,0.9774646,0.96290016,0.9606277,0.96306664,0.95878315,0.98290616,0.96224797,0.95998985,0.9642807,0.98102397,0.95779216,0.9656029,0.9555921,0.93897724,0.965245,0.9709688,0.9749727,0.9718352,0.9526822,0.97759247,0.95811284,0.96988267,0.9675392,0.96396565,0.97037536,0.96685123,0.98290616,0.9443308,0.9525764,0.9796543,0.97643155,0.9785757,0.9555774,0.9604982,0.96282935,0.9571648,0.960086,0.95841414,0.9644224,0.97309965,0.9819181,0.9708947,0.9732032,0.9675561,0.9624321,0.9753744,0.9662365,0.9715296,0.9639717,0.9641566,0.9724965,0.9836034,0.95983785,0.9711671,0.96289957,0.96424854,0.96240747,0.9802207,0.9561614,0.9588239,0.96492714,0.96432394,0.9726169,0.97180766,0.95753765,0.96006453,0.966861,0.96950537,0.94691086,0.9737016,0.9646735,0.9630228,0.9460158,0.98280084,0.95383966,0.98476386,0.9830587,0.9621048,0.968305,0.9635203,0.96384907,0.9566806,0.96397454,0.9746837,0.96237326,0.95320976,0.95224166,0.9689429,0.9487047,0.95441955,0.9875444,0.9603219,0.9722604,0.9607203,0.9654588,0.98476386,0.9534157,0.96296597,0.9701799,0.97608364
apollo11movie,0.9806539,0.9698936,0.9854124,0.9746807,0.9745888,0.9651357,0.9713302,0.97049516,0.9878767,0.9740404,0.97359645,0.9801532,0.97011113,0.979972,0.99999994,0.96875477,0.9729182,0.96822655,0.9693998,0.9753217,0.9693206,0.9753993,0.9694163,0.97843707,0.9800755,0.96433896,0.96913475,0.96736616,0.9801508,0.97602683,0.9575552,0.9580186,0.9637403,0.96488523,0.9764724,0.96460056,0.97706604,0.97352916,0.9623782,0.96099985,0.9701424,0.96353936,0.9661665,0.95695907,0.97508097,0.961608,0.96454453,0.9723318,0.9608856,0.96346325,0.987072,0.9589156,0.9679833,0.9660109,0.9675124,0.980765,0.9865866,0.9805953,0.97152805,0.9800707,0.9658164,0.9701112,0.9629244,0.9732472,0.9531759,0.97868663,0.9772283,0.95192677,0.97095513,0.9676973,0.98604935,0.9726439,0.97736484,0.96376246,0.9814486,0.96558684,0.9737087,0.96729034,0.9649081,0.9752797,0.9723065,0.9626081,0.97142047,0.96751213,0.9765151,0.9694601,0.97550124,0.9734275,0.97193605,0.9763573,0.9771341,0.98604935,0.95146424,0.9621611,0.9828932,0.9839647,0.9809747,0.9754223,0.9598124,0.96433735,0.9603072,0.969989,0.95537806,0.97906554,0.9690255,0.9859343,0.97984016,0.9761719,0.973809,0.9651802,0.97914505,0.9812553,0.98190194,0.98055047,0.96180737,0.9812632,0.9845577,0.9707104,0.979368,0.96754324,0.97137076,0.9631622,0.9774168,0.9598682,0.9655978,0.9677834,0.965984,0.97093743,0.9643802,0.9653006,0.9676638,0.9621099,0.9806914,0.95896596,0.9829219,0.9748278,0.9657883,0.94325805,0.9819793,0.9636847,0.9878767,0.9785324,0.9638756,0.97531694,0.9759692,0.95906967,0.9659915,0.9787748,0.9821062,0.9758432,0.9580946,0.9656435,0.9697782,0.9654183,0.9594544,0.985406,0.9687812,0.9822325,0.96655995,0.96703357,0.9878767,0.9640358,0.97609735,0.9777568,0.9847036
arcticdogsmovie,0.9706091,0.98203707,0.97563463,0.960049,0.96923834,0.9698586,0.9819259,0.9717949,0.9872767,0.95735127,0.9828985,0.9650361,0.97341573,0.97566134,0.96875477,1.0,0.97454387,0.9686992,0.96569335,0.95331126,0.9794713,0.97070515,0.96797,0.9787091,0.9742874,0.9560718,0.9437922,0.9753512,0.98083633,0.96804565,0.9730642,0.96887165,0.9591428,0.95684093,0.9567595,0.9517332,0.97864157,0.9588324,0.975038,0.9583622,0.95218265,0.96213824,0.95988953,0.9544038,0.96441156,0.9649141,0.9664398,0.9516245,0.9570725,0.9647248,0.98386604,0.97219205,0.9686494,0.9656879,0.95894164,0.971347,0.9587615,0.980175,0.9736862,0.96646017,0.95245206,0.9620949,0.9717125,0.96027994,0.97162896,0.969192,0.95879126,0.9743626,0.9700452,0.96173996,0.9759746,0.9597945,0.9615055,0.9699808,0.98407453,0.9543427,0.95303494,0.962406,0.9496286,0.9674628,0.98265594,0.9706191,0.9632869,0.9630729,0.967058,0.9631833,0.9753997,0.9750997,0.95511854,0.9713138,0.962353,0.9759746,0.94203824,0.9476092,0.9781979,0.9551189,0.98064184,0.9666382,0.9525341,0.96134,0.9714513,0.96318567,0.9657284,0.9623899,0.9510964,0.9770739,0.9758943,0.9716878,0.973693,0.97534984,0.9729364,0.9645584,0.9674069,0.9539085,0.96615654,0.9729704,0.9762218,0.9701083,0.97761726,0.9710062,0.9665093,0.96994555,0.9795281,0.95692974,0.97258544,0.9695181,0.9618022,0.98196656,0.97238714,0.96073294,0.9687208,0.97296697,0.9728289,0.9609719,0.96950597,0.9676513,0.9616726,0.96551025,0.96434236,0.964581,0.9872767,0.97259134,0.976112,0.9611111,0.9672342,0.9586574,0.94694376,0.9648477,0.9658387,0.9614297,0.9589324,0.9450545,0.9749006,0.9353287,0.9737844,0.96856594,0.9681829,0.95162845,0.9597199,0.96576595,0.9872767,0.9549641,0.9703555,0.96675503,0.9732591
arcticmovie,0.97423965,0.96747136,0.976805,0.96325094,0.96174574,0.9560211,0.9747699,0.96387714,0.98790807,0.96805763,0.96912336,0.97769856,0.97743446,0.9702897,0.9729182,0.97454387,1.0,0.9631307,0.9540486,0.96457577,0.96557057,0.9656516,0.9704054,0.9807589,0.9732903,0.9712322,0.942593,0.9827632,0.9753754,0.96264225,0.95075333,0.9600148,0.96303886,0.9572706,0.96430624,0.9655603,0.9839066,0.9668548,0.9718349,0.955268,0.9634077,0.9724784,0.9673901,0.95679104,0.9798463,0.9727219,0.9654105,0.96265715,0.96870095,0.9700057,0.9818258,0.9727841,0.9764624,0.96685904,0.96988475,0.9672214,0.9671027,0.9864048,0.9588112,0.9767238,0.9532625,0.9680187,0.9755817,0.9610625,0.9598581,0.9778776,0.96627504,0.960919,0.9677429,0.97509146,0.9844574,0.9734197,0.96558,0.97090846,0.98020923,0.970708,0.9740918,0.9666714,0.9445522,0.96747637,0.97996545,0.97285503,0.95969397,0.9622762,0.9771225,0.95019984,0.9750561,0.9785564,0.9610979,0.9686798,0.96298456,0.9844574,0.95906997,0.9493315,0.98202264,0.96333236,0.9799669,0.97448933,0.95571893,0.974182,0.9793832,0.955264,0.9662754,0.97222865,0.9595998,0.9816844,0.97738415,0.97344565,0.9694316,0.9770671,0.97023845,0.97205055,0.97061473,0.9723288,0.9682055,0.97264045,0.97928435,0.9730517,0.9837496,0.9727078,0.96360916,0.96619374,0.9785463,0.9538167,0.9585979,0.9631802,0.9574447,0.970228,0.97083336,0.9673479,0.95284617,0.9669645,0.9869316,0.9665747,0.97489065,0.9643772,0.9699299,0.9692595,0.9823614,0.9707933,0.98790807,0.9652912,0.9769108,0.9664603,0.97418004,0.9588308,0.96250653,0.97083664,0.9708121,0.97939724,0.9618352,0.96519196,0.97916126,0.95323336,0.97202003,0.97334486,0.9774055,0.97256225,0.9558141,0.96401465,0.98790807,0.9528099,0.9722351,0.971013,0.97775376
artofracingmovie,0.96321607,0.9555036,0.9776586,0.952664,0.9784129,0.9621446,0.9709792,0.967304,0.9820001,0.9603805,0.95485425,0.9634872,0.9662652,0.9614142,0.96822655,0.9686992,0.9631307,1.0000001,0.95324886,0.97387034,0.96862346,0.96322095,0.9749394,0.9595605,0.96997094,0.96485615,0.95030063,0.9661983,0.962224,0.9661485,0.9565407,0.9442529,0.9607228,0.9441406,0.96821785,0.9600761,0.9736999,0.9657547,0.96964836,0.9568306,0.9601393,0.95426834,0.9585193,0.94991434,0.97227865,0.96559036,0.9757436,0.96084803,0.9561685,0.95694906,0.9728436,0.95511526,0.9705078,0.9640435,0.97324175,0.972486,0.95750624,0.97091204,0.969666,0.9708047,0.9382271,0.96126646,0.967521,0.9577431,0.955833,0.9631407,0.9625892,0.9545999,0.94560033,0.9703078,0.9803631,0.9581149,0.96100116,0.96031207,0.97070396,0.9682718,0.9624122,0.9552031,0.9676644,0.9806652,0.9593911,0.9530688,0.95843613,0.964124,0.9676375,0.964356,0.9788112,0.9650609,0.9585572,0.9690274,0.9635054,0.9803631,0.95214367,0.9716252,0.9783749,0.9633382,0.96503496,0.9739536,0.95563185,0.95923865,0.9581645,0.9728497,0.95958793,0.97726136,0.9312679,0.9710995,0.97323054,0.96622294,0.9600661,0.95411915,0.9717177,0.9698056,0.97390205,0.9707355,0.95928824,0.9737101,0.9695345,0.96907884,0.96956414,0.9641289,0.97000927,0.9614167,0.9734782,0.94626844,0.96339345,0.96952444,0.9674144,0.9630632,0.96043587,0.95520145,0.9647936,0.96798855,0.9754149,0.9560348,0.9749738,0.96405286,0.9543557,0.9370051,0.9681079,0.97111607,0.9820001,0.9573825,0.9534852,0.9570926,0.9584639,0.95246613,0.9569682,0.97009945,0.9654459,0.954027,0.9641055,0.97041255,0.97604066,0.94726604,0.956519,0.9725594,0.96566164,0.97207236,0.96480435,0.96296376,0.9820001,0.9676726,0.97550255,0.97584444,0.96369493
avengers,0.9792077,0.9770661,0.9697112,0.9412417,0.9555768,0.9578273,0.9718934,0.9611918,0.9750629,0.9467864,0.9609664,0.9583521,0.96580553,0.9570274,0.9693998,0.96569335,0.9540486,0.95324886,0.9999998,0.9575785,0.97597337,0.9701713,0.9457304,0.97068,0.9558672,0.9263453,0.95472705,0.9415197,0.97338986,0.9601234,0.97903675,0.9595529,0.9518981,0.96817195,0.9652568,0.9410809,0.95480347,0.94826525,0.948479,0.94524765,0.9558522,0.95582896,0.9683629,0.9524954,0.9562591,0.9442408,0.9388819,0.96168035,0.9381952,0.9590569,0.9762932,0.95548266,0.9504584,0.9368178,0.9622204,0.9670093,0.96116227,0.96961766,0.97290605,0.95131713,0.9577459,0.95178276,0.9442136,0.9702234,0.95801544,0.95125085,0.9451855,0.9660953,0.96400815,0.9493626,0.9640333,0.95992893,0.9661095,0.9460534,0.9621759,0.9470676,0.94048464,0.9647862,0.9520962,0.9686268,0.9676951,0.940778,0.97013116,0.9711114,0.94903,0.9675204,0.9630995,0.9624533,0.94268245,0.97101045,0.97212285,0.9640333,0.92611474,0.946559,0.9618598,0.94329035,0.9625875,0.9674991,0.9594388,0.91996974,0.9375757,0.95278054,0.9442605,0.9507289,0.95112705,0.9735515,0.97058505,0.9538934,0.9591832,0.9530934,0.9565525,0.9677306,0.9671384,0.9510504,0.96408314,0.96894354,0.96249497,0.95380926,0.9562779,0.9745291,0.97061116,0.9642531,0.96570367,0.9573013,0.9737476,0.9698864,0.94559175,0.9797201,0.9485284,0.96898586,0.97444755,0.9415202,0.9560012,0.94189394,0.96995217,0.96316266,0.93936205,0.9406486,0.95383316,0.9588702,0.9750629,0.96312827,0.9460184,0.9691623,0.9617892,0.9554809,0.9328901,0.9644369,0.96481025,0.94428915,0.95168465,0.9454839,0.96141577,0.9459287,0.960001,0.9620091,0.9428306,0.9490098,0.9448255,0.96306366,0.9750629,0.95194346,0.9715024,0.95655185,0.97655016
beachbummovie,0.9658448,0.9537987,0.9779227,0.9677888,0.9707671,0.9597294,0.9670876,0.9720525,0.97972685,0.96823364,0.959458,0.9738879,0.97410023,0.95652246,0.9753217,0.95331126,0.96457577,0.97387034,0.9575785,0.99999994,0.967395,0.9708187,0.96401906,0.9658379,0.962839,0.96012735,0.96442044,0.9677129,0.9707958,0.97823185,0.9470027,0.9452035,0.97127914,0.9604918,0.96970224,0.9709383,0.97191775,0.9699039,0.9727475,0.9654785,0.97679675,0.96306646,0.9673805,0.964998,0.97912157,0.98011565,0.959089,0.96584034,0.96834666,0.96960324,0.97357696,0.9611048,0.9730102,0.9542681,0.9801374,0.96828705,0.9694127,0.9695988,0.96814746,0.963372,0.9527697,0.96246743,0.97279096,0.9665868,0.95961195,0.96903867,0.9756082,0.9487999,0.958275,0.9799973,0.9758569,0.98281795,0.96172506,0.961829,0.9630496,0.9721156,0.96954525,0.96057487,0.969575,0.9712238,0.95856196,0.9535632,0.96784866,0.9697601,0.9711227,0.95298254,0.9686468,0.9739612,0.957254,0.96551406,0.9649834,0.9758569,0.95706207,0.96152186,0.9744151,0.9783538,0.96438366,0.9826856,0.96223015,0.94384456,0.956299,0.98455155,0.9655768,0.96867424,0.93578595,0.9744076,0.9680882,0.9628791,0.9658223,0.95049965,0.9675177,0.97990584,0.9715772,0.97805923,0.97495353,0.9781294,0.9665683,0.9644203,0.9721398,0.9705578,0.9697694,0.9606318,0.97333765,0.9517935,0.9672514,0.97009563,0.9668979,0.957581,0.96230984,0.95802045,0.9662695,0.95314384,0.9712503,0.9525507,0.97218096,0.9677903,0.95669824,0.94190425,0.9736436,0.97360533,0.97972685,0.9679862,0.9488001,0.96323,0.9657896,0.964733,0.96388257,0.9601378,0.9682669,0.9623066,0.96878934,0.9765357,0.9742306,0.96643937,0.94257796,0.9668958,0.962514,0.9724969,0.96158427,0.9680795,0.97972685,0.96344274,0.9744148,0.9757585,0.96447307
bernadettefilm,0.9838056,0.97904193,0.97423744,0.9667791,0.9622675,0.96118104,0.9849724,0.970314,0.9868158,0.9501754,0.98135364,0.9653909,0.98084706,0.9693774,0.9693206,0.9794713,0.96557057,0.96862346,0.97597337,0.967395,1.0000004,0.97493356,0.9565707,0.9658235,0.9645178,0.95129603,0.95455676,0.961417,0.978901,0.97368956,0.9655794,0.9711583,0.95392287,0.9599622,0.9729296,0.9620094,0.97269595,0.96796775,0.9698742,0.9564532,0.9546365,0.9698253,0.9705745,0.9674339,0.96458536,0.9627458,0.95456445,0.95953447,0.95782936,0.97174436,0.9813317,0.9677574,0.96842724,0.969217,0.97043025,0.9660999,0.95701987,0.9808173,0.9744608,0.96386075,0.9672328,0.9682156,0.9646571,0.9712706,0.9625293,0.96922207,0.96070445,0.97577906,0.9645298,0.96599895,0.97129774,0.9686237,0.9577003,0.96588516,0.97361314,0.9590454,0.95892054,0.957768,0.956043,0.9793744,0.98162806,0.96568304,0.9781803,0.97264075,0.9718197,0.9636473,0.9732042,0.97512233,0.9529155,0.9771654,0.9717631,0.97129774,0.9468746,0.9530935,0.9719822,0.9633784,0.9708229,0.9731373,0.96235245,0.94272906,0.94997525,0.9696043,0.96381205,0.9595398,0.9507593,0.9795269,0.9769226,0.965605,0.97210383,0.96250457,0.9689058,0.96929896,0.96910995,0.9635502,0.983926,0.9737973,0.9805008,0.9639495,0.97752553,0.97858995,0.9800883,0.97708476,0.9802558,0.94811404,0.9728366,0.9719144,0.96711373,0.97845346,0.9670716,0.96155906,0.97861105,0.96018547,0.96518403,0.9573011,0.967104,0.974362,0.9709145,0.95152855,0.96674454,0.9618454,0.9868158,0.97763735,0.9559268,0.9708943,0.9729775,0.9755224,0.9627524,0.9727337,0.9746682,0.96000427,0.97193235,0.9543257,0.9684921,0.9606105,0.95976835,0.96564007,0.95378083,0.9537961,0.96304965,0.9721741,0.9868158,0.96544707,0.967136,0.961624,0.97321105
