movie,21bridgesmovie,47metersdown,abeautifuldaymovie,abominablemovie,adastramovie,adogsjourneymovie,aftermathmovie,aftermovie,ahiddenlifefilm,alitamovie,angelhasfallen,angrybirdsmovie,annabellemovie,annamovie,apollo11movie,arcticdogsmovie,arcticmovie,artofracingmovie,avengers,beachbummovie,bernadettefilm,blackandbluemovie,blackchristmas,blindedbythelightmovie,bombshellmovie,booksmart,breakthroughmovie,brianbanksmovie,brightburnmovie,brittanyrunsmov,captainmarvelofficial,captivestatemovie,catsmovie,charliesangels,childsplaymovie,clarathefilm,coldpursuitmovie,countdown,currentwarmovie,darkwatersmovie,detectivepikachumovie,disneyaladdin,disneyfrozen,disneymaleficent,doctorsleepmovie,dolemiteismyname,dontletgomovie,doramovie,downtonabbey_official,dumbo,escaperoom,everybodyknowsmovie,fastandfuriousmovie,fightingwmyfam,fivefeetapartfilm,fordvferrari,freaksthefilm,geminimanmovie,glassmovie,gloriabellmovie,godzillamovie,goldfinchmovie,goodboysmovie,goodliarmovie,gretafilm,halathemovie,happydeathdaymovie,harrietfilm,hellboymovie,hersmellmovie,highlifemovie,highstrungmovie,honeyboymovie,hotelmumbaifilm,httydragon,hustlemovie,hustlersmovie,isntitromantic,itmovieofficial,jayandsilentbob,johnwickmovie,jojorabbitmovie,jokermovie,judythefilm,jumanjimovie,justmercyfilm,knivesout,lalloronamovie,lastblackmansf,lastchristmasthemovie,latenightmovie,lighthousemovie,lionking,littlethemovie,littlewomenmovie,littlewoodsfilm,longshotmovie,lordsofchaosmovie,lucyintheskyfilm,mamovie2019,marriagestory,meettheaddams,meninblack,midsommarmovie,midwaymovie,missbalamovie,missinglinkfilm,motherlessbklyn,onceinhollywood,onthebasisofsex,overcomermovie,peanutbutterfalcon,petsematarymovie,piercingmovie,playingwithfire,playmobilthemovie,pomsmovie,queenandslim,rambomovie,readyornotfilm,richardjewellfilm,rocketmanmovie,scarystoriesmovie,secretlifeofpets,serenityfilm,shaftmovie,shazammovie,spidermanmovie,spiesindisguise,starwars,stormboymovie,stubermovie,taosdfilm,teenspiritmov,terminator,theaeronautsmov,thebestofenemies,thedeaddontdie,thefarewell,thehighwaymen,thehummingbirdprojectfilm,theintrudermovie,theirishmanfilm,thekitchenmovie,thelegomovie,themustangfilm,thenightingalefilm,theprodigymovie,thesunisalsoastar,theupsidefilm,tolkienmovie,toystory,triplefrontier,uglydolls,uncutgems,underthesilverlake,usmovie,wavesmovie,whatmenwant,wonderparkmovie,wrinklestheclown,xmenmovies,yardiefilm,yesterdaymovie,zombieland
21bridgesmovie,0.99999994,0.9639529,0.9827459,0.978209,0.973999,0.9688622,0.9867532,0.98879766,0.99137753,0.9859386,0.9764168,0.96659887,0.98558015,0.9744969,0.9850914,0.9846362,0.98779243,0.9717415,0.9888208,0.98220116,0.9819838,0.97030073,0.97923535,0.99020714,0.98397106,0.948434,0.9480917,0.96546185,0.9806946,0.9832819,0.98151374,0.99119425,0.9586229,0.96816367,0.9569243,0.9505363,0.9812097,0.97855437,0.97979903,0.9749851,0.9750252,0.9884845,0.98358095,0.9843732,0.9872726,0.97949183,0.97537774,0.97469443,0.98531294,0.99107826,0.982256,0.98986673,0.98728144,0.9742899,0.9784122,0.98532206,0.97514695,0.9820505,0.9814919,0.97717583,0.9775473,0.96069354,0.9731125,0.9728492,0.9848216,0.96719575,0.9722911,0.9790847,0.9864337,0.9586952,0.98246515,0.9377271,0.9802037,0.9801349,0.96115875,0.9422708,0.9355843,0.96429336,0.97331107,0.96486,0.9770861,0.9527926,0.98447824,0.9613808,0.97957605,0.9832026,0.9481796,0.9783337,0.9746635,0.98976177,0.9739671,0.98246515,0.9715932,0.97536504,0.9800096,0.9822571,0.9821722,0.96416897,0.98032004,0.9752123,0.9645574,0.984138,0.9721543,0.9734464,0.9704993,0.97712094,0.9908223,0.97879356,0.98555064,0.9913197,0.9866364,0.9517273,0.9841828,0.9337616,0.9821702,0.982553,0.9901887,0.9727498,0.98668104,0.9838958,0.9889678,0.9858012,0.9855768,0.9705718,0.9766016,0.98686796,0.98029613,0.9733552,0.96743935,0.9793725,0.98975676,0.98580223,0.97860944,0.9488066,0.9838203,0.9902239,0.98181623,0.97740346,0.9834417,0.9748141,0.99137753,0.9719096,0.967481,0.9716646,0.96413404,0.9811678,0.9457053,0.95636517,0.982118,0.9704076,0.9725382,0.99287605,0.98820055,0.95589834,0.9399271,0.98592854,0.96606743,0.9706878,0.9893924,0.9888798,0.99137753,0.9861523,0.9825894,0.9767697,0.9806358
47metersdown,0.9639529,0.9999999,0.99016196,0.9732238,0.99659467,0.97202677,0.9808922,0.9645698,0.9820727,0.98164994,0.9789507,0.966768,0.9760337,0.96136236,0.9836986,0.98935735,0.97602767,0.9841154,0.9323613,0.9823356,0.9607876,0.9950787,0.97762835,0.97817993,0.9491702,0.92918175,0.9854429,0.9755851,0.9909763,0.9833409,0.97562486,0.9768802,0.9870979,0.98859155,0.9896651,0.9821339,0.983921,0.9876345,0.9743863,0.9798116,0.9636882,0.9862389,0.9432341,0.9516354,0.9816267,0.98908406,0.9768264,0.9504757,0.97887564,0.9609336,0.9832873,0.97892225,0.9510177,0.9837896,0.9563454,0.98992145,0.9864664,0.9888981,0.95828444,0.99418736,0.9831097,0.9551142,0.9654282,0.9685236,0.9654156,0.99664754,0.9836997,0.9855638,0.9691828,0.9464853,0.9939206,0.954558,0.9804301,0.9830875,0.9653349,0.94808143,0.9607985,0.9898477,0.9621853,0.93613935,0.98455244,0.9861246,0.976377,0.94654167,0.971223,0.96819395,0.9746484,0.9480505,0.99351466,0.9724381,0.98070437,0.9939206,0.9811207,0.97603565,0.9854384,0.98329073,0.96591586,0.9630056,0.9835337,0.9753802,0.9902075,0.9663102,0.98787916,0.98889476,0.9717661,0.98531705,0.9853267,0.986379,0.97619236,0.96655285,0.9814608,0.9878612,0.9885829,0.98188263,0.9786474,0.98869926,0.9864972,0.9857033,0.97149956,0.988007,0.98638576,0.9837329,0.97794414,0.97341615,0.9901408,0.9762697,0.9677671,0.9755457,0.987864,0.96248204,0.9785438,0.99177396,0.9708965,0.9312332,0.99340886,0.97589314,0.97599524,0.98667765,0.98742396,0.986739,0.9820727,0.9915827,0.9954373,0.9812275,0.9757146,0.9834159,0.9794965,0.9893132,0.97585726,0.9641899,0.9584782,0.97251254,0.9682765,0.94764847,0.9795846,0.9920469,0.9724392,0.99198914,0.9801281,0.97351557,0.9820727,0.9779315,0.98124355,0.97305113,0.9776575
abeautifuldaymovie,0.9827459,0.99016196,1.0000001,0.98431885,0.9934203,0.9841532,0.995593,0.98193324,0.99532217,0.9950204,0.99151367,0.9845665,0.9901124,0.9765568,0.99392605,0.99807715,0.9922316,0.9802484,0.9606809,0.9944975,0.9798339,0.99103653,0.9891199,0.9936794,0.9685023,0.95273554,0.9712111,0.9842775,0.9978683,0.99434686,0.99175006,0.989531,0.98397225,0.9906164,0.98618585,0.98383737,0.9923823,0.9930907,0.9906955,0.9901541,0.97744155,0.9915207,0.9653009,0.97449076,0.9903601,0.9882882,0.9893071,0.9758988,0.99048567,0.97675294,0.99326557,0.9928018,0.97548354,0.9933615,0.9768059,0.99768144,0.99087983,0.9901649,0.9801797,0.9937635,0.9907916,0.97672474,0.9813463,0.9788614,0.9808839,0.9924412,0.98931587,0.9925651,0.9893221,0.96804684,0.99476415,0.96658295,0.9946985,0.9913393,0.9798965,0.9672117,0.9665094,0.99329305,0.9820444,0.97104305,0.9904659,0.98843086,0.9887326,0.96537465,0.9900051,0.98675215,0.9776215,0.96809983,0.9903021,0.9860023,0.98107374,0.99476415,0.9886256,0.98745984,0.9951179,0.9936406,0.98931473,0.9863553,0.9929766,0.98957425,0.9920518,0.9852737,0.99009955,0.98879445,0.9850833,0.9917939,0.99228096,0.98975897,0.99136555,0.9849783,0.9960665,0.9867502,0.99320257,0.97647434,0.9886095,0.99545753,0.99732554,0.98891413,0.9877935,0.99743223,0.98936987,0.9944141,0.9898028,0.9789757,0.9953285,0.9902881,0.98502725,0.9897315,0.9889477,0.9763843,0.9937363,0.99695534,0.9856655,0.95915407,0.9982783,0.9889908,0.98915416,0.9928028,0.9913,0.99127114,0.99532217,0.9922406,0.99225414,0.97963876,0.98031807,0.99004793,0.98461795,0.9858904,0.98054457,0.9775277,0.9832813,0.98424786,0.9885367,0.9660354,0.97442466,0.9955361,0.9833902,0.9930843,0.9949795,0.99046266,0.99532217,0.98990786,0.9903711,0.9864895,0.98654443
abominablemovie,0.978209,0.9732238,0.98431885,1.0,0.97610235,0.9653841,0.97475106,0.97009933,0.9840313,0.9907338,0.985956,0.96900773,0.97530526,0.97616905,0.9721488,0.98174304,0.9917056,0.9531579,0.9680417,0.9827136,0.95206314,0.97653323,0.9784283,0.98251396,0.9680693,0.947319,0.9517424,0.98148644,0.981638,0.9848893,0.98299694,0.9869028,0.9822502,0.9724579,0.9830454,0.9853991,0.9822584,0.98488927,0.98602825,0.97868127,0.9752153,0.9815497,0.9592121,0.96325874,0.9788675,0.9836235,0.97520506,0.9721074,0.97102314,0.96935326,0.97437626,0.9765258,0.9678325,0.96873045,0.9931453,0.9870563,0.9836797,0.96712005,0.97605693,0.98605907,0.9809513,0.9804182,0.9706641,0.9771472,0.958271,0.97561526,0.95927775,0.9750578,0.98261464,0.9806758,0.987037,0.969909,0.99008185,0.9900514,0.9777629,0.9582067,0.97193,0.97918594,0.97059673,0.9756719,0.9781714,0.9672771,0.9700076,0.9726565,0.9863948,0.976204,0.98468685,0.95123684,0.9847288,0.9760976,0.9759323,0.987037,0.9756027,0.9762645,0.97318864,0.9900702,0.98095495,0.97637343,0.9756184,0.9694777,0.98582685,0.96810716,0.9855067,0.97448057,0.9944562,0.9709325,0.9781316,0.97755075,0.9857114,0.9780114,0.9810152,0.9792876,0.98295283,0.9690925,0.9762476,0.9918002,0.98653316,0.9778226,0.9821525,0.98048407,0.9681721,0.97862875,0.9948233,0.9787493,0.9805792,0.9773417,0.96994025,0.9847437,0.96873474,0.9737406,0.9756282,0.9819536,0.98178357,0.95689535,0.98573494,0.98360986,0.9649223,0.987732,0.9923779,0.9851184,0.9840313,0.97156554,0.97971886,0.97441304,0.9577663,0.96978027,0.97257924,0.985626,0.96913975,0.97107154,0.96735346,0.97367114,0.98496693,0.96197325,0.9772006,0.9772508,0.9723995,0.9821268,0.9836388,0.98323417,0.9840313,0.9859854,0.975785,0.9716706,0.98028463
adastramovie,0.973999,0.99659467,0.9934203,0.97610235,0.9999999,0.9737434,0.98464626,0.96721864,0.9846778,0.9861921,0.9823958,0.96936035,0.9784218,0.9582277,0.98516655,0.99266714,0.9793375,0.9888298,0.9389901,0.9847578,0.96597433,0.9942658,0.97787714,0.9825421,0.9559305,0.9340259,0.98579407,0.9750756,0.9932918,0.98355484,0.9767751,0.9774309,0.9782027,0.992515,0.9844803,0.97738564,0.98371774,0.992605,0.9735128,0.97928685,0.961103,0.99453217,0.9546385,0.9587032,0.98729,0.9874175,0.9766206,0.9557526,0.98267794,0.9706847,0.9860309,0.9825506,0.96188056,0.98372626,0.95965976,0.99423224,0.9864235,0.9943915,0.9601911,0.99429196,0.9804862,0.95389754,0.96670496,0.9626476,0.96846974,0.9960729,0.98594517,0.98942244,0.9779282,0.94746536,0.99526024,0.9528,0.98143905,0.98195744,0.9664302,0.9549852,0.9586443,0.9874452,0.9604315,0.9417938,0.98724824,0.983904,0.9766755,0.9509231,0.9741481,0.9738881,0.97312933,0.95473623,0.9953291,0.9818868,0.9790719,0.99526024,0.9814443,0.9834771,0.98689866,0.9820852,0.97321755,0.962999,0.98450434,0.9762537,0.9872478,0.97133195,0.98378867,0.98738664,0.9692296,0.9861466,0.98761994,0.984144,0.97733855,0.96934146,0.9844189,0.98501897,0.9899685,0.97686124,0.9756749,0.9941924,0.99195755,0.98524994,0.97227067,0.9894745,0.9900937,0.9879964,0.97936404,0.9737563,0.98994625,0.98384523,0.97160345,0.97576696,0.9946069,0.9661066,0.98411465,0.99587137,0.9714251,0.9332674,0.99579746,0.97899634,0.9825364,0.98457915,0.98966795,0.98508304,0.9846778,0.9917266,0.9912645,0.9746366,0.98082066,0.98709273,0.97289354,0.98347104,0.9726072,0.96112233,0.958901,0.98054904,0.9707519,0.9469638,0.9747754,0.99474627,0.97150594,0.99382764,0.9854984,0.97464997,0.9846778,0.9789155,0.97976506,0.973248,0.9765655
adogsjourneymovie,0.9688622,0.97202677,0.9841532,0.9653841,0.9737434,1.0000001,0.9801214,0.96683186,0.98334783,0.9801315,0.99149,0.9962251,0.9935313,0.96125,0.9846172,0.9825196,0.97897166,0.980411,0.9519206,0.9808656,0.9737274,0.9792486,0.9758789,0.9897147,0.97259,0.9873723,0.96659833,0.9483689,0.9777669,0.9743683,0.96849227,0.9737036,0.9632851,0.9753039,0.97847164,0.97281736,0.97168803,0.9799752,0.97063273,0.962949,0.9867696,0.9786606,0.9559862,0.9821176,0.9719952,0.985694,0.97638035,0.9909166,0.96575034,0.9782372,0.977839,0.9693449,0.9837834,0.9753217,0.9723185,0.9878422,0.9877857,0.971089,0.95062226,0.9665387,0.9766513,0.94628465,0.99520373,0.968462,0.9586879,0.98241836,0.9816229,0.96148384,0.9909913,0.9797301,0.9712293,0.9814365,0.9888068,0.9639439,0.98985595,0.98552984,0.9795337,0.97643125,0.96051514,0.9679384,0.9912496,0.9580367,0.9915252,0.98619765,0.9872501,0.98607576,0.94271404,0.9746308,0.9662546,0.984145,0.9405029,0.9712293,0.9923496,0.9929064,0.98116434,0.9764094,0.98767155,0.96844345,0.9919506,0.98480034,0.9866689,0.9934562,0.96237934,0.9551549,0.9684812,0.9771014,0.98098177,0.9869863,0.98451304,0.970548,0.9900156,0.9813636,0.9659822,0.96868366,0.9891461,0.97746986,0.9759362,0.9814323,0.9813613,0.9765882,0.9729025,0.99202484,0.97010237,0.9896211,0.96772265,0.98752946,0.99143153,0.969444,0.9783107,0.9700699,0.9785525,0.9871122,0.9583239,0.9752088,0.9867185,0.967974,0.98159665,0.97246224,0.9706058,0.98412305,0.98334783,0.9711842,0.982019,0.97463715,0.99091613,0.9567378,0.96933645,0.9724949,0.9743426,0.9675041,0.9660914,0.96905786,0.9839437,0.99208736,0.9473569,0.97432715,0.98641866,0.9744137,0.9858159,0.987288,0.98334783,0.98638403,0.9841395,0.9774877,0.9772379
aftermathmovie,0.9867532,0.9808922,0.995593,0.97475106,0.98464626,0.9801214,1.0,0.9925128,0.9972361,0.98899,0.98254514,0.9806437,0.99246067,0.98424953,0.9985641,0.99717695,0.9925077,0.9759727,0.9699107,0.9964858,0.9900465,0.98143625,0.9936963,0.995371,0.97276986,0.9498383,0.95492804,0.9778878,0.99533,0.99497736,0.9931315,0.9914666,0.9784647,0.9782383,0.97311646,0.9693174,0.9953236,0.9823431,0.99069387,0.99148786,0.9791709,0.98594934,0.97573006,0.9831457,0.9935665,0.9799176,0.9939701,0.9750057,0.9967431,0.9809737,0.995955,0.99771345,0.9772149,0.99619204,0.9696613,0.99258846,0.98040044,0.98751515,0.9871467,0.9871805,0.9925869,0.9767777,0.98109114,0.98413783,0.9897883,0.98134625,0.9859672,0.9900588,0.98408985,0.95975155,0.99020654,0.9539417,0.99074024,0.98886174,0.97389406,0.9535875,0.94954294,0.9825289,0.987128,0.9686076,0.9819058,0.98291415,0.99199533,0.95689267,0.9887303,0.9833726,0.9611678,0.9783689,0.97911847,0.9848712,0.9805779,0.99020654,0.98267776,0.9784302,0.99814975,0.99247056,0.9860822,0.98566985,0.9939271,0.99352086,0.9809321,0.98902315,0.98612314,0.98889625,0.97893226,0.9940068,0.99555945,0.98731285,0.9875812,0.9918363,0.9955144,0.9717256,0.993452,0.9584721,0.9905418,0.98559296,0.9962146,0.98664194,0.991442,0.9981085,0.99079376,0.99236965,0.9850596,0.97332424,0.9931673,0.9902907,0.98814034,0.9888686,0.9760851,0.98016113,0.99733543,0.99288803,0.9861011,0.9594848,0.9923624,0.9937413,0.9930705,0.9856803,0.98701394,0.9815852,0.9972361,0.98887503,0.9816171,0.9728303,0.97326857,0.9923036,0.9769773,0.9730795,0.98540235,0.98481107,0.9908914,0.9867085,0.9878576,0.9628272,0.9551983,0.99476606,0.9848991,0.9867359,0.9935903,0.9925795,0.9972361,0.9907779,0.9935394,0.9939158,0.98774433
aftermovie,0.98879766,0.9645698,0.98193324,0.97009933,0.96721864,0.96683186,0.9925128,1.0,0.994677,0.9832418,0.9725336,0.96631944,0.9889555,0.9935044,0.9924316,0.988202,0.98999155,0.9620203,0.98536104,0.9894266,0.98366106,0.961731,0.9907912,0.99111944,0.98383206,0.9426081,0.93616074,0.96393967,0.9808939,0.9894825,0.9916318,0.99365824,0.97308904,0.95285714,0.95550466,0.94998777,0.99232024,0.96303034,0.9851252,0.98083466,0.9813449,0.97404677,0.98431534,0.98645645,0.9900342,0.9719293,0.9888097,0.97213715,0.9901897,0.9838442,0.98393255,0.9943652,0.9788405,0.98743814,0.97029746,0.98096734,0.9709588,0.972182,0.98912555,0.9755982,0.991888,0.9727932,0.9767872,0.9907468,0.99314195,0.9646296,0.972663,0.975222,0.9743993,0.9565822,0.98010874,0.9358499,0.98150325,0.98259246,0.96244216,0.9278854,0.9307058,0.96188456,0.9832686,0.9670021,0.9681158,0.9603102,0.9895293,0.9491887,0.9796516,0.9803192,0.9432289,0.98643184,0.9627235,0.9820869,0.97902143,0.98010874,0.964611,0.9598888,0.9882992,0.98603714,0.979698,0.9769138,0.9849371,0.9852217,0.9656932,0.986069,0.9775645,0.9807858,0.97456765,0.98137134,0.99180704,0.98133403,0.9840543,0.9939587,0.9893802,0.9489111,0.986168,0.93044305,0.9876332,0.971394,0.98731,0.9748045,0.99441004,0.9886939,0.98425454,0.9792009,0.9849926,0.96940714,0.9830071,0.9851333,0.9853161,0.97821206,0.9505239,0.98393106,0.98846066,0.98058677,0.9806581,0.9462759,0.9790391,0.9956408,0.9810534,0.974998,0.9810013,0.96857244,0.994677,0.9700123,0.96789926,0.9694058,0.9598226,0.9842965,0.95615196,0.9565627,0.989678,0.9856268,0.98721635,0.98777205,0.98532605,0.9564715,0.9308482,0.98564285,0.9769004,0.9690762,0.98171186,0.99037004,0.994677,0.991115,0.9936807,0.9897678,0.98186
ahiddenlifefilm,0.99137753,0.9820727,0.99532217,0.9840313,0.9846778,0.98334783,0.9972361,0.994677,1.0,0.9948884,0.9893952,0.9820501,0.99565446,0.98919743,0.9970743,0.99698544,0.99650306,0.97752774,0.9800087,0.9956632,0.9862151,0.9820466,0.99314725,0.9978556,0.9832528,0.9578979,0.9603651,0.9778213,0.9926667,0.99637496,0.995008,0.9968413,0.98341954,0.97715247,0.97728044,0.97322273,0.99554294,0.9844553,0.9925303,0.98846215,0.98801124,0.98836946,0.9781395,0.98616606,0.99352527,0.9883613,0.99184024,0.98276126,0.9921191,0.9865206,0.9915781,0.9966608,0.98481655,0.992472,0.98222744,0.9947958,0.988806,0.98546815,0.98755544,0.9890711,0.9954748,0.9774888,0.98635906,0.9896925,0.9900482,0.9840995,0.9864855,0.98688656,0.98910195,0.97214675,0.99157476,0.9598743,0.99421436,0.9910123,0.97834426,0.9564367,0.95781136,0.9826376,0.98653746,0.9758615,0.98604333,0.9759061,0.9953874,0.9674819,0.9906687,0.9909017,0.96550673,0.9824088,0.9819817,0.9902867,0.98239595,0.99157476,0.9836194,0.98127633,0.9945497,0.99461424,0.9911373,0.9850118,0.9939409,0.9907722,0.9854759,0.9922863,0.98743594,0.98713845,0.98609424,0.98930764,0.996651,0.9913337,0.9946564,0.99363095,0.99825805,0.97424394,0.993014,0.9592598,0.99466544,0.9892197,0.99611485,0.9861974,0.99643654,0.99650294,0.9911322,0.99297684,0.9933409,0.98255455,0.9923512,0.9929869,0.99082804,0.9871592,0.9753265,0.9844798,0.995269,0.99396986,0.98769546,0.960276,0.9941352,0.996514,0.98810965,0.98963594,0.9908419,0.98771363,1.0,0.9841945,0.98624843,0.98247916,0.9769972,0.98917717,0.97455144,0.9772094,0.9903711,0.9848783,0.9882697,0.9901871,0.99401283,0.97087264,0.9585109,0.9940247,0.98516506,0.98516065,0.9939963,0.99677175,1.0,0.99676734,0.99738556,0.9914411,0.9889379
alitamovie,0.9859386,0.98164994,0.9950204,0.9907338,0.9861921,0.9801315,0.98899,0.9832418,0.9948884,0.9999998,0.99543166,0.98049235,0.98896426,0.98029095,0.98701954,0.9939781,0.99347323,0.97282034,0.97233665,0.9893718,0.9697949,0.98049927,0.9844551,0.992694,0.98068273,0.9558594,0.96779954,0.97816867,0.98879623,0.9912234,0.99334073,0.99190104,0.9818665,0.9802533,0.98019236,0.9787908,0.9886264,0.9872117,0.9884228,0.9804108,0.9806026,0.9882659,0.9698582,0.9758268,0.98700804,0.9882446,0.98287076,0.98158824,0.9813024,0.9806384,0.98177093,0.98886293,0.9837349,0.9858218,0.98841816,0.99467087,0.9942974,0.97995156,0.9794835,0.98898584,0.9902448,0.9765686,0.9822939,0.9807743,0.98041505,0.9877164,0.98430014,0.98331815,0.9918586,0.9781366,0.9895928,0.9642754,0.9933343,0.9883435,0.9787122,0.96303993,0.9663986,0.98499614,0.9773256,0.9813862,0.98810005,0.9731123,0.9871345,0.97096187,0.98703253,0.9941006,0.9763669,0.97284716,0.9846678,0.99008495,0.9788559,0.9895928,0.9789453,0.98321396,0.98606855,0.9900003,0.99445754,0.98487043,0.9864991,0.981933,0.9889826,0.9853819,0.98469734,0.98061377,0.9885791,0.9792036,0.9873479,0.98699456,0.99575704,0.9838752,0.9958435,0.97955096,0.9868553,0.96547407,0.9857924,0.9940785,0.9933287,0.9801135,0.9908941,0.99073416,0.98338205,0.98744357,0.996796,0.98234934,0.98956466,0.99096304,0.9850097,0.98274225,0.9798151,0.979467,0.9865375,0.99168074,0.9827371,0.951957,0.9933182,0.9893577,0.97856534,0.99019235,0.99005586,0.9892713,0.9948884,0.9776287,0.9890287,0.9810409,0.97899646,0.9829233,0.97268146,0.98027545,0.97995496,0.97266674,0.97860044,0.9868929,0.9916,0.9677379,0.9669604,0.9892866,0.9770559,0.9831467,0.9891475,0.99010056,0.9948884,0.9924054,0.99026144,0.9784294,0.9802071
angelhasfallen,0.9764168,0.9789507,0.99151367,0.985956,0.9823958,0.99149,0.98254514,0.9725336,0.9893952,0.99543166,0.99999976,0.9909274,0.9912421,0.97168463,0.98333246,0.98950624,0.98895055,0.9753653,0.9613216,0.9859342,0.9644821,0.9808353,0.9801622,0.99192405,0.97960365,0.9755967,0.97211146,0.9653246,0.9835,0.98329794,0.98305523,0.98334354,0.9767351,0.9795823,0.9848001,0.98303145,0.9806226,0.9866158,0.98037124,0.97020584,0.984968,0.9853278,0.96260554,0.97769666,0.97977835,0.9897178,0.979288,0.9898668,0.96992487,0.97979605,0.97712994,0.976943,0.98605126,0.979558,0.9879545,0.99414057,0.99658245,0.9730871,0.9634869,0.98020166,0.98513603,0.9650839,0.9910544,0.97539914,0.9653894,0.9891424,0.9823769,0.971267,0.9952611,0.9878346,0.9821515,0.981106,0.9945467,0.97782904,0.9900227,0.9810704,0.9832419,0.9834263,0.9664015,0.9815322,0.99290085,0.9661337,0.9877669,0.9853744,0.989557,0.9940169,0.968012,0.97271055,0.9786299,0.9898951,0.9599976,0.9821515,0.9860284,0.991512,0.9820304,0.98444986,0.9957155,0.9798463,0.9889131,0.9822413,0.99362785,0.989085,0.9751897,0.966912,0.9845811,0.9754673,0.98219174,0.9878794,0.9930705,0.9749494,0.9943201,0.9869216,0.97591627,0.9739075,0.98613983,0.9907101,0.98552686,0.981608,0.9873028,0.98296213,0.97493654,0.9891806,0.98869437,0.99134,0.97955877,0.991571,0.9890891,0.9774976,0.9819215,0.9768271,0.97987896,0.99057114,0.97039515,0.96410793,0.9919597,0.97863054,0.9772358,0.9835986,0.9839648,0.9898462,0.9893952,0.97247916,0.98936284,0.97921044,0.98868626,0.9677035,0.9738422,0.9821089,0.9749773,0.96888506,0.9702063,0.978258,0.98915863,0.9834616,0.963918,0.98102003,0.983158,0.9812055,0.98709285,0.9884989,0.9893952,0.99175096,0.98716396,0.9758165,0.97771937
angrybirdsmovie,0.96659887,0.966768,0.9845665,0.96900773,0.96936035,0.9962251,0.9806437,0.96631944,0.9820501,0.98049235,0.9909274,1.0,0.9917578,0.9647833,0.98288876,0.9820947,0.98051304,0.9672693,0.9513583,0.9831517,0.96721745,0.97615796,0.9807485,0.9898467,0.97153157,0.986927,0.95835334,0.9510778,0.9798615,0.97294813,0.97297686,0.97489697,0.96311456,0.9727306,0.9804018,0.9776946,0.97331864,0.97713935,0.974232,0.9650324,0.98151004,0.97479624,0.96094537,0.98361707,0.9713233,0.9786087,0.9822646,0.9899755,0.9682789,0.97569215,0.98066866,0.968918,0.9809644,0.97850496,0.9757821,0.986498,0.9825188,0.96343154,0.9560704,0.9636428,0.97764117,0.9588224,0.9959261,0.9713495,0.9552107,0.9787665,0.97160983,0.9595502,0.9916026,0.9825169,0.97056,0.98675215,0.99118274,0.96748173,0.9947763,0.98672885,0.9825326,0.9778959,0.962903,0.9759029,0.9910773,0.9624282,0.9873031,0.9883075,0.992249,0.98177445,0.9459292,0.97311866,0.9624454,0.9808517,0.9413235,0.97056,0.99121267,0.990366,0.9830166,0.9795022,0.98799443,0.9778064,0.992207,0.99023145,0.98657805,0.9898308,0.9662248,0.9532326,0.9732385,0.9802173,0.9783085,0.98707044,0.98376006,0.9748339,0.98854065,0.9827365,0.9649112,0.9731104,0.9867222,0.9763141,0.97679853,0.98518944,0.98390836,0.97622436,0.96670914,0.98842716,0.97168964,0.98710686,0.96664506,0.98685247,0.9928121,0.97893345,0.97401845,0.97698927,0.9759023,0.9843899,0.95796263,0.9829473,0.984606,0.9664668,0.984457,0.97207683,0.97228956,0.9789416,0.9820501,0.9718062,0.9790821,0.969741,0.9846655,0.95402735,0.974279,0.97533566,0.9728885,0.9759051,0.9710516,0.9693137,0.9841686,0.9923156,0.94930923,0.9724314,0.9898748,0.97399116,0.98493934,0.9873558,0.9820501,0.98543894,0.98037636,0.98042226,0.9822356
annabellemovie,0.98558015,0.9760337,0.9901124,0.97530526,0.9784218,0.9935313,0.99246067,0.9889555,0.99565446,0.98896426,0.9912421,0.9917578,0.99999994,0.9831575,0.9955541,0.9926513,0.99117726,0.98037773,0.97399306,0.992413,0.98329854,0.9790371,0.99113816,0.99866307,0.9878906,0.97737277,0.96262175,0.959479,0.9864229,0.9868324,0.98552334,0.99022186,0.9743625,0.9717959,0.9766195,0.97012275,0.9882529,0.97927433,0.98270154,0.9760989,0.9916633,0.98509246,0.9794435,0.99391097,0.9884131,0.9874424,0.9902655,0.99057126,0.9837671,0.9909665,0.9882527,0.98672116,0.9906375,0.9880925,0.97941333,0.99284333,0.9877683,0.9780401,0.97314614,0.9768506,0.9912142,0.963829,0.9965021,0.98640406,0.9798046,0.9826938,0.9831778,0.97265154,0.992022,0.9776223,0.98281103,0.97005826,0.9929939,0.9786935,0.9871579,0.96774954,0.9670651,0.976066,0.9748447,0.9740515,0.99028254,0.9645193,0.998341,0.9797593,0.99186283,0.9906266,0.9477633,0.9899011,0.97147244,0.99269617,0.9640241,0.98281103,0.9877311,0.98663116,0.99199563,0.9876982,0.99136966,0.97801703,0.9974629,0.99370575,0.9851303,0.9982671,0.9759864,0.9723481,0.97775584,0.98710966,0.99394244,0.99374676,0.99128264,0.9889281,0.99699587,0.97482675,0.98154014,0.9598276,0.99599844,0.98205054,0.98833287,0.98800874,0.9956266,0.9882517,0.98544055,0.99365586,0.9840877,0.990841,0.9802024,0.9957656,0.9982045,0.98082834,0.97340846,0.98731464,0.9889774,0.99234897,0.97250706,0.9699986,0.9908945,0.987037,0.99028176,0.9793988,0.9838373,0.983255,0.99565446,0.9776355,0.9832604,0.97996926,0.98669356,0.974513,0.9690978,0.97330564,0.9902394,0.984618,0.9804952,0.9869456,0.99130946,0.9853475,0.94553375,0.9869073,0.99131346,0.9793659,0.9908155,0.9960333,0.99565446,0.9969344,0.9957729,0.9908334,0.9881953
annamovie,0.9744969,0.96136236,0.9765568,0.97616905,0.9582277,0.96125,0.98424953,0.9935044,0.98919743,0.98029095,0.97168463,0.9647833,0.9831575,1.0,0.9846791,0.9825345,0.99052274,0.94356155,0.9780828,0.98822355,0.96696025,0.956256,0.99177086,0.9855692,0.9774862,0.94155,0.92592674,0.9654541,0.975938,0.9879007,0.99166,0.99141526,0.98396677,0.9426146,0.96278965,0.96151626,0.9924944,0.9557081,0.98708034,0.9799174,0.9834939,0.96174246,0.974017,0.97824544,0.983089,0.9683214,0.99010926,0.96999013,0.98105556,0.97127175,0.9770468,0.9854462,0.96661276,0.9831968,0.97554016,0.97570556,0.9686745,0.9553273,0.98760116,0.97297454,0.9944576,0.98367405,0.97590315,0.9981808,0.97933495,0.96042246,0.95851904,0.9652143,0.9665425,0.9667546,0.9765776,0.9485887,0.9837525,0.9848123,0.9691426,0.9268258,0.94332635,0.96155983,0.98247683,0.9721078,0.9621007,0.96096516,0.9819161,0.95203626,0.9816033,0.97240686,0.95187473,0.97587407,0.9575098,0.9704466,0.97683805,0.9765776,0.96125257,0.9514786,0.98291963,0.9884496,0.9749247,0.9825522,0.9810132,0.9827943,0.97083235,0.97712976,0.9814368,0.9772115,0.98523414,0.97573113,0.9834405,0.97906077,0.98116094,0.9887678,0.9835955,0.95476097,0.9815105,0.93934155,0.9851797,0.9668803,0.9802509,0.97492856,0.99401695,0.98329777,0.96840185,0.97007513,0.98676217,0.97168005,0.98017895,0.97680825,0.980446,0.9825703,0.93774,0.9831771,0.9773118,0.9722027,0.9793153,0.95125127,0.9733597,0.99166965,0.9693019,0.97475976,0.981339,0.96697193,0.98919743,0.96324533,0.9676511,0.9679304,0.94949776,0.9731424,0.9659195,0.96579355,0.98539627,0.99105763,0.9865181,0.97498095,0.98204386,0.96030015,0.93873537,0.97598106,0.9812114,0.96768075,0.97353756,0.98740035,0.98919743,0.9910948,0.99067646,0.98931813,0.9816765
apollo11movie,0.9850914,0.9836986,0.99392605,0.9721488,0.98516655,0.9846172,0.9985641,0.9924316,0.9970743,0.98701954,0.98333246,0.98288876,0.9955541,0.9846791,0.99999994,0.99689776,0.99093306,0.98154503,0.9680174,0.99612504,0.98927265,0.9835269,0.9946279,0.9963217,0.9762663,0.95574236,0.96129173,0.9712083,0.9939146,0.992946,0.9898948,0.99119204,0.98005337,0.9766914,0.9759706,0.96940273,0.99497294,0.9809213,0.98707026,0.98769975,0.98337984,0.98633695,0.9764558,0.9861854,0.9937302,0.98402065,0.9944937,0.9764851,0.9946917,0.9841623,0.99554765,0.9950461,0.97855186,0.99581933,0.96807605,0.99302554,0.9825346,0.9873188,0.98133314,0.9856994,0.99404794,0.96979797,0.98571855,0.9866518,0.98786056,0.98423415,0.98683906,0.98552173,0.9834609,0.9607754,0.9899199,0.95693415,0.9903165,0.9859276,0.9767802,0.95403224,0.9534699,0.98096156,0.9825217,0.9632952,0.98491085,0.9792846,0.9954433,0.9606381,0.98810434,0.9831693,0.9549362,0.9827,0.97816294,0.9867685,0.9778493,0.9899199,0.9851792,0.9798058,0.9984447,0.99132615,0.9840936,0.9804051,0.9969449,0.995017,0.982988,0.99168295,0.98472166,0.98706686,0.9764278,0.9948475,0.99762434,0.99180126,0.98705894,0.99089175,0.99563247,0.97355175,0.9918109,0.9603851,0.99396193,0.98351717,0.99392205,0.9897803,0.9926343,0.996301,0.99227494,0.99342304,0.983096,0.9796835,0.9906226,0.9918976,0.99143654,0.98593956,0.97592986,0.98292863,0.9951463,0.9941658,0.9808934,0.9596408,0.99293035,0.9922045,0.9938736,0.98366046,0.98703414,0.982147,0.9970743,0.98848873,0.9843073,0.97735137,0.97888094,0.98876005,0.9755202,0.97473866,0.990437,0.9866707,0.986412,0.9873298,0.9866228,0.9684235,0.95226276,0.9948026,0.9885901,0.9863975,0.99208236,0.9931885,0.9970743,0.9931166,0.9962174,0.9950984,0.9895687
arcticdogsmovie,0.9846362,0.98935735,0.99807715,0.98174304,0.99266714,0.9825196,0.99717695,0.988202,0.99698544,0.9939781,0.98950624,0.9820947,0.9926513,0.9825345,0.99689776,1.0000001,0.9934239,0.9822206,0.96327263,0.9973552,0.98045194,0.9869236,0.99373704,0.9957621,0.97560316,0.95211995,0.96996,0.97747916,0.9968192,0.9943072,0.9927367,0.99068993,0.9846553,0.9829153,0.98204625,0.97757876,0.9962385,0.98730946,0.9875462,0.9881578,0.9790024,0.99166584,0.9752479,0.980533,0.996182,0.9862159,0.9931913,0.9751171,0.9930711,0.98307776,0.99384063,0.9943638,0.9781186,0.99566615,0.9734598,0.99759215,0.9881567,0.9891407,0.97988075,0.9923546,0.99489534,0.97390366,0.9831708,0.9835931,0.98395526,0.9909721,0.9877545,0.9893241,0.986678,0.96486276,0.99507076,0.96160764,0.99273276,0.98939496,0.9793199,0.95925426,0.96154827,0.9858743,0.978734,0.9670768,0.9879994,0.9844234,0.99052167,0.9625146,0.9886157,0.9859772,0.9691059,0.9776301,0.98632604,0.98991585,0.9824215,0.99507076,0.9840893,0.9836849,0.997431,0.99244714,0.9878847,0.983011,0.99503857,0.9919916,0.98909396,0.9879227,0.9883463,0.990112,0.9818351,0.9929694,0.9956147,0.99089617,0.9885007,0.98679787,0.9962866,0.9814891,0.9943633,0.9693716,0.9888043,0.9923188,0.99765605,0.9905067,0.990984,0.9974131,0.99108034,0.9927264,0.98913753,0.98200536,0.9948423,0.9942985,0.9889414,0.9878781,0.98370934,0.9830008,0.99357575,0.99717,0.98215276,0.9538015,0.99667543,0.9928714,0.9915183,0.98729,0.99314284,0.9854291,0.99698544,0.98969114,0.98922443,0.9764649,0.9824337,0.9912544,0.9788865,0.98165107,0.9851371,0.9820559,0.9824499,0.98896927,0.98546433,0.96456265,0.9638301,0.99691254,0.987032,0.9925326,0.9921535,0.99002177,0.99698544,0.9933173,0.99413127,0.9911043,0.98679495
arcticmovie,0.98779243,0.97602767,0.9922316,0.9917056,0.9793375,0.97897166,0.9925077,0.98999155,0.99650306,0.99347323,0.98895055,0.98051304,0.99117726,0.99052274,0.99093306,0.9934239,1.0000001,0.96601295,0.97922987,0.99633783,0.97888374,0.97759837,0.99280286,0.9956644,0.9796783,0.95997584,0.9483372,0.9805512,0.99002826,0.9958863,0.9929123,0.9941458,0.98472136,0.97220606,0.9786628,0.97894907,0.994834,0.9839238,0.9935855,0.98925334,0.98859566,0.98520434,0.97577924,0.9833252,0.9920729,0.9841626,0.9910998,0.9843384,0.9872486,0.9825516,0.98836017,0.991555,0.9810122,0.9856154,0.9883478,0.993338,0.98474383,0.9772685,0.9877934,0.98769873,0.99325335,0.98437095,0.9841529,0.98940665,0.9784808,0.97766596,0.97490484,0.98285717,0.9881378,0.98049784,0.989889,0.96920806,0.99652356,0.9922239,0.9837694,0.9615721,0.96610785,0.97952855,0.98514974,0.9818676,0.9806476,0.97459733,0.987568,0.9728836,0.9949899,0.9859033,0.9723324,0.9750523,0.98051035,0.98600656,0.97832775,0.989889,0.9826101,0.9807882,0.98994243,0.9960012,0.99068844,0.9868289,0.99037987,0.98699063,0.98633,0.98755944,0.9868465,0.98356277,0.99288493,0.98491704,0.99155927,0.98501956,0.99092466,0.9905531,0.99379706,0.97635764,0.9912906,0.962089,0.98964673,0.99016345,0.9943942,0.98532766,0.9942707,0.9929422,0.9803664,0.99004793,0.9941469,0.98354524,0.98944944,0.98992836,0.9868836,0.9906888,0.96995986,0.9830479,0.99194026,0.98983747,0.9892259,0.96873605,0.99102676,0.9962594,0.9824303,0.98772836,0.99303216,0.98587126,0.99650306,0.9794035,0.9803819,0.97408277,0.96909213,0.9827565,0.97789025,0.9800267,0.98173386,0.9855411,0.9873307,0.9828272,0.9926518,0.97262913,0.9628865,0.9869669,0.9875689,0.9871043,0.99302113,0.99496424,0.99650306,0.996565,0.99194425,0.99155223,0.9876804
artofracingmovie,0.9717415,0.9841154,0.9802484,0.9531579,0.9888298,0.980411,0.9759727,0.9620203,0.97752774,0.97282034,0.9753653,0.9672693,0.98037773,0.94356155,0.98154503,0.9822206,0.96601295,0.9999999,0.93708634,0.9722494,0.9712193,0.984057,0.9646894,0.9788607,0.9609422,0.9473967,0.98504037,0.94455665,0.9773769,0.9689675,0.95734197,0.96584475,0.9558834,0.9803795,0.96665823,0.95262516,0.96803164,0.9811927,0.9535963,0.9578631,0.96390814,0.9895284,0.9526679,0.96485937,0.9781735,0.9849978,0.9625048,0.959663,0.96931684,0.97736216,0.9748421,0.9709285,0.9703659,0.9703619,0.9457218,0.98571056,0.981035,0.9905083,0.9384582,0.97543716,0.96770185,0.91893315,0.96977824,0.9499427,0.9636679,0.98702717,0.98781425,0.9715813,0.9752582,0.9393147,0.97875965,0.941499,0.96890503,0.9580959,0.95864993,0.9529452,0.94705266,0.96796703,0.9427384,0.92601776,0.983588,0.9562948,0.9808338,0.9520023,0.9625687,0.9739434,0.93662703,0.9648354,0.97841024,0.9844983,0.9538781,0.97875965,0.977679,0.9832283,0.9768398,0.9641755,0.96783644,0.9385034,0.9812794,0.96814996,0.97325087,0.97849596,0.9586988,0.9672662,0.9449678,0.9748142,0.98400897,0.97934604,0.96932894,0.95938027,0.97957575,0.96805465,0.97331953,0.9543064,0.97444826,0.9788629,0.9779177,0.9739745,0.9647711,0.97575474,0.98883986,0.9867252,0.9612821,0.9746873,0.9709449,0.9827634,0.97351754,0.9512265,0.98763615,0.957833,0.9778974,0.9901495,0.95116603,0.92766595,0.98655075,0.9674397,0.9788031,0.96601135,0.9720547,0.97607476,0.97752774,0.97654486,0.97973776,0.9697151,0.98903173,0.9716455,0.9476589,0.9611054,0.9710187,0.94657487,0.9429175,0.9763513,0.9639845,0.9528325,0.9427,0.98448044,0.96476233,0.9771024,0.9783949,0.96984965,0.97752774,0.9738132,0.97692734,0.9642822,0.96470034
avengers,0.9888208,0.9323613,0.9606809,0.9680417,0.9389901,0.9519206,0.9699107,0.98536104,0.9800087,0.97233665,0.9613216,0.9513583,0.97399306,0.9780828,0.9680174,0.96327263,0.97922987,0.93708634,1.0,0.9655372,0.96922886,0.9392145,0.96597874,0.97708535,0.98202676,0.9428897,0.9080924,0.9498018,0.9555697,0.9718202,0.97410876,0.9855965,0.94679344,0.933788,0.93348,0.9306802,0.96716326,0.9506883,0.97455984,0.9596235,0.9763325,0.9591033,0.97273123,0.97754866,0.9659353,0.9620372,0.96149313,0.97310007,0.9654025,0.9764998,0.9594214,0.9761297,0.97979295,0.95524037,0.9799032,0.9622357,0.9589382,0.9496357,0.9810343,0.9533793,0.9675611,0.960224,0.9644033,0.9742126,0.9770719,0.9368497,0.9491091,0.9537915,0.9712684,0.9613682,0.95783377,0.9241322,0.968743,0.9678413,0.9479282,0.92012507,0.91774124,0.9410221,0.9725929,0.9718555,0.95343083,0.92360926,0.9749445,0.953856,0.9688993,0.97502476,0.9288212,0.9716469,0.9449661,0.9708061,0.9576052,0.95783377,0.94998807,0.9491576,0.95920014,0.97123533,0.9732026,0.95979744,0.9618859,0.959295,0.9443486,0.9742831,0.95604974,0.95155424,0.9677073,0.95256495,0.9727744,0.9622266,0.9796881,0.9859621,0.97390467,0.9242437,0.9638262,0.90167767,0.97508854,0.95780545,0.9690581,0.9488452,0.9829947,0.9654571,0.9646501,0.964576,0.97891027,0.9565929,0.95687854,0.96756357,0.9688325,0.9593064,0.928248,0.96876454,0.9722466,0.9598305,0.9718777,0.94555235,0.9598397,0.9811082,0.95588315,0.96367633,0.96319455,0.9592788,0.9800087,0.94132894,0.945213,0.9620562,0.9356917,0.9583551,0.92741936,0.93463063,0.97370523,0.9647116,0.9712993,0.9747659,0.9857376,0.95304084,0.9137045,0.9608756,0.9514486,0.9406017,0.9714953,0.98367345,0.9800087,0.9780718,0.9738612,0.96428055,0.9669495
beachbummovie,0.98220116,0.9823356,0.9944975,0.9827136,0.9847578,0.9808656,0.9964858,0.9894266,0.9956632,0.9893718,0.9859342,0.9831517,0.992413,0.98822355,0.99612504,0.9973552,0.99633783,0.9722494,0.9655372,0.9999999,0.980514,0.981918,0.99776614,0.9960419,0.97447443,0.95644754,0.9550469,0.9766622,0.99513257,0.9944987,0.9918323,0.9903075,0.98529154,0.9748908,0.9810647,0.97884554,0.997904,0.98258626,0.98962724,0.9905827,0.9826152,0.9862161,0.9774695,0.98402345,0.9960923,0.9810045,0.9974151,0.97743326,0.99305403,0.98177963,0.9949971,0.99245954,0.975407,0.9937098,0.97502345,0.9948266,0.9811581,0.9815577,0.9830808,0.9881592,0.99552196,0.9802047,0.98476666,0.9883902,0.9784029,0.9827651,0.97765213,0.9845856,0.98408145,0.9693634,0.99221677,0.967816,0.9945922,0.99006814,0.9843981,0.96000147,0.96433896,0.9812881,0.98139703,0.97058874,0.98259944,0.983197,0.9883428,0.96584964,0.9937496,0.97995275,0.9663543,0.97737455,0.9801775,0.9853739,0.97845083,0.99221677,0.98461235,0.980803,0.9974004,0.9948293,0.98573333,0.98574126,0.9957413,0.99442714,0.98738,0.9874536,0.98801696,0.9875358,0.9853919,0.99372935,0.9944962,0.9883425,0.98481214,0.9890434,0.993486,0.979734,0.9932474,0.9681038,0.9891293,0.9879905,0.99563354,0.9924667,0.99253285,0.99575204,0.9838902,0.99129575,0.98701054,0.9826605,0.9917208,0.9921896,0.9896978,0.99276763,0.9744855,0.98544693,0.9928717,0.9931525,0.98319453,0.9657777,0.9928125,0.993984,0.99127346,0.98387176,0.99318427,0.9812216,0.9956632,0.98712087,0.9823596,0.97003156,0.9747574,0.9862072,0.9820948,0.98146915,0.98360837,0.98981017,0.9866985,0.9837956,0.9852357,0.96917623,0.9604705,0.9916971,0.99341035,0.9923079,0.99185604,0.99157226,0.9956632,0.994755,0.9928061,0.9972327,0.9900869
bernadettefilm,0.9819838,0.9607876,0.9798339,0.95206314,0.96597433,0.9737274,0.9900465,0.98366106,0.9862151,0.9697949,0.9644821,0.96721745,0.98329854,0.96696025,0.98927265,0.98045194,0.97888374,0.9712193,0.96922886,0.980514,1.0,0.96701086,0.97444224,0.9839936,0.9586221,0.94523245,0.9308467,0.963234,0.9785284,0.98432964,0.9732002,0.97770476,0.95440716,0.96588653,0.9485337,0.94350755,0.9773156,0.97110856,0.9787927,0.9808884,0.97599465,0.97300774,0.9585134,0.97557276,0.9774606,0.96889055,0.97461426,0.9701343,0.9844518,0.9712727,0.9838724,0.98820955,0.9712641,0.9771538,0.953265,0.9768348,0.9646761,0.9820876,0.9768567,0.96981037,0.9726971,0.953411,0.9684899,0.9662386,0.9843534,0.9593894,0.9814311,0.9802218,0.9731855,0.9445333,0.9711581,0.9339606,0.9758927,0.97082645,0.9545007,0.94399947,0.9254835,0.9649048,0.9827613,0.9541119,0.9643361,0.96185684,0.98652256,0.94434035,0.9755755,0.9740064,0.935633,0.96814334,0.9625259,0.9715084,0.959008,0.9711581,0.9753949,0.969185,0.98331314,0.977089,0.97437084,0.9660913,0.9808841,0.97698087,0.95942277,0.9850048,0.96400595,0.97283775,0.9588799,0.9791374,0.98566407,0.96937084,0.975785,0.9812745,0.98415864,0.9480158,0.9794059,0.9299824,0.9838443,0.9681934,0.9811785,0.96594965,0.9761772,0.98575926,0.98331785,0.98757595,0.964842,0.95561785,0.9769691,0.97485703,0.97475564,0.9682405,0.9621168,0.9556434,0.99452937,0.9791171,0.9798141,0.95711136,0.9779057,0.98294765,0.98101425,0.9717727,0.9646898,0.9726522,0.9862151,0.9746846,0.96114194,0.96006095,0.9578609,0.98073864,0.95761144,0.9472489,0.9719522,0.96551913,0.9836413,0.9696246,0.98143005,0.95531607,0.93155634,0.97942615,0.9679955,0.968605,0.9882538,0.9856846,0.9862151,0.9767375,0.9823975,0.98197544,0.9722254
