movie,21bridgesmovie,47metersdown,abeautifuldaymovie,abominablemovie,adastramovie,adogsjourneymovie,aftermathmovie,aftermovie,ahiddenlifefilm,alitamovie,angelhasfallen,angrybirdsmovie,annabellemovie,annamovie,apollo11movie,arcticdogsmovie,arcticmovie,artofracingmovie,avengers,beachbummovie,bernadettefilm,blackandbluemovie,blackchristmas,blindedbythelightmovie,bombshellmovie,booksmart,breakthroughmovie,brianbanksmovie,brightburnmovie,brittanyrunsmov,captainmarvelofficial,captivestatemovie,catsmovie,charliesangels,childsplaymovie,clarathefilm,coldpursuitmovie,countdown,currentwarmovie,darkwatersmovie,detectivepikachumovie,disneyaladdin,disneyfrozen,disneymaleficent,doctorsleepmovie,dolemiteismyname,dontletgomovie,doramovie,downtonabbey_official,dumbo,escaperoom,everybodyknowsmovie,fastandfuriousmovie,fightingwmyfam,fivefeetapartfilm,fordvferrari,freaksthefilm,geminimanmovie,glassmovie,gloriabellmovie,godzillamovie,goldfinchmovie,goodboysmovie,goodliarmovie,gretafilm,halathemovie,happydeathdaymovie,harrietfilm,hellboymovie,hersmellmovie,highlifemovie,highstrungmovie,honeyboymovie,hotelmumbaifilm,httydragon,hustlemovie,hustlersmovie,isntitromantic,itmovieofficial,jayandsilentbob,johnwickmovie,jojorabbitmovie,jokermovie,judythefilm,jumanjimovie,justmercyfilm,knivesout,lalloronamovie,lastblackmansf,lastchristmasthemovie,latenightmovie,lighthousemovie,lionking,littlethemovie,littlewomenmovie,littlewoodsfilm,longshotmovie,lordsofchaosmovie,lucyintheskyfilm,mamovie2019,marriagestory,meettheaddams,meninblack,midsommarmovie,midwaymovie,missbalamovie,missinglinkfilm,motherlessbklyn,onceinhollywood,onthebasisofsex,overcomermovie,peanutbutterfalcon,petsematarymovie,piercingmovie,playingwithfire,playmobilthemovie,pomsmovie,queenandslim,rambomovie,readyornotfilm,richardjewellfilm,rocketmanmovie,scarystoriesmovie,secretlifeofpets,serenityfilm,shaftmovie,shazammovie,spidermanmovie,spiesindisguise,starwars,stormboymovie,stubermovie,taosdfilm,teenspiritmov,terminator,theaeronautsmov,thebestofenemies,thedeaddontdie,thefarewell,thehighwaymen,thehummingbirdprojectfilm,theintrudermovie,theirishmanfilm,thekitchenmovie,thelegomovie,themustangfilm,thenightingalefilm,theprodigymovie,thesunisalsoastar,theupsidefilm,tolkienmovie,toystory,triplefrontier,uglydolls,uncutgems,underthesilverlake,usmovie,wavesmovie,whatmenwant,wonderparkmovie,wrinklestheclown,xmenmovies,yardiefilm,yesterdaymovie,zombieland
21bridgesmovie,0.99999994,0.9367826,0.9844965,0.979596,0.9783226,0.9645459,0.97789514,0.97797185,0.9871377,0.96125424,0.9703056,0.9650373,0.9515432,0.9747309,0.986826,0.97436315,0.97225827,0.9617217,0.977438,0.9770123,0.9778544,0.97447854,0.9756663,0.9744275,0.96700895,0.953067,0.9636267,0.97384506,0.9781641,0.9604739,0.969403,0.97014827,0.9633959,0.96767175,0.97391164,0.9771675,0.96983886,0.97558445,0.9835814,0.9584936,0.9654266,0.9777429,0.9591087,0.9844303,0.96246433,0.97207975,0.97554725,0.98242706,0.9813562,0.9831922,0.964973,0.98263204,0.9689009,0.9538536,0.9597708,0.9824859,0.9637661,0.966664,0.96974,0.9838521,0.96132696,0.9729329,0.9534615,0.9845206,0.9669846,0.9687984,0.96583503,0.9812484,0.9658932,0.9655148,0.97794706,0.97141796,0.98264486,0.9849054,0.9776549,0.9714063,0.9745469,0.9744799,0.970191,0.9704875,0.9690416,0.96235126,0.97835803,0.97872967,0.97939396,0.9760648,0.97169054,0.9448552,0.96813035,0.9668458,0.97765505,0.97794706,0.982632,0.9713381,0.9781134,0.97891223,0.97128737,0.9723713,0.97566676,0.9617752,0.9658716,0.96051806,0.9516918,0.9656701,0.9829671,0.9675842,0.9586485,0.9689233,0.98244864,0.9766734,0.9841042,0.9737927,0.9624726,0.96932346,0.95456576,0.9852545,0.99611956,0.98094827,0.98066026,0.97412956,0.98257875,0.9779434,0.959719,0.9707605,0.9799542,0.9686043,0.95839316,0.95715404,0.9722839,0.9595091,0.9818759,0.9650334,0.97098714,0.9456682,0.9575593,0.96856284,0.9749459,0.97883904,0.9764095,0.9772603,0.9871377,0.96312284,0.97714025,0.9569197,0.97057766,0.96672475,0.958375,0.9480316,0.97305244,0.9844702,0.97070384,0.98392606,0.98601204,0.9710332,0.9627882,0.9570852,0.97936034,0.9732659,0.9738833,0.96948266,0.9871377,0.96321315,0.9720992,0.9789287,0.96563625
47metersdown,0.9367826,1.0,0.9617047,0.9225948,0.9573699,0.9413802,0.91564023,0.9416356,0.9413746,0.93842834,0.94152564,0.90750897,0.90209216,0.92659146,0.93540776,0.9759002,0.9141044,0.948435,0.94523793,0.9439466,0.92207205,0.9380569,0.93953246,0.9398064,0.91428936,0.91233236,0.9052902,0.9065369,0.9388052,0.9140933,0.963267,0.92163026,0.89973414,0.90295553,0.9246038,0.9295772,0.93596953,0.91236687,0.940387,0.9214576,0.9314592,0.9407835,0.9452699,0.9397795,0.94300467,0.938059,0.9461672,0.9394585,0.922447,0.94617873,0.92567945,0.9188072,0.90546983,0.9315574,0.8966632,0.95651823,0.9337228,0.9284839,0.94938934,0.9238821,0.9098488,0.92950684,0.93380207,0.9480211,0.92776847,0.91412395,0.92509156,0.92932475,0.9648577,0.92172235,0.92498475,0.9205884,0.9316219,0.9316347,0.9146462,0.9042238,0.90593535,0.90822744,0.9341699,0.9091381,0.9485741,0.90230274,0.9332817,0.9269641,0.9281069,0.93364626,0.92229795,0.90778065,0.93129617,0.9286073,0.93100476,0.92498475,0.92596847,0.9127704,0.9400676,0.9366795,0.9431855,0.946492,0.93047035,0.9193289,0.93973327,0.9365882,0.9138264,0.9268981,0.9455348,0.9303446,0.9172959,0.94648284,0.94296676,0.9276064,0.93863744,0.93796706,0.92772865,0.9058061,0.897736,0.9331095,0.9310261,0.9333442,0.9467012,0.91721135,0.9254087,0.9265934,0.9004097,0.94739896,0.9334882,0.927623,0.9050544,0.91569036,0.9354905,0.93741804,0.93135005,0.951553,0.9098919,0.8979335,0.9200773,0.9390864,0.9215433,0.90198433,0.9333205,0.95003504,0.9413746,0.92642015,0.9529398,0.9281964,0.8998954,0.8889566,0.9217629,0.9008676,0.94245857,0.9535167,0.9086978,0.95266205,0.9356765,0.9045047,0.9222897,0.889939,0.92734385,0.9087178,0.9134347,0.9292549,0.9413746,0.92942786,0.92333376,0.9386767,0.9284882
abeautifuldaymovie,0.9844965,0.9617047,1.0000001,0.9723473,0.98248446,0.97184134,0.9701521,0.9806217,0.98595077,0.96412325,0.9776541,0.97569364,0.94604284,0.9732102,0.9841311,0.98518515,0.9786693,0.97271115,0.9757551,0.96960074,0.96949273,0.97964084,0.9763963,0.97400373,0.9774315,0.9693988,0.9704361,0.97373945,0.98891604,0.965599,0.971089,0.97269046,0.94117606,0.97112006,0.9659475,0.9792738,0.9695124,0.960009,0.9810826,0.9533788,0.97387606,0.9830598,0.97994703,0.9900969,0.96878076,0.9736531,0.9805336,0.9787697,0.9763084,0.9913472,0.9798337,0.97608,0.9592373,0.9578637,0.95389605,0.98753947,0.97701365,0.9632161,0.9745238,0.9788845,0.9677715,0.970486,0.9699969,0.9846835,0.96936274,0.9536888,0.97074276,0.98325086,0.9823968,0.95722324,0.97237605,0.9762398,0.9800975,0.9803516,0.9661483,0.95860815,0.96638817,0.96542674,0.96988815,0.96544313,0.9846346,0.9539029,0.9810795,0.9755735,0.9789229,0.97936213,0.9741742,0.9398068,0.9629818,0.97283685,0.9773913,0.97237605,0.9779018,0.95858645,0.9828129,0.9803514,0.9869054,0.96703595,0.97713244,0.96966755,0.9728923,0.9727439,0.9699731,0.96051145,0.97960633,0.9827667,0.95929295,0.9848848,0.9817731,0.9798322,0.9810033,0.97856414,0.95895284,0.9616769,0.94503504,0.975639,0.97877604,0.9731594,0.982041,0.96312493,0.97916317,0.96702087,0.95507365,0.9799075,0.96490514,0.97302574,0.9472514,0.96251124,0.9711548,0.97294515,0.9779165,0.97810394,0.97603005,0.9633265,0.9522745,0.9761765,0.96828496,0.9681066,0.972919,0.981266,0.98595077,0.9797633,0.9859957,0.97138965,0.96441895,0.9592758,0.96760637,0.9442325,0.97808677,0.98023635,0.9662567,0.9905289,0.9801469,0.94882876,0.9617678,0.9534909,0.98250854,0.9630839,0.9615259,0.9614326,0.98595077,0.96989965,0.962765,0.9749181,0.97882175
abominablemovie,0.979596,0.9225948,0.9723473,0.99999994,0.97340745,0.9644435,0.9912534,0.9827081,0.98885995,0.9663282,0.95845413,0.9700577,0.97533584,0.9758039,0.9821845,0.9710243,0.96943766,0.97465,0.96879345,0.98014176,0.98668784,0.97869813,0.97479594,0.977143,0.9816594,0.9627553,0.97068113,0.97228193,0.97640604,0.97600436,0.959137,0.97325575,0.96492517,0.9637541,0.9861563,0.9706045,0.9762554,0.97863394,0.98287654,0.9639637,0.9649434,0.9774549,0.9657903,0.97706956,0.9748427,0.9662057,0.97960955,0.96918327,0.9798011,0.9801037,0.9643144,0.97688746,0.9781343,0.96014273,0.9721452,0.97882295,0.9705469,0.97450536,0.9800188,0.9758378,0.96702677,0.97723067,0.97141916,0.9809989,0.972387,0.96792674,0.9755435,0.9705641,0.9642691,0.9557098,0.9757631,0.97138965,0.9780466,0.9801666,0.98895633,0.9859094,0.98021835,0.982557,0.96417356,0.95784724,0.97472525,0.9809858,0.9857379,0.97739375,0.9830713,0.97675127,0.980957,0.9589543,0.96463966,0.9660085,0.9894266,0.9757631,0.9866061,0.97657746,0.9748002,0.9774862,0.9686192,0.9730915,0.984539,0.9698029,0.96426857,0.96878946,0.9491971,0.96555525,0.9738606,0.9687425,0.9786905,0.9709393,0.9688736,0.97282016,0.98675716,0.9727355,0.976838,0.9781322,0.97226137,0.9737593,0.97663534,0.98983556,0.98371875,0.9817163,0.98611677,0.9862228,0.977248,0.96899736,0.9786525,0.9784383,0.9633614,0.95387834,0.97507817,0.9633492,0.9843962,0.9712375,0.97112584,0.9357777,0.9606335,0.98142767,0.9654739,0.9754903,0.97862834,0.9754112,0.98885995,0.96572614,0.970879,0.95041114,0.97082597,0.96705073,0.9645123,0.9717613,0.9835269,0.97553235,0.9816272,0.9705914,0.9780396,0.9493005,0.9661304,0.9644136,0.9786032,0.9727793,0.97206676,0.98207706,0.98885995,0.97579044,0.9818249,0.9826457,0.97012514
adastramovie,0.9783226,0.9573699,0.98248446,0.97340745,1.0000001,0.96132284,0.9716459,0.9724159,0.9862531,0.96686345,0.9755645,0.96179765,0.96344256,0.97402024,0.9845434,0.9763828,0.9688467,0.985769,0.9737285,0.9708442,0.9720464,0.9598534,0.9755906,0.9657141,0.9649642,0.9614775,0.9627786,0.9697527,0.9767633,0.95766896,0.9770009,0.96879447,0.9424064,0.9650302,0.9700219,0.97441894,0.96800727,0.9722937,0.9801692,0.9579773,0.97095764,0.97183514,0.9695839,0.9742123,0.96876776,0.9654832,0.97762954,0.9869447,0.9736445,0.9773962,0.958115,0.97855157,0.9612293,0.9632925,0.9559696,0.98551404,0.9647633,0.96994376,0.9661387,0.97349894,0.96784335,0.9719309,0.9671313,0.98729694,0.97266567,0.9634959,0.96731263,0.97377396,0.97742975,0.955822,0.9685891,0.9738138,0.96811223,0.97217065,0.95902944,0.9682028,0.9687955,0.971955,0.9727139,0.95768815,0.98282045,0.9631151,0.983701,0.96746075,0.98106146,0.97130316,0.97046804,0.9488307,0.96382666,0.96138,0.97735083,0.9685891,0.96231496,0.9519557,0.9687219,0.9861921,0.97568274,0.969956,0.97995055,0.96291083,0.96154445,0.97098684,0.94845283,0.95944494,0.9742509,0.9645885,0.96082795,0.9852661,0.9719798,0.96380436,0.97736794,0.9708108,0.9679216,0.9625859,0.94535697,0.97261274,0.97759265,0.97426564,0.9816413,0.96988624,0.982511,0.9682113,0.96005887,0.9656284,0.9745118,0.9565967,0.957772,0.94544214,0.9730762,0.9552955,0.9738955,0.9860716,0.9694271,0.95105904,0.9532138,0.9681357,0.9789839,0.9659075,0.9791573,0.97130114,0.9862531,0.95974046,0.9792923,0.9735727,0.9626562,0.96190006,0.9609273,0.95853114,0.98330945,0.9792547,0.9754619,0.9853509,0.97789454,0.9651335,0.961181,0.9560902,0.9754658,0.95334893,0.9686062,0.9630215,0.9862531,0.97747535,0.9628301,0.9806065,0.96293795
adogsjourneymovie,0.9645459,0.9413802,0.97184134,0.9644435,0.96132284,1.0000001,0.97007966,0.97529304,0.97398,0.9585064,0.96222645,0.95462894,0.9470127,0.9754539,0.96320224,0.9683483,0.9692235,0.9572343,0.9596167,0.96535534,0.97350895,0.9591603,0.9714411,0.9716351,0.9708237,0.96509594,0.9585448,0.962101,0.9567558,0.9629254,0.9475331,0.9739244,0.9524586,0.9451812,0.9630347,0.96291256,0.96233183,0.9527752,0.9697671,0.96021396,0.97351044,0.9697632,0.97257525,0.9716482,0.97175926,0.9707649,0.973084,0.9535184,0.9686699,0.97563213,0.9526597,0.9704706,0.9739366,0.97791636,0.9625965,0.9667048,0.9711893,0.9563123,0.9665709,0.9709259,0.9459937,0.9777375,0.97073245,0.9773936,0.9723181,0.9512308,0.9536292,0.96631956,0.95793664,0.95029294,0.9710285,0.97311056,0.9729603,0.9570766,0.97002023,0.9587984,0.9701294,0.958655,0.98559713,0.9562079,0.96267784,0.96974045,0.9693993,0.9773391,0.9665162,0.9727685,0.97441256,0.945524,0.9632689,0.96305776,0.96393025,0.9710285,0.9684356,0.9575972,0.971896,0.96249264,0.9608568,0.9657477,0.9750924,0.9759952,0.96887815,0.9753483,0.9600317,0.9736003,0.96090114,0.9616408,0.96063334,0.9744135,0.959596,0.9663026,0.9735153,0.9792155,0.9527582,0.9660074,0.9534209,0.95418257,0.95830524,0.9702949,0.9616732,0.97332466,0.96681625,0.9641036,0.94774306,0.9893234,0.9531427,0.9598998,0.96438056,0.9482118,0.9624182,0.9543785,0.9769998,0.9640261,0.9651048,0.9503701,0.94526833,0.96569717,0.9565665,0.9566842,0.9684101,0.96857595,0.97398,0.9548368,0.9805368,0.9547173,0.9400978,0.9573734,0.95590144,0.94898206,0.975562,0.9764621,0.9684562,0.9585107,0.9647168,0.9412125,0.97529167,0.9570369,0.9701999,0.95258826,0.9565956,0.96278465,0.97398,0.9669706,0.96704173,0.9677369,0.9582235
aftermathmovie,0.97789514,0.91564023,0.9701521,0.9912534,0.9716459,0.97007966,1.0,0.98199415,0.99166334,0.9753166,0.95767254,0.9663175,0.9805772,0.9820492,0.98038703,0.96430963,0.9714332,0.9779411,0.9685977,0.97998446,0.99263006,0.9716174,0.97733986,0.9782926,0.98688847,0.9591274,0.9711394,0.9799158,0.97345984,0.970201,0.9538409,0.9820795,0.97456086,0.9624799,0.98506165,0.96339756,0.9763936,0.97816634,0.9851375,0.9752048,0.96560884,0.9711873,0.9630593,0.9684307,0.97459394,0.96209097,0.9798659,0.9694612,0.9856241,0.97493917,0.96105874,0.98554677,0.9853396,0.9700166,0.98487204,0.9742154,0.9760068,0.9756643,0.9743741,0.9813932,0.96261245,0.98137534,0.9695113,0.9760533,0.9836279,0.97230166,0.97762245,0.97335917,0.9634494,0.95689,0.9822788,0.97211605,0.97306854,0.9840882,0.9866991,0.9895332,0.982331,0.98986965,0.96154094,0.9618578,0.97310346,0.99143463,0.9841962,0.97678643,0.9796613,0.97139186,0.97647303,0.9717215,0.96422094,0.97562,0.98092526,0.9822788,0.97834927,0.9829239,0.97059333,0.97838396,0.96422094,0.9778677,0.9903687,0.97417045,0.96433747,0.9744144,0.959371,0.97358125,0.9714004,0.96739554,0.9824568,0.9698797,0.96622866,0.9765113,0.9905975,0.96618634,0.97730386,0.9780591,0.9755741,0.96751183,0.97400755,0.98848474,0.9853677,0.9920701,0.98962396,0.9856071,0.9831079,0.96899426,0.978999,0.97802675,0.9758193,0.948135,0.9701115,0.95468676,0.98969567,0.97260123,0.9770578,0.9348442,0.96555525,0.9751082,0.9694745,0.9843387,0.9843499,0.9722721,0.99166334,0.9641326,0.97219926,0.9525638,0.9646426,0.9785548,0.97519726,0.9818184,0.98376304,0.9750549,0.9906247,0.9643701,0.9750331,0.9554127,0.97194004,0.9761474,0.9792161,0.9743612,0.9814917,0.97849065,0.99166334,0.9757547,0.98833287,0.9848775,0.9660869
aftermovie,0.97797185,0.9416356,0.9806217,0.9827081,0.9724159,0.97529304,0.98199415,1.0000002,0.9872384,0.96579415,0.9677798,0.9715588,0.9607458,0.9754901,0.98484355,0.98057634,0.97664195,0.97261554,0.9748604,0.9774212,0.98221064,0.9827377,0.9779354,0.97255677,0.977124,0.9676181,0.9694353,0.97760046,0.9838613,0.97791886,0.9641532,0.9668824,0.9499259,0.9646866,0.97107714,0.97229135,0.97936153,0.965817,0.98377794,0.9551593,0.97025794,0.9775049,0.96419996,0.9805598,0.9757415,0.9790872,0.9796167,0.96913004,0.97396046,0.9826979,0.9798812,0.9734871,0.97254324,0.95608383,0.9747721,0.98380303,0.977192,0.96528023,0.98453695,0.9836465,0.9571204,0.97832817,0.9741787,0.976423,0.97581065,0.96269584,0.97267944,0.9731444,0.97004455,0.9605935,0.9800932,0.9669586,0.97925013,0.9809641,0.9765709,0.9685521,0.96892524,0.9681047,0.9672771,0.97224516,0.97751313,0.9673584,0.97930676,0.9744095,0.9817932,0.9752188,0.97984767,0.95455045,0.9571028,0.9698118,0.98492265,0.9800932,0.9787743,0.9736593,0.9860349,0.9750897,0.9676312,0.9666026,0.98098207,0.968206,0.9799121,0.9743889,0.9742158,0.96789956,0.97459924,0.9810658,0.97087276,0.97183067,0.96858907,0.9685239,0.98708004,0.97815967,0.965325,0.9702715,0.96106184,0.9728953,0.97149867,0.97771454,0.9844525,0.9732776,0.9818156,0.9796888,0.96893257,0.97770596,0.9615584,0.9759614,0.95890164,0.97507876,0.97596586,0.96641433,0.98337334,0.9784381,0.9772764,0.9474222,0.95178354,0.9856951,0.96401244,0.9599949,0.9823027,0.98228323,0.9872384,0.97493315,0.9783744,0.94677216,0.96412927,0.95552415,0.9612531,0.9511426,0.97548974,0.97572064,0.9768848,0.96792483,0.97597885,0.94444066,0.96751,0.9604265,0.97671103,0.9710116,0.97489303,0.97523254,0.9872384,0.97064126,0.9704342,0.9742183,0.9810912
ahiddenlifefilm,0.9871377,0.9413746,0.98595077,0.98885995,0.9862531,0.97398,0.99166334,0.9872384,1.0,0.9816758,0.97654617,0.97297454,0.98121953,0.9893602,0.99147576,0.9819116,0.98306066,0.98385245,0.98118496,0.98735696,0.992691,0.9762832,0.9866413,0.9859795,0.9866311,0.96297926,0.97803795,0.984036,0.9832153,0.975981,0.9694091,0.9872446,0.9639381,0.97054595,0.98579055,0.9807035,0.98818034,0.9799599,0.9871689,0.97530335,0.9727929,0.9808043,0.9746709,0.97954744,0.984663,0.9783082,0.989395,0.98269993,0.98667574,0.98619676,0.97102284,0.99020064,0.9801029,0.97315216,0.9789609,0.9850164,0.9819666,0.9864047,0.98080796,0.9906195,0.97270215,0.9859051,0.97719496,0.9896185,0.9876115,0.9791932,0.98330784,0.98380375,0.97756,0.9733235,0.98996127,0.97773045,0.98100823,0.9891239,0.9830795,0.9862688,0.9788207,0.9839509,0.97489995,0.9645353,0.9847944,0.9811837,0.99245363,0.98525363,0.9828203,0.98293227,0.982693,0.9755994,0.97615844,0.98306364,0.9870519,0.98996127,0.9782225,0.9802125,0.9823933,0.98859894,0.9769051,0.98446554,0.9894883,0.9784442,0.9786441,0.98006576,0.96261615,0.97821206,0.9808034,0.975759,0.98458505,0.9813675,0.97401506,0.9766506,0.99636453,0.9722126,0.9837481,0.97682154,0.97539675,0.9767215,0.9827081,0.98684627,0.9926514,0.98488086,0.9926224,0.98828155,0.9853449,0.97773516,0.9842532,0.9816154,0.97927046,0.9555111,0.9777325,0.96400017,0.9948465,0.98133945,0.98464555,0.9503737,0.975477,0.9828006,0.9770946,0.9808629,0.99211454,0.9859972,1.0,0.97397256,0.982432,0.9708648,0.97338,0.97877705,0.9819369,0.97643065,0.9885833,0.98288596,0.98365474,0.9834531,0.9870496,0.96115553,0.9787744,0.9800986,0.9898423,0.980054,0.98476875,0.98202085,1.0,0.98001087,0.98527956,0.9924786,0.97261
alitamovie,0.96125424,0.93842834,0.96412325,0.9663282,0.96686345,0.9585064,0.9753166,0.96579415,0.9816758,0.9999998,0.965276,0.9458301,0.96318,0.9764227,0.9658223,0.9692705,0.9633431,0.97360104,0.9736809,0.96915495,0.97852,0.9598286,0.9651626,0.9824452,0.9730486,0.9397833,0.9549894,0.96013576,0.9639892,0.94855654,0.9620343,0.9693447,0.94090974,0.9500465,0.96942544,0.94995236,0.9741312,0.9617223,0.9701579,0.9595275,0.9529938,0.9628306,0.9652835,0.954164,0.9793043,0.9469849,0.96854085,0.9615733,0.9665765,0.9651393,0.9501578,0.96656406,0.96592605,0.965931,0.95749617,0.96603775,0.95506436,0.9715449,0.9513777,0.96970564,0.9554764,0.9677121,0.9651384,0.971956,0.97547877,0.969679,0.96932036,0.9606466,0.97470415,0.9593264,0.9718806,0.95311403,0.94956636,0.96820086,0.9655273,0.9734673,0.9518411,0.9710812,0.95642823,0.9400767,0.9714816,0.9676206,0.97526383,0.9704152,0.9580253,0.9665462,0.96390957,0.9661502,0.97169316,0.9664187,0.96454716,0.9718806,0.94740623,0.96990204,0.95874643,0.97409636,0.96469325,0.97676957,0.9638537,0.95971876,0.9464053,0.97639495,0.950412,0.9540661,0.97763956,0.9560933,0.96557933,0.9571005,0.9546991,0.9488705,0.97936255,0.9540282,0.9690414,0.9484871,0.9645576,0.9519201,0.9575191,0.9667082,0.97693765,0.97940904,0.97384053,0.97538847,0.97920424,0.9626147,0.976605,0.9592827,0.9708637,0.92650723,0.95546407,0.9523977,0.9762553,0.9660107,0.96325755,0.92892426,0.97043675,0.95583564,0.96038234,0.9577783,0.97466415,0.96111274,0.9816758,0.9595682,0.9562277,0.9635509,0.958962,0.95295084,0.9749923,0.96904975,0.98011744,0.9673061,0.9646748,0.9685056,0.960416,0.93462753,0.98127246,0.96482146,0.9643961,0.9542349,0.9798883,0.9669849,0.9816758,0.9638266,0.96731186,0.97750235,0.95615214
angelhasfallen,0.9703056,0.94152564,0.9776541,0.95845413,0.9755645,0.96222645,0.95767254,0.9677798,0.97654617,0.965276,0.9999999,0.97413075,0.9413606,0.97397125,0.97164977,0.96734583,0.9770337,0.9596426,0.9732328,0.95768243,0.96288353,0.955256,0.96898407,0.96600515,0.96702033,0.9649877,0.9513994,0.9702764,0.97925866,0.95481044,0.969598,0.9681916,0.93088627,0.97315395,0.9529635,0.9729413,0.9656074,0.95654243,0.9663933,0.92739093,0.9569146,0.97300565,0.9734763,0.97920877,0.9718443,0.9655572,0.96780753,0.98193324,0.96159524,0.98042107,0.9711523,0.971963,0.95068467,0.94964564,0.93522763,0.9804142,0.94951844,0.95344734,0.9546347,0.9718871,0.96581954,0.9648255,0.97550046,0.9851828,0.9605098,0.94855595,0.94654536,0.9656168,0.98168033,0.95336217,0.96137685,0.9703346,0.9677252,0.9569323,0.95701814,0.9616035,0.95267135,0.9563301,0.97399,0.95540684,0.9844262,0.943243,0.9712559,0.9728171,0.9706423,0.97839856,0.981354,0.9315632,0.9563477,0.9638048,0.9658071,0.96137685,0.9542942,0.9451583,0.973336,0.9765976,0.983202,0.9573795,0.9554416,0.96929514,0.96103144,0.97034484,0.96098864,0.93668103,0.9730113,0.9765796,0.95065147,0.9739092,0.9658059,0.94851106,0.96911895,0.9754575,0.95132875,0.9471498,0.9366527,0.97790116,0.97340006,0.9603822,0.97408456,0.9575194,0.96735114,0.9625967,0.9527312,0.97755265,0.95665276,0.9557616,0.95197606,0.94777787,0.9472711,0.96466225,0.9620292,0.9753187,0.9728578,0.9662779,0.94769776,0.9570121,0.9759477,0.9597026,0.97054213,0.9646146,0.97654617,0.9723081,0.97363466,0.9763734,0.96844864,0.9523759,0.957086,0.93782437,0.9741893,0.97327965,0.9648879,0.9805663,0.9723551,0.95596504,0.9678892,0.95030653,0.97086746,0.95108235,0.9666953,0.956507,0.97654617,0.9626256,0.94986135,0.9653006,0.96878034
angrybirdsmovie,0.9650373,0.90750897,0.97569364,0.9700577,0.96179765,0.95462894,0.9663175,0.9715588,0.97297454,0.9458301,0.97413075,1.0,0.94355357,0.9696276,0.9682005,0.954273,0.980879,0.9570728,0.9662964,0.9472027,0.9605565,0.9658625,0.9717842,0.9572889,0.98308355,0.9809868,0.9681023,0.9796347,0.986948,0.970522,0.9478831,0.9683472,0.9213561,0.98956907,0.94963574,0.97133875,0.9560694,0.94949156,0.9685167,0.92173606,0.9627515,0.975929,0.97422457,0.9825657,0.96380025,0.9612423,0.9698199,0.9684502,0.9629381,0.98353326,0.98516387,0.97257537,0.9551101,0.9333739,0.94724226,0.97569066,0.95322573,0.94090545,0.9592836,0.9691965,0.9750854,0.96148,0.9759428,0.9732101,0.95957065,0.9398463,0.9608211,0.97518885,0.9691476,0.9354063,0.9568648,0.97349256,0.9679279,0.9647709,0.96151274,0.960975,0.95751363,0.95805573,0.9508263,0.956336,0.9799611,0.94662774,0.97840685,0.96435225,0.9736902,0.97334504,0.97952974,0.91984063,0.94063663,0.9649889,0.9709192,0.9568648,0.9690763,0.9531541,0.97492504,0.96349823,0.98516965,0.9393492,0.9657251,0.9758976,0.958184,0.9749222,0.96285564,0.93279094,0.96218723,0.98663205,0.9565882,0.97058856,0.95927966,0.9587466,0.9700113,0.97338706,0.9426128,0.95266783,0.94289005,0.96816885,0.96115655,0.9614353,0.9686502,0.9571519,0.97445405,0.95854145,0.9549108,0.9711336,0.93750775,0.96807986,0.9299897,0.968694,0.9504986,0.9722581,0.95969266,0.9650851,0.97455645,0.96694016,0.92924815,0.9611023,0.9615618,0.96299505,0.9643091,0.9578011,0.97297454,0.981729,0.96466756,0.96492404,0.97773445,0.96077347,0.95601285,0.9350064,0.97160566,0.95326865,0.9719063,0.9706733,0.96849406,0.9308206,0.9496981,0.95274925,0.9773286,0.9574066,0.96255314,0.95327216,0.97297454,0.96684986,0.94494635,0.96182746,0.9791073
annabellemovie,0.9515432,0.90209216,0.94604284,0.97533584,0.96344256,0.9470127,0.9805772,0.9607458,0.98121953,0.96318,0.9413606,0.94355357,0.9999999,0.96920013,0.9636695,0.949573,0.9587129,0.97182596,0.955477,0.9778663,0.98094356,0.9465415,0.9712553,0.9652899,0.970691,0.9397738,0.9646584,0.9659983,0.9494569,0.96208113,0.9413627,0.97734183,0.9532418,0.9390089,0.9811266,0.96176547,0.9746935,0.9701543,0.9607342,0.9693439,0.950858,0.95509374,0.95278937,0.94194967,0.971928,0.9538275,0.97529596,0.953467,0.96502256,0.9549309,0.9335499,0.97306013,0.97136843,0.96178436,0.9794534,0.95541203,0.973048,0.98492044,0.96665925,0.96752745,0.9497784,0.97407424,0.9653766,0.9638464,0.98112845,0.9763581,0.95828646,0.95809215,0.94684684,0.95203775,0.9764335,0.9597115,0.955699,0.96170324,0.96747744,0.9848345,0.96776235,0.971527,0.94739586,0.9163042,0.9580452,0.9810043,0.97999823,0.96605164,0.9562428,0.9501884,0.96337247,0.98380876,0.95292914,0.9634898,0.9730481,0.9764335,0.95065314,0.95894635,0.94794405,0.9613508,0.9392005,0.9760305,0.9760023,0.9566637,0.9568019,0.96541727,0.9158816,0.9641881,0.95219237,0.9421463,0.9791556,0.9540603,0.94311464,0.9501016,0.9827656,0.9405655,0.981648,0.97265315,0.9757281,0.9458568,0.94580555,0.97557855,0.97171986,0.9725478,0.9820784,0.98269933,0.97645676,0.9486969,0.96913147,0.9603532,0.9765162,0.9177238,0.96140903,0.93809074,0.97543395,0.9567283,0.9659015,0.90338594,0.9680341,0.9651727,0.9425683,0.95701003,0.97996336,0.9680902,0.98121953,0.94442123,0.9529441,0.9414367,0.95570517,0.96554357,0.97921985,0.9853628,0.97048044,0.9514076,0.96776307,0.94747597,0.96168226,0.93485534,0.95793444,0.9734262,0.9698117,0.96910644,0.96227634,0.96768904,0.98121953,0.95936096,0.97182596,0.98606163,0.93907493
annamovie,0.9747309,0.92659146,0.9732102,0.9758039,0.97402024,0.9754539,0.9820492,0.9754901,0.9893602,0.9764227,0.97397125,0.9696276,0.96920013,1.0,0.96877474,0.9705162,0.9771242,0.9734017,0.9696718,0.9719292,0.982129,0.9559978,0.9894379,0.9860007,0.98017025,0.96466863,0.97112906,0.9770427,0.9693056,0.9677995,0.95235896,0.9866209,0.95638865,0.9668181,0.96968096,0.96838033,0.9761021,0.9721201,0.9776581,0.9665801,0.9662186,0.9764442,0.972326,0.9677558,0.98396015,0.9784169,0.98782563,0.96856064,0.97479916,0.978066,0.9578278,0.98602754,0.97093976,0.9783709,0.96896315,0.97921246,0.96892506,0.97321475,0.9660217,0.98544866,0.96010447,0.9815232,0.97669154,0.98732394,0.9878246,0.9754695,0.9662537,0.9767556,0.96669996,0.9690558,0.9869698,0.97570044,0.97518796,0.9760314,0.9775378,0.98151207,0.9689289,0.9702513,0.9785576,0.9492623,0.97903377,0.9721746,0.98035365,0.98442984,0.9712185,0.9740523,0.9770523,0.9665146,0.9835045,0.9809207,0.97181505,0.9869698,0.9600378,0.98091465,0.97231317,0.9731645,0.9645412,0.96815157,0.98056984,0.99180186,0.9739586,0.9829527,0.95155483,0.97306734,0.97038347,0.96771616,0.98748195,0.9727379,0.952407,0.9622357,0.9881051,0.9712561,0.9744218,0.9663158,0.97514117,0.96828467,0.9704046,0.977452,0.98110104,0.98600554,0.9798078,0.97683233,0.97484183,0.9773795,0.9682617,0.9726832,0.97369957,0.9405378,0.96444976,0.9570622,0.985173,0.96800673,0.97979873,0.9552654,0.9688911,0.963982,0.97528446,0.970055,0.9898959,0.9765663,0.9893602,0.9635641,0.9783317,0.9756073,0.96564287,0.97610366,0.9786746,0.9681926,0.9844345,0.9756227,0.9822476,0.97318935,0.97639537,0.95421445,0.98481727,0.9881005,0.9789898,0.967849,0.98469764,0.9801113,0.9893602,0.98107034,0.97472453,0.9807671,0.9570972
apollo11movie,0.986826,0.93540776,0.9841311,0.9821845,0.9845434,0.96320224,0.98038703,0.98484355,0.99147576,0.9658223,0.97164977,0.9682005,0.9636695,0.96877474,1.0000001,0.9758922,0.9780785,0.97580975,0.97398543,0.977891,0.9838296,0.97823805,0.96761006,0.9657736,0.974669,0.95746374,0.97230685,0.97646195,0.98401463,0.9693397,0.9661705,0.9678264,0.94612014,0.96604663,0.9793475,0.98219705,0.97899944,0.97177666,0.9836356,0.9577251,0.96734995,0.97365576,0.9626591,0.9831822,0.9663799,0.9690307,0.97220457,0.9828152,0.98283154,0.98346996,0.9727645,0.9776086,0.97085303,0.9495444,0.9677963,0.9796588,0.97086054,0.97501427,0.9699951,0.9820546,0.97032106,0.9716605,0.9629134,0.9813404,0.967563,0.96560484,0.9782629,0.97313666,0.9711864,0.9659352,0.9735723,0.96811724,0.9760084,0.9804315,0.9718445,0.9712238,0.97520906,0.97887695,0.96530396,0.97493464,0.9764114,0.9699107,0.9861126,0.9758316,0.98340243,0.9789318,0.9791817,0.9552906,0.9552113,0.9634495,0.9868398,0.9735723,0.9806289,0.9605268,0.9798105,0.99102324,0.9772421,0.97236085,0.9806992,0.95568806,0.9686544,0.9638816,0.96652746,0.9611007,0.9745365,0.9722742,0.9603763,0.97858876,0.98024786,0.9685932,0.9840469,0.96961874,0.9711476,0.9708811,0.9548541,0.9747543,0.9841137,0.9764603,0.9826407,0.9689652,0.98736507,0.97630733,0.975593,0.9676092,0.9759783,0.9656712,0.9662068,0.96302044,0.97466934,0.95504224,0.98593855,0.9811012,0.9762706,0.9470901,0.9602588,0.9791371,0.9742903,0.9721435,0.9782779,0.97428954,0.99147576,0.9689075,0.9755286,0.9608571,0.97092164,0.964186,0.96092427,0.95788574,0.97832984,0.97621334,0.97438264,0.98167914,0.98319757,0.958888,0.96179765,0.9564451,0.9839391,0.96788603,0.9721155,0.9674985,0.99147576,0.96706784,0.96902806,0.97964156,0.9751493
arcticdogsmovie,0.97436315,0.9759002,0.98518515,0.9710243,0.9763828,0.9683483,0.96430963,0.98057634,0.9819116,0.9692705,0.96734583,0.954273,0.949573,0.9705162,0.9758922,1.0,0.96513534,0.9730193,0.9731726,0.97874755,0.9664961,0.97573304,0.9744656,0.9775629,0.961682,0.94624907,0.9625648,0.9584779,0.9739929,0.9607594,0.9728811,0.9608748,0.9455447,0.9489533,0.9659837,0.9705416,0.98156947,0.9533957,0.9777835,0.95240617,0.9631546,0.97922164,0.9730005,0.9751153,0.9783505,0.98040265,0.9813683,0.96959114,0.9668219,0.9831665,0.96894634,0.96216565,0.9469934,0.96075034,0.94828117,0.9820202,0.9685469,0.9683991,0.9785426,0.9732717,0.951261,0.97138107,0.9635128,0.9815065,0.9619825,0.95760435,0.9709343,0.96645415,0.9834856,0.969211,0.9739624,0.9585636,0.97273135,0.9727756,0.9670435,0.9521794,0.95198303,0.95588696,0.96598727,0.9549427,0.9760564,0.95066816,0.9760764,0.97153795,0.9689133,0.972927,0.96742207,0.95423526,0.96656495,0.97214615,0.9728652,0.9739624,0.97158915,0.96647054,0.9835264,0.97069025,0.96874356,0.9716653,0.97213084,0.9610347,0.98053366,0.96302503,0.95281917,0.96675783,0.97752875,0.97304434,0.9683497,0.97499305,0.9636922,0.96192,0.9794249,0.9691861,0.96655154,0.95306945,0.9561467,0.96991783,0.9668957,0.97508043,0.97610456,0.9590174,0.96946824,0.9727327,0.95484793,0.97730356,0.96605885,0.9740908,0.9503896,0.9570563,0.9681622,0.96886384,0.97716576,0.97409046,0.959038,0.93321496,0.9601084,0.9758125,0.9559097,0.9496547,0.9760268,0.9882691,0.9819116,0.96664804,0.9818775,0.9584402,0.94767493,0.9387276,0.96061224,0.94405174,0.9776127,0.98091257,0.9557136,0.9765308,0.98225147,0.9367397,0.96857846,0.949532,0.9666598,0.96384364,0.9607466,0.9762416,0.9819116,0.9666655,0.9667305,0.970663,0.96828896
arcticmovie,0.97225827,0.9141044,0.9786693,0.96943766,0.9688467,0.9692235,0.9714332,0.97664195,0.98306066,0.9633431,0.9770337,0.980879,0.9587129,0.9771242,0.9780785,0.96513534,1.0,0.96076244,0.9755312,0.96083605,0.9710218,0.96785384,0.97571456,0.971732,0.9815623,0.9737432,0.9783005,0.98698443,0.9828812,0.9691632,0.95523316,0.9742199,0.9408048,0.976159,0.95998544,0.97998136,0.97710747,0.9607834,0.9748683,0.93677986,0.97316825,0.97642606,0.9761553,0.9819522,0.9731863,0.97069925,0.9748156,0.97100616,0.9701791,0.985905,0.98155206,0.9817191,0.96164703,0.9548562,0.9591762,0.9746726,0.9703974,0.960808,0.9626972,0.98511946,0.97389555,0.974783,0.9710574,0.98173493,0.9689215,0.9505109,0.96655315,0.982137,0.9695272,0.9573263,0.9774355,0.98089015,0.9735163,0.9665463,0.96934044,0.9660919,0.9665673,0.9650334,0.9723452,0.9628492,0.97523516,0.9615579,0.9864881,0.9777225,0.9752325,0.97628707,0.98525685,0.9452139,0.9552752,0.97219974,0.9740087,0.9774355,0.9688359,0.9603644,0.98403865,0.9713366,0.9790036,0.95979565,0.97507155,0.9718231,0.9692276,0.9738427,0.97010046,0.9541419,0.9770249,0.9846869,0.95905936,0.9751009,0.9639759,0.9604862,0.97729594,0.9761193,0.9513389,0.9631798,0.95665526,0.96908146,0.96745116,0.96498096,0.9690167,0.9653459,0.981837,0.97257346,0.96419436,0.977048,0.9510302,0.9701214,0.9577794,0.96545,0.962503,0.97358286,0.97431034,0.9715928,0.98971975,0.9695846,0.9468239,0.96691936,0.9625959,0.97006965,0.97425896,0.9741825,0.98306066,0.98071694,0.97146165,0.9681626,0.9726073,0.96339625,0.9668355,0.94620764,0.9767828,0.96442896,0.97303087,0.97233903,0.97805303,0.94343984,0.9726464,0.9721451,0.9785632,0.9672001,0.9703535,0.960997,0.98306066,0.96731573,0.9600878,0.97137785,0.9821985
artofracingmovie,0.9617217,0.948435,0.97271115,0.97465,0.985769,0.9572343,0.9779411,0.97261554,0.98385245,0.97360104,0.9596426,0.9570728,0.97182596,0.9734017,0.97580975,0.9730193,0.96076244,1.0000001,0.96785456,0.96904194,0.97424084,0.9579046,0.96859986,0.967129,0.9694911,0.9570492,0.9663111,0.9617483,0.96992284,0.9559009,0.96597254,0.9698015,0.9366332,0.9485914,0.97055846,0.9580945,0.9723517,0.9650629,0.9755885,0.96353585,0.9620442,0.96330434,0.9680912,0.95921814,0.9700957,0.9529386,0.97441775,0.9709461,0.9626027,0.9691631,0.9549157,0.9648237,0.95790035,0.96241105,0.9644869,0.979206,0.9691922,0.9713817,0.9659917,0.96501845,0.96045095,0.9635627,0.9735106,0.9739061,0.9784495,0.9618656,0.9714323,0.958319,0.97537166,0.9464082,0.96358395,0.9553125,0.9553965,0.9693674,0.957839,0.9709578,0.9571259,0.9675691,0.9553122,0.9445172,0.9817956,0.966692,0.9783989,0.9660388,0.9702702,0.96012545,0.96690804,0.9613118,0.956896,0.9606209,0.9760924,0.96358395,0.956496,0.95793104,0.9611455,0.9805124,0.96811396,0.9679623,0.9790642,0.9637266,0.9558994,0.9736417,0.95104915,0.95312107,0.9639276,0.9598593,0.9731188,0.98122084,0.9605307,0.95448685,0.9792751,0.95735276,0.9746575,0.95324004,0.95648396,0.95411396,0.9587951,0.9704788,0.9800323,0.97215676,0.97858125,0.9645805,0.9724137,0.9589528,0.96940905,0.96024746,0.95744365,0.9377121,0.9618715,0.95125306,0.97313315,0.98286945,0.9674396,0.9319397,0.961316,0.9668139,0.96399105,0.95156,0.9762404,0.96490675,0.98385245,0.9534749,0.96789545,0.96419334,0.95501053,0.9510824,0.9663766,0.96894914,0.98584926,0.9649134,0.9725328,0.9711857,0.9631343,0.9367003,0.9603872,0.9567592,0.9704076,0.94355106,0.9627027,0.96167374,0.98385245,0.9747839,0.96429396,0.97873586,0.9588399
avengers,0.977438,0.94523793,0.9757551,0.96879345,0.9737285,0.9596167,0.9685977,0.9748604,0.98118496,0.9736809,0.9732328,0.9662964,0.955477,0.9696718,0.97398543,0.9731726,0.9755312,0.96785456,1.0000001,0.97504246,0.96908027,0.96724916,0.970735,0.96846306,0.96887326,0.95629495,0.9601707,0.9760957,0.9741421,0.949564,0.98669946,0.9701362,0.9403101,0.9670482,0.96445227,0.96878,0.97298867,0.95810145,0.9738474,0.9432159,0.9738364,0.96928436,0.9722029,0.97284365,0.9718731,0.96256393,0.97037995,0.9844438,0.96134365,0.97495216,0.96932876,0.97416216,0.9592249,0.95789236,0.9545763,0.97509736,0.9636605,0.96369904,0.96439826,0.973063,0.9779763,0.9723877,0.9657319,0.9807736,0.96870494,0.95887375,0.9642176,0.9773036,0.97827655,0.9473291,0.9691651,0.9645339,0.96295846,0.9775926,0.9646507,0.9713327,0.95725054,0.95884174,0.96113324,0.9527663,0.9728241,0.95088047,0.9798209,0.96989167,0.96951765,0.9813837,0.97417116,0.9422213,0.96156,0.96240705,0.972704,0.9691651,0.9625953,0.9611164,0.974153,0.9662714,0.9791974,0.9751618,0.96157205,0.95919174,0.9571252,0.97438484,0.94912946,0.9498251,0.98669976,0.9726931,0.95605916,0.9665334,0.9776676,0.9606266,0.97652125,0.96652925,0.94870627,0.9552872,0.94820267,0.96720695,0.96782357,0.96926486,0.9774955,0.9681726,0.9785325,0.9770076,0.9602195,0.97171795,0.9697716,0.9682282,0.9540321,0.9559618,0.9565581,0.97032416,0.9720473,0.96726614,0.9714456,0.94152504,0.9486635,0.95861095,0.9537385,0.9593782,0.9686947,0.9701519,0.98118496,0.967629,0.96401274,0.9524223,0.9670984,0.9562733,0.9607026,0.9495625,0.97426265,0.9659109,0.96130764,0.9775726,0.9752631,0.9529479,0.96780235,0.9497696,0.9686319,0.96059793,0.9665604,0.9550669,0.98118496,0.9677751,0.9619934,0.97846127,0.9719295
beachbummovie,0.9770123,0.9439466,0.96960074,0.98014176,0.9708442,0.96535534,0.97998446,0.9774212,0.98735696,0.96915495,0.95768243,0.9472027,0.9778663,0.9719292,0.977891,0.97874755,0.96083605,0.96904194,0.97504246,0.9999999,0.9839972,0.97080034,0.97499746,0.9785387,0.9704894,0.94194067,0.9694261,0.9661141,0.9627213,0.95997816,0.9716571,0.97548634,0.96482253,0.9434133,0.98975194,0.9764938,0.9831013,0.9750854,0.9781202,0.97435516,0.9598498,0.9715924,0.96307683,0.9633992,0.9758548,0.9755636,0.9807707,0.97017586,0.9750655,0.9734073,0.9530378,0.9721416,0.9679064,0.9655804,0.9747207,0.97330266,0.9791048,0.9874101,0.9826863,0.97489333,0.95295507,0.9757913,0.96170217,0.9773407,0.9754475,0.9825666,0.96378756,0.96636146,0.9693565,0.97586864,0.9800354,0.96246207,0.97905076,0.9778919,0.98084474,0.97723514,0.9728995,0.9704097,0.96168435,0.94245934,0.9692117,0.9729483,0.9785792,0.9829658,0.96566373,0.96754396,0.9748419,0.9731906,0.96942586,0.9692113,0.9815444,0.9800354,0.9717598,0.97432214,0.9685737,0.97072583,0.9550472,0.99145246,0.97850996,0.96120054,0.97612834,0.9655427,0.92903143,0.97164226,0.96995497,0.95864314,0.97570324,0.96099025,0.9687175,0.96584016,0.98722285,0.96285933,0.98176825,0.97967213,0.9746397,0.9662275,0.9678424,0.9893857,0.9835423,0.9769055,0.98127896,0.987825,0.97262794,0.9699197,0.9795433,0.9784887,0.9722526,0.94545704,0.970971,0.957783,0.98658985,0.96301544,0.9615486,0.90804964,0.9785282,0.9715084,0.9511,0.9631265,0.97912735,0.9868152,0.98735696,0.95397854,0.97357285,0.9462917,0.9549607,0.9592498,0.9720402,0.97538227,0.97273874,0.9717974,0.96630406,0.96863157,0.98396224,0.94602144,0.9687181,0.9610836,0.96921945,0.9747445,0.9668682,0.9785914,0.98735696,0.96706325,0.9815025,0.9853982,0.9573759
bernadettefilm,0.9778544,0.92207205,0.96949273,0.98668784,0.9720464,0.97350895,0.99263006,0.98221064,0.992691,0.97852,0.96288353,0.9605565,0.98094356,0.982129,0.9838296,0.9664961,0.9710218,0.97424084,0.96908027,0.9839972,0.99999994,0.9711998,0.97629094,0.9797009,0.98318315,0.9558424,0.96789825,0.9763838,0.970052,0.9756336,0.9542346,0.9827765,0.9660745,0.95789546,0.98794097,0.97102463,0.9824382,0.9777979,0.98414457,0.979582,0.9600995,0.972769,0.96363163,0.96869045,0.97779566,0.9666886,0.9804157,0.9689293,0.9887114,0.9750136,0.9580537,0.98375654,0.9857914,0.97025573,0.9820265,0.97237813,0.97220707,0.98580235,0.9716411,0.9813953,0.95864767,0.9814665,0.96993405,0.97969407,0.98502517,0.9768561,0.9756672,0.97400296,0.9617409,0.96583843,0.98358136,0.97006106,0.9730736,0.9778494,0.98237115,0.988185,0.9806038,0.9872554,0.96596986,0.9564433,0.97319037,0.99128735,0.9854035,0.9812388,0.9756339,0.973913,0.97868913,0.97578585,0.96913725,0.9710772,0.9822222,0.98358136,0.9735311,0.9771301,0.97368383,0.9835229,0.96339434,0.98454463,0.98574525,0.97068906,0.967646,0.9787544,0.9548795,0.9771044,0.9700342,0.96330774,0.97761923,0.96815777,0.9685539,0.9702965,0.9919904,0.96587694,0.98181766,0.9805642,0.97965544,0.96559095,0.9748613,0.98445106,0.98611355,0.98644227,0.9876244,0.98699707,0.98468065,0.9682335,0.9814946,0.9740174,0.9820213,0.9460697,0.9759545,0.95094043,0.99399906,0.9752137,0.97383696,0.93631995,0.9730359,0.97828794,0.9704975,0.9781386,0.9858133,0.9721498,0.992691,0.9623125,0.97156465,0.95583504,0.9649013,0.974184,0.9759516,0.9796053,0.9843021,0.9756801,0.98447627,0.9670696,0.9739737,0.95444757,0.9745888,0.9727522,0.98363143,0.971407,0.98169047,0.9771546,0.992691,0.97200423,0.98429394,0.9889406,0.96277875
