movie,21bridgesmovie,47metersdown,abeautifuldaymovie,abominablemovie,adastramovie,adogsjourneymovie,aftermathmovie,aftermovie,ahiddenlifefilm,alitamovie,angelhasfallen,angrybirdsmovie,annabellemovie,annamovie,apollo11movie,arcticdogsmovie,arcticmovie,artofracingmovie,avengers,beachbummovie,bernadettefilm,blackandbluemovie,blackchristmas,blindedbythelightmovie,bombshellmovie,booksmart,breakthroughmovie,brianbanksmovie,brightburnmovie,brittanyrunsmov,captainmarvelofficial,captivestatemovie,catsmovie,charliesangels,childsplaymovie,clarathefilm,coldpursuitmovie,countdown,currentwarmovie,darkwatersmovie,detectivepikachumovie,disneyaladdin,disneyfrozen,disneymaleficent,doctorsleepmovie,dolemiteismyname,dontletgomovie,doramovie,downtonabbey_official,dumbo,escaperoom,everybodyknowsmovie,fastandfuriousmovie,fightingwmyfam,fivefeetapartfilm,fordvferrari,freaksthefilm,geminimanmovie,glassmovie,gloriabellmovie,godzillamovie,goldfinchmovie,goodboysmovie,goodliarmovie,gretafilm,halathemovie,happydeathdaymovie,harrietfilm,hellboymovie,hersmellmovie,highlifemovie,highstrungmovie,honeyboymovie,hotelmumbaifilm,httydragon,hustlemovie,hustlersmovie,isntitromantic,itmovieofficial,jayandsilentbob,johnwickmovie,jojorabbitmovie,jokermovie,judythefilm,jumanjimovie,justmercyfilm,knivesout,lalloronamovie,lastblackmansf,lastchristmasthemovie,latenightmovie,lighthousemovie,lionking,littlethemovie,littlewomenmovie,littlewoodsfilm,longshotmovie,lordsofchaosmovie,lucyintheskyfilm,mamovie2019,marriagestory,meettheaddams,meninblack,midsommarmovie,midwaymovie,missbalamovie,missinglinkfilm,motherlessbklyn,onceinhollywood,onthebasisofsex,overcomermovie,peanutbutterfalcon,petsematarymovie,piercingmovie,playingwithfire,playmobilthemovie,pomsmovie,queenandslim,rambomovie,readyornotfilm,richardjewellfilm,rocketmanmovie,scarystoriesmovie,secretlifeofpets,serenityfilm,shaftmovie,shazammovie,spidermanmovie,spiesindisguise,starwars,stormboymovie,stubermovie,taosdfilm,teenspiritmov,terminator,theaeronautsmov,thebestofenemies,thedeaddontdie,thefarewell,thehighwaymen,thehummingbirdprojectfilm,theintrudermovie,theirishmanfilm,thekitchenmovie,thelegomovie,themustangfilm,thenightingalefilm,theprodigymovie,thesunisalsoastar,theupsidefilm,tolkienmovie,toystory,triplefrontier,uglydolls,uncutgems,underthesilverlake,usmovie,wavesmovie,whatmenwant,wonderparkmovie,wrinklestheclown,xmenmovies,yardiefilm,yesterdaymovie,zombieland
21bridgesmovie,1.0,0.96333796,0.99239105,0.98992085,0.9939107,0.9845544,0.98823744,0.9750247,0.9918191,0.97677684,0.99271595,0.99096787,0.9948925,0.98846793,0.99126756,0.9879168,0.985944,0.99549294,0.9850755,0.9898801,0.97331244,0.9934243,0.98715734,0.9858607,0.9900934,0.98135376,0.986313,0.97976893,0.99497485,0.9862826,0.9769721,0.9847489,0.9720151,0.9883619,0.9793295,0.9878191,0.9888152,0.97973835,0.9949167,0.98727316,0.99203944,0.9875836,0.9726231,0.98760533,0.9919032,0.98413163,0.9858652,0.99165094,0.986784,0.9914557,0.9965281,0.98983616,0.99224526,0.9876555,0.97660697,0.9799582,0.9814816,0.97805154,0.98870367,0.9863699,0.987088,0.987858,0.9929263,0.99293476,0.98336905,0.98312753,0.98889357,0.97723943,0.9833052,0.97474104,0.98788947,0.98273635,0.9877634,0.96462387,0.99189967,0.9775879,0.97826767,0.9687349,0.9840284,0.97031915,0.9802092,0.98452485,0.9913799,0.98791593,0.99145436,0.98449033,0.98537844,0.990634,0.99061984,0.9834455,0.987354,0.98788947,0.9796591,0.9829324,0.9871371,0.9865445,0.9865397,0.9881685,0.9873718,0.98629487,0.98535335,0.9870018,0.97382,0.9875997,0.98663193,0.9959963,0.9891295,0.98987806,0.9782321,0.9851685,0.98911893,0.98950654,0.99233586,0.9836351,0.9834635,0.98854107,0.99604416,0.99084926,0.98849964,0.9759166,0.99003863,0.9774704,0.9895379,0.9633861,0.9897526,0.9947728,0.9884463,0.99115396,0.98799103,0.9856122,0.9821249,0.9874726,0.96501154,0.96123695,0.9822646,0.97923976,0.9824167,0.97738034,0.9846538,0.98705226,0.9918191,0.98872703,0.9822257,0.98003983,0.9787034,0.9784468,0.9794332,0.9846636,0.9868331,0.9881147,0.9874473,0.9888623,0.9808045,0.9750321,0.971959,0.9865166,0.99004155,0.9728709,0.98772526,0.9863736,0.9918191,0.99372745,0.9919413,0.9846465,0.98811066
47metersdown,0.96333796,1.0,0.96574664,0.97396755,0.9648627,0.97133046,0.9705846,0.97717434,0.97429925,0.95732427,0.9769218,0.9746591,0.96969736,0.9723735,0.95995,0.9828449,0.96698225,0.97154665,0.97257733,0.96386874,0.9766896,0.9624769,0.9784878,0.96870834,0.95706373,0.9749205,0.9705337,0.96424687,0.9636214,0.9530949,0.96076214,0.9681681,0.9501187,0.95020103,0.9682574,0.97384137,0.959907,0.9508695,0.97520375,0.9710482,0.96467364,0.97779405,0.96491665,0.9751523,0.9633893,0.97247255,0.97582096,0.97160894,0.9721873,0.974966,0.9708051,0.97401416,0.9703128,0.96570325,0.9559354,0.980346,0.9538789,0.9788681,0.9755426,0.9766186,0.95566636,0.9599169,0.9657282,0.9762607,0.97407305,0.96374786,0.9531257,0.97757703,0.9648384,0.9478526,0.981165,0.96427655,0.9825319,0.94263095,0.9775483,0.96690446,0.9590115,0.9414346,0.96394575,0.94080746,0.96340054,0.9632204,0.9773393,0.9699078,0.9674331,0.9603774,0.97721267,0.96576756,0.97939557,0.9595176,0.9575545,0.981165,0.96600056,0.9587474,0.96703327,0.96228635,0.9596096,0.96173716,0.9658932,0.9596178,0.97123885,0.9589015,0.95233995,0.9752072,0.9815723,0.9702077,0.9481661,0.9720166,0.96950567,0.9544343,0.98040557,0.978048,0.9730405,0.9626386,0.97382635,0.9628569,0.9654792,0.9759102,0.9776202,0.9672251,0.9814317,0.9743227,0.9649242,0.975877,0.9677653,0.977535,0.9709222,0.97662014,0.9815269,0.973428,0.96334445,0.97936815,0.9588375,0.9438074,0.97375697,0.944658,0.93083996,0.97198653,0.98124933,0.9759242,0.97429925,0.96085304,0.9768737,0.9601726,0.97247505,0.95371354,0.9467078,0.97500634,0.9717655,0.9589713,0.9780588,0.9783269,0.9728612,0.9288744,0.9731021,0.9839814,0.9694139,0.97591746,0.9602122,0.9672229,0.97429925,0.96931255,0.9660053,0.9839598,0.95904225
abeautifuldaymovie,0.99239105,0.96574664,1.0000001,0.99066097,0.9889386,0.9803295,0.98899573,0.97471344,0.9897504,0.9784211,0.9885308,0.9803673,0.9958351,0.98258287,0.9842877,0.9844655,0.98963106,0.9898722,0.9772311,0.9850542,0.9804159,0.99536943,0.9834779,0.9817238,0.98654926,0.9823887,0.98003614,0.9776048,0.99710476,0.98104334,0.9622892,0.981899,0.9800388,0.9823907,0.9778504,0.98978174,0.98122317,0.97594875,0.9886219,0.9887533,0.987603,0.98624206,0.97169507,0.9878579,0.9876651,0.98253417,0.9826109,0.9804201,0.98395324,0.9903797,0.99430954,0.98828566,0.99060637,0.98636264,0.97824407,0.97318524,0.9777864,0.9740942,0.9823704,0.98175627,0.9859112,0.98430145,0.9928878,0.98824435,0.9863237,0.9741191,0.9862105,0.97815514,0.9706882,0.96502256,0.986525,0.98691756,0.98690206,0.97183883,0.99186414,0.97792107,0.9779794,0.9672773,0.98200655,0.96689177,0.973609,0.9856239,0.9895054,0.99092877,0.9879576,0.9827875,0.97883624,0.9913446,0.98555434,0.97759855,0.97896725,0.986525,0.9765109,0.9802967,0.9814321,0.98530895,0.9797593,0.98138195,0.984896,0.9736238,0.9854402,0.98659647,0.9772802,0.98708737,0.99033254,0.99410784,0.9880595,0.9846921,0.97726834,0.9835213,0.9858956,0.99153197,0.9893235,0.9865395,0.9893279,0.9778584,0.9909274,0.98795235,0.9880019,0.9765801,0.9918441,0.97635466,0.9861791,0.9611446,0.98245734,0.993948,0.9855292,0.9877331,0.986213,0.9823091,0.9770279,0.98327094,0.9694754,0.956394,0.97821647,0.9795967,0.971681,0.97866666,0.98536897,0.9911347,0.9897504,0.99378943,0.9850449,0.9726273,0.9812122,0.97661847,0.97565997,0.98136145,0.9814637,0.98244655,0.9880101,0.9949473,0.9792897,0.9797488,0.9725517,0.985587,0.98335326,0.96893126,0.9841447,0.9864823,0.9897504,0.9895549,0.9942678,0.9847821,0.99293417
abominablemovie,0.98992085,0.97396755,0.99066097,1.0000001,0.9911823,0.97638375,0.98845047,0.9724774,0.9896762,0.97662234,0.9907472,0.9846918,0.9909443,0.98187363,0.9784216,0.9813788,0.98842263,0.9927803,0.9763399,0.9828581,0.9830428,0.9862607,0.98873764,0.9832187,0.9801162,0.9894902,0.9807078,0.9717028,0.9886218,0.97909266,0.96602476,0.98039806,0.96379733,0.97649187,0.9747618,0.98944324,0.9808962,0.9765174,0.9880093,0.9823251,0.98706037,0.9865736,0.984205,0.98655015,0.9903119,0.98756933,0.98631734,0.98031306,0.9841858,0.9871902,0.9927087,0.98802435,0.9881095,0.98620975,0.9695584,0.98840106,0.9732021,0.9843724,0.9899749,0.98774993,0.9860052,0.9862115,0.9915183,0.98715323,0.98844516,0.9902411,0.974061,0.98061335,0.9755331,0.95806795,0.99023885,0.9740117,0.9925225,0.9645926,0.9942707,0.9714362,0.96863997,0.95957416,0.97168946,0.95607305,0.9761472,0.98013854,0.98803455,0.98792946,0.9828983,0.9858734,0.97875005,0.986845,0.9942576,0.9760274,0.97448677,0.99023885,0.98263925,0.98425287,0.98716164,0.9799734,0.9825749,0.98665875,0.98728305,0.9817236,0.9850177,0.97820497,0.96298003,0.98593175,0.9876757,0.99370974,0.97979647,0.9798196,0.9818629,0.9738356,0.98856896,0.9895376,0.99297327,0.9841947,0.9886968,0.97531265,0.98738146,0.987359,0.98953503,0.9782621,0.988252,0.9828856,0.984258,0.95383686,0.9786147,0.99288654,0.983879,0.9825492,0.98556703,0.9916962,0.98046756,0.9917156,0.96522975,0.963004,0.9902057,0.96918666,0.9584061,0.98403037,0.98902774,0.9900351,0.9896762,0.9865487,0.9833095,0.9696345,0.9764015,0.9680786,0.9654893,0.9818063,0.9801221,0.97677654,0.99042296,0.9944868,0.9832644,0.95711666,0.9773468,0.9858929,0.98677224,0.972674,0.9802466,0.9878411,0.9896762,0.9899921,0.9888779,0.98783463,0.984546
adastramovie,0.9939107,0.9648627,0.9889386,0.9911823,0.9999999,0.97937095,0.9856797,0.982525,0.9922139,0.9828446,0.9923736,0.9843796,0.9931885,0.9838085,0.9823649,0.9847366,0.9860243,0.99080384,0.98567975,0.9925069,0.97459567,0.9872708,0.9873117,0.98575026,0.9914554,0.97968864,0.9852407,0.9854847,0.991869,0.98957694,0.9744019,0.98325646,0.95844513,0.98759663,0.9817407,0.9813105,0.99007416,0.9834822,0.9920908,0.989737,0.9896175,0.9858693,0.9796531,0.9885403,0.9891866,0.9921975,0.98709106,0.98422754,0.98639387,0.9913735,0.9926096,0.98989344,0.99305457,0.98743254,0.97559613,0.98635125,0.98764277,0.9820003,0.9829257,0.9856434,0.9913726,0.99455416,0.99252504,0.98969024,0.9860923,0.9830508,0.98423225,0.9786467,0.98563945,0.9672405,0.98817736,0.9786168,0.99104226,0.9756913,0.98920655,0.9845052,0.97860473,0.97769326,0.9837649,0.9762,0.9767443,0.9862184,0.99244857,0.98221487,0.9890553,0.98851687,0.9853412,0.9914227,0.9947092,0.99009943,0.98696214,0.98817736,0.9856207,0.9896499,0.9877758,0.98151517,0.9961299,0.992436,0.9882679,0.97763956,0.98896205,0.9911572,0.9720736,0.9867005,0.9878743,0.99276084,0.98472846,0.9879249,0.9773304,0.987201,0.9899706,0.99276084,0.9931752,0.98205465,0.9864826,0.9890527,0.994563,0.99043787,0.98470753,0.97016835,0.9834535,0.98692155,0.99013186,0.96751714,0.98719573,0.9950982,0.9898633,0.99004346,0.98293346,0.9874749,0.9810891,0.9907335,0.9741374,0.9645239,0.9888615,0.98031354,0.9787339,0.9713539,0.9845132,0.98658514,0.9922139,0.9842147,0.9869337,0.9777616,0.98416173,0.97974956,0.9802151,0.98719937,0.98962307,0.99030524,0.9889576,0.9911802,0.9800376,0.96853775,0.9791783,0.9878837,0.98727196,0.9792812,0.9901734,0.98663193,0.9922139,0.9901779,0.9881298,0.9835519,0.9879346
adogsjourneymovie,0.9845544,0.97133046,0.9803295,0.97638375,0.97937095,1.0000001,0.9750506,0.9730682,0.98730457,0.95550907,0.9783557,0.976921,0.9841938,0.9950046,0.99013513,0.9874198,0.9791981,0.9827699,0.9800971,0.9852158,0.97233284,0.98901093,0.9844343,0.9845028,0.9815129,0.9820546,0.9916326,0.9859365,0.9856779,0.97970694,0.9788914,0.97868854,0.9763274,0.9713502,0.97836757,0.9880427,0.9758241,0.96276796,0.9859175,0.9795253,0.9746254,0.9862299,0.95228904,0.986532,0.9815753,0.981086,0.98753226,0.98479456,0.98804384,0.98706585,0.98288447,0.9833219,0.98024285,0.9715126,0.9682541,0.9762402,0.98377323,0.9803801,0.98845464,0.9866711,0.97129846,0.9751941,0.9825107,0.99330753,0.96824116,0.9671869,0.9798404,0.977724,0.9681464,0.9669918,0.98801875,0.98444533,0.98416674,0.96448046,0.9822457,0.9802516,0.9742795,0.95950866,0.98399335,0.9749442,0.97344935,0.98062086,0.9860286,0.98248446,0.9801347,0.98235184,0.9824034,0.97801805,0.9825924,0.98024064,0.9854541,0.98801875,0.98167914,0.96925473,0.96936804,0.98353964,0.97389185,0.97579354,0.9721372,0.98437816,0.98030746,0.9793234,0.9794152,0.9805893,0.98831415,0.9839687,0.9763472,0.982365,0.9830943,0.9763857,0.9884023,0.98517364,0.98541987,0.9880966,0.9866774,0.97846013,0.9842407,0.98595,0.9815294,0.9702126,0.9902426,0.98686063,0.9783985,0.9767843,0.9860616,0.9874628,0.9828697,0.9832193,0.98284006,0.9743946,0.97073734,0.9842236,0.9664088,0.9669511,0.9757725,0.9764986,0.97064984,0.9742154,0.9816026,0.98830783,0.98730457,0.9845931,0.98855966,0.97517616,0.9839697,0.98265845,0.97409844,0.97860175,0.9779873,0.97852486,0.9779412,0.978625,0.9839816,0.95577776,0.9847878,0.9893671,0.99377596,0.9695785,0.9763076,0.98182744,0.98730457,0.9861546,0.9829394,0.99113023,0.9781924
aftermathmovie,0.98823744,0.9705846,0.98899573,0.98845047,0.9856797,0.9750506,1.0,0.9786099,0.9925185,0.97270685,0.98537755,0.98200214,0.98648894,0.9819019,0.9773512,0.98646027,0.9959412,0.98516154,0.97463393,0.9840654,0.98845387,0.98939127,0.9894409,0.9887472,0.97624314,0.9796107,0.97874,0.98034483,0.99036664,0.9819523,0.965428,0.9934261,0.9761932,0.9787827,0.9764282,0.9841888,0.9917752,0.9614486,0.9898632,0.99154055,0.98524004,0.9896192,0.9672304,0.9911959,0.98476315,0.98659974,0.98579353,0.97427964,0.9934647,0.98951185,0.9933276,0.99618846,0.99092937,0.98974663,0.9725872,0.9756211,0.97855246,0.9848042,0.98484343,0.9909173,0.9785375,0.9777307,0.98977625,0.98430943,0.9946399,0.97444695,0.98120964,0.9899072,0.9805877,0.97638,0.9935547,0.9718246,0.9811539,0.96489006,0.9854302,0.9749081,0.9711901,0.96173716,0.9796515,0.96073776,0.9713193,0.98882,0.99134487,0.9893343,0.98549163,0.9787675,0.9830043,0.9930087,0.9893925,0.9783398,0.96746755,0.9935547,0.96853405,0.9829379,0.99100214,0.9810804,0.97848004,0.9861975,0.9976587,0.97789264,0.99161613,0.9849958,0.9790373,0.9967513,0.9892427,0.992212,0.98637414,0.9806282,0.9757391,0.9798419,0.98739195,0.98196036,0.992773,0.97894984,0.9833143,0.975249,0.98698545,0.98267454,0.99101794,0.9954533,0.98468715,0.97748494,0.98602045,0.95913076,0.984529,0.99259055,0.9912121,0.98268,0.9789257,0.98453176,0.9899428,0.98419034,0.98041695,0.96735466,0.98484355,0.9769103,0.9632438,0.9909104,0.9954205,0.9929336,0.9925185,0.9915889,0.9842281,0.9635461,0.9632321,0.978467,0.9705883,0.9815147,0.9796387,0.97635406,0.9961811,0.98860794,0.9894977,0.9766409,0.9657583,0.9907552,0.98500824,0.97982794,0.98632,0.9922851,0.9925185,0.9934568,0.9935225,0.98801374,0.98191464
aftermovie,0.9750247,0.97717434,0.97471344,0.9724774,0.982525,0.9730682,0.9786099,1.0000001,0.9851027,0.9813341,0.9744681,0.98024523,0.9831556,0.97866166,0.96901494,0.9936074,0.9745693,0.9710022,0.9912816,0.97914046,0.9738078,0.97070605,0.9779183,0.98132825,0.9806945,0.9617942,0.97338754,0.9847725,0.97781456,0.9802047,0.9805073,0.9829594,0.95646983,0.97818035,0.9822173,0.9631756,0.98466974,0.96856576,0.98492223,0.98650855,0.9815873,0.9822568,0.9601831,0.9856811,0.97157466,0.979417,0.9793527,0.97424686,0.98322004,0.98754966,0.97964394,0.98655826,0.9842545,0.98380065,0.98062134,0.97286844,0.974503,0.9731524,0.9753877,0.97871834,0.966639,0.9782078,0.9824757,0.97822946,0.98442906,0.950482,0.9666363,0.9827694,0.9773947,0.9678461,0.984812,0.96874493,0.97903746,0.9717292,0.9720673,0.98783016,0.97301936,0.9712605,0.98256874,0.96988195,0.9636568,0.9852209,0.9873038,0.9656702,0.98570216,0.9635287,0.9814219,0.9799075,0.9804238,0.98427874,0.9667802,0.984812,0.9608731,0.9770239,0.98166585,0.967786,0.9777275,0.97833854,0.97704035,0.9531569,0.9861262,0.9798289,0.97215444,0.9878547,0.98781115,0.9778373,0.9725399,0.98433745,0.96354395,0.98770815,0.98561794,0.9797729,0.97927725,0.96360224,0.97128147,0.9806338,0.9810832,0.97447634,0.97937083,0.96906406,0.97259504,0.98031723,0.9875095,0.9815368,0.98455775,0.9874913,0.9870775,0.98678136,0.9698936,0.97582084,0.97901493,0.97374254,0.9821939,0.95483524,0.97347313,0.9731459,0.9667283,0.9655851,0.9856899,0.97931796,0.9851027,0.97365856,0.98328525,0.96923345,0.98324364,0.97421664,0.9720479,0.98671806,0.9870381,0.98634225,0.9831248,0.97790307,0.9749527,0.95983577,0.9677359,0.9906086,0.9721987,0.987024,0.98551,0.9798342,0.9851027,0.9845087,0.9789717,0.98021317,0.9688018
ahiddenlifefilm,0.9918191,0.97429925,0.9897504,0.9896762,0.9922139,0.98730457,0.9925185,0.9851027,1.0000001,0.9707766,0.9893632,0.98565286,0.9947554,0.99390864,0.98813045,0.9911717,0.994772,0.98532265,0.9843898,0.9937559,0.98938364,0.9916087,0.9952411,0.9975457,0.98686635,0.9777239,0.98607874,0.9918275,0.99434936,0.9934989,0.9735546,0.9929534,0.9792276,0.98969454,0.9867574,0.98768103,0.99285007,0.97182316,0.99633914,0.9898241,0.99140465,0.99416846,0.96245146,0.9968068,0.9952252,0.9913702,0.9950441,0.98435163,0.99577963,0.996111,0.993665,0.9983294,0.9938926,0.9910601,0.9843252,0.9817625,0.9892232,0.9861416,0.9893512,0.99420726,0.99028504,0.9912222,0.99537665,0.9904423,0.9872487,0.9751354,0.9878825,0.9918413,0.98416483,0.9797587,0.9969216,0.98385674,0.9863345,0.98397505,0.9859788,0.9856395,0.98025393,0.9804016,0.9925996,0.981856,0.9834128,0.99477416,0.9982588,0.9903841,0.99069476,0.9884155,0.9898492,0.9930083,0.99295,0.99020565,0.9871991,0.9969216,0.9803305,0.99011725,0.9880147,0.9902654,0.98980224,0.99231046,0.99269986,0.98689735,0.99084365,0.99177617,0.9846766,0.9943511,0.99502707,0.9936102,0.9913259,0.9861806,0.98188466,0.9860226,0.9937592,0.9874102,0.9964994,0.98851985,0.98779976,0.9858849,0.9946018,0.9886149,0.99522614,0.98625785,0.98913443,0.9903636,0.99538684,0.9708202,0.98904216,0.9973505,0.99553514,0.9860217,0.9822349,0.9805898,0.99076873,0.98987377,0.9877402,0.9737223,0.9856409,0.9890535,0.97828615,0.98532635,0.9925617,0.9948581,1.0000001,0.99313897,0.9888952,0.9796428,0.9820846,0.9910651,0.9875543,0.98961264,0.9884766,0.99004805,0.9957925,0.98906094,0.99198085,0.97531646,0.98314685,0.9966558,0.9954577,0.9861934,0.99044645,0.98842627,1.0000001,0.99314624,0.9959928,0.9947785,0.98394424
alitamovie,0.97677684,0.95732427,0.9784211,0.97662234,0.9828446,0.95550907,0.97270685,0.9813341,0.9707766,1.0,0.971188,0.97982574,0.9800348,0.9572112,0.9565219,0.9782094,0.9645285,0.9787936,0.98058265,0.96596617,0.9496588,0.9652178,0.9681173,0.963128,0.9828741,0.95883423,0.96436054,0.9625631,0.9728725,0.9614085,0.9695531,0.9713747,0.9335276,0.97028947,0.9546885,0.9531155,0.9777054,0.9706303,0.97116965,0.9785542,0.97440284,0.970897,0.9792045,0.9695826,0.96435654,0.96601224,0.96489364,0.9672459,0.96480584,0.97606015,0.9783297,0.9736223,0.98199964,0.9739982,0.9624956,0.9723524,0.9599987,0.96184623,0.97013605,0.96154135,0.9610403,0.9738535,0.9754523,0.97194755,0.98546493,0.9590948,0.9623391,0.9583175,0.9711843,0.94833773,0.96882993,0.95414877,0.9742841,0.9521234,0.974422,0.9651794,0.95266926,0.9522404,0.96640205,0.9439296,0.94719994,0.96391827,0.97256136,0.95355153,0.9736858,0.9558353,0.9641743,0.9806236,0.973945,0.96785814,0.95384604,0.96882993,0.9555759,0.9705686,0.9802155,0.949843,0.971055,0.9786514,0.9694732,0.9414968,0.97717065,0.9705989,0.94511557,0.97588825,0.9693829,0.97503704,0.96412146,0.97981983,0.94504875,0.9784593,0.9761402,0.9769081,0.97396946,0.9465022,0.9655004,0.97504056,0.97763115,0.9686276,0.9695841,0.95218414,0.96635276,0.96299326,0.97654617,0.9549388,0.97540414,0.97822016,0.97611487,0.9843687,0.96353054,0.9831469,0.957803,0.968912,0.95417,0.94345605,0.97008383,0.94731194,0.96047264,0.9544496,0.9746131,0.96628714,0.9707766,0.96422666,0.9671543,0.95495814,0.9719201,0.94759786,0.9528413,0.96677864,0.9734549,0.9749474,0.96937853,0.98141384,0.9547784,0.95149785,0.947208,0.9726624,0.9565149,0.97065353,0.9850668,0.9780647,0.9707766,0.97926354,0.96924835,0.9631457,0.9699012
angelhasfallen,0.99271595,0.9769218,0.9885308,0.9907472,0.9923736,0.9783557,0.98537755,0.9744681,0.9893632,0.971188,0.9999999,0.9854101,0.9905544,0.98503715,0.98236704,0.9829406,0.9828407,0.9928028,0.97947115,0.98756194,0.97952867,0.9860705,0.9853989,0.98267686,0.98109263,0.9847904,0.98494893,0.97902954,0.9896316,0.97823393,0.96577376,0.9764483,0.9637717,0.98123366,0.9809794,0.9888521,0.98041904,0.9798726,0.992816,0.9836285,0.9858042,0.98884827,0.98162365,0.98797,0.98688334,0.9893167,0.9820781,0.989558,0.9836764,0.9906288,0.9906551,0.98584247,0.9870776,0.98297215,0.97125584,0.9880025,0.9776341,0.9832038,0.9811762,0.98579437,0.9898684,0.9856172,0.9849709,0.99130285,0.98251,0.9888106,0.9847773,0.9787235,0.9856731,0.9704915,0.9872082,0.9823012,0.99301153,0.96276516,0.99445564,0.9786741,0.9811711,0.96870303,0.9788399,0.9679728,0.9854537,0.98123264,0.9917666,0.99097234,0.9858338,0.989395,0.99094194,0.986229,0.9936213,0.9767921,0.9863579,0.9872082,0.98340017,0.980037,0.9805734,0.9869376,0.9895032,0.9834007,0.9864011,0.9823983,0.98423016,0.98254824,0.97107536,0.98432374,0.98740864,0.99092543,0.9771336,0.9887624,0.9793135,0.9759113,0.9902537,0.9942751,0.9899609,0.9842773,0.98515964,0.9867721,0.99219286,0.99640536,0.9883786,0.97146994,0.9911965,0.9791762,0.9826503,0.97015786,0.9786526,0.993457,0.98323464,0.988139,0.9951253,0.98499477,0.9778647,0.9928854,0.9650211,0.9514782,0.9853392,0.9723448,0.97135854,0.9733014,0.9820868,0.9856907,0.9893632,0.98032147,0.9857463,0.9814839,0.9800584,0.97651505,0.97634554,0.988579,0.98929733,0.98204905,0.99071056,0.99377364,0.9820627,0.96552676,0.98227215,0.985778,0.98523164,0.9773696,0.98143595,0.9790014,0.9893632,0.98403925,0.9857295,0.9858137,0.98366314
angrybirdsmovie,0.99096787,0.9746591,0.9803673,0.9846918,0.9843796,0.976921,0.98200214,0.98024523,0.98565286,0.97982574,0.9854101,0.9999999,0.9888026,0.98260057,0.9818609,0.9913843,0.9729208,0.9910916,0.9867101,0.9787204,0.96511716,0.97698593,0.98457605,0.9821926,0.9852326,0.9727662,0.97628707,0.9703607,0.9804043,0.9768558,0.9802953,0.9799407,0.9622413,0.9852697,0.9764727,0.9772095,0.9826329,0.97841966,0.9904781,0.97734225,0.99132043,0.9864974,0.973566,0.98375356,0.98665977,0.97451645,0.98113775,0.99302304,0.97935396,0.98849285,0.98988885,0.984388,0.98987085,0.9873602,0.9793342,0.98088676,0.9633695,0.9714134,0.98900723,0.98165303,0.97290117,0.98238546,0.98508626,0.98743767,0.98549604,0.97443926,0.9787526,0.9787101,0.98230094,0.97348493,0.9849952,0.97389066,0.9828628,0.9507301,0.9836059,0.97429866,0.9726361,0.9631283,0.9801024,0.9578942,0.97999436,0.9770774,0.9875942,0.97522753,0.98935646,0.96846247,0.9847205,0.97964203,0.9868627,0.9729407,0.973659,0.9849952,0.9638203,0.9718632,0.98546195,0.9777734,0.9761328,0.9831881,0.98064935,0.9771446,0.97788745,0.97579426,0.9602112,0.9853852,0.98001385,0.98865706,0.9796686,0.9909952,0.9624651,0.9793221,0.9874674,0.9806583,0.98294705,0.9677103,0.970558,0.9884755,0.9897427,0.98435205,0.9890221,0.9707119,0.9843269,0.97168785,0.98542243,0.9699341,0.98421526,0.98824656,0.9809902,0.98952496,0.98304766,0.98318493,0.97864527,0.98312384,0.9606827,0.9489261,0.97384375,0.9635881,0.97263247,0.9708912,0.9857216,0.9794022,0.98565286,0.9748257,0.9727249,0.9826305,0.9747016,0.96572113,0.970797,0.98510325,0.98816544,0.98565847,0.9810122,0.9813557,0.9756697,0.9612065,0.9653967,0.98647517,0.9804573,0.9792504,0.98249155,0.97852904,0.98565286,0.98987937,0.9818059,0.9830553,0.9706839
annabellemovie,0.9948925,0.96969736,0.9958351,0.9909443,0.9931885,0.9841938,0.98648894,0.9831556,0.9947554,0.9800348,0.9905544,0.9888026,1.0,0.98945373,0.98768353,0.9901538,0.98724896,0.9895292,0.9853307,0.98927224,0.9797397,0.99163944,0.98851955,0.98882717,0.99285245,0.9776324,0.98091775,0.9842921,0.9958106,0.9896241,0.9718841,0.9849387,0.9785025,0.99197745,0.98564535,0.98755354,0.9853611,0.9851418,0.9941878,0.9874426,0.9949994,0.9906115,0.9695243,0.99231756,0.99431926,0.9839902,0.988462,0.9893224,0.9860339,0.99571717,0.99419904,0.9912747,0.9944146,0.99165994,0.98889774,0.9774998,0.9800571,0.9746174,0.9871481,0.98545283,0.9908686,0.9929616,0.99646205,0.9897218,0.98539793,0.97417015,0.9884316,0.9836202,0.9794219,0.97311014,0.9898397,0.9892001,0.9876225,0.97913146,0.9890212,0.9852103,0.9836702,0.98068863,0.99001694,0.97839093,0.9836955,0.99049586,0.9950702,0.9882435,0.99318475,0.98452765,0.9864103,0.9896197,0.9891025,0.9843081,0.9867195,0.9898397,0.9771261,0.9833777,0.98323095,0.989144,0.98796237,0.9878482,0.98534465,0.9799341,0.9848696,0.988851,0.97769195,0.98856634,0.992994,0.9942561,0.9908956,0.9899509,0.9752832,0.9899458,0.99058044,0.99063396,0.9907558,0.9868706,0.98533356,0.98802745,0.99684316,0.99028313,0.9926677,0.9738254,0.98992735,0.98275775,0.99430627,0.9697423,0.98579425,0.9972107,0.9885805,0.9895481,0.9856409,0.981169,0.98426527,0.98516494,0.97655296,0.95807743,0.97903746,0.98453045,0.9825296,0.976235,0.9863709,0.989688,0.9947554,0.9918076,0.9845562,0.9848862,0.98910445,0.98340905,0.98599464,0.98981965,0.99026406,0.99380964,0.9897249,0.9924335,0.9819976,0.97865635,0.9791392,0.9901809,0.9884293,0.9790653,0.9880955,0.98330694,0.9947554,0.9915152,0.99545145,0.98917353,0.98754746
annamovie,0.98846793,0.9723735,0.98258287,0.98187363,0.9838085,0.9950046,0.9819019,0.97866166,0.99390864,0.9572112,0.98503715,0.98260057,0.98945373,1.0,0.9924341,0.98987484,0.9838934,0.9831174,0.983109,0.98992145,0.98258305,0.98860794,0.98662955,0.9933122,0.9811342,0.97969896,0.9896891,0.99008656,0.98923206,0.9870737,0.97931737,0.98226446,0.9811476,0.98264885,0.9858401,0.9887406,0.98287433,0.969347,0.99274176,0.9789818,0.9838452,0.9935413,0.95456207,0.9939848,0.98950607,0.9851821,0.98841393,0.98837036,0.9933046,0.9938317,0.98653966,0.9895637,0.9827845,0.98205346,0.9792626,0.97907996,0.98456246,0.9820139,0.9896506,0.99146646,0.98087263,0.9808156,0.98737276,0.9927141,0.97392297,0.9705983,0.9830035,0.9856708,0.9768046,0.9798171,0.99240154,0.9848382,0.98490506,0.9736997,0.98368543,0.98416835,0.98033595,0.96966183,0.98667896,0.9805734,0.9848346,0.9898871,0.9923623,0.98894066,0.9865995,0.98725295,0.9893358,0.98127615,0.98600423,0.98169583,0.9873657,0.99240154,0.9776261,0.97707444,0.97610754,0.9915541,0.9805972,0.9821768,0.9807295,0.98927927,0.9845838,0.9801716,0.9847227,0.98686236,0.9917157,0.98768896,0.9838705,0.9856199,0.98328435,0.9805408,0.9926855,0.9849573,0.9891316,0.99102414,0.98389393,0.983515,0.99009115,0.98884183,0.9899848,0.9770293,0.989868,0.98722637,0.98712176,0.97451925,0.98412484,0.99260247,0.9869002,0.981633,0.9844412,0.97554296,0.9827447,0.9860638,0.9757497,0.96711653,0.97690374,0.98528296,0.97837925,0.9777187,0.9849179,0.99060124,0.99390864,0.9883654,0.98897517,0.98232216,0.9834812,0.9906658,0.98365337,0.9884896,0.98603415,0.98530334,0.98697937,0.98134166,0.99072164,0.9647112,0.9872532,0.99230784,0.99569565,0.9774423,0.9822099,0.98253363,0.99390864,0.98988914,0.98907226,0.9939694,0.97602636
apollo11movie,0.99126756,0.95995,0.9842877,0.9784216,0.9823649,0.99013513,0.9773512,0.96901494,0.98813045,0.9565219,0.98236704,0.9818609,0.98768353,0.9924341,1.0,0.9858233,0.97895914,0.98585945,0.98276687,0.99207395,0.9724123,0.9917812,0.9801444,0.9835484,0.97963303,0.976404,0.9854496,0.9786311,0.98952717,0.9844569,0.97306955,0.9745807,0.97764003,0.9833891,0.98099977,0.98689836,0.9801993,0.96447515,0.99006474,0.97589517,0.98557556,0.9817282,0.952717,0.9829808,0.9893195,0.9791456,0.98387796,0.9847581,0.98429984,0.9858842,0.99123216,0.9830699,0.9820992,0.9808597,0.97333556,0.97143555,0.98254585,0.9690924,0.98175204,0.97993475,0.98002017,0.97939,0.98636055,0.9916668,0.96849674,0.96693176,0.9842462,0.9729467,0.96360767,0.96643156,0.98263943,0.98730934,0.9833397,0.9669136,0.9834226,0.9779603,0.9755294,0.9627526,0.9810847,0.96943736,0.9741194,0.98134154,0.98509413,0.9842296,0.98980486,0.9779798,0.976487,0.9819685,0.9808413,0.98077667,0.988835,0.98263943,0.97926795,0.9788309,0.97937,0.9877009,0.9736233,0.9775225,0.97361696,0.98222405,0.976804,0.981271,0.9758087,0.9783788,0.9820333,0.99177754,0.98900884,0.9816287,0.9828807,0.9733927,0.9817852,0.9847192,0.9843382,0.9854383,0.9842481,0.97755384,0.98566055,0.98397696,0.98023856,0.9699321,0.9910463,0.97822493,0.9812431,0.9644317,0.9878896,0.9877496,0.9822532,0.98471236,0.98329085,0.97010046,0.9719466,0.98235446,0.96174544,0.96555,0.9671511,0.98510236,0.9747123,0.9691427,0.9766123,0.9857094,0.98813045,0.9859919,0.979836,0.97710633,0.9784815,0.9800321,0.9766389,0.9807792,0.9805392,0.9809267,0.97667545,0.97536,0.97574264,0.96862453,0.9751295,0.98464656,0.9908515,0.9584802,0.9766605,0.97949505,0.98813045,0.98817724,0.9843169,0.9824086,0.98569626
arcticdogsmovie,0.9879168,0.9828449,0.9844655,0.9813788,0.9847366,0.9874198,0.98646027,0.9936074,0.9911717,0.9782094,0.9829406,0.9913843,0.9901538,0.98987484,0.9858233,1.0,0.9822089,0.9852363,0.9943365,0.9849192,0.9790481,0.9850309,0.9866698,0.9870761,0.9851629,0.9763762,0.9842098,0.984048,0.9872088,0.9833182,0.9870092,0.9886699,0.97344637,0.9820459,0.9853,0.98062104,0.9876837,0.97067565,0.9934219,0.9896047,0.9886739,0.98892015,0.9639591,0.989897,0.98271114,0.98182416,0.9874632,0.98747367,0.98984736,0.9921031,0.9908689,0.9918029,0.98978865,0.987955,0.98227394,0.9780407,0.97731155,0.9794627,0.9892162,0.987513,0.97138095,0.9800742,0.989446,0.99033934,0.9866386,0.9644855,0.9773754,0.9865182,0.9791583,0.9748268,0.99185884,0.98012185,0.9864329,0.96584576,0.984391,0.9858023,0.97756106,0.96613365,0.9867978,0.9686974,0.97344106,0.98720133,0.99196005,0.9795155,0.99246967,0.97074926,0.98636025,0.9854244,0.98670375,0.9851735,0.9767124,0.99185884,0.97021365,0.9784917,0.9872456,0.97973007,0.9763503,0.98131716,0.9823032,0.972645,0.9882445,0.9830441,0.9774016,0.9926209,0.9924098,0.9893706,0.9820721,0.9904162,0.9766863,0.98725456,0.9911585,0.985942,0.9871538,0.9757828,0.98036474,0.98456603,0.9879062,0.9835777,0.98830044,0.9802286,0.98811215,0.9818342,0.9901446,0.9817813,0.99336535,0.9933044,0.9909461,0.9938192,0.9837026,0.9827927,0.9836471,0.9824629,0.9761186,0.96213937,0.9781685,0.97716326,0.97162247,0.9791406,0.9921386,0.9883366,0.9911717,0.984398,0.98678,0.9768924,0.984337,0.9775068,0.97467834,0.98866266,0.988627,0.987371,0.9872746,0.9834759,0.982867,0.9664798,0.9721452,0.99549043,0.98525286,0.98344094,0.98632157,0.98712474,0.9911717,0.9937763,0.9878232,0.9892011,0.9788195
arcticmovie,0.985944,0.96698225,0.98963106,0.98842263,0.9860243,0.9791981,0.9959412,0.9745693,0.994772,0.9645285,0.9828407,0.9729208,0.98724896,0.9838934,0.97895914,0.9822089,0.99999994,0.9799911,0.9712999,0.98724645,0.9924849,0.99273735,0.9925549,0.98994017,0.9754431,0.978518,0.9795349,0.983908,0.992435,0.98569494,0.95957166,0.993831,0.9777118,0.9761,0.97548425,0.9865012,0.98942894,0.956535,0.9880626,0.9913151,0.98238826,0.986549,0.95750093,0.9901361,0.98743254,0.9876947,0.99169356,0.9687346,0.99330896,0.9873238,0.99140835,0.9965302,0.98905873,0.98554957,0.9700816,0.9731364,0.9860884,0.98585284,0.9838267,0.9907591,0.98444766,0.98061204,0.99219763,0.9821876,0.9867287,0.9729041,0.9800639,0.98830813,0.974144,0.9678754,0.9934378,0.97474337,0.9803309,0.97723985,0.9835077,0.974088,0.9679206,0.9657904,0.9816505,0.9672071,0.9681151,0.98901653,0.990904,0.9900081,0.9814389,0.98346967,0.97829753,0.99396753,0.98818415,0.9837895,0.9744045,0.9934378,0.97794104,0.98795456,0.98695713,0.9812437,0.98109776,0.9872207,0.9938057,0.9813392,0.9889789,0.9873859,0.9799856,0.9922569,0.9918288,0.9910684,0.98693365,0.972718,0.9831103,0.9771519,0.9851066,0.9818707,0.99522835,0.98534894,0.98903286,0.96954936,0.98531616,0.9802173,0.98860025,0.9933481,0.98435736,0.9844831,0.9871291,0.95368475,0.98455435,0.99271125,0.9929778,0.9776615,0.97492,0.9786553,0.9884414,0.9836678,0.98431563,0.97735584,0.9864245,0.98287135,0.96155685,0.9929351,0.99174803,0.9941627,0.994772,0.99553394,0.98498577,0.9593835,0.9682374,0.98315614,0.9731324,0.9773611,0.97373646,0.975444,0.99554527,0.9876867,0.9888124,0.9736475,0.97190243,0.9901729,0.9904899,0.9753976,0.9834433,0.99038285,0.994772,0.98997104,0.99536204,0.9899065,0.98617584
artofracingmovie,0.99549294,0.97154665,0.9898722,0.9927803,0.99080384,0.9827699,0.98516154,0.9710022,0.98532265,0.9787936,0.9928028,0.9910916,0.9895292,0.9831174,0.98585945,0.9852363,0.9799911,1.0000001,0.9817942,0.98365706,0.96896446,0.9885181,0.98366106,0.97868043,0.98587334,0.99074435,0.98753524,0.97101915,0.9888393,0.9754958,0.9755375,0.9762821,0.9634317,0.9782007,0.9748326,0.989454,0.9806246,0.9795387,0.9897835,0.9829262,0.98578054,0.98565227,0.98689234,0.98368573,0.9860008,0.9850534,0.98088557,0.9905364,0.98237413,0.98731756,0.9941503,0.9834089,0.9886206,0.9822252,0.9671285,0.9879758,0.97310895,0.9806231,0.98918104,0.98465633,0.97921634,0.9828174,0.9865314,0.9950546,0.9857444,0.9898155,0.9820867,0.97359943,0.9787631,0.96450484,0.9862977,0.97890794,0.9936602,0.9502634,0.9963776,0.9736159,0.9744942,0.9552506,0.9743058,0.9567619,0.97724885,0.975941,0.9865141,0.98594356,0.98662746,0.9830017,0.9828837,0.9852311,0.99278563,0.97482294,0.9794777,0.9862977,0.9812809,0.97588825,0.9846358,0.98160267,0.9802009,0.9822984,0.9834946,0.9813787,0.98418933,0.9802648,0.96514183,0.9842687,0.982748,0.994362,0.979155,0.99010444,0.9779754,0.97657996,0.98914695,0.9928573,0.9890761,0.98092896,0.9859578,0.9845707,0.9901259,0.99263763,0.98561984,0.97140586,0.99267596,0.9763133,0.9794715,0.9656591,0.9843484,0.9908086,0.9811916,0.99215907,0.9929129,0.99261075,0.9724104,0.992532,0.95365596,0.95414674,0.9848085,0.9656299,0.96803576,0.97444206,0.98550415,0.9868849,0.98532265,0.9814196,0.9838231,0.97710466,0.9764416,0.9661109,0.9663676,0.98180526,0.9846912,0.97891414,0.98312736,0.9915726,0.9789939,0.96071035,0.9738488,0.98467827,0.98519325,0.9694641,0.98153067,0.9870338,0.98532265,0.9911242,0.9839745,0.9835921,0.9858375
avengers,0.9850755,0.97257733,0.9772311,0.9763399,0.98567975,0.9800971,0.97463393,0.9912816,0.9843898,0.98058265,0.97947115,0.9867101,0.9853307,0.983109,0.98276687,0.9943365,0.9712999,0.9817942,0.99999994,0.9818523,0.96623635,0.976913,0.97683835,0.9800326,0.98487085,0.967864,0.98492193,0.9774563,0.9825464,0.9786352,0.9925174,0.97901744,0.9525099,0.9788975,0.9767935,0.9684612,0.98602927,0.96811527,0.9897731,0.9834994,0.9829038,0.97859776,0.96489525,0.9798997,0.97610056,0.97869873,0.9789935,0.9837368,0.9818629,0.9837593,0.9855036,0.984246,0.98141044,0.97815526,0.97241145,0.9793272,0.9773696,0.9756064,0.9829803,0.9792197,0.96765816,0.9792377,0.9837129,0.9870597,0.9772846,0.9640811,0.96764386,0.9693603,0.97770137,0.9651309,0.9827452,0.9688978,0.9851714,0.96404785,0.98185766,0.97817665,0.96733123,0.9597903,0.9795389,0.96475273,0.9638055,0.97765386,0.9841258,0.967044,0.9868548,0.9666226,0.9776678,0.98174113,0.98215425,0.98820096,0.9789625,0.9827452,0.9710989,0.9825631,0.98580647,0.96887636,0.9758065,0.9782382,0.97157335,0.96365595,0.9856586,0.97846305,0.9670861,0.98351634,0.9829669,0.9830979,0.9735454,0.98717993,0.97445995,0.9832968,0.9871059,0.9835476,0.98377883,0.96538943,0.973231,0.98350036,0.9831388,0.97629774,0.9777421,0.96346664,0.9805464,0.9760855,0.98868966,0.97350204,0.99224734,0.9867857,0.9888584,0.9933595,0.9780939,0.982284,0.97088516,0.9796013,0.9628141,0.95952743,0.9766526,0.9712697,0.9720154,0.9647838,0.9810874,0.97802305,0.9843898,0.9724294,0.9817002,0.97018903,0.9845153,0.967427,0.97013694,0.9810541,0.98461246,0.9849258,0.9773151,0.97722566,0.9710301,0.9514472,0.9649977,0.9878288,0.97822434,0.9768072,0.9869034,0.983056,0.9843898,0.9875332,0.97709066,0.97602946,0.9748444
beachbummovie,0.9898801,0.96386874,0.9850542,0.9828581,0.9925069,0.9852158,0.9840654,0.97914046,0.9937559,0.96596617,0.98756194,0.9787204,0.98927224,0.98992145,0.99207395,0.9849192,0.98724645,0.98365706,0.9818523,0.99999994,0.9808055,0.99020654,0.9877101,0.9880947,0.9817502,0.97550315,0.9840741,0.9909297,0.99005115,0.9913763,0.96725696,0.9819865,0.9693206,0.98721254,0.98503953,0.98319346,0.9885372,0.96901613,0.9903813,0.9845285,0.9873173,0.9860639,0.96096617,0.9891006,0.9906759,0.98982817,0.99080944,0.9786914,0.988825,0.99105716,0.9919316,0.98967534,0.98954755,0.98721653,0.9753052,0.9789625,0.99365354,0.9770083,0.97706854,0.9826652,0.99113417,0.98830813,0.9892652,0.9890716,0.97764546,0.9697586,0.98755217,0.9823174,0.9733279,0.9666468,0.98670316,0.9862117,0.98629403,0.98223215,0.98201257,0.9880111,0.97884756,0.9784737,0.98586357,0.97841334,0.97410303,0.98797596,0.9913119,0.98410505,0.99042994,0.98556346,0.9824696,0.99050987,0.98846954,0.9885695,0.98978513,0.98670316,0.98699117,0.98922706,0.9855518,0.98631,0.9897713,0.99014014,0.98397076,0.97935313,0.983365,0.990284,0.97763216,0.9832481,0.9870964,0.9925747,0.9903112,0.9815126,0.98169404,0.97849333,0.9848233,0.98961544,0.9898865,0.9858045,0.99045545,0.98145413,0.98945004,0.98817,0.9815415,0.9743291,0.9862913,0.9909988,0.98506486,0.9695963,0.98834115,0.99309045,0.98881626,0.98460245,0.979864,0.9730624,0.9797963,0.987408,0.9806072,0.97573215,0.9770655,0.9896635,0.9756105,0.9714063,0.98099357,0.9880889,0.9937559,0.9875948,0.9853536,0.97623706,0.98251516,0.98864937,0.9815585,0.987006,0.98595583,0.9861133,0.98627996,0.9820453,0.97950107,0.97384644,0.9836113,0.9890846,0.9917015,0.97086984,0.98397225,0.98256403,0.9937559,0.98842424,0.98684424,0.9865601,0.98944676
bernadettefilm,0.97331244,0.9766896,0.9804159,0.9830428,0.97459567,0.97233284,0.98845387,0.9738078,0.98938364,0.9496588,0.97952867,0.96511716,0.9797397,0.98258305,0.9724123,0.9790481,0.9924849,0.96896446,0.96623635,0.9808055,0.99999994,0.9820679,0.9848053,0.98484415,0.9578913,0.97572434,0.97124565,0.9783877,0.98277277,0.9766288,0.9507185,0.98288286,0.9755803,0.9660604,0.9772574,0.98374724,0.9768924,0.9486465,0.9829329,0.9801401,0.9760742,0.9840708,0.95048684,0.9872194,0.9801032,0.98300314,0.984979,0.9619532,0.9883026,0.9830361,0.9822813,0.98964757,0.97654355,0.98152494,0.9672703,0.9699384,0.97496736,0.981585,0.9759073,0.9860789,0.97824335,0.9694352,0.9833648,0.9745464,0.9785849,0.9642287,0.9657321,0.98923665,0.96362853,0.960519,0.9895252,0.971326,0.9785767,0.97379947,0.97851104,0.97224146,0.9653775,0.95803076,0.9707667,0.95819336,0.9673571,0.9853225,0.98589385,0.9885662,0.9762225,0.97682434,0.975443,0.9819718,0.9815665,0.97242856,0.96543384,0.9895252,0.97125965,0.9804473,0.97857064,0.9787382,0.9708426,0.97505814,0.98465896,0.97328395,0.98174834,0.97263134,0.97516984,0.9858807,0.99108756,0.98290783,0.97575545,0.9641609,0.9841116,0.9645393,0.98027354,0.97743446,0.9862107,0.9830621,0.9842061,0.95763093,0.9741547,0.97549945,0.9849358,0.9897001,0.9812801,0.98135066,0.9791901,0.9537855,0.97213215,0.9878811,0.9839801,0.96782464,0.9743098,0.96964294,0.985494,0.97804385,0.98222035,0.9681094,0.97789156,0.9781847,0.944985,0.9891932,0.9864472,0.9895659,0.98938364,0.9880346,0.9824425,0.95536214,0.96688044,0.9788181,0.9644353,0.97947323,0.9705019,0.965834,0.99372977,0.9819385,0.9864695,0.9609578,0.97496384,0.98668355,0.9833206,0.97099775,0.97014284,0.9796573,0.98938364,0.98081326,0.9878542,0.98881716,0.9755421
