movie,21bridgesmovie,47metersdown,abeautifuldaymovie,abominablemovie,adastramovie,adogsjourneymovie,aftermathmovie,aftermovie,ahiddenlifefilm,alitamovie,angelhasfallen,angrybirdsmovie,annabellemovie,annamovie,apollo11movie,arcticdogsmovie,arcticmovie,artofracingmovie,avengers,beachbummovie,bernadettefilm,blackandbluemovie,blackchristmas,blindedbythelightmovie,bombshellmovie,booksmart,breakthroughmovie,brianbanksmovie,brightburnmovie,brittanyrunsmov,captainmarvelofficial,captivestatemovie,catsmovie,charliesangels,childsplaymovie,clarathefilm,coldpursuitmovie,countdown,currentwarmovie,darkwatersmovie,detectivepikachumovie,disneyaladdin,disneyfrozen,disneymaleficent,doctorsleepmovie,dolemiteismyname,dontletgomovie,doramovie,downtonabbey_official,dumbo,escaperoom,everybodyknowsmovie,fastandfuriousmovie,fightingwmyfam,fivefeetapartfilm,fordvferrari,freaksthefilm,geminimanmovie,glassmovie,gloriabellmovie,godzillamovie,goldfinchmovie,goodboysmovie,goodliarmovie,gretafilm,halathemovie,happydeathdaymovie,harrietfilm,hellboymovie,hersmellmovie,highlifemovie,highstrungmovie,honeyboymovie,hotelmumbaifilm,httydragon,hustlemovie,hustlersmovie,isntitromantic,itmovieofficial,jayandsilentbob,johnwickmovie,jojorabbitmovie,jokermovie,judythefilm,jumanjimovie,justmercyfilm,knivesout,lalloronamovie,lastblackmansf,lastchristmasthemovie,latenightmovie,lighthousemovie,lionking,littlethemovie,littlewomenmovie,littlewoodsfilm,longshotmovie,lordsofchaosmovie,lucyintheskyfilm,mamovie2019,marriagestory,meettheaddams,meninblack,midsommarmovie,midwaymovie,missbalamovie,missinglinkfilm,motherlessbklyn,onceinhollywood,onthebasisofsex,overcomermovie,peanutbutterfalcon,petsematarymovie,piercingmovie,playingwithfire,playmobilthemovie,pomsmovie,queenandslim,rambomovie,readyornotfilm,richardjewellfilm,rocketmanmovie,scarystoriesmovie,secretlifeofpets,serenityfilm,shaftmovie,shazammovie,spidermanmovie,spiesindisguise,starwars,stormboymovie,stubermovie,taosdfilm,teenspiritmov,terminator,theaeronautsmov,thebestofenemies,thedeaddontdie,thefarewell,thehighwaymen,thehummingbirdprojectfilm,theintrudermovie,theirishmanfilm,thekitchenmovie,thelegomovie,themustangfilm,thenightingalefilm,theprodigymovie,thesunisalsoastar,theupsidefilm,tolkienmovie,toystory,triplefrontier,uglydolls,uncutgems,underthesilverlake,usmovie,wavesmovie,whatmenwant,wonderparkmovie,wrinklestheclown,xmenmovies,yardiefilm,yesterdaymovie,zombieland
21bridgesmovie,1.0,0.95674396,0.99000233,0.9863965,0.9913031,0.97824055,0.9913264,0.98919404,0.99400216,0.9660721,0.9817018,0.9914491,0.9952011,0.9943729,0.9908579,0.9859688,0.97825325,0.98750967,0.9947924,0.9836014,0.98608184,0.9940313,0.9864789,0.9920213,0.984894,0.9762304,0.9815909,0.98499334,0.9923666,0.9903517,0.9867965,0.97445285,0.9672591,0.9864706,0.9787074,0.96165556,0.990724,0.9928197,0.9841396,0.9779747,0.9890318,0.98463446,0.97479737,0.98733616,0.9918047,0.98790675,0.98392195,0.98241496,0.9649469,0.9870767,0.9932891,0.9751453,0.98533785,0.9760466,0.99368834,0.98577356,0.9821988,0.9936015,0.98742825,0.98677343,0.99206316,0.9887301,0.97977567,0.9902466,0.9640729,0.9746197,0.97651875,0.9793169,0.9938244,0.9875537,0.9896492,0.97543985,0.98420113,0.99155414,0.97611105,0.98550737,0.98681104,0.9941005,0.99270046,0.9878133,0.9896457,0.98495775,0.99107885,0.9826003,0.99365336,0.99069506,0.9929485,0.98913705,0.9803169,0.99100924,0.99323016,0.9896492,0.9846854,0.97303444,0.988146,0.9811298,0.9891686,0.9859104,0.9844825,0.98966753,0.9908185,0.9811196,0.97819406,0.98324966,0.99372953,0.99363774,0.99471277,0.994166,0.98998195,0.97649574,0.9891454,0.98403066,0.99022007,0.9656484,0.99747306,0.99510753,0.99891424,0.9812703,0.99544495,0.99473256,0.9952369,0.9929747,0.9868392,0.9785071,0.99147993,0.9803038,0.9900366,0.9885034,0.9898059,0.96717066,0.99197775,0.98883533,0.97471684,0.9727732,0.98738724,0.9919521,0.98652303,0.9785262,0.9947263,0.99520487,0.99400216,0.9922716,0.97310954,0.9836759,0.99220955,0.9598832,0.9730729,0.9794839,0.9871404,0.9845607,0.9795848,0.9877311,0.98993945,0.9836869,0.9913651,0.9859532,0.99189055,0.97329634,0.9751064,0.9853916,0.99400216,0.9920816,0.9757321,0.9828932,0.9946417
47metersdown,0.95674396,1.0000001,0.97429246,0.9683559,0.96527916,0.97120535,0.97507036,0.9562333,0.967933,0.9643798,0.98988694,0.9772007,0.9527042,0.96338546,0.9589073,0.97742367,0.9586848,0.9619475,0.96755826,0.9705179,0.9661653,0.976893,0.96361053,0.9735966,0.9719479,0.9868462,0.97426623,0.98592424,0.9631307,0.97206724,0.9779209,0.97222245,0.99099624,0.98356646,0.97514695,0.9717914,0.9727977,0.97219497,0.959923,0.9645811,0.9576744,0.97716063,0.97999084,0.9657514,0.96261835,0.9640107,0.961602,0.960812,0.9441964,0.97180223,0.97146964,0.97978675,0.95600057,0.95797205,0.9720078,0.9687983,0.9582234,0.97707665,0.9821173,0.9791185,0.9625088,0.9622446,0.979996,0.9736173,0.9907768,0.97992086,0.9793525,0.9797747,0.95827764,0.97379386,0.97745895,0.9885673,0.95795745,0.97584337,0.98677784,0.9707703,0.97418636,0.9749233,0.9521745,0.9681617,0.96669143,0.97751075,0.97990435,0.96644884,0.9677557,0.9737531,0.9589481,0.92082024,0.97043914,0.9672935,0.966503,0.97745895,0.9714908,0.97366434,0.9839968,0.980173,0.9786489,0.9728673,0.98508227,0.98181623,0.9570951,0.9866486,0.9752916,0.97804487,0.9726226,0.9735184,0.9629205,0.9712831,0.9723219,0.98910546,0.9547548,0.982717,0.9752173,0.96696585,0.96856576,0.9650813,0.96389866,0.9819954,0.9493753,0.97535896,0.97668487,0.97117275,0.9533911,0.984457,0.9543003,0.9786633,0.9652227,0.97806036,0.97363466,0.9908868,0.97775096,0.9691886,0.96330535,0.9346806,0.9747255,0.9693849,0.9674867,0.98522997,0.9701333,0.9681137,0.967933,0.96377957,0.9408892,0.9771939,0.9574855,0.9801069,0.97825146,0.9727219,0.9776594,0.932431,0.9755357,0.97832066,0.95508075,0.9776749,0.97508156,0.9829226,0.96401054,0.9833586,0.9869396,0.9868788,0.967933,0.9754913,0.96374404,0.9733905,0.9662059
abeautifuldaymovie,0.99000233,0.97429246,0.99999994,0.9913148,0.99172795,0.98279524,0.9964632,0.98113286,0.994744,0.96987766,0.9888427,0.99079037,0.985245,0.9922435,0.9891906,0.9888969,0.9823916,0.98418224,0.9904665,0.9855105,0.996166,0.99797404,0.9865637,0.9944305,0.9930962,0.987108,0.9831934,0.9919751,0.9954008,0.9951491,0.9835723,0.98788583,0.9815,0.9925842,0.9885568,0.9817996,0.9903738,0.99079895,0.9895353,0.98717785,0.9851608,0.9905016,0.9836452,0.986581,0.9921927,0.9887366,0.9845529,0.9916219,0.9689963,0.98609984,0.99637836,0.99167264,0.9763526,0.9852083,0.9905219,0.9953261,0.9842926,0.9958976,0.9870179,0.9878885,0.9879393,0.99091053,0.9935567,0.9873885,0.98477495,0.9889783,0.9856661,0.9911823,0.98704755,0.99797374,0.99240613,0.9890266,0.98948693,0.99480575,0.98727024,0.9944875,0.9942921,0.9936865,0.98452795,0.9911847,0.9763495,0.9977588,0.9931211,0.99190354,0.9960262,0.9947862,0.9859355,0.9701946,0.9902023,0.9942163,0.986487,0.99240613,0.98967004,0.98969036,0.9963373,0.98511374,0.98895395,0.9991593,0.9918068,0.99319774,0.99185544,0.99217737,0.99235094,0.98985344,0.991147,0.996365,0.9947475,0.99074656,0.99225485,0.98941535,0.98397505,0.9933681,0.98814934,0.9817945,0.99125713,0.9879931,0.9931424,0.99121314,0.9870117,0.99591774,0.996251,0.9935401,0.98645073,0.9854055,0.9932624,0.9769742,0.9914495,0.99380267,0.9971366,0.98081154,0.9946851,0.9965635,0.98057157,0.97249895,0.9858001,0.9934732,0.9786563,0.9923018,0.9909352,0.99082094,0.994744,0.99677795,0.9792848,0.9791131,0.98583627,0.98082346,0.98760235,0.99131286,0.98653173,0.98341495,0.98584455,0.9946364,0.9847903,0.9860619,0.995754,0.9910332,0.9902736,0.98638374,0.979664,0.9882198,0.994744,0.9912421,0.9854268,0.9879165,0.99614847
abominablemovie,0.9863965,0.9683559,0.9913148,1.0000001,0.97826195,0.9739543,0.98187435,0.9683601,0.98126936,0.96235234,0.98387617,0.991562,0.98519236,0.98200166,0.9714355,0.987507,0.9602151,0.97150254,0.979077,0.9690793,0.99064493,0.99296695,0.9742381,0.989858,0.9879517,0.9908494,0.97127557,0.9810502,0.99142337,0.98352635,0.9749609,0.9730561,0.96972305,0.98615587,0.99529094,0.9892686,0.97741205,0.9944552,0.9676887,0.969744,0.9804319,0.9853732,0.9844304,0.98002946,0.9762533,0.9715363,0.96825314,0.9849726,0.9462048,0.9841747,0.98938745,0.9773753,0.9632515,0.9733421,0.98486346,0.9788292,0.9644212,0.9930467,0.98658085,0.9772443,0.976985,0.9887334,0.97527486,0.98132694,0.9766292,0.9787996,0.969982,0.9749503,0.9768685,0.9878465,0.97824854,0.98977023,0.98036534,0.98766917,0.9873911,0.97870076,0.9967343,0.9820315,0.97599655,0.9727907,0.9716031,0.9912287,0.9850384,0.9897075,0.99533546,0.98073465,0.9871472,0.96159863,0.97599125,0.9849334,0.98398805,0.97824854,0.98760086,0.97529536,0.991029,0.9775017,0.9780571,0.99021816,0.9801153,0.98343027,0.97916675,0.97982293,0.98641735,0.9719326,0.9858673,0.99062693,0.9826459,0.9873209,0.98327506,0.9802385,0.97080266,0.9941991,0.98000807,0.98990136,0.9862547,0.98558015,0.9880639,0.9920242,0.97421414,0.9865042,0.99258345,0.986013,0.97269434,0.9860512,0.9803179,0.969928,0.98588395,0.989389,0.98983747,0.9834933,0.9834791,0.9897535,0.9576925,0.94686735,0.97965884,0.9803242,0.9726127,0.9870433,0.9802136,0.9853043,0.98126936,0.98877037,0.9691237,0.97608507,0.9876293,0.97746986,0.98622626,0.9944766,0.9858287,0.98595124,0.9648751,0.9932715,0.9686955,0.9720662,0.9897954,0.9801108,0.97880346,0.9774239,0.97080743,0.98272055,0.98126936,0.9796578,0.96158975,0.9745515,0.9892736
adastramovie,0.9913031,0.96527916,0.99172795,0.97826195,1.0,0.98397326,0.9950307,0.98553765,0.9986914,0.97188675,0.98503494,0.9847005,0.98772347,0.995379,0.9970596,0.99040174,0.99073505,0.9936289,0.9951323,0.98963785,0.9841349,0.9929781,0.99082524,0.9925355,0.9852614,0.97314554,0.98555905,0.99188435,0.98880833,0.9952251,0.98474836,0.9904278,0.97834647,0.98897696,0.98062307,0.96690553,0.99867094,0.985708,0.9922769,0.9905114,0.99093324,0.98490477,0.9733424,0.98652077,0.9936397,0.99204886,0.99147075,0.98904353,0.98056483,0.9836055,0.99337095,0.9870151,0.98793393,0.9900544,0.9882088,0.99383616,0.9919721,0.9933146,0.98376787,0.99503124,0.99168724,0.9833374,0.98907936,0.99042803,0.97424835,0.9782207,0.9868359,0.99054724,0.9884446,0.9936487,0.995754,0.97377473,0.9846349,0.9928024,0.9812407,0.99154866,0.98486185,0.9967152,0.98885965,0.9955468,0.98524004,0.9917037,0.99562734,0.98539466,0.9881001,0.99388593,0.9835267,0.9820592,0.9921025,0.99252,0.9841193,0.995754,0.98037094,0.9884316,0.991193,0.9905672,0.9889823,0.9887115,0.9917628,0.9937079,0.99437153,0.98775595,0.98887724,0.9943229,0.992994,0.99459296,0.9940631,0.9917538,0.98855186,0.98704404,0.9967683,0.98374045,0.988264,0.9694997,0.9920661,0.98970807,0.9949467,0.9830063,0.9954551,0.9952866,0.98988426,0.9958635,0.992596,0.97380793,0.9930326,0.9830577,0.9904537,0.9876072,0.99211293,0.96887666,0.99586695,0.99435943,0.98904705,0.9810204,0.98376995,0.99525994,0.98919755,0.98268384,0.99690247,0.99475783,0.9986914,0.9959053,0.975453,0.98565865,0.984933,0.96874297,0.98194677,0.9834551,0.98809177,0.97198087,0.9899627,0.98575944,0.9953255,0.9869117,0.99030626,0.9890634,0.99311787,0.97507566,0.97992814,0.9847533,0.9986914,0.99620724,0.9927401,0.9892141,0.992727
adogsjourneymovie,0.97824055,0.97120535,0.98279524,0.9739543,0.98397326,1.0000001,0.9833088,0.9621258,0.98562086,0.9848824,0.9907764,0.9894239,0.97018,0.9790592,0.98166233,0.9756407,0.98112255,0.9904573,0.9830632,0.969418,0.9769667,0.98434764,0.9953508,0.9863012,0.9746607,0.9719161,0.99520665,0.98203665,0.9864915,0.98797095,0.9702202,0.9807737,0.98391837,0.9930729,0.9721197,0.966357,0.9879795,0.9741,0.98382974,0.9862138,0.9709198,0.99402624,0.9909219,0.99659646,0.985566,0.9801342,0.99200934,0.97236747,0.97826606,0.9958925,0.9910619,0.9855698,0.9890718,0.9789483,0.9748892,0.9815135,0.968846,0.9894604,0.9795813,0.98919934,0.9803073,0.98386806,0.9771066,0.97656417,0.9836428,0.9787582,0.9869653,0.9885567,0.9767179,0.98231035,0.98885816,0.9824717,0.97386736,0.9753801,0.9851699,0.98663723,0.97850734,0.9903047,0.975466,0.98056996,0.9813178,0.9825383,0.98007834,0.9861435,0.9849757,0.9833216,0.9661837,0.9610283,0.99166006,0.981218,0.9849969,0.98885816,0.98910385,0.9889392,0.98589456,0.99049824,0.9836215,0.97641796,0.98518544,0.99145335,0.9782983,0.98183405,0.9890021,0.9922091,0.9858193,0.9907195,0.98795867,0.97966385,0.9689353,0.97884333,0.9842515,0.97976613,0.9906519,0.96275514,0.9812641,0.97138375,0.9807626,0.98317474,0.97352153,0.98630154,0.9848023,0.9912749,0.9789831,0.98954225,0.97630495,0.9724522,0.97646344,0.98705447,0.9874525,0.9818381,0.987518,0.9764456,0.9698824,0.9634155,0.9940013,0.9858082,0.9811908,0.9771683,0.9870694,0.98582095,0.98562086,0.98380315,0.9652871,0.9820582,0.9625824,0.98231626,0.97705364,0.9718102,0.97853225,0.95283425,0.98041713,0.98656833,0.9781045,0.98767024,0.9920916,0.9894817,0.9839249,0.988033,0.9882835,0.9889783,0.98562086,0.9842438,0.97928035,0.9953634,0.9883086
aftermathmovie,0.9913264,0.97507036,0.9964632,0.98187435,0.9950307,0.9833088,1.0,0.98829013,0.9980926,0.9687196,0.99065816,0.9875205,0.98699355,0.9924587,0.9948967,0.986163,0.990835,0.98865193,0.9941636,0.99416834,0.9883386,0.9968176,0.99005437,0.9937012,0.9881011,0.980837,0.98837197,0.9958249,0.9917892,0.9953703,0.9907652,0.9900841,0.98608494,0.99379134,0.98080367,0.96931034,0.995579,0.9892812,0.99446684,0.9909072,0.9862589,0.99022514,0.9804168,0.9876636,0.9962203,0.9940072,0.9905067,0.9864564,0.97675765,0.98621374,0.9961951,0.99207765,0.9852568,0.9806556,0.99159944,0.99723905,0.9919823,0.9940575,0.9871548,0.99352616,0.99395585,0.9849793,0.9959064,0.9906487,0.98322916,0.9864206,0.9911909,0.9934811,0.99222064,0.99618846,0.99769276,0.98335296,0.9902031,0.99634963,0.9853456,0.99422264,0.98609185,0.9973613,0.98597276,0.9946555,0.984426,0.99383134,0.9961612,0.9863601,0.99093324,0.99809587,0.98675317,0.9767913,0.9909887,0.9926093,0.985524,0.99769276,0.9869236,0.9897423,0.9953728,0.98721653,0.9960077,0.9949687,0.9952516,0.99683493,0.9934742,0.9941482,0.9883062,0.9954872,0.99147207,0.99462396,0.9960785,0.9928777,0.99362165,0.98969597,0.9897784,0.98891175,0.9913446,0.97023994,0.9924036,0.98877245,0.99449074,0.9864953,0.99062794,0.99870414,0.99445564,0.99502563,0.9879193,0.98145956,0.9946762,0.9851043,0.9913462,0.9907403,0.9946597,0.9769515,0.9977653,0.99256384,0.9904523,0.9826411,0.9867379,0.9971436,0.9858649,0.990352,0.99576354,0.9937412,0.9980926,0.9949842,0.97708446,0.9846756,0.9842365,0.9760407,0.98398525,0.9835404,0.9873892,0.9733439,0.995267,0.9914525,0.9916383,0.9891898,0.9944032,0.99507064,0.99265295,0.9861164,0.98406726,0.98996365,0.9980926,0.99659336,0.9921493,0.99123746,0.9955046
aftermovie,0.98919404,0.9562333,0.98113286,0.9683601,0.98553765,0.9621258,0.98829013,1.0000001,0.988324,0.95436007,0.9751514,0.97568494,0.99027365,0.9855688,0.98768556,0.9773305,0.981829,0.9802966,0.9925247,0.9896906,0.97117853,0.9856344,0.9776531,0.9790257,0.9786307,0.97106194,0.9740364,0.98061883,0.9804165,0.98792315,0.99184614,0.9761476,0.9651032,0.97814226,0.9659397,0.9499469,0.986139,0.9845719,0.9787643,0.96922374,0.97152966,0.97320867,0.9614626,0.9751343,0.98834586,0.99102753,0.9787459,0.96736646,0.9664228,0.9718289,0.9820483,0.970866,0.9795824,0.9677136,0.9938657,0.98650855,0.9875332,0.98137146,0.9819898,0.98086363,0.9829539,0.97622305,0.98568654,0.97700894,0.96091944,0.9757386,0.96579725,0.9791852,0.9881479,0.98011005,0.9866103,0.966757,0.9838742,0.9843659,0.9635999,0.9824962,0.9755926,0.98909986,0.9891819,0.990533,0.98036665,0.97764355,0.98690885,0.9657019,0.9816798,0.9894087,0.98580295,0.9831125,0.968831,0.9859618,0.9840984,0.9866103,0.9718476,0.9615572,0.98285383,0.9686904,0.9884805,0.9789259,0.98554856,0.98350644,0.9914161,0.9844245,0.9673069,0.9797907,0.98119146,0.98441094,0.9820823,0.9863169,0.9904681,0.96746355,0.9846931,0.97825164,0.9793701,0.9571665,0.9925285,0.99212164,0.9879365,0.9670567,0.9899482,0.98675656,0.9862802,0.98424745,0.9811611,0.9674152,0.97920394,0.9876065,0.991005,0.9835428,0.97811675,0.95673245,0.9837298,0.9813566,0.98578215,0.9844385,0.97488827,0.9911132,0.9781388,0.9758268,0.98894465,0.9904102,0.988324,0.9800567,0.97839946,0.9704872,0.990139,0.95243174,0.9662423,0.9678856,0.97448456,0.97334325,0.9829294,0.9758689,0.9927421,0.97860515,0.98110205,0.98570937,0.9903848,0.96866757,0.9629753,0.97861487,0.988324,0.9899834,0.97689295,0.9743047,0.9800549
ahiddenlifefilm,0.99400216,0.967933,0.994744,0.98126936,0.9986914,0.98562086,0.9980926,0.988324,0.99999994,0.974429,0.98830444,0.98774755,0.98920035,0.9949266,0.9980362,0.98824114,0.99107426,0.9940964,0.99640375,0.9913201,0.9868626,0.9954074,0.9933554,0.99512565,0.98621595,0.9756779,0.98818696,0.992925,0.9929254,0.9963347,0.9875206,0.9905269,0.9805473,0.99255884,0.9801696,0.96779853,0.9979532,0.98807555,0.99573594,0.99277616,0.989265,0.98945487,0.9782733,0.9897957,0.99754804,0.99561846,0.9937655,0.9895719,0.98228395,0.9876339,0.9963127,0.9903111,0.989857,0.98712844,0.99180454,0.99604106,0.9910976,0.9951847,0.98522574,0.99425334,0.9931825,0.9856891,0.9917922,0.99078965,0.97802305,0.983354,0.98862123,0.9928677,0.9909945,0.9945586,0.9971956,0.97805053,0.98912317,0.9949147,0.9837496,0.9930028,0.9868366,0.9984432,0.98860437,0.9964176,0.98613685,0.992833,0.9962536,0.9881882,0.99162996,0.99717784,0.9855355,0.98315287,0.9930922,0.99517953,0.98707825,0.9971956,0.98450893,0.98924446,0.993066,0.9905203,0.99288136,0.9920595,0.99422836,0.99608666,0.9958329,0.98971623,0.98883796,0.99547,0.9928228,0.99610597,0.99738866,0.9924257,0.9906996,0.9875555,0.99496114,0.9859808,0.9909362,0.96954304,0.9945051,0.98993427,0.99648166,0.986178,0.99543273,0.99788743,0.99340874,0.99674344,0.99398464,0.9786164,0.9959332,0.9831248,0.99190784,0.98970985,0.995074,0.97173756,0.99699926,0.9942083,0.9886663,0.9832218,0.98721445,0.99736106,0.98744744,0.9869825,0.9974548,0.9962645,0.99999994,0.9965304,0.9792158,0.98484534,0.9854276,0.9727341,0.98180586,0.9836272,0.9870501,0.97452676,0.9930521,0.9885385,0.99596626,0.98855203,0.99436885,0.9924273,0.99372536,0.979963,0.9813268,0.9870491,0.99999994,0.9973134,0.9929718,0.9925044,0.9957055
alitamovie,0.9660721,0.9643798,0.96987766,0.96235234,0.97188675,0.9848824,0.9687196,0.95436007,0.974429,1.0000001,0.97928905,0.9775418,0.9523703,0.9658094,0.9694227,0.97070974,0.9563582,0.9872082,0.9766319,0.9488084,0.9650013,0.9678159,0.9841442,0.98148185,0.96295273,0.9594093,0.9794788,0.9638876,0.9744259,0.9772568,0.95983243,0.9699621,0.96184546,0.9808191,0.9583377,0.95921695,0.9735622,0.9587137,0.9754794,0.9793905,0.95120025,0.9830655,0.9802134,0.98109883,0.9761209,0.9781365,0.98164284,0.97256744,0.976129,0.98346514,0.97346896,0.9791934,0.9753259,0.9764291,0.9746675,0.966713,0.94633234,0.980399,0.96769214,0.97033393,0.95367163,0.9709398,0.9644916,0.96192956,0.97245044,0.9819298,0.963704,0.97997916,0.9489195,0.96166813,0.9711378,0.9671748,0.9572828,0.96427184,0.9758799,0.9668973,0.9753328,0.9783744,0.95588785,0.97514844,0.9649351,0.96979254,0.97136325,0.9753286,0.9746528,0.9759263,0.9413403,0.93972033,0.9840829,0.9835551,0.9755132,0.9711378,0.96888775,0.97142106,0.969962,0.9868347,0.9650121,0.9641662,0.9805345,0.9763883,0.96675664,0.9642487,0.9733899,0.9778353,0.968056,0.9777029,0.9733602,0.9566553,0.9572049,0.9709026,0.9658088,0.9644017,0.97012836,0.9536422,0.97606647,0.9577039,0.96676314,0.9791786,0.9633796,0.9708693,0.97409064,0.97302204,0.9839257,0.9781252,0.9636079,0.9562198,0.96189433,0.97465485,0.98121524,0.9671766,0.9695281,0.96985435,0.9481632,0.94139135,0.98354006,0.97263575,0.9546193,0.97345364,0.9695327,0.97528714,0.974429,0.96521634,0.96188515,0.96010315,0.950708,0.9738766,0.96097267,0.9616537,0.9562966,0.93877894,0.96740055,0.96418554,0.971454,0.9716566,0.9822303,0.973421,0.96344966,0.964968,0.96785766,0.97096145,0.974429,0.97067326,0.963983,0.9846843,0.96807814
angelhasfallen,0.9817018,0.98988694,0.9888427,0.98387617,0.98503494,0.9907764,0.99065816,0.9751514,0.98830444,0.97928905,1.0,0.99140865,0.9795484,0.9797061,0.9820639,0.98463404,0.98128355,0.9855929,0.98572874,0.98411506,0.9789618,0.9923927,0.9897563,0.9914735,0.9812549,0.9880391,0.9921904,0.99338925,0.98816615,0.989663,0.9868957,0.98823476,0.9948746,0.9989266,0.9853738,0.9797833,0.9902512,0.98828435,0.98210734,0.9859254,0.9755059,0.9961282,0.994547,0.9913414,0.98652136,0.98508817,0.9878119,0.9771394,0.9731555,0.99415743,0.99306923,0.9923825,0.9846515,0.9746619,0.9862765,0.98714745,0.97546524,0.99377674,0.989965,0.9932631,0.9836022,0.9814299,0.98816323,0.98447007,0.9949301,0.98815274,0.9903511,0.9930388,0.9804609,0.9882758,0.9932754,0.9935872,0.9835499,0.98848706,0.996653,0.98592556,0.98703384,0.99265116,0.9741277,0.98358315,0.9844618,0.99078286,0.991638,0.9883204,0.9885871,0.989964,0.9791851,0.95984185,0.9885322,0.98551744,0.9845576,0.9932754,0.9901181,0.98917955,0.9957458,0.992783,0.9940207,0.9860288,0.9959498,0.9972609,0.982063,0.9930914,0.99124753,0.9927376,0.9870436,0.99247247,0.986076,0.98815364,0.982353,0.9905802,0.9815031,0.99296093,0.9913806,0.9776411,0.98701286,0.98096937,0.9852906,0.99353856,0.9736316,0.99243283,0.9912728,0.9926279,0.9779258,0.99400455,0.97868323,0.98761606,0.9861089,0.99124825,0.9908458,0.9930434,0.9917727,0.9836723,0.97883385,0.96491027,0.9905873,0.98957837,0.9849505,0.993748,0.9895338,0.99098593,0.98830444,0.98562557,0.96993774,0.98837614,0.9759241,0.9905461,0.98872894,0.98488694,0.9876756,0.957322,0.9894558,0.99295145,0.98042655,0.9874853,0.9945423,0.9968265,0.98455083,0.9928989,0.9914825,0.99484414,0.98830444,0.9916656,0.9817283,0.99344176,0.9889382
angrybirdsmovie,0.9914491,0.9772007,0.99079037,0.991562,0.9847005,0.9894239,0.9875205,0.97568494,0.98774755,0.9775418,0.99140865,0.9999999,0.983947,0.98982656,0.98159623,0.988513,0.97164947,0.9842818,0.9893271,0.975566,0.9894767,0.99409014,0.98653716,0.9914396,0.9874,0.98911357,0.98729074,0.98753315,0.9914118,0.9894741,0.9829079,0.97374064,0.9798428,0.99263453,0.9850037,0.97480226,0.98756695,0.9910056,0.97799164,0.9754435,0.98261964,0.9913385,0.9892734,0.99141455,0.98541653,0.9803983,0.9809556,0.97913045,0.9588356,0.9942063,0.9933199,0.97982705,0.98103815,0.9776116,0.98997355,0.9810705,0.9704211,0.99581176,0.9927527,0.98795915,0.98498285,0.99232197,0.9802851,0.9886771,0.9799505,0.98184586,0.9821751,0.9834328,0.98619497,0.98752266,0.988826,0.99165595,0.9771872,0.9871236,0.9867982,0.98761487,0.99203324,0.9925997,0.9861821,0.9830761,0.9876808,0.98737967,0.9882798,0.9868804,0.99477386,0.9865599,0.98543155,0.9683895,0.98267853,0.98775107,0.99621207,0.988826,0.9917609,0.97847784,0.9921461,0.98756886,0.9876521,0.98555094,0.98649204,0.9919267,0.9812685,0.98642415,0.98493785,0.9852558,0.9953438,0.99521923,0.9908917,0.99127585,0.9847926,0.9843127,0.98048645,0.99090725,0.9948903,0.97403735,0.99364007,0.9893865,0.9920595,0.9898693,0.9824781,0.99205685,0.9970981,0.9921853,0.9784278,0.9952035,0.9808476,0.97986114,0.98467726,0.99439245,0.9908019,0.9863304,0.99165314,0.9859285,0.9657253,0.95610225,0.9956714,0.98689806,0.98466235,0.9838332,0.9908212,0.9900457,0.98774755,0.9881767,0.9647666,0.98757356,0.9835181,0.9756286,0.97911716,0.9832814,0.9904624,0.9759055,0.9761855,0.99392736,0.97773135,0.9909356,0.99438244,0.98969483,0.9884128,0.9869652,0.98869854,0.995158,0.98774755,0.9886155,0.9703258,0.9873317,0.9929908
annabellemovie,0.9952011,0.9527042,0.985245,0.98519236,0.98772347,0.97018,0.98699355,0.99027365,0.98920035,0.9523703,0.9795484,0.983947,1.0000001,0.9869166,0.9859335,0.9822836,0.97989005,0.9803619,0.9888595,0.9858899,0.9769877,0.99207485,0.98134965,0.98563135,0.9807872,0.9766802,0.9755241,0.98234683,0.989731,0.9875903,0.98580503,0.9776099,0.96712965,0.98359996,0.9825076,0.96641886,0.9876382,0.9950975,0.97469246,0.9713474,0.9839775,0.980403,0.9716845,0.98319644,0.98605293,0.98353285,0.97942203,0.974705,0.96214396,0.9819628,0.9903909,0.9713164,0.98177934,0.97073656,0.9894495,0.98523855,0.9833883,0.988993,0.9847662,0.98493844,0.9889089,0.98308074,0.9780948,0.9822844,0.963582,0.9692489,0.9699559,0.976205,0.9917997,0.98633075,0.9867478,0.9741143,0.9891681,0.98796827,0.9751811,0.9813905,0.98417556,0.9890189,0.990376,0.9823026,0.98418564,0.98469985,0.9884125,0.98026097,0.9905789,0.9855523,0.99673635,0.9907508,0.972461,0.9844378,0.98598707,0.9867478,0.9818659,0.96944207,0.98835945,0.97382975,0.988121,0.9826809,0.9822602,0.98677963,0.99186885,0.98140323,0.97879153,0.97772676,0.9874059,0.99077487,0.9860522,0.9946985,0.9872098,0.9695818,0.98935086,0.9870182,0.9838127,0.97358245,0.9925654,0.99489015,0.9944723,0.9776296,0.9894042,0.99021584,0.98970044,0.9919823,0.9790794,0.9734802,0.98422515,0.98485374,0.9952957,0.9862499,0.9831865,0.96606416,0.9866048,0.986046,0.9787715,0.97704065,0.97712046,0.9900833,0.9867712,0.9780939,0.9915795,0.995183,0.98920035,0.99007225,0.9783022,0.98011714,0.9960398,0.9611386,0.9779075,0.98238754,0.985727,0.98390794,0.97636414,0.98713315,0.9885094,0.974984,0.986561,0.98515946,0.9913214,0.97128075,0.9664325,0.98085743,0.98920035,0.9900721,0.9734309,0.9765995,0.98993593
annamovie,0.9943729,0.96338546,0.9922435,0.98200166,0.995379,0.9790592,0.9924587,0.9855688,0.9949266,0.9658094,0.9797061,0.98982656,0.9869166,1.0,0.9925054,0.9918868,0.9811444,0.9867882,0.99525017,0.9848168,0.9907296,0.99348027,0.9832288,0.9893534,0.9900408,0.9779492,0.98039657,0.9893736,0.98697454,0.99268776,0.9846963,0.97744626,0.97116035,0.9835648,0.9791872,0.96233094,0.993837,0.9870847,0.9856722,0.9783838,0.9922823,0.979399,0.96890736,0.9821355,0.9894512,0.9858723,0.98130524,0.98572665,0.96303725,0.98017365,0.99067694,0.9770617,0.97978634,0.98604697,0.99052227,0.9878466,0.9873674,0.9922047,0.9873832,0.98977506,0.9909735,0.9884452,0.98564684,0.9930204,0.966201,0.9749695,0.9813953,0.9827216,0.9915524,0.99212253,0.9916564,0.97555155,0.9773269,0.9915836,0.97376156,0.9920145,0.9865284,0.9946361,0.9944887,0.9932316,0.9859628,0.98784727,0.99251777,0.97958714,0.9895307,0.9904821,0.9871705,0.98016334,0.98367006,0.9906679,0.99071956,0.9916564,0.9805362,0.9780368,0.98890746,0.9836763,0.9855207,0.9881543,0.9850759,0.98898524,0.9894922,0.9859122,0.9811651,0.9875877,0.9972966,0.9935838,0.9939153,0.99306756,0.99196523,0.98419064,0.98993176,0.98317015,0.99015754,0.96532106,0.99458,0.99462163,0.9965326,0.97902364,0.9967877,0.99383557,0.99368525,0.9920552,0.9862994,0.97606707,0.9902417,0.97966444,0.9870211,0.98954356,0.9893465,0.9673677,0.99506724,0.9931059,0.9795656,0.97097266,0.98609245,0.99114335,0.9870346,0.9767667,0.99532384,0.9902923,0.9949266,0.99360853,0.9664051,0.984742,0.9884851,0.9579437,0.97445315,0.9802494,0.9900082,0.9813437,0.980841,0.9864231,0.9884231,0.9901802,0.98780966,0.9846939,0.9936292,0.9738267,0.9802926,0.98710346,0.9949266,0.9926558,0.9818297,0.98171073,0.9924821
apollo11movie,0.9908579,0.9589073,0.9891906,0.9714355,0.9970596,0.98166233,0.9948967,0.98768556,0.9980362,0.9694227,0.9820639,0.98159623,0.9859335,0.9925054,0.9999998,0.98039967,0.9926784,0.99121296,0.9929336,0.9914791,0.97842157,0.9898927,0.9915978,0.9880007,0.9763429,0.96474844,0.98271406,0.98882616,0.988691,0.992127,0.98126274,0.98791105,0.9759803,0.98728704,0.9695996,0.9560393,0.99635565,0.9802836,0.99562997,0.98956615,0.98653513,0.9823946,0.968331,0.9863944,0.99734336,0.9955102,0.9931413,0.9827949,0.985178,0.98240125,0.99222076,0.985338,0.99171305,0.98685133,0.98714334,0.99319035,0.9885906,0.9883875,0.9758392,0.99107844,0.98934406,0.97728914,0.9889708,0.9856024,0.9707477,0.9749073,0.9865396,0.99138767,0.9891991,0.99013454,0.9957105,0.96940774,0.987606,0.98889333,0.97547674,0.99097717,0.9788183,0.9959126,0.9870575,0.9965098,0.9814907,0.9864537,0.99128723,0.98394555,0.9852726,0.9923215,0.9810013,0.9871518,0.9876432,0.9911803,0.98227614,0.9957105,0.9751509,0.9846866,0.9865637,0.98701006,0.9893733,0.9854598,0.990303,0.9927573,0.99511105,0.98538595,0.98227715,0.9934695,0.9886738,0.9922701,0.99552953,0.988303,0.98363894,0.981287,0.9956243,0.97825676,0.98950243,0.9588228,0.9910762,0.9858617,0.99265885,0.9791356,0.9959541,0.9932829,0.9871374,0.9941368,0.99272215,0.9709716,0.9923826,0.9782643,0.98908025,0.982824,0.9879679,0.9592334,0.99279046,0.98865545,0.98821527,0.9868898,0.98117924,0.9936126,0.98485696,0.9801065,0.99625754,0.9924294,0.9980362,0.9930104,0.976347,0.9793962,0.97936016,0.96331006,0.97082996,0.9756027,0.98171264,0.96720743,0.9927095,0.9805748,0.99668187,0.9885809,0.9886715,0.9885359,0.99290353,0.97337383,0.9765966,0.98081577,0.9980362,0.9965521,0.9948414,0.99135166,0.991813
arcticdogsmovie,0.9859688,0.97742367,0.9888969,0.987507,0.99040174,0.9756407,0.986163,0.9773305,0.98824114,0.97070974,0.98463404,0.988513,0.9822836,0.9918868,0.98039967,0.99999994,0.9694116,0.98311317,0.9900019,0.9779622,0.98759574,0.9913983,0.9761271,0.9912581,0.9922355,0.98805976,0.9773414,0.9893675,0.98153263,0.9892503,0.9860039,0.9794492,0.9745406,0.9845218,0.99153,0.9791664,0.9896753,0.99036366,0.9738186,0.9754209,0.98771346,0.980239,0.9756109,0.9760557,0.97818077,0.9780714,0.9735059,0.9886215,0.9549142,0.9783668,0.98545235,0.9791479,0.96919256,0.9837937,0.9892297,0.9819894,0.97973895,0.99372,0.9928293,0.98885065,0.98195815,0.98540795,0.9819678,0.9916985,0.9744902,0.9798975,0.97635615,0.9801995,0.9781365,0.98860407,0.9856154,0.9814011,0.9706332,0.9921136,0.9844542,0.9824985,0.99228966,0.9890411,0.9828786,0.9853838,0.98289037,0.99059457,0.99472904,0.9794589,0.98745006,0.9869109,0.98256075,0.9611572,0.9832162,0.9885426,0.98501325,0.9856154,0.9797138,0.9778903,0.9913195,0.9876415,0.9811445,0.9867383,0.9874551,0.9867512,0.98139215,0.9854783,0.98555434,0.9827292,0.9928857,0.99036115,0.98235756,0.9896478,0.9907547,0.99074507,0.9813384,0.9889474,0.98155904,0.98072356,0.9903531,0.9916552,0.9906346,0.98659825,0.9845344,0.9895622,0.99131835,0.987391,0.9810888,0.97905004,0.9810949,0.98357415,0.9844235,0.98970777,0.98955613,0.98081577,0.99079436,0.9944352,0.9731368,0.9530568,0.98245686,0.9857943,0.9837716,0.9839543,0.9879459,0.9884047,0.98824114,0.9880149,0.9623018,0.98675376,0.98901135,0.9692175,0.9866416,0.9896607,0.99194574,0.9745519,0.97487736,0.98685706,0.9799728,0.98092467,0.9856394,0.98244166,0.98357654,0.9721413,0.9800297,0.98717815,0.98824114,0.98777074,0.9731803,0.9759481,0.98446894
arcticmovie,0.97825325,0.9586848,0.9823916,0.9602151,0.99073505,0.98112255,0.990835,0.981829,0.99107426,0.9563582,0.98128355,0.97164947,0.97989005,0.9811444,0.9926784,0.9694116,1.0,0.98492247,0.9849858,0.9915163,0.9680129,0.98455894,0.98968333,0.9775555,0.9713956,0.9618873,0.9857066,0.986272,0.9817346,0.9898742,0.97814345,0.99081427,0.9829221,0.98540354,0.9646802,0.95310575,0.9927066,0.97361505,0.9891227,0.985819,0.97310865,0.98095345,0.9689224,0.9853604,0.99098414,0.9887901,0.99224555,0.9670676,0.98519856,0.9784091,0.9885629,0.984023,0.9892949,0.97639996,0.97537756,0.9936727,0.9921397,0.9803111,0.97161496,0.9908283,0.98765296,0.97181857,0.9894985,0.97356594,0.9750922,0.971288,0.98616403,0.9907129,0.9868828,0.98801434,0.99449706,0.9685752,0.9873499,0.97952974,0.9718951,0.99121994,0.9673699,0.99077517,0.9820175,0.98966146,0.9757339,0.9830987,0.9836008,0.97625846,0.9769351,0.98757404,0.97528607,0.978602,0.98416156,0.97869396,0.9730222,0.99449706,0.9767628,0.98646635,0.985467,0.97786754,0.9897143,0.97940004,0.9869362,0.9905183,0.99138665,0.98839957,0.98351854,0.99382305,0.9803612,0.9866951,0.9864145,0.98419905,0.97747207,0.97309643,0.9941342,0.9765875,0.9845885,0.9563333,0.9793699,0.976944,0.9818192,0.9688485,0.98303604,0.9877551,0.9783739,0.99166834,0.97913766,0.96817803,0.9817811,0.9817318,0.9873571,0.98070353,0.979828,0.9620206,0.9885651,0.9786051,0.9962601,0.99432707,0.97561824,0.9925703,0.98444796,0.975028,0.9915396,0.98759496,0.99107426,0.9870652,0.9763442,0.97546774,0.97068185,0.96807516,0.9747536,0.96804655,0.9755887,0.9550731,0.9927991,0.98022264,0.99135256,0.9836036,0.98351115,0.9909774,0.99202156,0.98065305,0.97485256,0.9799297,0.99107426,0.99134177,0.9952977,0.988583,0.9858586
artofracingmovie,0.98750967,0.9619475,0.98418224,0.97150254,0.9936289,0.9904573,0.98865193,0.9802966,0.9940964,0.9872082,0.9855929,0.9842818,0.9803619,0.9867882,0.99121296,0.98311317,0.98492247,1.0,0.9948143,0.97694683,0.9774011,0.98559177,0.9964548,0.9922586,0.97939223,0.96654046,0.99265206,0.98195606,0.9871439,0.99349296,0.98120606,0.9851157,0.9729923,0.989548,0.97069377,0.96020263,0.9939109,0.9782518,0.9912816,0.9916774,0.9763931,0.9901043,0.9808379,0.9922948,0.9928179,0.99242336,0.99631435,0.9825034,0.98726493,0.99001956,0.99012774,0.9857011,0.99265724,0.9838085,0.9867577,0.9876322,0.981777,0.99182343,0.9819586,0.99025166,0.98456925,0.9843217,0.9807645,0.98150414,0.97310966,0.9825643,0.97970504,0.9884914,0.9801979,0.9822432,0.99055123,0.97006404,0.9779831,0.98352706,0.9792491,0.9851576,0.9803357,0.9949169,0.98287445,0.99104255,0.9864647,0.9834898,0.9886479,0.9816922,0.98621094,0.99266326,0.97091377,0.9750516,0.99423134,0.99208695,0.98676634,0.99055123,0.9828101,0.9840124,0.98497534,0.99074274,0.98575974,0.97936034,0.9900866,0.9908899,0.9890112,0.9802464,0.9846985,0.9930674,0.9864474,0.9912933,0.9908087,0.98187864,0.98010564,0.9782857,0.99242884,0.9762549,0.9848989,0.9605003,0.9905284,0.981028,0.9887585,0.97982395,0.988436,0.9904318,0.9869081,0.9917741,0.99446386,0.9775088,0.9864466,0.978936,0.9831561,0.9863974,0.99136573,0.9695722,0.98955333,0.9851187,0.9799404,0.97615075,0.9905921,0.9937245,0.98218024,0.97822684,0.9915774,0.9940472,0.9940964,0.9866903,0.97702473,0.97999585,0.97555345,0.97198856,0.9760844,0.9722119,0.9764519,0.9621846,0.9857344,0.9803095,0.99392545,0.98280376,0.9918341,0.9880922,0.98725355,0.9748841,0.97737706,0.9830832,0.9940964,0.9897298,0.98488754,0.99222326,0.9874085
avengers,0.9947924,0.96755826,0.9904665,0.979077,0.9951323,0.9830632,0.9941636,0.9925247,0.99640375,0.9766319,0.98572874,0.9893271,0.9888595,0.99525017,0.9929336,0.9900019,0.9849858,0.9948143,0.9999999,0.9859987,0.98611677,0.99276745,0.9904617,0.99275726,0.9898843,0.9785423,0.98944306,0.9882002,0.9888356,0.99656177,0.9923533,0.9824068,0.9742483,0.98885596,0.9767187,0.96229744,0.99523354,0.98814553,0.9891717,0.9841989,0.98285997,0.98713684,0.97770274,0.98833025,0.9939299,0.9936555,0.9896708,0.98322684,0.9748107,0.9864198,0.99183965,0.982504,0.98741424,0.98181957,0.99603474,0.9910492,0.98962885,0.9941452,0.9913116,0.991389,0.9908254,0.99014723,0.98811126,0.98907775,0.97205967,0.9851616,0.97940785,0.98719186,0.99054277,0.9883973,0.9934505,0.97662276,0.981521,0.9911734,0.97725713,0.9907687,0.9860356,0.9976939,0.9932557,0.99546444,0.99073297,0.9871448,0.9940537,0.97861624,0.99090767,0.99658155,0.98450834,0.9801301,0.9880346,0.9946082,0.9937791,0.9934505,0.98550534,0.97850245,0.99044484,0.9857495,0.9913449,0.9866775,0.9916806,0.9921812,0.99271935,0.98818755,0.9820171,0.991541,0.99340963,0.99409604,0.99311715,0.9909601,0.993589,0.9817369,0.99168795,0.98384196,0.98909116,0.96505076,0.9976728,0.9937423,0.99546736,0.9798421,0.9949955,0.9952726,0.9948483,0.99299926,0.99151725,0.98044866,0.9893055,0.98743993,0.98991716,0.9927127,0.99216694,0.9724192,0.9944224,0.9907055,0.9847974,0.9787809,0.99148726,0.99703085,0.98643917,0.98151886,0.9957369,0.99609524,0.99640375,0.9899685,0.977249,0.9837413,0.9890804,0.9665206,0.97788733,0.9768915,0.98449147,0.97688365,0.9867032,0.9862547,0.9950004,0.9883071,0.9924456,0.9911653,0.9940407,0.9785743,0.97962445,0.9894309,0.99640375,0.9940419,0.98309463,0.9868943,0.9907367
beachbummovie,0.9836014,0.9705179,0.9855105,0.9690793,0.98963785,0.969418,0.99416834,0.9896906,0.9913201,0.9488084,0.98411506,0.975566,0.9858899,0.9848168,0.9914791,0.9779622,0.9915163,0.97694683,0.9859987,0.9999999,0.9708121,0.98979163,0.9793627,0.980625,0.9748684,0.97286403,0.97730523,0.99421626,0.97991586,0.98615134,0.9895274,0.9867794,0.9853255,0.9855046,0.9726869,0.95710045,0.9921855,0.98452944,0.9842195,0.9791749,0.9825354,0.9768646,0.96522915,0.97616506,0.9884575,0.9879909,0.9819356,0.971081,0.97008663,0.9738364,0.98722655,0.98189276,0.98166984,0.97080153,0.9844295,0.9911973,0.99180627,0.98258346,0.9792928,0.99123454,0.98973894,0.96791875,0.9924516,0.9850477,0.9753586,0.9715489,0.9872809,0.98759145,0.99018395,0.9898587,0.9949263,0.97411734,0.98753667,0.9905176,0.9768792,0.98665446,0.97333664,0.9907351,0.98120964,0.9893902,0.98004156,0.98513496,0.9920534,0.9746911,0.9781137,0.9889062,0.9869809,0.97795564,0.97614735,0.98026794,0.9740314,0.9949263,0.9725366,0.9796408,0.9892997,0.9787944,0.9944441,0.98424184,0.99039835,0.9919211,0.98891836,0.99203193,0.9779883,0.98925894,0.9842886,0.9858122,0.98531455,0.99141484,0.9875733,0.9829207,0.9878099,0.98318344,0.98642707,0.96140003,0.9849875,0.9863595,0.9874584,0.9757773,0.98542374,0.9916049,0.9840131,0.98953664,0.97575325,0.96918803,0.9835166,0.9890323,0.989549,0.9802867,0.97987247,0.9657942,0.9914143,0.98306143,0.99432003,0.9847314,0.9722639,0.99015784,0.9873305,0.98315465,0.9928284,0.988095,0.9913201,0.9868469,0.9679557,0.98255926,0.9812157,0.96331036,0.97569007,0.9758842,0.9857265,0.95965606,0.994585,0.982334,0.9885633,0.98457164,0.9818454,0.9908771,0.98950106,0.97751456,0.9784687,0.98344845,0.9913201,0.99585503,0.99079347,0.9822712,0.9857524
bernadettefilm,0.98608184,0.9661653,0.996166,0.99064493,0.9841349,0.9769667,0.9883386,0.97117853,0.9868626,0.9650013,0.9789618,0.9894767,0.9769877,0.9907296,0.97842157,0.98759574,0.9680129,0.9774011,0.98611677,0.9708121,1.0,0.9927109,0.97716355,0.98996997,0.9957527,0.985565,0.9768002,0.9828317,0.9893996,0.98980355,0.9761744,0.9735231,0.96833104,0.98321444,0.98504627,0.97723454,0.981252,0.9856947,0.9799883,0.9763665,0.9805228,0.98356074,0.9783152,0.97925824,0.98250324,0.97718495,0.97275686,0.9890737,0.9512599,0.97939104,0.9894451,0.98074067,0.9628269,0.9792314,0.98539746,0.98585635,0.9758513,0.9920847,0.9857056,0.9784188,0.98201406,0.99406236,0.9837289,0.9838964,0.9736687,0.9841196,0.9748174,0.97899604,0.9810574,0.99195635,0.9821385,0.98427,0.9756148,0.98854786,0.9775982,0.9893419,0.99230236,0.9864232,0.98247397,0.9829551,0.971226,0.9914307,0.98530793,0.98342764,0.9932421,0.9881606,0.9797128,0.95899695,0.98419297,0.9891615,0.9861699,0.9821385,0.9880175,0.98000956,0.9894481,0.9759241,0.97797817,0.99485886,0.9805337,0.98314565,0.9820218,0.9832865,0.9850738,0.97994745,0.98922724,0.990743,0.9894941,0.9843285,0.9897521,0.98262155,0.9734235,0.987021,0.98109764,0.97641224,0.98665076,0.98435104,0.9888731,0.983572,0.9817371,0.9895577,0.9939203,0.98509014,0.9789132,0.98166555,0.98795676,0.96615744,0.98144305,0.9913966,0.99356663,0.9772294,0.9890664,0.9927472,0.96619725,0.9564101,0.98438656,0.9859544,0.9700099,0.9818666,0.98271036,0.9822882,0.9868626,0.99104244,0.9683923,0.9726076,0.9822565,0.9707924,0.9813206,0.98524,0.98127586,0.98754656,0.97066796,0.99087405,0.9733553,0.9797076,0.9901306,0.9807092,0.98345906,0.9796387,0.973514,0.9838686,0.9868626,0.9801163,0.9705074,0.97662157,0.9910967
