movie,21bridgesmovie,47metersdown,abeautifuldaymovie,abominablemovie,adastramovie,adogsjourneymovie,aftermathmovie,aftermovie,ahiddenlifefilm,alitamovie,angelhasfallen,angrybirdsmovie,annabellemovie,annamovie,apollo11movie,arcticdogsmovie,arcticmovie,artofracingmovie,avengers,beachbummovie,bernadettefilm,blackandbluemovie,blackchristmas,blindedbythelightmovie,bombshellmovie,booksmart,breakthroughmovie,brianbanksmovie,brightburnmovie,brittanyrunsmov,captainmarvelofficial,captivestatemovie,catsmovie,charliesangels,childsplaymovie,clarathefilm,coldpursuitmovie,countdown,currentwarmovie,darkwatersmovie,detectivepikachumovie,disneyaladdin,disneyfrozen,disneymaleficent,doctorsleepmovie,dolemiteismyname,dontletgomovie,doramovie,downtonabbey_official,dumbo,escaperoom,everybodyknowsmovie,fastandfuriousmovie,fightingwmyfam,fivefeetapartfilm,fordvferrari,freaksthefilm,geminimanmovie,glassmovie,gloriabellmovie,godzillamovie,goldfinchmovie,goodboysmovie,goodliarmovie,gretafilm,halathemovie,happydeathdaymovie,harrietfilm,hellboymovie,hersmellmovie,highlifemovie,highstrungmovie,honeyboymovie,hotelmumbaifilm,httydragon,hustlemovie,hustlersmovie,isntitromantic,itmovieofficial,jayandsilentbob,johnwickmovie,jojorabbitmovie,jokermovie,judythefilm,jumanjimovie,justmercyfilm,knivesout,lalloronamovie,lastblackmansf,lastchristmasthemovie,latenightmovie,lighthousemovie,lionking,littlethemovie,littlewomenmovie,littlewoodsfilm,longshotmovie,lordsofchaosmovie,lucyintheskyfilm,mamovie2019,marriagestory,meettheaddams,meninblack,midsommarmovie,midwaymovie,missbalamovie,missinglinkfilm,motherlessbklyn,onceinhollywood,onthebasisofsex,overcomermovie,peanutbutterfalcon,petsematarymovie,piercingmovie,playingwithfire,playmobilthemovie,pomsmovie,queenandslim,rambomovie,readyornotfilm,richardjewellfilm,rocketmanmovie,scarystoriesmovie,secretlifeofpets,serenityfilm,shaftmovie,shazammovie,spidermanmovie,spiesindisguise,starwars,stormboymovie,stubermovie,taosdfilm,teenspiritmov,terminator,theaeronautsmov,thebestofenemies,thedeaddontdie,thefarewell,thehighwaymen,thehummingbirdprojectfilm,theintrudermovie,theirishmanfilm,thekitchenmovie,thelegomovie,themustangfilm,thenightingalefilm,theprodigymovie,thesunisalsoastar,theupsidefilm,tolkienmovie,toystory,triplefrontier,uglydolls,uncutgems,underthesilverlake,usmovie,wavesmovie,whatmenwant,wonderparkmovie,wrinklestheclown,xmenmovies,yardiefilm,yesterdaymovie,zombieland
21bridgesmovie,0.9999999,0.97395843,0.98933613,0.97915167,0.98045945,0.97809666,0.97441983,0.97909755,0.9879026,0.9662996,0.9751142,0.982545,0.9700754,0.9759509,0.9826078,0.9574636,0.97021514,0.97880137,0.9767494,0.9859174,0.965147,0.9784134,0.96733713,0.97455865,0.98528373,0.96157944,0.97462904,0.97808933,0.9923242,0.96307784,0.973436,0.9747408,0.9669389,0.9771287,0.97687167,0.99236965,0.98526555,0.9822913,0.98543274,0.96519893,0.9715268,0.9787001,0.9653876,0.982791,0.9819505,0.9754267,0.97376156,0.97899836,0.97491735,0.97741675,0.9892695,0.97126096,0.9709358,0.96525,0.9668373,0.9768277,0.956209,0.98808724,0.98264945,0.9761053,0.9670539,0.9649355,0.9755814,0.9772239,0.9600357,0.97565895,0.97855777,0.9776078,0.98516375,0.9738629,0.9822719,0.97501135,0.9832067,0.97275305,0.97710377,0.9669528,0.97731006,0.97397584,0.96911955,0.9677521,0.97257596,0.98057,0.9736777,0.97768897,0.9836183,0.9745424,0.9855548,0.960208,0.9778929,0.97816336,0.9738921,0.9822719,0.96994364,0.97779506,0.9877376,0.97573274,0.9715997,0.98320925,0.9711522,0.9805552,0.9813344,0.96830195,0.9783293,0.98046196,0.9882198,0.9823806,0.9873168,0.96095467,0.95422745,0.9710882,0.9603423,0.9788706,0.9766612,0.99040365,0.9895057,0.98752046,0.997561,0.9835838,0.97884136,0.9704916,0.98271054,0.9816178,0.98376334,0.9820802,0.9780806,0.9822267,0.9759224,0.98234516,0.9771271,0.9644267,0.9592886,0.9691399,0.969937,0.9712488,0.97959274,0.9745357,0.9881449,0.9705125,0.98376423,0.9864275,0.9879026,0.98105365,0.975182,0.96834886,0.96911216,0.9757217,0.97844523,0.96679443,0.9661063,0.9789436,0.9792853,0.98261184,0.96024793,0.9839809,0.9764183,0.9688081,0.95983666,0.97650635,0.9744411,0.9852303,0.9879026,0.97616196,0.9730345,0.97313994,0.98396486
47metersdown,0.97395843,0.99999976,0.979994,0.9678559,0.9781544,0.9791552,0.9858063,0.9695575,0.98564863,0.9720084,0.974774,0.98100656,0.9748093,0.9779644,0.9778715,0.9608306,0.96590877,0.98007894,0.9785016,0.9787038,0.9663288,0.9860197,0.9600467,0.98289293,0.97151345,0.972455,0.97540295,0.9761353,0.98410714,0.95982593,0.9694231,0.98689276,0.9591693,0.97872895,0.98617977,0.9853716,0.9806525,0.97568583,0.97836095,0.97206163,0.97444594,0.9669552,0.964235,0.98031896,0.9810409,0.9728135,0.9624976,0.9857627,0.95923537,0.9702935,0.97956246,0.9670226,0.9682186,0.9535703,0.9689173,0.970879,0.9781884,0.96758837,0.98082393,0.972324,0.9730894,0.9638074,0.9670268,0.981462,0.9653149,0.9791392,0.97856545,0.9772342,0.98140126,0.9805089,0.9767889,0.9793291,0.97902966,0.9787683,0.97989964,0.9676328,0.9737701,0.9705288,0.97367835,0.96919364,0.9661579,0.9746426,0.97905064,0.9723399,0.98737425,0.96962255,0.97852296,0.9677357,0.9757632,0.97716117,0.9796416,0.9767889,0.9650829,0.980975,0.9777604,0.9704255,0.97425324,0.98176056,0.9828775,0.98,0.97656614,0.9702517,0.9721356,0.9698321,0.9864736,0.9741503,0.9808812,0.9778317,0.963872,0.97342306,0.96221536,0.98141706,0.9679168,0.98508847,0.9777404,0.9799189,0.9716232,0.9759937,0.98165745,0.98047113,0.9741853,0.9663339,0.9769637,0.9838944,0.9811064,0.98302454,0.97573966,0.9822629,0.9703844,0.97693497,0.95859087,0.9768113,0.96577543,0.98514223,0.9599056,0.9622503,0.9719152,0.972415,0.98186314,0.9813021,0.98564863,0.9857304,0.9748653,0.97958094,0.9834017,0.97159046,0.98136145,0.9752665,0.97427475,0.97581106,0.98420274,0.9718192,0.9588913,0.969264,0.9779179,0.97500765,0.9639453,0.98111844,0.95718414,0.9839427,0.98564863,0.97424203,0.9731373,0.9576602,0.9830902
abeautifuldaymovie,0.98933613,0.979994,1.0000001,0.98520243,0.98161894,0.9847413,0.9855178,0.9857261,0.9907801,0.96789944,0.9750601,0.989793,0.973258,0.98330903,0.9860519,0.96763074,0.9834951,0.98668563,0.9810036,0.98165804,0.967242,0.9880514,0.9768888,0.9780075,0.9832083,0.966773,0.97947675,0.9850801,0.994691,0.9623923,0.97656184,0.9851816,0.9763692,0.980828,0.98295283,0.99202836,0.99051636,0.9723915,0.9828473,0.9727422,0.9742932,0.9840538,0.9764471,0.9847334,0.98632306,0.9886225,0.98253113,0.9840201,0.9756905,0.98469037,0.99321324,0.9786912,0.9815324,0.9673286,0.9746915,0.9789625,0.96245676,0.9865449,0.9848253,0.9838991,0.97252053,0.97747284,0.9827531,0.98725533,0.9701041,0.9834366,0.9900986,0.9789343,0.98599184,0.9802219,0.9849518,0.97892916,0.98163587,0.9870722,0.9849971,0.97746164,0.97913283,0.9733655,0.97579664,0.9779121,0.97623396,0.98120105,0.9766969,0.9726747,0.992241,0.96796376,0.9817933,0.96721274,0.98163974,0.9804986,0.9854149,0.9849518,0.9855468,0.9747076,0.99091876,0.98365337,0.97390187,0.9828637,0.9747437,0.9855993,0.9882192,0.980136,0.9800276,0.9826401,0.9807823,0.9875902,0.9859814,0.97723144,0.96413064,0.97968364,0.9733158,0.9798297,0.9799031,0.98736626,0.98458177,0.9864303,0.9882801,0.980822,0.9843297,0.98340887,0.9818121,0.98315066,0.99000615,0.9904842,0.9866325,0.9804475,0.97776186,0.98775685,0.9769943,0.98038834,0.96382195,0.9707023,0.9767481,0.982603,0.9754519,0.97416675,0.98391855,0.97658193,0.9883152,0.9922047,0.9907801,0.99172425,0.9833086,0.9754885,0.97297466,0.9756812,0.98643327,0.97124887,0.9743748,0.97848576,0.98732954,0.99340016,0.97520804,0.9861312,0.9727873,0.9730261,0.97052807,0.98331827,0.9645102,0.98837745,0.9907801,0.98090255,0.98270446,0.97689265,0.99014395
abominablemovie,0.97915167,0.9678559,0.98520243,1.0,0.9740481,0.97175723,0.9687508,0.97586054,0.9817146,0.95742244,0.960074,0.98204535,0.96967924,0.97263473,0.97891057,0.95564127,0.9735973,0.98017454,0.97761863,0.96781313,0.97398216,0.97202945,0.9586772,0.97317,0.97751516,0.9666869,0.9681969,0.9674984,0.983948,0.95711756,0.9684454,0.9745091,0.9656617,0.9743111,0.97977585,0.98624015,0.9830853,0.9683275,0.971955,0.97284096,0.97154623,0.9803461,0.9741623,0.97503495,0.9770807,0.96220094,0.96547174,0.97110164,0.95689124,0.97562516,0.9843583,0.966546,0.9710042,0.9638685,0.9673475,0.97258425,0.9577799,0.9735455,0.9821098,0.9623958,0.96978575,0.99015236,0.97045183,0.97638834,0.9629421,0.965235,0.9717371,0.96769834,0.9763709,0.96784675,0.9652915,0.97113866,0.97904354,0.9801554,0.9842938,0.97721434,0.97645074,0.963207,0.973226,0.9574382,0.9677732,0.97376937,0.9642824,0.9606089,0.9836935,0.95783186,0.9742469,0.9662953,0.96814185,0.97061956,0.9765203,0.9652915,0.9700305,0.9638196,0.98240995,0.98061377,0.97272295,0.97695243,0.9615483,0.97804517,0.9622098,0.96676517,0.9683465,0.9653328,0.97370696,0.9807798,0.9774887,0.96122897,0.9711315,0.97562265,0.958092,0.97911763,0.97253466,0.9813152,0.979182,0.98123807,0.9755098,0.9737005,0.97825503,0.98159766,0.9769574,0.97450894,0.9806855,0.979383,0.97768164,0.97358584,0.9758796,0.9821503,0.97095364,0.9773825,0.9593788,0.9670136,0.96878123,0.98195964,0.9634066,0.9712684,0.969507,0.97001207,0.9728342,0.9815435,0.9817146,0.97700596,0.9615753,0.96980244,0.96091276,0.9676603,0.98101044,0.9724759,0.9632999,0.98029804,0.9790458,0.98316765,0.9585761,0.96594155,0.9583158,0.96356094,0.9623042,0.9704961,0.9518019,0.9840809,0.9817146,0.978972,0.9711481,0.96632415,0.983286
adastramovie,0.98045945,0.9781544,0.98161894,0.9740481,1.0,0.9767807,0.98913693,0.9857383,0.99469006,0.98814446,0.97487336,0.983316,0.9821458,0.9875893,0.9872656,0.97259265,0.9818289,0.9906752,0.9919102,0.97909284,0.9756071,0.97972006,0.9737757,0.9888376,0.9882774,0.9853372,0.9903921,0.98775923,0.98526716,0.98141384,0.9838219,0.9866906,0.9780113,0.9824878,0.9846735,0.98588765,0.9818429,0.9819344,0.9865685,0.9825983,0.98742163,0.9788982,0.9841643,0.9886068,0.9848316,0.9787535,0.9730445,0.9787481,0.9699596,0.9886628,0.9779116,0.9769018,0.9843396,0.97171414,0.9652859,0.99083924,0.97470653,0.9759514,0.9840281,0.98385006,0.98528814,0.97300905,0.9727444,0.9842772,0.9818451,0.973508,0.9834854,0.98945385,0.9808914,0.982546,0.9873191,0.9765249,0.9840102,0.98320997,0.9921072,0.98551196,0.97998047,0.9887916,0.98755234,0.9828182,0.9666517,0.9896093,0.9879007,0.9865168,0.9830751,0.97695786,0.9760256,0.9798382,0.98740315,0.9888557,0.9840533,0.9873191,0.9715418,0.9750045,0.9750975,0.97710705,0.98648447,0.9808551,0.98991567,0.9916318,0.97792655,0.9819217,0.97758573,0.98143387,0.9845093,0.9753093,0.9914597,0.9800937,0.97929424,0.9798957,0.98094153,0.98673147,0.98606086,0.9903589,0.9925644,0.9801613,0.9789412,0.9828956,0.9869934,0.9883602,0.9891754,0.9866508,0.98001266,0.9798567,0.99028736,0.9838595,0.99032634,0.98303473,0.984329,0.98599786,0.9643965,0.9906084,0.98578686,0.9810853,0.9780539,0.9829028,0.9795225,0.98182803,0.98928624,0.9828171,0.99469006,0.98065287,0.98375326,0.9805788,0.9788028,0.9838994,0.9828517,0.97882885,0.98167133,0.9803562,0.990314,0.97995615,0.97350854,0.9724703,0.985455,0.98487806,0.97151864,0.9863102,0.9722155,0.9899851,0.99469006,0.99058896,0.9871481,0.969982,0.9869221
adogsjourneymovie,0.97809666,0.9791552,0.9847413,0.97175723,0.9767807,1.0000001,0.9882645,0.96885943,0.9878675,0.9629141,0.98302615,0.98762083,0.9781413,0.9841803,0.9858934,0.96890765,0.9715995,0.9858866,0.98055667,0.98736244,0.97421056,0.98125476,0.9829588,0.9823766,0.9705099,0.96856105,0.9792711,0.97817856,0.9898828,0.9544389,0.97439885,0.98582214,0.98426455,0.9716508,0.9798526,0.97877806,0.9843034,0.9728007,0.971561,0.98449,0.97219515,0.9695588,0.963403,0.98202026,0.98543084,0.9797907,0.9845642,0.9853557,0.978951,0.97901976,0.9883197,0.9832987,0.97836703,0.9722648,0.9771105,0.980413,0.96928114,0.9679169,0.9756868,0.984836,0.96936417,0.9652241,0.9836132,0.988417,0.9767158,0.98197967,0.97870505,0.97888994,0.9859101,0.9864953,0.9835498,0.9750206,0.98409927,0.9836711,0.9829491,0.9672834,0.9732539,0.9684496,0.9694733,0.9853492,0.9750196,0.98342764,0.9805457,0.9746804,0.98908496,0.97227854,0.9848442,0.97767645,0.9804613,0.9781499,0.9770056,0.9835498,0.9776627,0.97142935,0.98573655,0.98458844,0.9774035,0.9858398,0.98197216,0.9883746,0.9832415,0.9779672,0.9900285,0.9853623,0.97944474,0.98742074,0.98567444,0.9797031,0.96958166,0.9876632,0.9720107,0.9813313,0.9693696,0.98300135,0.98329896,0.97737515,0.97825295,0.986431,0.98157275,0.98115987,0.97579896,0.9698684,0.9805111,0.99392796,0.9772984,0.9754427,0.9832391,0.99002284,0.9710749,0.97586757,0.97274315,0.97277486,0.96994984,0.9733634,0.966301,0.9620688,0.97929424,0.9836187,0.9864222,0.9858797,0.9878675,0.9860163,0.98253125,0.9800787,0.97894925,0.9824538,0.97761136,0.98201245,0.9781032,0.9692287,0.98878545,0.98183733,0.96578383,0.9734721,0.96441954,0.96945393,0.97312605,0.9818834,0.95904005,0.9802223,0.9878675,0.9779949,0.9758724,0.9804961,0.9869028
aftermathmovie,0.97441983,0.9858063,0.9855178,0.9687508,0.98913693,0.9882645,1.0,0.97843146,0.99471325,0.9804793,0.97969306,0.98975724,0.98334485,0.9862402,0.9873503,0.9829727,0.98431635,0.9900989,0.9864742,0.98042643,0.975498,0.98347634,0.98550767,0.99079454,0.9795399,0.97328305,0.98426425,0.9856849,0.9843424,0.97536194,0.98097473,0.9927198,0.98179805,0.9722689,0.979613,0.9813255,0.98546296,0.9761629,0.9793076,0.9831259,0.9815822,0.9753833,0.97730154,0.9869745,0.98812467,0.98752385,0.9824078,0.98416644,0.97723347,0.9869988,0.982684,0.9858712,0.9844776,0.97519,0.97605723,0.9875612,0.98072314,0.97464395,0.9813336,0.9898478,0.97948736,0.96672726,0.98088616,0.9885964,0.9857523,0.98401326,0.9883562,0.9868826,0.98537374,0.98531413,0.98901457,0.9736944,0.9836416,0.98481315,0.98647827,0.9763131,0.96894306,0.97691166,0.98396915,0.98999786,0.96870816,0.98631805,0.9894852,0.9813574,0.9896599,0.9772004,0.976591,0.9852327,0.9874347,0.9913807,0.985129,0.98901457,0.98360205,0.9759045,0.9798913,0.98357064,0.98717946,0.9826447,0.9909467,0.9889223,0.9881842,0.9869901,0.98617774,0.9864148,0.98047584,0.98199904,0.9899259,0.9932448,0.9755108,0.9869094,0.9852389,0.97845775,0.981465,0.98251075,0.98364997,0.9743183,0.9757062,0.97976714,0.98806435,0.9932138,0.9829453,0.9784164,0.98401266,0.9879484,0.9915595,0.98003757,0.9888695,0.9861258,0.9768562,0.9867716,0.9735962,0.9868288,0.9863289,0.98369235,0.97211,0.9749011,0.9754865,0.9832596,0.992271,0.9882887,0.99471325,0.9847369,0.9909275,0.9836366,0.97748184,0.98677385,0.9830398,0.98136866,0.9891206,0.97193444,0.9948352,0.98191386,0.9787814,0.9676332,0.9751992,0.97664857,0.98269135,0.9893636,0.959681,0.9841202,0.99471325,0.98531485,0.9905968,0.9782403,0.98680997
aftermovie,0.97909755,0.9695575,0.9857261,0.97586054,0.9857383,0.96885943,0.97843146,0.99999976,0.98478496,0.9693675,0.9658896,0.9810348,0.9759378,0.9731799,0.98188895,0.954427,0.97331977,0.97836185,0.9770959,0.9726242,0.9675898,0.98337406,0.9690395,0.98181504,0.98932636,0.9743134,0.9868372,0.9826951,0.98425096,0.97562176,0.9763829,0.98066527,0.9702263,0.9876251,0.97992456,0.98373955,0.977402,0.9734785,0.97293854,0.96915287,0.97276556,0.9804807,0.97914016,0.97773015,0.97243875,0.97560424,0.97007585,0.970417,0.9581816,0.9826665,0.9726917,0.96128243,0.9871632,0.9676808,0.9651415,0.97604376,0.94944775,0.98021144,0.9828081,0.97874826,0.9822347,0.9797399,0.9639998,0.97665524,0.959005,0.9683327,0.9894437,0.96758556,0.976349,0.972925,0.9823425,0.9822384,0.97563976,0.98099434,0.9830978,0.98527944,0.97908735,0.98869824,0.9842687,0.9686401,0.9697728,0.98235244,0.9810397,0.9759218,0.97939473,0.9627484,0.9777412,0.96326005,0.9752246,0.96932614,0.9867347,0.9823425,0.9654724,0.9646257,0.97424537,0.97724956,0.9763125,0.9778153,0.97358656,0.983014,0.9738474,0.9745145,0.96819943,0.97543216,0.98142195,0.96794105,0.98164326,0.97440875,0.9595874,0.9655805,0.970258,0.98096114,0.9878297,0.9834617,0.97954077,0.98415405,0.9796211,0.97281677,0.97895104,0.97815096,0.98078716,0.9918197,0.9809284,0.97825754,0.9858006,0.9770978,0.974898,0.9684182,0.97162217,0.97383404,0.9480961,0.9715225,0.9694402,0.97870314,0.9776121,0.9813852,0.9801664,0.96111256,0.98288536,0.982483,0.98478496,0.98121035,0.9745497,0.9834489,0.97299933,0.9675462,0.9797546,0.9733413,0.97665995,0.97170204,0.97758085,0.9790956,0.956416,0.9673633,0.9826301,0.9882078,0.9741281,0.98454195,0.9836662,0.98843795,0.98478496,0.9744198,0.97466296,0.96780914,0.9772855
ahiddenlifefilm,0.9879026,0.98564863,0.9907801,0.9817146,0.99469006,0.9878675,0.99471325,0.98478496,1.0000001,0.9829845,0.9814626,0.9912661,0.9861363,0.9915887,0.99367803,0.9808531,0.9888938,0.99450177,0.99265254,0.9879709,0.98238105,0.9867264,0.9848986,0.99235123,0.98937404,0.9791579,0.9885926,0.9894178,0.99236184,0.98078597,0.9857359,0.99401367,0.9832744,0.98151416,0.9871616,0.991069,0.9929409,0.9839638,0.9890712,0.9866297,0.98979545,0.98509586,0.98130435,0.99162185,0.99455494,0.98780197,0.9847361,0.9875473,0.9826127,0.9912127,0.98979026,0.98828405,0.9867859,0.9797878,0.9779378,0.99261075,0.9795147,0.9855354,0.9881631,0.99031913,0.9857187,0.9743334,0.98549634,0.990335,0.9856383,0.98583055,0.98709667,0.9922972,0.9902853,0.9860654,0.9924908,0.97710836,0.99058425,0.98802,0.99231815,0.98219544,0.97841287,0.9826746,0.9870192,0.9876482,0.9739611,0.9900582,0.99094594,0.98762846,0.99221784,0.9831964,0.9837869,0.9862655,0.9913665,0.9947358,0.9889095,0.9924908,0.98335534,0.983099,0.98845,0.9880268,0.9903575,0.98905396,0.9899913,0.99294734,0.9876122,0.987741,0.98933417,0.990037,0.987698,0.9871669,0.9960637,0.9850217,0.9810907,0.9877966,0.9857137,0.9866353,0.9884319,0.9912195,0.9921847,0.98402584,0.98672634,0.9869332,0.9929506,0.9926958,0.9917271,0.9867904,0.9897764,0.99044955,0.99320465,0.9889366,0.99126935,0.99111104,0.9852898,0.9873325,0.97716707,0.9897523,0.98919964,0.9866749,0.98279476,0.984938,0.9826647,0.9872354,0.9948035,0.9932113,1.0000001,0.9876983,0.98924017,0.981848,0.9809968,0.98999906,0.98744595,0.9836728,0.9856118,0.9824222,0.99471635,0.98676443,0.9810741,0.9769745,0.98161787,0.98205274,0.9826244,0.9914329,0.9690984,0.99048525,1.0000001,0.99159133,0.99259996,0.98445576,0.9923596
alitamovie,0.9662996,0.9720084,0.96789944,0.95742244,0.98814446,0.9629141,0.9804793,0.9693675,0.9829845,0.99999994,0.95972615,0.9689724,0.9669142,0.9725354,0.96853393,0.9661127,0.9636555,0.98080266,0.9815898,0.9667845,0.9543437,0.97093296,0.9570967,0.9782026,0.9749178,0.9834321,0.97073483,0.96283454,0.9732938,0.9721388,0.96562034,0.9718027,0.9627703,0.9707448,0.97220224,0.97470117,0.9607714,0.9695864,0.9833929,0.9768441,0.9817617,0.97299266,0.9803897,0.98736054,0.97688997,0.9660928,0.9599872,0.9677164,0.9466609,0.9827977,0.9649344,0.95500636,0.9819964,0.9438365,0.9424063,0.9801063,0.9651956,0.9543337,0.97043115,0.9751934,0.9693363,0.9514699,0.9593993,0.9687764,0.9625632,0.96289355,0.979031,0.9713779,0.9709699,0.9661106,0.9792145,0.96268874,0.97543424,0.97212636,0.9732069,0.97948253,0.9655216,0.9720232,0.9772306,0.96965164,0.9470846,0.97612125,0.97600806,0.97134227,0.9699446,0.9583232,0.9550412,0.9665659,0.9841947,0.98391074,0.97952014,0.9792145,0.9626131,0.9742229,0.9563707,0.96047795,0.9728312,0.9590461,0.9780795,0.9765184,0.9628644,0.9734643,0.966618,0.9700363,0.974104,0.9599356,0.98695713,0.97053504,0.9763325,0.9658888,0.9677004,0.9715249,0.97627026,0.97933215,0.9754062,0.9671462,0.96283543,0.96327925,0.96905553,0.975836,0.98211014,0.96640956,0.9616384,0.9679659,0.9745757,0.97260857,0.9785625,0.97544736,0.98413134,0.98260725,0.93947047,0.98564136,0.96895784,0.96388274,0.9576616,0.9647482,0.9624199,0.9650899,0.97692966,0.9658895,0.9829845,0.9713743,0.97317606,0.9699088,0.97357017,0.9628197,0.9718696,0.9540972,0.9639711,0.9644352,0.98163986,0.9731717,0.9578964,0.9612179,0.98115486,0.97563475,0.95804507,0.97537816,0.95512974,0.97756255,0.9829845,0.983803,0.9787495,0.95080507,0.97251475
angelhasfallen,0.9751142,0.974774,0.9750601,0.960074,0.97487336,0.98302615,0.97969306,0.9658896,0.9814626,0.95972615,0.99999994,0.9832781,0.9747639,0.976932,0.9768351,0.9529746,0.9691577,0.9769164,0.9623508,0.9853456,0.9551994,0.9732777,0.97132176,0.97483325,0.977684,0.9580373,0.96766603,0.9732238,0.9813238,0.96200407,0.9521554,0.98016644,0.96914923,0.9720881,0.96918887,0.9748444,0.9718767,0.9729822,0.97658306,0.9648313,0.9688781,0.96331495,0.94579846,0.97286874,0.9709001,0.96777076,0.9693996,0.9747854,0.9789012,0.9689114,0.98194087,0.9752869,0.971743,0.9759955,0.96921235,0.964218,0.954688,0.97032446,0.9596176,0.9677912,0.9698987,0.95967394,0.967259,0.97714704,0.9686068,0.98147166,0.9703184,0.9726886,0.97942936,0.9700763,0.97174865,0.96969265,0.9666984,0.9697075,0.97965795,0.95899874,0.96247,0.9647408,0.9689442,0.9809024,0.9873249,0.97722703,0.9801069,0.9673409,0.9812542,0.9612329,0.97707355,0.9737679,0.96141243,0.9734584,0.9734327,0.97174865,0.9659702,0.9528555,0.9767851,0.982468,0.9796364,0.97558147,0.980886,0.9853187,0.9685813,0.96352714,0.9820214,0.9727303,0.980146,0.9806545,0.98457813,0.96984714,0.95302016,0.9846831,0.95187813,0.9698077,0.96626353,0.9798795,0.9810674,0.9772448,0.9783928,0.9820247,0.97731316,0.96942145,0.97866154,0.9660853,0.9735503,0.9756742,0.97196686,0.9606092,0.98677135,0.978663,0.9595536,0.96318346,0.95460385,0.9611984,0.9581481,0.97536665,0.9621859,0.96921444,0.9827426,0.9692672,0.9794351,0.97089386,0.9814626,0.9776064,0.9656974,0.97130114,0.9603272,0.9817336,0.9813195,0.9732211,0.9732374,0.96486783,0.9824644,0.9689834,0.96458554,0.96959907,0.9600479,0.9572645,0.9665072,0.9766563,0.9545873,0.97271734,0.9814626,0.9760816,0.9693968,0.9780764,0.9837374
angrybirdsmovie,0.982545,0.98100656,0.989793,0.98204535,0.983316,0.98762083,0.98975724,0.9810348,0.9912661,0.9689724,0.9832781,0.9999999,0.98510236,0.9859455,0.9856806,0.97692657,0.9834707,0.9871466,0.9829105,0.9822097,0.9716427,0.98018956,0.98227185,0.9838361,0.9847918,0.9704843,0.9831576,0.98186594,0.9877715,0.97051704,0.97957003,0.9894528,0.9821367,0.97605217,0.98000336,0.9863248,0.9845985,0.9794271,0.9762323,0.9794599,0.97994155,0.98105156,0.973447,0.98455715,0.98337084,0.9858931,0.98011607,0.9816296,0.97938406,0.98627627,0.98901874,0.9823592,0.9823057,0.9834913,0.9783619,0.98378754,0.96635693,0.9832864,0.9789312,0.9827793,0.9809646,0.97569937,0.98453784,0.99221855,0.97864544,0.9825792,0.9850165,0.9806381,0.99078566,0.9843027,0.9854286,0.97644717,0.98476744,0.98798114,0.98984456,0.9756735,0.9716119,0.97753984,0.98338646,0.9855537,0.97801703,0.9862919,0.98916703,0.9807542,0.9932143,0.9747713,0.9833054,0.9806749,0.98269504,0.982767,0.9856147,0.9854286,0.98170936,0.9639372,0.9892035,0.98906744,0.98881906,0.98627895,0.98355603,0.9880618,0.98809934,0.9811855,0.9878938,0.9890622,0.9849389,0.98958504,0.98818606,0.988234,0.9718,0.9886459,0.97796947,0.98019195,0.98302823,0.9861684,0.9837473,0.98278797,0.98349303,0.9806123,0.9865261,0.9884342,0.9847072,0.9826281,0.98476285,0.9868498,0.9857127,0.97732294,0.98932064,0.98742235,0.97496575,0.9801724,0.9709411,0.9827513,0.97905755,0.98673075,0.9793843,0.9748672,0.9773609,0.9780359,0.9923415,0.9905239,0.9912661,0.98415065,0.9862904,0.98649096,0.97499734,0.9839045,0.98253113,0.9830486,0.98849106,0.97335523,0.99207264,0.9843652,0.9750312,0.9713551,0.9690034,0.9739326,0.984738,0.98940855,0.9606618,0.9857531,0.9912661,0.9857306,0.98527735,0.9830064,0.9899824
annabellemovie,0.9700754,0.9748093,0.973258,0.96967924,0.9821458,0.9781413,0.98334485,0.9759378,0.9861363,0.9669142,0.9747639,0.98510236,1.0000001,0.97321725,0.98322785,0.96491796,0.973988,0.98268,0.97684747,0.97692996,0.97897124,0.9746353,0.97516716,0.9888011,0.9765551,0.97488564,0.9843092,0.975385,0.97903687,0.9841334,0.9821202,0.9860565,0.9781962,0.97120404,0.9817458,0.97656053,0.9791542,0.991199,0.96550894,0.98017913,0.98320025,0.9710098,0.9649372,0.97565883,0.97805715,0.9691694,0.9673795,0.9703026,0.96648467,0.98114127,0.97878796,0.97187567,0.98012,0.97970897,0.9789015,0.97969997,0.9660632,0.9688823,0.97489536,0.96962625,0.9851289,0.97388965,0.9688838,0.9793873,0.9715001,0.9712793,0.9788244,0.97083575,0.97962004,0.9740228,0.97769487,0.98049706,0.98592407,0.9837256,0.98711336,0.9702406,0.9754389,0.97621363,0.9876287,0.97851115,0.9774954,0.9892069,0.98596233,0.98686075,0.98427254,0.9670046,0.98108196,0.98937094,0.9741348,0.97901446,0.97958976,0.97769487,0.96598184,0.9611458,0.9846505,0.9792048,0.98451495,0.98618996,0.97745657,0.98194236,0.9747758,0.96919763,0.9822791,0.98010945,0.9799188,0.98200744,0.982798,0.98420876,0.9712588,0.9799316,0.9703422,0.98790556,0.97407657,0.98330605,0.98142934,0.97777456,0.9758114,0.98305416,0.9883876,0.98676455,0.98702985,0.97575366,0.9724679,0.9739635,0.98526406,0.9805624,0.98795193,0.98167604,0.95922726,0.9729082,0.9665428,0.9823554,0.97186095,0.9820744,0.9710868,0.98505056,0.9769871,0.9709075,0.9793624,0.98015964,0.9861363,0.97484195,0.97931176,0.98507446,0.9745298,0.9792456,0.97008586,0.9920221,0.9853786,0.9701132,0.98673075,0.96630275,0.96219826,0.9548592,0.9662004,0.97791314,0.979036,0.9908242,0.96789956,0.9819232,0.9861363,0.98375374,0.9758785,0.9755322,0.983164
annamovie,0.9759509,0.9779644,0.98330903,0.97263473,0.9875893,0.9841803,0.9862402,0.9731799,0.9915887,0.9725354,0.976932,0.9859455,0.97321725,1.0,0.98967344,0.97255373,0.9832061,0.9936278,0.98693657,0.98092526,0.96876335,0.9807531,0.9813219,0.9782905,0.97665155,0.97227436,0.9862854,0.9884213,0.98495466,0.9632075,0.9791112,0.990566,0.98226595,0.97177297,0.98064274,0.98232555,0.98540056,0.96996945,0.98042053,0.98048395,0.98445076,0.9680579,0.96714985,0.98071355,0.9869854,0.98416275,0.98103875,0.9800516,0.98310953,0.98004395,0.98286885,0.9889353,0.97889656,0.9744659,0.9745017,0.98516893,0.9649768,0.9759546,0.974831,0.9883696,0.97466844,0.96290475,0.9774737,0.9942753,0.9877761,0.9801293,0.9716228,0.99004555,0.98566014,0.9891526,0.9877708,0.9649894,0.9804921,0.98433614,0.98824686,0.9727891,0.9713205,0.9726231,0.9727596,0.9862799,0.9624344,0.97845376,0.9848226,0.98238784,0.9828026,0.9789657,0.9728419,0.9783958,0.98539495,0.9831257,0.97884107,0.9877708,0.97561324,0.9722303,0.98090035,0.9860831,0.98013675,0.98250914,0.98837197,0.9910687,0.9837269,0.9799108,0.985342,0.9867825,0.9775247,0.9824894,0.9871824,0.977359,0.97731286,0.9830325,0.9818938,0.9782699,0.97892034,0.98118603,0.986639,0.9758094,0.9743536,0.98280066,0.9815904,0.9834229,0.98139966,0.9805133,0.98483795,0.98494524,0.98143893,0.975657,0.9848509,0.9857908,0.97571164,0.9809173,0.9697921,0.9823515,0.9810926,0.9804917,0.97666055,0.9695424,0.97298133,0.991189,0.98961836,0.98531103,0.9915887,0.98593575,0.98373544,0.97472703,0.9796945,0.9867321,0.9795193,0.9741966,0.97996396,0.9776244,0.98705107,0.9788682,0.98228467,0.97450775,0.9686637,0.97393084,0.9750521,0.9829685,0.9580029,0.9805595,0.9915887,0.9851736,0.988747,0.9801648,0.9859523
apollo11movie,0.9826078,0.9778715,0.9860519,0.97891057,0.9872656,0.9858934,0.9873503,0.98188895,0.99367803,0.96853393,0.9768351,0.9856806,0.98322785,0.98967344,1.0000001,0.97044134,0.9808892,0.9921741,0.9862805,0.98851824,0.98159325,0.9820536,0.9831372,0.98397744,0.98092055,0.9713076,0.9875248,0.9867666,0.98698914,0.9759131,0.9843339,0.9914342,0.9799186,0.9765291,0.9800301,0.9848854,0.9883977,0.97976196,0.98177826,0.9789606,0.9867875,0.9733019,0.9707546,0.981799,0.9889111,0.9801792,0.9812236,0.9792941,0.98237205,0.9821134,0.9860295,0.9863123,0.9810608,0.9804713,0.97620374,0.9898237,0.96723145,0.9857902,0.9814538,0.98502,0.9795209,0.9730226,0.98008466,0.98964703,0.980817,0.98077804,0.9790497,0.9856848,0.9887919,0.9833481,0.9878876,0.9701666,0.9900119,0.9819382,0.9875218,0.97306854,0.9740727,0.98159987,0.9820567,0.98376876,0.9686369,0.9823921,0.98785484,0.9861259,0.98235494,0.97628516,0.98079646,0.9839802,0.9812272,0.9843379,0.9798882,0.9878876,0.9741663,0.973586,0.98590934,0.9920457,0.98085773,0.9866737,0.98767245,0.9899391,0.98375005,0.9788263,0.98604214,0.98601407,0.98579717,0.9855544,0.98922503,0.9775935,0.96983427,0.9800459,0.9771002,0.98548234,0.98467255,0.9845798,0.98887,0.978475,0.9827017,0.9889281,0.98637027,0.9864646,0.9864193,0.98804796,0.99006176,0.98529917,0.9893614,0.9805074,0.9850283,0.98686737,0.9712748,0.9796327,0.9726604,0.977971,0.9775529,0.98136204,0.9863983,0.98117965,0.9814725,0.9861849,0.9880999,0.993746,0.99367803,0.9834609,0.98217744,0.98114246,0.98111784,0.98761636,0.98332036,0.98046076,0.98367757,0.9725309,0.98832285,0.98000884,0.9746645,0.9663313,0.96827966,0.9804078,0.9802537,0.9905512,0.97340626,0.98681587,0.99367803,0.9847241,0.98299,0.9861947,0.9890394
arcticdogsmovie,0.9574636,0.9608306,0.96763074,0.95564127,0.97259265,0.96890765,0.9829727,0.954427,0.9808531,0.9661127,0.9529746,0.97692657,0.96491796,0.97255373,0.97044134,1.0,0.9825016,0.9780874,0.97849935,0.9588807,0.9622932,0.95171374,0.97946143,0.96750927,0.9660295,0.9500811,0.9637767,0.96703714,0.9639774,0.960475,0.96762395,0.9727244,0.97625124,0.9480571,0.9536046,0.9599515,0.96888494,0.9537788,0.96207577,0.9688126,0.9779821,0.96463877,0.968827,0.9727672,0.9802807,0.978295,0.9711379,0.96125203,0.9634884,0.97528493,0.9697176,0.9777874,0.96280354,0.9674769,0.95281136,0.9827681,0.9699872,0.9617252,0.96350396,0.97746146,0.964051,0.9378458,0.98089534,0.97990924,0.9749908,0.96887875,0.9652075,0.979671,0.9754779,0.96188056,0.97492,0.9369838,0.967268,0.9679674,0.9701734,0.9560778,0.9361047,0.9611047,0.96686894,0.9766184,0.94060117,0.9684156,0.98022604,0.96610975,0.9703208,0.9613245,0.9480489,0.9774627,0.9851795,0.9816523,0.97079873,0.97492,0.97815436,0.9524647,0.96502995,0.96754456,0.9762308,0.9591226,0.9748607,0.96955246,0.9772985,0.97070163,0.9757682,0.9790993,0.9526516,0.97376,0.9761809,0.9837372,0.97086203,0.9743482,0.98370034,0.9534622,0.9735213,0.95968306,0.9631771,0.94502556,0.9534373,0.9610005,0.97001183,0.978046,0.9728252,0.95986795,0.9605945,0.9698817,0.96754575,0.96674913,0.9700711,0.97347313,0.96522915,0.9753526,0.9718263,0.9793544,0.9825317,0.9609792,0.96808934,0.9556942,0.9437178,0.97667736,0.9791785,0.97496057,0.9808531,0.9566147,0.97541916,0.96148586,0.9550622,0.9737822,0.95796585,0.96054786,0.9820595,0.942049,0.979567,0.96193266,0.96808547,0.94220734,0.9475525,0.95229894,0.97737104,0.97717047,0.92592424,0.9593251,0.9808531,0.98016536,0.9861371,0.9709032,0.97000545
arcticmovie,0.97021514,0.96590877,0.9834951,0.9735973,0.9818289,0.9715995,0.98431635,0.97331977,0.9888938,0.9636555,0.9691577,0.9834707,0.973988,0.9832061,0.9808892,0.9825016,0.99999994,0.98589164,0.9768509,0.97246647,0.97064275,0.9726135,0.98241425,0.97458285,0.9835298,0.9576276,0.9746722,0.98240733,0.9770481,0.9707806,0.9694513,0.98427284,0.976553,0.9646338,0.9716979,0.97870076,0.9872536,0.96146697,0.9730356,0.97235864,0.9806093,0.9801744,0.9698491,0.97436976,0.98568296,0.9872621,0.9796767,0.9734869,0.9780779,0.9834072,0.98221964,0.9868437,0.9759983,0.9827199,0.97406906,0.9779005,0.9661782,0.98108745,0.9723363,0.9772905,0.97638726,0.9654385,0.98247445,0.98223615,0.9831654,0.9851765,0.97398704,0.9832252,0.9796971,0.9689513,0.97628444,0.95682585,0.96945786,0.9798837,0.98540944,0.9728763,0.95880765,0.96496457,0.9784396,0.98070616,0.966674,0.97540504,0.9787173,0.9728585,0.9818554,0.9689767,0.96563524,0.98327494,0.9798434,0.9851461,0.9828539,0.97628444,0.9878037,0.96025586,0.9814986,0.9818379,0.98388004,0.9746767,0.97529066,0.98230004,0.9776631,0.97916013,0.98058724,0.97810966,0.96104586,0.98235935,0.9810597,0.97934514,0.97798026,0.98418635,0.98301435,0.9678157,0.981317,0.9742034,0.9765034,0.9672875,0.9704707,0.9739925,0.9842827,0.98653096,0.9798635,0.97635305,0.98033804,0.97475743,0.9830826,0.9726583,0.9799745,0.9791001,0.9700412,0.9803921,0.9754066,0.9740512,0.9868476,0.9824473,0.97458696,0.97888696,0.9642275,0.98020697,0.9824235,0.9836914,0.9888938,0.97294897,0.9751501,0.96541226,0.95395124,0.9846238,0.9802837,0.97079223,0.98071605,0.9698013,0.98387986,0.9770116,0.9896123,0.96555406,0.9564895,0.9588864,0.97818995,0.98171026,0.9426581,0.97486156,0.9888938,0.98492944,0.988069,0.9827393,0.98249006
artofracingmovie,0.97880137,0.98007894,0.98668563,0.98017454,0.9906752,0.9858866,0.9900989,0.97836185,0.99450177,0.98080266,0.9769164,0.9871466,0.98268,0.9936278,0.9921741,0.9780874,0.98589164,0.99999994,0.9884918,0.9826888,0.9737229,0.98356247,0.98124564,0.9827778,0.98320216,0.9790872,0.98470396,0.9855943,0.98848313,0.9735265,0.97991043,0.98970765,0.9845599,0.97862136,0.98402935,0.98714393,0.98708564,0.97778004,0.9823053,0.98671186,0.99062353,0.9757981,0.9764216,0.98582536,0.9912664,0.98317057,0.9807903,0.98052573,0.97589135,0.9857677,0.9882724,0.9863602,0.986094,0.97406477,0.97776294,0.98744243,0.9693722,0.9759591,0.9810339,0.98472536,0.9784439,0.9728214,0.9793708,0.9926773,0.98576707,0.9844802,0.98038137,0.9868534,0.986654,0.98500085,0.98515064,0.9724551,0.9850868,0.9864619,0.9910305,0.9812752,0.97878665,0.97594786,0.9804609,0.984796,0.9691103,0.9848334,0.9864327,0.98291224,0.9873454,0.9729496,0.9753425,0.9857328,0.9870209,0.9876001,0.986657,0.98515064,0.9793626,0.975264,0.9845327,0.98700184,0.98166496,0.9817603,0.9886502,0.9917912,0.98295784,0.98061156,0.9865985,0.98440903,0.9798204,0.98853344,0.9924905,0.98155296,0.9832638,0.98586196,0.9799034,0.9846352,0.983018,0.98622155,0.9884552,0.9805747,0.9786969,0.98921883,0.98568255,0.9879046,0.9892499,0.98176813,0.98689306,0.9865862,0.9853727,0.98128563,0.98850423,0.99184626,0.97502506,0.98846734,0.96961445,0.984524,0.9798861,0.98395663,0.976441,0.97640604,0.97797114,0.9894356,0.98625684,0.9893222,0.99450177,0.98628813,0.9832126,0.9796759,0.97923416,0.98768485,0.9843352,0.9773566,0.9808495,0.97991914,0.9914688,0.98358035,0.9793057,0.9742306,0.9689769,0.9762967,0.9757435,0.9881813,0.96292824,0.9857397,0.99450177,0.9924276,0.9888901,0.98092985,0.9902727
avengers,0.9767494,0.9785016,0.9810036,0.97761863,0.9919102,0.98055667,0.9864742,0.9770959,0.99265254,0.9815898,0.9623508,0.9829105,0.97684747,0.98693657,0.9862805,0.97849935,0.9768509,0.9884918,0.99999994,0.9744786,0.978147,0.9763793,0.9703881,0.98674935,0.97719413,0.98378474,0.98803145,0.98110056,0.9833106,0.9705329,0.98821366,0.9876497,0.97697544,0.97661024,0.9817796,0.9822805,0.9821303,0.97367245,0.981577,0.9848646,0.98755175,0.977352,0.9878118,0.987801,0.9866809,0.97892183,0.969687,0.9802528,0.96821034,0.9854761,0.97640634,0.97781307,0.97752684,0.9629039,0.95802516,0.9951837,0.9836107,0.97104156,0.9843448,0.9853276,0.9825408,0.96859676,0.9767864,0.98518825,0.98081887,0.96783644,0.97654897,0.9893163,0.98039585,0.98313934,0.98670334,0.9674728,0.9885103,0.98397857,0.9888177,0.97976583,0.9723544,0.9829803,0.9795884,0.98115534,0.95075625,0.98176396,0.9857082,0.9805619,0.9822307,0.9726826,0.96998465,0.97582096,0.98943603,0.9872185,0.9805712,0.98670334,0.97014546,0.9766804,0.9749607,0.9742933,0.9809482,0.97819555,0.9853761,0.9840332,0.9799417,0.98381823,0.975684,0.98187566,0.9799033,0.9730067,0.9855116,0.977657,0.9812405,0.9765108,0.9851125,0.98309064,0.9827777,0.98460585,0.9835078,0.9715351,0.9710797,0.97575086,0.98201615,0.98786694,0.98395354,0.9801366,0.97723544,0.98696166,0.9856466,0.9841986,0.98180795,0.9851298,0.98533785,0.98942757,0.96614,0.99235916,0.9862119,0.97580117,0.97516996,0.9714331,0.96589875,0.9837857,0.9891703,0.98575366,0.99265254,0.9791132,0.9851298,0.97534806,0.9835208,0.97885853,0.9764826,0.97593474,0.97725093,0.9737723,0.98868656,0.97924995,0.9707983,0.965168,0.9791013,0.9837441,0.97452396,0.9824531,0.9584594,0.98460424,0.99265254,0.98694336,0.9875934,0.9677353,0.98591965
beachbummovie,0.9859174,0.9787038,0.98165804,0.96781313,0.97909284,0.98736244,0.98042643,0.9726242,0.9879709,0.9667845,0.9853456,0.9822097,0.97692996,0.98092526,0.98851824,0.9588807,0.97246647,0.9826888,0.9744786,1.0000002,0.9736755,0.9826527,0.9739978,0.97843766,0.98192626,0.96675986,0.9774591,0.97307265,0.98874396,0.96305186,0.9668583,0.981853,0.9673454,0.9776391,0.9782296,0.9856701,0.98248017,0.9777439,0.9818728,0.9765619,0.9782988,0.97708046,0.9573669,0.98159426,0.9857767,0.97705907,0.97757477,0.98457897,0.9796055,0.97831744,0.9868617,0.9764335,0.9777577,0.97453505,0.9735587,0.97615254,0.961609,0.9802651,0.97407365,0.97719765,0.97245944,0.9586327,0.9808731,0.97927266,0.96864986,0.98759127,0.9758678,0.9771588,0.9874297,0.977926,0.98218775,0.9709498,0.9849959,0.97456115,0.97969514,0.96582425,0.97143316,0.97341883,0.97580963,0.9783027,0.97718287,0.9782692,0.9810688,0.9817936,0.98062474,0.9757791,0.98574793,0.9762252,0.97684175,0.9789976,0.97963214,0.98218775,0.9715947,0.976016,0.9855455,0.98340386,0.9794671,0.98531115,0.98046935,0.98693913,0.97711945,0.97162014,0.98577505,0.98132336,0.98796403,0.9828223,0.9884863,0.9678304,0.9665058,0.9790868,0.96300477,0.98247254,0.9764363,0.98805946,0.9845068,0.97930425,0.98540545,0.9865901,0.98262703,0.9730308,0.97937894,0.97304446,0.98205245,0.9832447,0.97611,0.9781292,0.9816784,0.986413,0.9742009,0.9687643,0.96768105,0.96807057,0.96048135,0.9747975,0.9773807,0.9689742,0.98205286,0.9747509,0.9833219,0.9868167,0.9879709,0.98072463,0.9741257,0.9782156,0.9785282,0.983034,0.98261446,0.97304773,0.9737149,0.96918654,0.98361975,0.9776635,0.96706337,0.9730926,0.9693008,0.97020715,0.9696081,0.9853923,0.9694067,0.98249173,0.9879709,0.9782441,0.9680558,0.9813624,0.9853621
bernadettefilm,0.965147,0.9663288,0.967242,0.97398216,0.9756071,0.97421056,0.975498,0.9675898,0.98238105,0.9543437,0.9551994,0.9716427,0.97897124,0.96876335,0.98159325,0.9622932,0.97064275,0.9737229,0.978147,0.9736755,1.0,0.96473783,0.9670805,0.98582596,0.9690003,0.9627642,0.9760144,0.96623677,0.9752417,0.9575549,0.9761438,0.97674894,0.9679474,0.96502334,0.97705394,0.9692887,0.9813479,0.97238237,0.96028364,0.9817191,0.97259176,0.97045517,0.9647542,0.96997315,0.97804296,0.95841473,0.965449,0.9661923,0.9583509,0.9734967,0.9722193,0.97319126,0.9654145,0.97556686,0.9724313,0.9771414,0.9696106,0.9599212,0.98389924,0.9679847,0.9797496,0.97059846,0.97099465,0.96986526,0.97124386,0.9617686,0.9664024,0.97499216,0.96922415,0.97100544,0.9692828,0.9640552,0.98435944,0.9769263,0.9805292,0.96170497,0.9631855,0.967628,0.9823022,0.96254915,0.96240664,0.9802183,0.9685372,0.9712246,0.975781,0.97455746,0.9760214,0.97873646,0.9716824,0.9732172,0.96751046,0.9692828,0.9612104,0.97042847,0.97637075,0.9720303,0.9812224,0.9818406,0.9643538,0.97987586,0.9616261,0.9682563,0.9684259,0.9695054,0.97222906,0.97299016,0.97344035,0.9690671,0.9738088,0.97588134,0.9685863,0.9804588,0.96541345,0.9727084,0.9763604,0.9596302,0.9644641,0.9720072,0.9881779,0.9829835,0.968058,0.9635938,0.97148526,0.9766099,0.97815704,0.9835234,0.9782304,0.97680426,0.9638261,0.96886814,0.9817421,0.9745655,0.97359866,0.97359973,0.96233124,0.966535,0.9635808,0.973906,0.9724838,0.9784051,0.98238105,0.96600604,0.969617,0.97498804,0.9690047,0.9748773,0.9641699,0.98807317,0.9758159,0.96703553,0.97926074,0.96177685,0.951624,0.94014144,0.9591384,0.9686603,0.9699002,0.97689956,0.95314354,0.9743965,0.98238105,0.9762776,0.9663312,0.96549714,0.97522146
