movie,21bridgesmovie,47metersdown,abeautifuldaymovie,abominablemovie,adastramovie,adogsjourneymovie,aftermathmovie,aftermovie,ahiddenlifefilm,alitamovie,angelhasfallen,angrybirdsmovie,annabellemovie,annamovie,apollo11movie,arcticdogsmovie,arcticmovie,artofracingmovie,avengers,beachbummovie,bernadettefilm,blackandbluemovie,blackchristmas,blindedbythelightmovie,bombshellmovie,booksmart,breakthroughmovie,brianbanksmovie,brightburnmovie,brittanyrunsmov,captainmarvelofficial,captivestatemovie,catsmovie,charliesangels,childsplaymovie,clarathefilm,coldpursuitmovie,countdown,currentwarmovie,darkwatersmovie,detectivepikachumovie,disneyaladdin,disneyfrozen,disneymaleficent,doctorsleepmovie,dolemiteismyname,dontletgomovie,doramovie,downtonabbey_official,dumbo,escaperoom,everybodyknowsmovie,fastandfuriousmovie,fightingwmyfam,fivefeetapartfilm,fordvferrari,freaksthefilm,geminimanmovie,glassmovie,gloriabellmovie,godzillamovie,goldfinchmovie,goodboysmovie,goodliarmovie,gretafilm,halathemovie,happydeathdaymovie,harrietfilm,hellboymovie,hersmellmovie,highlifemovie,highstrungmovie,honeyboymovie,hotelmumbaifilm,httydragon,hustlemovie,hustlersmovie,isntitromantic,itmovieofficial,jayandsilentbob,johnwickmovie,jojorabbitmovie,jokermovie,judythefilm,jumanjimovie,justmercyfilm,knivesout,lalloronamovie,lastblackmansf,lastchristmasthemovie,latenightmovie,lighthousemovie,lionking,littlethemovie,littlewomenmovie,littlewoodsfilm,longshotmovie,lordsofchaosmovie,lucyintheskyfilm,mamovie2019,marriagestory,meettheaddams,meninblack,midsommarmovie,midwaymovie,missbalamovie,missinglinkfilm,motherlessbklyn,onceinhollywood,onthebasisofsex,overcomermovie,peanutbutterfalcon,petsematarymovie,piercingmovie,playingwithfire,playmobilthemovie,pomsmovie,queenandslim,rambomovie,readyornotfilm,richardjewellfilm,rocketmanmovie,scarystoriesmovie,secretlifeofpets,serenityfilm,shaftmovie,shazammovie,spidermanmovie,spiesindisguise,starwars,stormboymovie,stubermovie,taosdfilm,teenspiritmov,terminator,theaeronautsmov,thebestofenemies,thedeaddontdie,thefarewell,thehighwaymen,thehummingbirdprojectfilm,theintrudermovie,theirishmanfilm,thekitchenmovie,thelegomovie,themustangfilm,thenightingalefilm,theprodigymovie,thesunisalsoastar,theupsidefilm,tolkienmovie,toystory,triplefrontier,uglydolls,uncutgems,underthesilverlake,usmovie,wavesmovie,whatmenwant,wonderparkmovie,wrinklestheclown,xmenmovies,yardiefilm,yesterdaymovie,zombieland
21bridgesmovie,1.0,0.96456367,0.969708,0.9842701,0.9690338,0.97508824,0.9750721,0.97378415,0.99079233,0.96562314,0.9799079,0.9490467,0.97200215,0.97920406,0.98306197,0.9668355,0.98063314,0.9812536,0.98058605,0.97668046,0.9771734,0.9884244,0.97586775,0.9745864,0.97271264,0.9619792,0.9523438,0.97894233,0.98428017,0.9752324,0.9640183,0.9665483,0.96988904,0.97629386,0.96227974,0.9744631,0.96707624,0.9773106,0.96888775,0.97301203,0.9762069,0.9826721,0.97092223,0.97617614,0.97962743,0.97926915,0.9722456,0.97000676,0.9690546,0.9786154,0.97911817,0.9810813,0.9756863,0.9683195,0.96000844,0.9700228,0.96562684,0.9892599,0.975184,0.97291434,0.96750486,0.9745948,0.96068466,0.96882755,0.9672178,0.972764,0.97719073,0.97299856,0.96688366,0.95981693,0.97074664,0.9717229,0.9738478,0.98436695,0.97313994,0.9807417,0.966657,0.9727781,0.96634996,0.9652714,0.97573966,0.9704271,0.9742157,0.9713884,0.96626616,0.9731337,0.96096474,0.97745883,0.96309525,0.98010033,0.98079526,0.97074664,0.98131514,0.97652763,0.9709164,0.9874284,0.9703116,0.9780379,0.97496164,0.98484546,0.97306645,0.98188853,0.9702592,0.9668186,0.9712065,0.97550136,0.97359306,0.9646613,0.9503721,0.9676217,0.96396905,0.9696553,0.982852,0.9610638,0.97498107,0.9898176,0.9951287,0.9770381,0.9846661,0.9722629,0.9761447,0.98304236,0.97448546,0.98187906,0.975921,0.9705593,0.9800191,0.9824008,0.9796043,0.9711455,0.9853523,0.9784507,0.9766141,0.96833104,0.98009455,0.9758068,0.9850065,0.9840066,0.97171736,0.97828054,0.99079233,0.9780465,0.9809013,0.9489898,0.97177804,0.97391355,0.97383255,0.9525607,0.95326847,0.97678447,0.9778611,0.9758001,0.9736836,0.9818887,0.96850467,0.96638346,0.9736204,0.9710641,0.9773066,0.98691696,0.99079233,0.97774404,0.980673,0.98255163,0.97125125
47metersdown,0.96456367,0.9999998,0.9714736,0.96090674,0.96405053,0.9555766,0.9658813,0.9571757,0.9779924,0.9643696,0.95149887,0.9549631,0.96794194,0.96380854,0.9634256,0.9843881,0.9718656,0.97148633,0.9694693,0.95910704,0.9663935,0.9668969,0.96475065,0.956691,0.96779525,0.9542177,0.9545151,0.9760037,0.97128904,0.9711609,0.95849985,0.96079797,0.96514755,0.96667606,0.9742743,0.9595154,0.95988166,0.9581825,0.9525819,0.96861076,0.9735088,0.9675098,0.9629968,0.9719335,0.95371354,0.9680577,0.96822906,0.95700777,0.95215166,0.9673348,0.9651562,0.97768545,0.9726017,0.96347237,0.9701711,0.9774305,0.95295835,0.9707401,0.94936794,0.9696973,0.9649633,0.9790175,0.94104815,0.9527335,0.95265585,0.95744824,0.96872765,0.9722663,0.94205314,0.952456,0.97108567,0.96955574,0.9680725,0.973636,0.9576234,0.9674042,0.9584766,0.967165,0.9559318,0.96503574,0.9545027,0.95964295,0.95266,0.9705533,0.9728487,0.9633786,0.96798474,0.9736358,0.94876844,0.97117597,0.9725215,0.97108567,0.9699983,0.9746499,0.9650197,0.9548676,0.9675895,0.97337466,0.96252406,0.9680543,0.95733887,0.97314227,0.9684598,0.97100645,0.98001826,0.96563745,0.9495957,0.9617236,0.9628044,0.9623151,0.9600583,0.971104,0.96012974,0.96179557,0.966702,0.96585673,0.964735,0.97181696,0.9677749,0.96136147,0.9607269,0.97234786,0.9621871,0.96427745,0.96201193,0.9606024,0.9664618,0.970183,0.9680057,0.9645141,0.9666708,0.96918046,0.9716466,0.95903516,0.9614515,0.96387035,0.96111304,0.9719844,0.97186524,0.9614386,0.9779924,0.96696186,0.97079206,0.9422846,0.95918083,0.97054243,0.952919,0.9646426,0.9508657,0.9564337,0.966173,0.9705312,0.97411776,0.9590491,0.9663322,0.97421455,0.970956,0.96854776,0.95999,0.95965886,0.9779924,0.9667189,0.9519245,0.9594147,0.9655742
abeautifuldaymovie,0.969708,0.9714736,1.0000001,0.9756639,0.97724324,0.964087,0.9817645,0.9710134,0.989412,0.9736165,0.96864706,0.97847706,0.97853535,0.9701378,0.9721976,0.974098,0.97452253,0.97590286,0.9739071,0.96212643,0.9752799,0.981175,0.9827732,0.96987563,0.975312,0.9541889,0.97253954,0.98487574,0.98964506,0.9671406,0.9730758,0.9746381,0.97269964,0.9883594,0.97554183,0.9769217,0.98081636,0.9701447,0.95021045,0.9859924,0.9740906,0.9829577,0.97766346,0.9809366,0.97163266,0.97328323,0.9854866,0.9755954,0.96941024,0.98128486,0.9893142,0.9865474,0.9829651,0.9745932,0.96660495,0.98227704,0.96393406,0.975377,0.97528166,0.9687114,0.9649319,0.9742451,0.967684,0.9721254,0.96692646,0.97402275,0.96760833,0.97107995,0.959705,0.96633744,0.97928476,0.9748261,0.9765795,0.98530036,0.97116786,0.9754638,0.9661134,0.9738176,0.97166675,0.9691432,0.96325034,0.9770966,0.97421354,0.9770863,0.98469555,0.9746342,0.9728273,0.9791887,0.9531267,0.978443,0.96943325,0.97928476,0.9806015,0.97376937,0.989668,0.97226864,0.97674805,0.9794418,0.97649944,0.9717257,0.974263,0.9799509,0.9792958,0.979234,0.9733536,0.9858649,0.96800154,0.9716115,0.9604833,0.97968984,0.97158444,0.9836688,0.96659034,0.9789331,0.96715236,0.9739879,0.9746179,0.9782836,0.97558004,0.9702381,0.9732498,0.9680322,0.9708831,0.97806203,0.9784096,0.9800591,0.9750629,0.984887,0.9713366,0.9758408,0.97073364,0.97756296,0.98035,0.9659169,0.96935326,0.9608006,0.9749634,0.974438,0.9803675,0.96701777,0.989412,0.98201513,0.9743364,0.9621973,0.968869,0.98088676,0.97016865,0.9678345,0.9631823,0.96627796,0.9778603,0.9836479,0.97715575,0.9635243,0.97983587,0.98060715,0.9816674,0.97544086,0.9674441,0.9629862,0.989412,0.96881896,0.97395796,0.9752857,0.98300034
abominablemovie,0.9842701,0.96090674,0.9756639,1.0,0.9660376,0.970841,0.97075933,0.9623667,0.98574394,0.9617029,0.982076,0.94393694,0.97583663,0.9683255,0.977526,0.963677,0.96955013,0.97512233,0.9694532,0.9660418,0.97112906,0.9879439,0.98282534,0.97031003,0.9624448,0.9689019,0.96258765,0.976437,0.9808274,0.9694911,0.9656136,0.96649903,0.96861726,0.96862245,0.97143817,0.98127896,0.9642575,0.9778931,0.97485065,0.9781588,0.9784367,0.975386,0.97470266,0.96968514,0.9722171,0.9760369,0.9791297,0.9696691,0.9716806,0.9711842,0.9768583,0.98092175,0.9765522,0.9719608,0.960036,0.9649557,0.9620706,0.9813434,0.9784965,0.9616716,0.9753779,0.97512245,0.9669306,0.96757233,0.95934093,0.97191876,0.9723707,0.97200406,0.97249925,0.9577873,0.9615046,0.98352265,0.9729448,0.9860898,0.9871699,0.9793799,0.9743417,0.968554,0.9625035,0.9621011,0.9855425,0.9720466,0.968593,0.96609336,0.9668364,0.9744461,0.9605047,0.9746602,0.9724014,0.9749398,0.98099774,0.9615046,0.9695157,0.96681535,0.9715096,0.98184824,0.9756825,0.9645947,0.96590513,0.9836402,0.9712617,0.97735137,0.97036874,0.96850306,0.9634008,0.97692907,0.96885663,0.96375924,0.94060326,0.9632861,0.95818424,0.9788748,0.9780283,0.97888637,0.96939325,0.9838024,0.9835905,0.97714144,0.98502076,0.96591413,0.97711486,0.97829735,0.960762,0.9731203,0.97438884,0.9680743,0.98267835,0.98492175,0.9792313,0.9704801,0.97534776,0.974564,0.9718851,0.9593331,0.978481,0.97020817,0.98137295,0.97089404,0.9591641,0.9716538,0.98574394,0.97788787,0.98122704,0.94925284,0.95834565,0.973591,0.97467726,0.9625478,0.9525495,0.97240996,0.9774564,0.967608,0.96365017,0.97236884,0.96873224,0.9685415,0.97818214,0.96070784,0.9671322,0.97349125,0.98574394,0.97633684,0.978248,0.9801962,0.97153234
adastramovie,0.9690338,0.96405053,0.97724324,0.9660376,0.99999994,0.9610843,0.9781207,0.982422,0.9835957,0.98208463,0.9578318,0.96505326,0.9727244,0.97722894,0.9618441,0.9613172,0.9760125,0.98727065,0.973974,0.9557739,0.9790326,0.9692984,0.9748104,0.96901673,0.9738231,0.94826007,0.975514,0.98354894,0.9733311,0.95674795,0.9727877,0.96246743,0.95841634,0.97672004,0.9542102,0.96837974,0.97802365,0.96835554,0.9568092,0.9721925,0.9736673,0.9691904,0.9570769,0.96407855,0.9738024,0.9752095,0.9756564,0.9718678,0.9685022,0.9633541,0.9704707,0.9825585,0.98107904,0.9521611,0.97397155,0.9833639,0.9598938,0.97325844,0.9665353,0.9575712,0.964179,0.9636061,0.94933695,0.974649,0.9803245,0.9567089,0.96502775,0.9676146,0.9521313,0.9592715,0.9645555,0.9589589,0.9561861,0.9780606,0.9544096,0.97103506,0.94428325,0.96450037,0.96353537,0.9632439,0.9498294,0.9624872,0.97115505,0.9678851,0.96455854,0.97194064,0.946128,0.98061854,0.93244886,0.97481245,0.95161426,0.9645555,0.96534246,0.9686754,0.9765885,0.9710591,0.9601081,0.97379535,0.96833587,0.9743088,0.9801636,0.9706448,0.9677308,0.9566253,0.9773559,0.9674031,0.9758341,0.9651612,0.94836456,0.9718191,0.9678816,0.9694875,0.9628164,0.9648576,0.9661822,0.97146195,0.9704762,0.965263,0.9660208,0.97264135,0.956471,0.96269673,0.9805239,0.9758898,0.9768951,0.97653466,0.97164786,0.9778563,0.9826878,0.96691734,0.9741609,0.9885292,0.9744305,0.9647413,0.9583296,0.9512735,0.9766894,0.9758553,0.9665459,0.979055,0.9835957,0.95941037,0.97861767,0.951353,0.97015584,0.97897357,0.9733458,0.9467287,0.95261323,0.95730716,0.97274256,0.9683359,0.9852352,0.95617,0.9626682,0.9746473,0.97815806,0.96445775,0.9659345,0.96444106,0.9835957,0.9693054,0.9615331,0.9706309,0.9690576
adogsjourneymovie,0.97508824,0.9555766,0.964087,0.970841,0.9610843,0.9999997,0.96012354,0.95157063,0.9770418,0.9633847,0.96713436,0.9521545,0.9627234,0.97056353,0.9645576,0.9514831,0.9681388,0.9654525,0.96300596,0.94989353,0.9525249,0.97695154,0.9808626,0.96906847,0.9598155,0.944262,0.96616954,0.96733844,0.97394466,0.9599275,0.94770324,0.97047716,0.97433984,0.97361624,0.94836545,0.9701901,0.95460033,0.96082014,0.94792575,0.9743436,0.9658915,0.9726561,0.96911144,0.9573155,0.9741118,0.96136564,0.9690892,0.9729153,0.9577847,0.9609579,0.97140306,0.9726314,0.9790839,0.9693292,0.93545026,0.96643287,0.96172714,0.98139936,0.96221113,0.95167375,0.96222734,0.95537925,0.95752555,0.96017915,0.962706,0.97033584,0.96544486,0.94822705,0.94705015,0.94481134,0.956071,0.9696525,0.96547365,0.9642267,0.9757695,0.9676839,0.95558363,0.9666642,0.95900023,0.9741613,0.96892273,0.9500568,0.96020937,0.96111476,0.95152205,0.9598917,0.9441538,0.97460806,0.9447504,0.96146196,0.9594907,0.956071,0.95961165,0.9633903,0.96222466,0.97404426,0.96163154,0.9651581,0.9613994,0.9794313,0.95822865,0.97502404,0.9696957,0.95439607,0.9557037,0.97498256,0.9533163,0.95282984,0.951418,0.96166277,0.9731793,0.97108895,0.9764642,0.95569664,0.97290635,0.97959715,0.9739843,0.9765833,0.9739258,0.9609532,0.9669617,0.9641639,0.9564787,0.98207957,0.95806533,0.9628546,0.98231643,0.98194504,0.9743763,0.96938723,0.9651043,0.97025543,0.97797954,0.94633025,0.98696905,0.9562205,0.9663792,0.97207624,0.95803595,0.9547764,0.9770418,0.97234815,0.9695901,0.94395286,0.958193,0.96842384,0.96709484,0.94006234,0.9380184,0.95831746,0.96963876,0.96659,0.96806926,0.9719916,0.9644797,0.9649845,0.9703194,0.9593972,0.974794,0.97599894,0.9770418,0.9658488,0.97617894,0.9838896,0.96813315
aftermathmovie,0.9750721,0.9658813,0.9817645,0.97075933,0.9781207,0.96012354,1.0000002,0.97301525,0.98841035,0.9756877,0.9676094,0.96798086,0.97530824,0.9808448,0.9723931,0.9644109,0.98062325,0.9800841,0.9840684,0.96488374,0.9814205,0.9752024,0.9745992,0.9788636,0.9698357,0.9429323,0.9671955,0.9845573,0.9789458,0.97297204,0.9785119,0.9746738,0.9721198,0.97389174,0.96780103,0.9631622,0.97545075,0.9670037,0.9501738,0.9727287,0.97116613,0.9754591,0.9694153,0.97135895,0.97361696,0.9717766,0.9785863,0.9743799,0.96350425,0.97187984,0.97406596,0.98057234,0.9851722,0.9641753,0.96073437,0.9829642,0.9591516,0.9722375,0.9705442,0.9663909,0.9699189,0.97494394,0.95752794,0.9683726,0.9634689,0.9586312,0.9650709,0.96669716,0.9576093,0.9484446,0.9779233,0.9629859,0.96611625,0.9819286,0.9641928,0.9699747,0.95023555,0.9771623,0.9702803,0.968676,0.9511271,0.9830251,0.9732542,0.97544825,0.97107244,0.97232133,0.9552704,0.9822885,0.9427223,0.9813654,0.9740129,0.9779233,0.97575706,0.97946143,0.9763893,0.97504216,0.975622,0.9709939,0.9870415,0.97679853,0.9693651,0.9829268,0.9669432,0.9740078,0.9756525,0.9692869,0.97421676,0.9638865,0.93919474,0.9634138,0.9702467,0.9749447,0.96439564,0.9626513,0.96643895,0.9755026,0.97287375,0.967386,0.9808023,0.9956912,0.97523606,0.9592825,0.9742758,0.97290224,0.9757817,0.9791539,0.97692394,0.97883,0.96967196,0.97085714,0.9724517,0.9731922,0.97931147,0.97366226,0.95968246,0.96332103,0.9744694,0.9785198,0.97477263,0.96564794,0.98841035,0.972518,0.96833515,0.9480887,0.9715509,0.97704697,0.97066104,0.96377647,0.95702475,0.95583504,0.98363954,0.9721852,0.9849148,0.95628643,0.97795916,0.9811367,0.9839715,0.96679807,0.9694575,0.9640928,0.98841035,0.9685923,0.9685605,0.9772427,0.96929365
aftermovie,0.97378415,0.9571757,0.9710134,0.9623667,0.982422,0.95157063,0.97301525,1.0,0.98421746,0.9770689,0.9562559,0.95574725,0.96427155,0.9693592,0.97154295,0.95937485,0.9734125,0.9847059,0.97528315,0.9672616,0.96668935,0.96596545,0.9639449,0.97715676,0.9785055,0.95018476,0.9596228,0.9781974,0.9722889,0.9662121,0.96814376,0.9620568,0.9469858,0.9691788,0.9465234,0.96198964,0.98063403,0.9614606,0.9636579,0.96758485,0.96155167,0.9739635,0.95315707,0.9698186,0.97669786,0.98063225,0.96728593,0.97405744,0.9647791,0.9692882,0.96737313,0.9745491,0.9678473,0.9520152,0.97231716,0.96991396,0.9543901,0.9745109,0.9629343,0.9696528,0.95666295,0.9615024,0.9581603,0.96238285,0.97198147,0.9505137,0.9640216,0.967205,0.95042086,0.952176,0.97237647,0.9527317,0.95328975,0.9720899,0.94643646,0.97391903,0.9381461,0.97045165,0.96341485,0.9611773,0.94917995,0.9595334,0.9642286,0.96050495,0.95579535,0.97221285,0.9443363,0.9736993,0.9417899,0.9740868,0.9564303,0.97237647,0.9709908,0.97167087,0.9727121,0.9666966,0.9649484,0.9775667,0.96104157,0.9667787,0.9804707,0.9754459,0.9584369,0.96147007,0.97574633,0.9621869,0.9720127,0.96179557,0.94468975,0.9704719,0.9667928,0.95846564,0.9700827,0.95471466,0.95947266,0.97426665,0.97168833,0.9579824,0.96699446,0.96667993,0.9554816,0.9667878,0.9795293,0.9618267,0.9769893,0.9792306,0.9662419,0.96906537,0.977666,0.96051544,0.96948236,0.98084587,0.9740293,0.9672544,0.95983386,0.96272576,0.97326124,0.9697355,0.9687449,0.9819289,0.98421746,0.95920306,0.9772793,0.94946,0.9626407,0.97107595,0.9609684,0.9376071,0.9449972,0.9553706,0.97099257,0.96308017,0.97528607,0.9549059,0.9575217,0.9683831,0.9684036,0.9705269,0.9773629,0.9736883,0.98421746,0.96277773,0.9627647,0.96087015,0.9652805
ahiddenlifefilm,0.99079233,0.9779924,0.989412,0.98574394,0.9835957,0.9770418,0.98841035,0.98421746,1.0000001,0.9806715,0.9813237,0.97113776,0.9868392,0.9845822,0.9867215,0.9784587,0.98630464,0.9876204,0.9868174,0.9769634,0.98144877,0.98987126,0.98747,0.98445106,0.98392016,0.9638148,0.97349316,0.9905684,0.9926514,0.98462886,0.97893846,0.9805046,0.98021346,0.98668915,0.9772242,0.98057467,0.98488265,0.98131627,0.97309476,0.9885224,0.9853461,0.99091566,0.98317266,0.987367,0.9853158,0.9850719,0.9875904,0.98372704,0.9780344,0.9886775,0.9889766,0.99105656,0.9891408,0.98208225,0.9758709,0.985536,0.9746458,0.9900398,0.9824871,0.9814687,0.9789203,0.9850481,0.97155356,0.98074764,0.9767634,0.97880876,0.9814281,0.9810489,0.9693796,0.9661136,0.9850978,0.9784882,0.98106587,0.9928649,0.9788329,0.9863345,0.9723467,0.98273647,0.98064554,0.979686,0.9769299,0.9831321,0.9839927,0.98312134,0.98252636,0.98417217,0.9745186,0.9907816,0.965879,0.99088925,0.98440546,0.9850978,0.98898584,0.9860875,0.98657215,0.98690945,0.9848475,0.9877831,0.9850426,0.9856871,0.9825105,0.99148613,0.9839827,0.9831455,0.98384434,0.9861869,0.9808923,0.9778526,0.96337456,0.9789314,0.9789755,0.98505837,0.9829806,0.9764463,0.9815492,0.99192816,0.99068487,0.98544115,0.9900391,0.9816674,0.9838472,0.9840928,0.9851829,0.9873458,0.9863123,0.9880712,0.9879153,0.99173653,0.9870324,0.9836857,0.9838708,0.9888203,0.9889491,0.97205526,0.98120064,0.97994584,0.98715,0.9874839,0.98400813,0.9807483,1.0000001,0.9844572,0.9873946,0.96501386,0.9818311,0.98471415,0.9787809,0.9704403,0.9674333,0.97648036,0.98910624,0.9862117,0.98444545,0.9760629,0.98415947,0.9859337,0.9865724,0.97963214,0.98145705,0.9854597,1.0000001,0.98376673,0.98729366,0.98758924,0.98456293
alitamovie,0.96562314,0.9643696,0.9736165,0.9617029,0.98208463,0.9633847,0.9756877,0.9770689,0.9806715,1.0,0.9553489,0.9748021,0.97406906,0.98360664,0.95909446,0.9562041,0.97279286,0.9853749,0.9768521,0.9464334,0.9702839,0.96507823,0.9640842,0.9735433,0.9713762,0.93622774,0.97028995,0.98044467,0.9737189,0.96275496,0.9695432,0.97474355,0.9600719,0.9794468,0.95990473,0.95787185,0.97431743,0.9599708,0.9421203,0.97827274,0.96754575,0.973655,0.9587975,0.9687717,0.9734761,0.9696023,0.9677406,0.97164744,0.96147096,0.9654255,0.9737468,0.97503823,0.9872608,0.9653756,0.9694924,0.98156816,0.9585567,0.96722037,0.9564444,0.9683398,0.9643442,0.9682988,0.9532935,0.9759687,0.97025555,0.9545864,0.9690525,0.9623819,0.9476333,0.94558185,0.9772651,0.949828,0.9636828,0.9680049,0.9530377,0.96252006,0.94054884,0.9676164,0.96056175,0.96501464,0.9451193,0.9671149,0.96769506,0.9736741,0.9694257,0.9661024,0.95475936,0.9781859,0.94043434,0.9711495,0.95818955,0.9772651,0.9711907,0.9707815,0.9796272,0.96242386,0.96749264,0.9747023,0.9631784,0.9617923,0.9691061,0.9751454,0.9731176,0.9714837,0.9830815,0.97275907,0.9625169,0.96505976,0.95253503,0.9644362,0.976938,0.9715338,0.95606655,0.9613995,0.96221244,0.97280043,0.96388227,0.96653885,0.9705442,0.9712763,0.9660197,0.9514096,0.97782224,0.96952534,0.97570235,0.9806347,0.9691021,0.97756886,0.9772554,0.96452034,0.9673939,0.98012006,0.9770866,0.9550014,0.9558233,0.95092034,0.96056664,0.9743987,0.97646224,0.9676493,0.9806715,0.963518,0.96825236,0.95835805,0.97024024,0.97525275,0.9677055,0.95690846,0.95658755,0.94657236,0.96092314,0.96332574,0.98165363,0.95006514,0.9671726,0.9810697,0.975259,0.9754523,0.9657,0.96545154,0.9806715,0.9521643,0.9604529,0.97128344,0.97626853
angelhasfallen,0.9799079,0.95149887,0.96864706,0.982076,0.9578318,0.96713436,0.9676094,0.9562559,0.9813237,0.9553489,1.0000002,0.94753873,0.9771475,0.9660142,0.96883166,0.96403134,0.9627559,0.9671643,0.96852803,0.9599405,0.9593828,0.9805686,0.97432214,0.9770454,0.97174084,0.97078484,0.9666494,0.9659349,0.9832884,0.9628688,0.96047175,0.9759249,0.97107327,0.9632153,0.9613869,0.96608996,0.9661999,0.9751778,0.9578435,0.97311133,0.97838587,0.96950257,0.9755977,0.96401525,0.969882,0.9724412,0.9700548,0.9683797,0.9655437,0.9651144,0.97592014,0.97202533,0.9691485,0.9692655,0.95562255,0.96139467,0.9598707,0.9824165,0.97533774,0.9660697,0.9721967,0.97566396,0.96987116,0.9689433,0.95941335,0.97413194,0.9705369,0.95793027,0.97884846,0.947215,0.9643515,0.97392344,0.9662645,0.9781039,0.97939926,0.9789664,0.9713853,0.9693968,0.9757885,0.94792503,0.9784706,0.9634726,0.9758427,0.9628498,0.95929664,0.9706323,0.96562564,0.978246,0.968173,0.9738374,0.9724948,0.9643515,0.97538435,0.96654457,0.973662,0.9783589,0.981301,0.9652759,0.97636795,0.9712606,0.9706655,0.9785485,0.9685526,0.970876,0.9495186,0.9755147,0.95516217,0.9627983,0.9552307,0.9650674,0.95456076,0.9815655,0.97919726,0.9662411,0.973096,0.9830481,0.9764162,0.96858114,0.9767471,0.9662381,0.97880703,0.96991366,0.95578,0.968052,0.97128445,0.96592855,0.9807769,0.98265946,0.9752543,0.9691998,0.967392,0.9654762,0.969224,0.9484236,0.9779221,0.96159565,0.97033834,0.9616074,0.9625058,0.96295035,0.9813237,0.98255634,0.9768158,0.94600886,0.9600318,0.9663863,0.9633886,0.9529149,0.95181865,0.9704193,0.9659043,0.9651228,0.9616142,0.96802604,0.9704381,0.9688349,0.9696099,0.9640418,0.965762,0.97638017,0.9813237,0.96940863,0.97837853,0.9753194,0.9603217
angrybirdsmovie,0.9490467,0.9549631,0.97847706,0.94393694,0.96505326,0.9521545,0.96798086,0.95574725,0.97113776,0.9748021,0.94753873,0.99999994,0.9682104,0.96824944,0.95077956,0.9590713,0.96279776,0.9655626,0.96347815,0.94514775,0.9613238,0.9576355,0.9579581,0.9558466,0.96016955,0.9270628,0.9678702,0.96999127,0.9718871,0.9523424,0.96703994,0.9671378,0.9565419,0.98306143,0.9570335,0.9512185,0.96527916,0.94556403,0.91253215,0.9765775,0.9576895,0.96768785,0.96076757,0.96749485,0.9625256,0.9603599,0.961485,0.9672673,0.9440939,0.9651534,0.9785244,0.964891,0.9727915,0.95907515,0.9482582,0.9787186,0.94779795,0.9559188,0.95512855,0.95423573,0.943646,0.9583002,0.93907994,0.9690164,0.9491323,0.9474597,0.95297253,0.9452652,0.9311354,0.9384042,0.97027856,0.9467672,0.9648309,0.96517676,0.9430273,0.9483008,0.9425449,0.95763355,0.96964556,0.9476385,0.92990524,0.9669371,0.96197265,0.9750766,0.97811604,0.9611335,0.9600638,0.97104734,0.9281672,0.9562559,0.9438876,0.97027856,0.966559,0.96309876,0.98170215,0.94426996,0.9549559,0.9662636,0.9663288,0.9476835,0.9557758,0.9614133,0.96741045,0.972849,0.9601149,0.9747705,0.94386774,0.9634341,0.963757,0.9609677,0.9606681,0.9706758,0.9480992,0.9559524,0.9544208,0.9576909,0.9544811,0.96276706,0.95858395,0.95817894,0.9547948,0.9397696,0.9614162,0.972103,0.95971,0.97534186,0.9628409,0.97226804,0.95339054,0.9589906,0.95464545,0.96134555,0.9696321,0.9344878,0.94685173,0.9275517,0.95145893,0.9646346,0.9825247,0.9499545,0.97113776,0.96487606,0.9514245,0.9654289,0.96482384,0.9561933,0.9537856,0.95457685,0.95446104,0.9471997,0.9475485,0.95977247,0.97306377,0.9436469,0.9703303,0.97581625,0.96273607,0.976536,0.9576422,0.9471428,0.97113776,0.93754995,0.951762,0.9584809,0.9698192
annabellemovie,0.97200215,0.96794194,0.97853535,0.97583663,0.9727244,0.9627234,0.97530824,0.96427155,0.9868392,0.97406906,0.9771475,0.9682104,0.9999999,0.9769483,0.9622775,0.96599823,0.9665585,0.9765492,0.98056734,0.9532695,0.9664416,0.97370213,0.9811483,0.9772701,0.96686924,0.9498841,0.973478,0.98285633,0.9788457,0.97684807,0.97766024,0.980445,0.97506225,0.97409236,0.97568434,0.96962416,0.9751019,0.98088676,0.9601341,0.98385763,0.9808201,0.9738334,0.97594315,0.9714828,0.96468467,0.9767946,0.9833812,0.97273093,0.9709318,0.9709806,0.9773211,0.98233825,0.98249596,0.9740433,0.97887325,0.97492665,0.95828116,0.9749375,0.9705036,0.9761393,0.98266554,0.98045516,0.9553052,0.9840043,0.9678986,0.9659583,0.96596223,0.9730447,0.9655884,0.9527765,0.9825165,0.9683629,0.97729754,0.98550403,0.97387403,0.9675441,0.96546525,0.9701398,0.9731459,0.9605575,0.9647237,0.9741265,0.98771286,0.9753299,0.9766909,0.97539115,0.9706956,0.9921358,0.95804554,0.9866132,0.97537553,0.9825165,0.9796292,0.97137636,0.9811467,0.96964836,0.98274183,0.97261673,0.97709215,0.973004,0.97372013,0.9811473,0.9807639,0.98235464,0.97244054,0.97625816,0.973355,0.97625005,0.9503477,0.9636177,0.9624512,0.98617285,0.9653191,0.974091,0.9780216,0.9817512,0.9731263,0.98071563,0.9765624,0.9698551,0.981236,0.97005683,0.9759124,0.97610193,0.97973406,0.98114896,0.97993034,0.98538506,0.9798522,0.9739224,0.9653726,0.9825484,0.9763281,0.94652313,0.96329767,0.97006917,0.96958506,0.97478205,0.9840798,0.9721627,0.9868392,0.9684044,0.9773797,0.96362233,0.97647065,0.9796128,0.97118413,0.97342396,0.9703973,0.95737624,0.9696685,0.9690605,0.9768063,0.963116,0.9824872,0.98882186,0.9811051,0.9729052,0.96386814,0.9722928,0.9868392,0.9695313,0.97229564,0.9810152,0.9758605
annamovie,0.97920406,0.96380854,0.9701378,0.9683255,0.97722894,0.97056353,0.9808448,0.9693592,0.9845822,0.98360664,0.9660142,0.96824944,0.9769483,1.0,0.9724887,0.963576,0.98098356,0.981104,0.9799171,0.9588092,0.981675,0.9727981,0.9709934,0.97235775,0.9661175,0.94521415,0.9661534,0.9844631,0.9758705,0.976407,0.9729506,0.9777184,0.9749361,0.9742404,0.95861524,0.9580301,0.97239286,0.9669277,0.9486921,0.9748113,0.97430307,0.97231627,0.97350115,0.9711178,0.9759358,0.97771436,0.97185785,0.97067726,0.9653722,0.96977544,0.9750557,0.9803276,0.9833655,0.96611,0.96595114,0.983494,0.9571982,0.9758966,0.9707472,0.9628295,0.96625495,0.9767215,0.95411885,0.9815923,0.96836114,0.9583143,0.9677773,0.9675827,0.95723814,0.9405925,0.97239083,0.9569325,0.9677833,0.9740829,0.9611477,0.96443653,0.95081174,0.97375596,0.9689193,0.96510303,0.9572964,0.97615373,0.97196525,0.9795362,0.9732147,0.97724074,0.95681703,0.9813614,0.94631994,0.97658044,0.97400147,0.97239083,0.97594947,0.97293705,0.9759199,0.9777156,0.9678934,0.96801287,0.96915203,0.976421,0.97277945,0.97457224,0.971839,0.9699532,0.9831577,0.9718965,0.97208625,0.9683861,0.9483628,0.96470577,0.9645769,0.97032493,0.97028375,0.95680606,0.9766403,0.9853639,0.97786164,0.9758681,0.9775531,0.9778774,0.97892565,0.9609484,0.97951263,0.97910684,0.9675434,0.97601783,0.9770349,0.9794469,0.9751547,0.971803,0.9770444,0.9802124,0.97997326,0.96294093,0.96594584,0.9663339,0.97704226,0.9862364,0.9766237,0.9640606,0.9845822,0.9694878,0.97355646,0.9583321,0.97929853,0.97466475,0.9771527,0.95731026,0.9542297,0.9551884,0.9661589,0.9695502,0.98696005,0.9611634,0.969919,0.97723556,0.9799798,0.9678623,0.9730416,0.9741212,0.9845822,0.96504694,0.97190976,0.9832177,0.97294956
apollo11movie,0.98306197,0.9634256,0.9721976,0.977526,0.9618441,0.9645576,0.9723931,0.97154295,0.9867215,0.95909446,0.96883166,0.95077956,0.9622775,0.9724887,1.0000002,0.9667414,0.974816,0.9699481,0.96529734,0.98252153,0.96884495,0.979825,0.9744943,0.9658768,0.97114605,0.95361024,0.94646823,0.9768748,0.9764749,0.9821911,0.9587797,0.96242493,0.96599877,0.97076124,0.9620305,0.96834403,0.9669434,0.9591779,0.9644326,0.967012,0.9675636,0.9753701,0.9738677,0.972796,0.97388554,0.97369504,0.9732347,0.9715048,0.9579411,0.9757642,0.97342604,0.9748391,0.97309864,0.968376,0.95570195,0.97060984,0.9658204,0.9818366,0.9739561,0.95874584,0.956532,0.97516197,0.95981306,0.9560938,0.95130044,0.96774554,0.9674663,0.9653446,0.95919555,0.9534054,0.9637482,0.97316414,0.9684936,0.98201734,0.96868163,0.9756391,0.96596086,0.9764275,0.965069,0.96746784,0.9746971,0.97930056,0.955309,0.9676173,0.9719114,0.9732283,0.9612089,0.9724827,0.9593301,0.97046894,0.9844126,0.9637482,0.97153616,0.975923,0.96812344,0.9811598,0.97158015,0.9703283,0.9641599,0.9771781,0.9665541,0.9789368,0.96460104,0.96787626,0.9696022,0.9691721,0.9634702,0.9578235,0.94846106,0.9674141,0.96016765,0.96367466,0.9805146,0.96076,0.9634612,0.9840067,0.9826655,0.9715956,0.9822506,0.9645951,0.9710802,0.9798882,0.9717704,0.97375286,0.9634387,0.9709051,0.9739497,0.9734409,0.97060156,0.96789104,0.97600514,0.9684248,0.9749472,0.96984583,0.9767185,0.9798868,0.98142433,0.9741004,0.9632645,0.96100086,0.9867215,0.97385967,0.97687584,0.94493496,0.95663697,0.961641,0.9650999,0.955925,0.9379874,0.972478,0.9782994,0.96942043,0.9633115,0.96318054,0.96703964,0.9631479,0.9709601,0.9601806,0.97765267,0.9744748,0.9867215,0.9773303,0.97581756,0.9721502,0.9681059
arcticdogsmovie,0.9668355,0.9843881,0.974098,0.963677,0.9613172,0.9514831,0.9644109,0.95937485,0.9784587,0.9562041,0.96403134,0.9590713,0.96599823,0.963576,0.9667414,0.9999999,0.96586114,0.96817523,0.96809626,0.9606063,0.9668925,0.9629272,0.9613737,0.9496023,0.96894634,0.9655877,0.96038765,0.9713219,0.9744102,0.9658061,0.9618766,0.963851,0.9607868,0.9668527,0.9726677,0.9522743,0.96478707,0.9557297,0.946899,0.9722239,0.9799211,0.9648106,0.9639492,0.9751717,0.96308887,0.96366715,0.96542716,0.9619701,0.9553558,0.97104883,0.96811736,0.9781041,0.9678495,0.9618278,0.96723944,0.97823954,0.9594505,0.9765837,0.95802,0.9659483,0.95376825,0.9812396,0.95290154,0.961962,0.9541297,0.9606304,0.96545726,0.9725873,0.9497151,0.9600607,0.96606356,0.97102755,0.96736825,0.9752896,0.9558055,0.97041285,0.9647808,0.9669618,0.9680736,0.95399374,0.9567803,0.9616857,0.9609679,0.97514486,0.9776351,0.97360647,0.97662234,0.9677919,0.94965523,0.9727909,0.96750593,0.96606356,0.9748401,0.97796404,0.9686667,0.9561159,0.9676907,0.9706139,0.96764815,0.9595748,0.9585358,0.9688454,0.9624836,0.9699774,0.97014546,0.96515167,0.9400202,0.9752649,0.97864044,0.96069705,0.95242554,0.97157425,0.9704974,0.9605845,0.9614399,0.9635353,0.9658923,0.9702234,0.964717,0.95832556,0.9602895,0.97486246,0.961491,0.96379143,0.9601253,0.96192634,0.9641384,0.9695499,0.95855457,0.9723943,0.9716705,0.96162456,0.96569216,0.95478445,0.96466297,0.9550866,0.96671504,0.9709335,0.974137,0.9549274,0.9784587,0.9716963,0.9661471,0.9586461,0.96322715,0.96236265,0.95195496,0.9646214,0.9630598,0.9697777,0.9600849,0.9712146,0.9676319,0.96748346,0.9611364,0.96518356,0.96605295,0.96825975,0.96647465,0.9599959,0.9784587,0.9647327,0.95449346,0.9562787,0.9541552
arcticmovie,0.98063314,0.9718656,0.97452253,0.96955013,0.9760125,0.9681388,0.98062325,0.9734125,0.98630464,0.97279286,0.9627559,0.96279776,0.9665585,0.98098356,0.974816,0.96586114,1.0000001,0.9806473,0.9758481,0.9691387,0.9813279,0.9813418,0.9696493,0.96951914,0.9738083,0.9510982,0.9679116,0.98191863,0.9833016,0.9659736,0.9699261,0.9700894,0.96276534,0.97284305,0.9534757,0.9624458,0.96367455,0.9686713,0.9559142,0.96940356,0.9646744,0.97847134,0.9682715,0.976773,0.97210187,0.9757851,0.9684713,0.96472883,0.9562471,0.9774077,0.98095953,0.98170835,0.97733593,0.96612823,0.9598171,0.9814548,0.9602983,0.9722527,0.96913445,0.9615312,0.9660809,0.96724373,0.9500028,0.95950884,0.9699803,0.96147907,0.96419245,0.96906424,0.9415901,0.9429433,0.96606725,0.9546559,0.9584132,0.97518575,0.95644855,0.97221965,0.9471271,0.96277875,0.96650416,0.96986663,0.9545221,0.96897274,0.9563488,0.96847546,0.9708841,0.9734434,0.95208895,0.9782025,0.94193435,0.9705304,0.9691231,0.96606725,0.9737343,0.9773435,0.97166914,0.9710017,0.96063334,0.9772728,0.9670904,0.9752842,0.96506757,0.9753944,0.97191703,0.96357745,0.98079616,0.9801721,0.9762343,0.9613108,0.9548121,0.9725446,0.9782382,0.9659881,0.96880895,0.960639,0.97030115,0.97861797,0.9808197,0.96583223,0.9763336,0.9763907,0.9648069,0.96370155,0.9802712,0.9758547,0.96713614,0.9741566,0.9793066,0.98023254,0.97902864,0.9669697,0.9779198,0.97737855,0.9863634,0.9647265,0.9676192,0.96007866,0.97549003,0.98080873,0.96835643,0.96814394,0.98630464,0.97311026,0.9703,0.9412317,0.9725479,0.9752586,0.97008723,0.9457162,0.9504591,0.9570565,0.9738938,0.9663673,0.9782452,0.96775705,0.9593532,0.9689896,0.9702566,0.9669538,0.97434044,0.9670539,0.98630464,0.97056884,0.96727306,0.9701356,0.9832859
artofracingmovie,0.9812536,0.97148633,0.97590286,0.97512233,0.98727065,0.9654525,0.9800841,0.9847059,0.9876204,0.9853749,0.9671643,0.9655626,0.9765492,0.981104,0.9699481,0.96817523,0.9806473,1.0,0.9812518,0.9603195,0.97704804,0.9768512,0.96996725,0.97855365,0.97709435,0.9619292,0.96832424,0.9877154,0.9801727,0.9675327,0.976067,0.96807915,0.9617412,0.97637564,0.9600355,0.96871454,0.9754726,0.9754446,0.9589913,0.97748905,0.974041,0.9753403,0.95567936,0.9688134,0.9786383,0.9816025,0.9713653,0.9745662,0.9667934,0.9660074,0.97435737,0.977222,0.9817926,0.95835537,0.9757478,0.98333764,0.96279836,0.9781489,0.96902716,0.97342443,0.9681976,0.9704307,0.95617634,0.9760944,0.97573006,0.9612543,0.9690182,0.96673036,0.960371,0.9550698,0.97773474,0.96257806,0.9602888,0.97933227,0.95892483,0.9757164,0.9480984,0.9741896,0.96764684,0.9636361,0.95484155,0.9647082,0.97534317,0.9695035,0.9662635,0.972124,0.95396644,0.979687,0.946302,0.9791163,0.96758324,0.97773474,0.97497195,0.97310555,0.9782302,0.97497773,0.9688516,0.97608274,0.9703931,0.9759342,0.9814542,0.9781498,0.9755862,0.97071093,0.97970265,0.97213525,0.97345173,0.9738098,0.9545892,0.96978444,0.96854275,0.9743885,0.9694644,0.96204275,0.9679912,0.97793514,0.9782224,0.96963793,0.9729669,0.97653294,0.9708085,0.9658885,0.9804723,0.9736231,0.98385537,0.9768515,0.97578454,0.9808836,0.9851891,0.9643619,0.97346723,0.9854574,0.9815761,0.9709583,0.96255344,0.9615116,0.9746036,0.9754385,0.97688377,0.9851536,0.9876204,0.9683886,0.9800966,0.9604156,0.9751226,0.97197825,0.9728291,0.95138514,0.9616696,0.959716,0.96961105,0.96427125,0.98744535,0.96405846,0.9678383,0.98158485,0.980286,0.97604376,0.9730628,0.9737592,0.9876204,0.9664225,0.9657044,0.9734546,0.97253835
avengers,0.98058605,0.9694693,0.9739071,0.9694532,0.973974,0.96300596,0.9840684,0.97528315,0.9868174,0.9768521,0.96852803,0.96347815,0.98056734,0.9799171,0.96529734,0.96809626,0.9758481,0.9812518,0.99999976,0.9652845,0.9775518,0.9728862,0.9705726,0.9810982,0.9750406,0.9558511,0.97194827,0.9793832,0.97596115,0.97524476,0.98438627,0.9793527,0.9749691,0.9718625,0.9634986,0.95913845,0.9719667,0.9666681,0.95461524,0.9740625,0.97499025,0.97704023,0.9684867,0.97645706,0.9697398,0.97973466,0.97310877,0.9715824,0.9759307,0.9756162,0.9723919,0.9805919,0.97902155,0.964396,0.9671294,0.9728366,0.9540099,0.9742593,0.9704497,0.98236454,0.97524786,0.9799558,0.958131,0.9744369,0.96716684,0.9578491,0.9716205,0.97299993,0.963288,0.9525403,0.9820556,0.96421164,0.9676953,0.9794132,0.9640244,0.9756896,0.95772094,0.97839814,0.97701895,0.9601114,0.9575251,0.97351277,0.9749411,0.96756387,0.9697039,0.9739851,0.9599345,0.98617375,0.95120734,0.9869534,0.97171247,0.9820556,0.98274577,0.98178613,0.9730441,0.96812254,0.9804128,0.97846055,0.98274416,0.9755837,0.9697444,0.98641956,0.96800995,0.97563094,0.97589004,0.9693142,0.9732996,0.96421534,0.9466344,0.9669452,0.97107536,0.9753756,0.9635792,0.96161836,0.9778054,0.9820412,0.97426367,0.973047,0.9773756,0.98483133,0.97357744,0.9620256,0.9765058,0.9733113,0.9780257,0.9799711,0.97894543,0.98096347,0.9723363,0.981788,0.9790598,0.97885054,0.9739528,0.9570427,0.9619583,0.96954364,0.96884984,0.9810918,0.9831191,0.9750307,0.9868174,0.9712091,0.9752222,0.9533603,0.9737053,0.9759535,0.966332,0.9591436,0.95465976,0.9547652,0.97190475,0.97717994,0.98407966,0.96960497,0.9742582,0.9820605,0.9806229,0.97538596,0.9742632,0.97486115,0.9868174,0.97145545,0.9702187,0.9770421,0.9670132
beachbummovie,0.97668046,0.95910704,0.96212643,0.9660418,0.9557739,0.94989353,0.96488374,0.9672616,0.9769634,0.9464334,0.9599405,0.94514775,0.9532695,0.9588092,0.98252153,0.9606063,0.9691387,0.9603195,0.9652845,1.0,0.96453184,0.9759631,0.96490604,0.96016103,0.96264356,0.9465822,0.9431219,0.9668518,0.96433115,0.9700058,0.9535626,0.9514702,0.9583308,0.95858794,0.9465764,0.96594846,0.9588497,0.9504152,0.9535732,0.95664865,0.9617421,0.9701898,0.96139556,0.9685909,0.9646356,0.9771179,0.9597242,0.9546122,0.95416075,0.97351325,0.9683314,0.970047,0.9580165,0.94876534,0.9423661,0.9601685,0.94945586,0.9739367,0.96425855,0.9485433,0.9562271,0.962485,0.9402341,0.9457033,0.9468366,0.9525193,0.9638508,0.96594524,0.9455351,0.9453672,0.95172983,0.9666725,0.96524185,0.9726509,0.9580742,0.97060406,0.9568319,0.9652511,0.9569327,0.94181204,0.9687849,0.96438605,0.94514847,0.96021503,0.9545432,0.9617599,0.94008,0.96566594,0.9474192,0.96553224,0.97416264,0.95172983,0.96901774,0.9620088,0.96237093,0.9646002,0.9565914,0.9735476,0.9603049,0.97479916,0.9630993,0.9735764,0.9559896,0.9537026,0.9584971,0.9648126,0.9598669,0.943354,0.9378297,0.9554895,0.9561578,0.9571113,0.97772604,0.9582345,0.96535707,0.9754794,0.97700083,0.96493036,0.97588253,0.96037525,0.96001315,0.9737429,0.9535007,0.9692637,0.9520543,0.96158785,0.97100776,0.9676182,0.9573222,0.95594686,0.97611403,0.961931,0.96597856,0.9510445,0.97229254,0.96661294,0.9749027,0.96807367,0.9588182,0.96663743,0.9769634,0.9638643,0.96931905,0.9329501,0.944253,0.95649046,0.95498705,0.9370685,0.92686945,0.9645364,0.96829766,0.9606192,0.9540336,0.9557544,0.95445246,0.94912887,0.9636513,0.9529831,0.9690993,0.96759546,0.9769634,0.96406263,0.9651499,0.9605763,0.9577791
bernadettefilm,0.9771734,0.9663935,0.9752799,0.97112906,0.9790326,0.9525249,0.9814205,0.96668935,0.98144877,0.9702839,0.9593828,0.9613238,0.9664416,0.981675,0.96884495,0.9668925,0.9813279,0.97704804,0.9775518,0.96453184,0.9999999,0.9744033,0.9668838,0.9547802,0.96252006,0.9514381,0.95784664,0.9787663,0.97297347,0.9610114,0.9727591,0.96023124,0.96071374,0.97480893,0.96033484,0.9625852,0.9643165,0.962436,0.9479638,0.9617603,0.9691384,0.97194344,0.9622632,0.9739112,0.9611316,0.9744194,0.9707083,0.9550867,0.9658739,0.9718725,0.97182137,0.98640025,0.97503495,0.9508661,0.96643895,0.97839594,0.9467682,0.9707277,0.96771866,0.955601,0.9572206,0.96988773,0.9474101,0.9632405,0.9660039,0.95567983,0.959814,0.98160815,0.95285016,0.95741016,0.96160644,0.9611964,0.96100783,0.98469365,0.9549697,0.96809125,0.9531606,0.9628848,0.96111476,0.95519197,0.95001644,0.9779876,0.9587823,0.9703065,0.9760347,0.9713583,0.95183176,0.9727584,0.9375363,0.9701612,0.9669802,0.96160644,0.971353,0.96721447,0.9685732,0.9711397,0.95963836,0.96579057,0.96792465,0.97474843,0.966499,0.9688166,0.96089965,0.9565373,0.9827649,0.96566164,0.9722588,0.957901,0.9401506,0.97117454,0.9589589,0.96218926,0.9582548,0.96418947,0.96609986,0.9741768,0.9765664,0.96348345,0.9713582,0.9757024,0.9584618,0.96278507,0.97756016,0.9736174,0.96386963,0.9644643,0.9676253,0.9724078,0.96773314,0.96609825,0.9884556,0.97908044,0.96306634,0.96843666,0.9568153,0.9568367,0.9805768,0.98756,0.9668416,0.97034293,0.98144877,0.9660802,0.96960074,0.9404097,0.9685475,0.97502464,0.97322047,0.9514191,0.94557685,0.95870346,0.9686344,0.9719343,0.982004,0.9671161,0.9567868,0.96592414,0.9749519,0.96354914,0.9644824,0.96155715,0.98144877,0.967054,0.95959395,0.9673696,0.9683822
