movie,21bridgesmovie,47metersdown,abeautifuldaymovie,abominablemovie,adastramovie,adogsjourneymovie,aftermathmovie,aftermovie,ahiddenlifefilm,alitamovie,angelhasfallen,angrybirdsmovie,annabellemovie,annamovie,apollo11movie,arcticdogsmovie,arcticmovie,artofracingmovie,avengers,beachbummovie,bernadettefilm,blackandbluemovie,blackchristmas,blindedbythelightmovie,bombshellmovie,booksmart,breakthroughmovie,brianbanksmovie,brightburnmovie,brittanyrunsmov,captainmarvelofficial,captivestatemovie,catsmovie,charliesangels,childsplaymovie,clarathefilm,coldpursuitmovie,countdown,currentwarmovie,darkwatersmovie,detectivepikachumovie,disneyaladdin,disneyfrozen,disneymaleficent,doctorsleepmovie,dolemiteismyname,dontletgomovie,doramovie,downtonabbey_official,dumbo,escaperoom,everybodyknowsmovie,fastandfuriousmovie,fightingwmyfam,fivefeetapartfilm,fordvferrari,freaksthefilm,geminimanmovie,glassmovie,gloriabellmovie,godzillamovie,goldfinchmovie,goodboysmovie,goodliarmovie,gretafilm,halathemovie,happydeathdaymovie,harrietfilm,hellboymovie,hersmellmovie,highlifemovie,highstrungmovie,honeyboymovie,hotelmumbaifilm,httydragon,hustlemovie,hustlersmovie,isntitromantic,itmovieofficial,jayandsilentbob,johnwickmovie,jojorabbitmovie,jokermovie,judythefilm,jumanjimovie,justmercyfilm,knivesout,lalloronamovie,lastblackmansf,lastchristmasthemovie,latenightmovie,lighthousemovie,lionking,littlethemovie,littlewomenmovie,littlewoodsfilm,longshotmovie,lordsofchaosmovie,lucyintheskyfilm,mamovie2019,marriagestory,meettheaddams,meninblack,midsommarmovie,midwaymovie,missbalamovie,missinglinkfilm,motherlessbklyn,onceinhollywood,onthebasisofsex,overcomermovie,peanutbutterfalcon,petsematarymovie,piercingmovie,playingwithfire,playmobilthemovie,pomsmovie,queenandslim,rambomovie,readyornotfilm,richardjewellfilm,rocketmanmovie,scarystoriesmovie,secretlifeofpets,serenityfilm,shaftmovie,shazammovie,spidermanmovie,spiesindisguise,starwars,stormboymovie,stubermovie,taosdfilm,teenspiritmov,terminator,theaeronautsmov,thebestofenemies,thedeaddontdie,thefarewell,thehighwaymen,thehummingbirdprojectfilm,theintrudermovie,theirishmanfilm,thekitchenmovie,thelegomovie,themustangfilm,thenightingalefilm,theprodigymovie,thesunisalsoastar,theupsidefilm,tolkienmovie,toystory,triplefrontier,uglydolls,uncutgems,underthesilverlake,usmovie,wavesmovie,whatmenwant,wonderparkmovie,wrinklestheclown,xmenmovies,yardiefilm,yesterdaymovie,zombieland
21bridgesmovie,1.0,0.98185956,0.97802585,0.96691376,0.98523533,0.9755917,0.9848633,0.9800338,0.99391717,0.9798635,0.9835058,0.97574735,0.9752633,0.9844008,0.9815829,0.9775999,0.98018855,0.98353225,0.99172467,0.984438,0.9845873,0.98695284,0.98539674,0.9820141,0.98490244,0.9660535,0.9809194,0.9765425,0.98572814,0.98408717,0.99006456,0.9800982,0.98505,0.97334695,0.97722334,0.98301965,0.98599076,0.9890185,0.9795372,0.97786,0.9778432,0.9814067,0.985719,0.981356,0.98993266,0.992817,0.9854603,0.97933674,0.9684195,0.98487484,0.9862467,0.9789663,0.98634326,0.9765438,0.9756362,0.9805882,0.98567504,0.9800269,0.9796413,0.97520953,0.9759188,0.984297,0.9858787,0.9825906,0.9708874,0.97801596,0.97302204,0.97739273,0.9840284,0.98943293,0.9809035,0.9804002,0.97767025,0.9852209,0.98408675,0.98070264,0.9805209,0.98312646,0.9788952,0.9856795,0.98555356,0.97969514,0.976831,0.9767959,0.980526,0.97836536,0.9762464,0.98606646,0.97939163,0.9843564,0.9752592,0.9809035,0.9817152,0.97384334,0.98154575,0.98057723,0.9833287,0.9832286,0.9819408,0.992396,0.9923311,0.97479916,0.9819359,0.97650623,0.986276,0.98504096,0.9782696,0.98286045,0.96595734,0.9834687,0.9880581,0.97566193,0.9866253,0.967377,0.9835108,0.9900383,0.99767816,0.98830557,0.9829615,0.98580235,0.9858029,0.97576505,0.9795997,0.9699049,0.9848509,0.98144156,0.9874474,0.9832506,0.98327404,0.98362964,0.9861252,0.9755322,0.98073757,0.9716213,0.98175526,0.97176987,0.98782665,0.9739605,0.977154,0.99093586,0.99391717,0.98556525,0.98787415,0.9799368,0.9807574,0.9756711,0.9833514,0.98357,0.9737975,0.98858625,0.98687524,0.9769382,0.98717386,0.9763654,0.9770204,0.98028743,0.98368233,0.97723764,0.9718219,0.9790711,0.99391717,0.9928463,0.97826284,0.9892705,0.9827634
47metersdown,0.98185956,1.0,0.9800714,0.9736117,0.97606677,0.9761397,0.9868014,0.9825735,0.9895086,0.9755742,0.983308,0.9811313,0.97011226,0.99033105,0.9797412,0.9794864,0.97546244,0.97080415,0.98137635,0.98023504,0.97527033,0.9826023,0.98414385,0.9766742,0.97028816,0.97123563,0.9880076,0.9829093,0.97643936,0.9873728,0.97491026,0.9821908,0.98299587,0.9719561,0.9765289,0.9719377,0.9879258,0.9745491,0.9784963,0.9787777,0.9721317,0.9819368,0.982831,0.98163855,0.976274,0.9747442,0.98300594,0.9754819,0.9710286,0.9834849,0.9815456,0.9849524,0.9810793,0.97584003,0.9623637,0.9832298,0.97824335,0.9815379,0.9789305,0.9804713,0.97989434,0.9805812,0.9747005,0.98980176,0.9801457,0.9866534,0.9762543,0.987517,0.97581536,0.97997063,0.982991,0.98072994,0.9837877,0.98878765,0.9725542,0.976212,0.9679766,0.98615265,0.9791681,0.9876734,0.9812907,0.9777312,0.9875324,0.97877634,0.9763821,0.97726953,0.9814479,0.984416,0.9890009,0.9859927,0.97352755,0.982991,0.9829137,0.9722769,0.9847847,0.9826364,0.98144954,0.9775768,0.9826053,0.98796874,0.97238064,0.9713136,0.9787829,0.97649336,0.9917081,0.9802367,0.98174214,0.97967154,0.96945995,0.9763602,0.9842531,0.9820982,0.9797624,0.96071005,0.9864865,0.98246616,0.9798293,0.9819308,0.98357874,0.9877893,0.98672503,0.97361755,0.9767897,0.9650596,0.97860914,0.9686067,0.97865784,0.97596943,0.97636807,0.98209876,0.97291774,0.96994704,0.97444534,0.9762692,0.98167574,0.984173,0.97881216,0.97632706,0.98388326,0.9805224,0.9895086,0.97897446,0.9703185,0.9815158,0.9789074,0.97383773,0.96370703,0.976926,0.9817856,0.9710792,0.9832627,0.9832833,0.9795119,0.97580916,0.9733973,0.98730636,0.985132,0.9780438,0.98121804,0.9753233,0.9895086,0.98026574,0.98204064,0.97647184,0.9821895
abeautifuldaymovie,0.97802585,0.9800714,0.9999998,0.9831707,0.97434884,0.9741591,0.98174125,0.9779848,0.9868939,0.9705092,0.97484523,0.9843844,0.9734981,0.9790779,0.9700145,0.9779779,0.966525,0.9710463,0.97201735,0.9685207,0.9734861,0.98592025,0.9808021,0.9671879,0.9751479,0.96749794,0.9776274,0.97228116,0.9844032,0.97710556,0.97234905,0.9825058,0.98683125,0.9795772,0.9887223,0.9825391,0.9813686,0.9772181,0.9773228,0.9716528,0.9640634,0.97301996,0.97409046,0.9828908,0.97567713,0.9752727,0.9800172,0.9867129,0.9699531,0.98066276,0.98479444,0.98032546,0.9817507,0.9694498,0.96438915,0.9740159,0.9661659,0.9667412,0.98136175,0.9729518,0.96776366,0.9860531,0.9656364,0.9783714,0.97030807,0.9685491,0.9766898,0.97442085,0.9667684,0.9678271,0.9855102,0.9695119,0.9770278,0.98113656,0.9786749,0.9682031,0.9646331,0.97859585,0.9854833,0.9799218,0.97677374,0.97220165,0.97013575,0.9832188,0.99175864,0.9762688,0.9870932,0.9793061,0.98664534,0.97973096,0.97138196,0.9855102,0.97943,0.9786972,0.9869107,0.9769542,0.9811068,0.9770071,0.98294425,0.9840973,0.97484595,0.96010727,0.97687256,0.9749447,0.9790646,0.98061943,0.9867621,0.9772729,0.9880053,0.97765255,0.98361576,0.9770543,0.9789699,0.970247,0.9739437,0.98336965,0.98269504,0.97932,0.9731655,0.9745704,0.97538465,0.9669229,0.9725213,0.97474754,0.9630804,0.982311,0.98285437,0.9763111,0.9716728,0.97670543,0.97538537,0.97137976,0.9598084,0.961149,0.96739626,0.9661128,0.97414035,0.97963095,0.9860065,0.98054975,0.9868939,0.9860987,0.9805288,0.97788405,0.9785228,0.9731319,0.9738003,0.9841324,0.9700941,0.9797487,0.98623914,0.99084204,0.98468304,0.95515305,0.9692439,0.9862651,0.9758397,0.9748433,0.9663749,0.9732993,0.9868939,0.98761296,0.98499715,0.98328596,0.9805604
abominablemovie,0.96691376,0.9736117,0.9831707,0.9999997,0.9727466,0.960685,0.9762678,0.9774485,0.9823498,0.9763838,0.97181207,0.9808607,0.9714458,0.97050166,0.9570004,0.9727361,0.9725511,0.96611905,0.9664922,0.9641358,0.9579685,0.974515,0.971515,0.9622793,0.9695904,0.95242894,0.97287136,0.97254854,0.96651787,0.97631,0.95648557,0.9711813,0.97684914,0.96792996,0.9774019,0.97201574,0.9800232,0.96829575,0.9643311,0.9521307,0.9500239,0.9646342,0.9653743,0.97472066,0.966387,0.9593962,0.96835387,0.9832854,0.95946217,0.970195,0.9822387,0.9758096,0.9713431,0.9691229,0.9615888,0.97703546,0.97270775,0.97308636,0.97641945,0.96810776,0.9584327,0.982013,0.97128475,0.97701067,0.96846354,0.9663088,0.98161453,0.9665243,0.9622822,0.96295446,0.98074186,0.96807826,0.9816646,0.96710956,0.9826289,0.9679287,0.9642201,0.98179615,0.97913975,0.9785281,0.9691064,0.9722874,0.97359246,0.9748545,0.9888552,0.97118026,0.98141795,0.9795363,0.97756135,0.9770452,0.95910084,0.98074186,0.9787316,0.97026247,0.9831612,0.96368974,0.9739414,0.97778594,0.9755343,0.9785667,0.9627471,0.9672308,0.960564,0.9657139,0.9783273,0.9822949,0.97960544,0.9702507,0.97828346,0.96282834,0.9794329,0.97224903,0.97911304,0.9710185,0.9728465,0.9813264,0.9696033,0.974716,0.9647176,0.97788674,0.96852714,0.97947156,0.98351264,0.9597963,0.95186013,0.9636163,0.9752067,0.96782076,0.9622754,0.9776529,0.9615867,0.9688611,0.96457857,0.95913905,0.9715671,0.9670716,0.9766832,0.9749247,0.979786,0.9722665,0.9823498,0.97712994,0.97021574,0.97330695,0.9631279,0.96714574,0.9639254,0.9771759,0.96925676,0.9745831,0.97933006,0.9851154,0.9798024,0.95934343,0.9689259,0.9747254,0.97025687,0.97547686,0.9799373,0.9767966,0.9823498,0.97606605,0.98144203,0.9668325,0.97977996
adastramovie,0.98523533,0.97606677,0.97434884,0.9727466,1.0,0.9771756,0.9807397,0.9722827,0.9902247,0.9840326,0.98223054,0.9788223,0.9745088,0.97710526,0.982552,0.97691333,0.971229,0.9852753,0.97596157,0.98063165,0.97790956,0.9833765,0.9745649,0.9828784,0.9877365,0.9602992,0.97782576,0.96866196,0.98436666,0.9776901,0.9753969,0.9769307,0.974834,0.977918,0.9670225,0.97599995,0.97987944,0.9784568,0.9805173,0.97711885,0.9697903,0.9872996,0.9833,0.9832138,0.98615104,0.9829065,0.9721473,0.9712821,0.9626311,0.9867176,0.9883171,0.97495717,0.98562783,0.97416645,0.9696128,0.98384875,0.9785602,0.9888699,0.97903126,0.9682883,0.9689166,0.9876943,0.98503363,0.9758192,0.9702656,0.9800882,0.96714944,0.9735559,0.98261005,0.9797973,0.9788122,0.97308517,0.9779075,0.9807596,0.9782578,0.97426915,0.97680914,0.9816746,0.97899854,0.9868617,0.9858924,0.98016894,0.97519666,0.98208517,0.9768142,0.9732389,0.97147304,0.985566,0.9712433,0.9805011,0.96299726,0.9788122,0.9864968,0.97460866,0.9807153,0.9762427,0.98596424,0.9777686,0.97617805,0.984796,0.98342013,0.97830904,0.96836853,0.97332305,0.97639763,0.98530734,0.97350967,0.97428644,0.9660232,0.97814494,0.9781547,0.9763918,0.989737,0.96874017,0.98406124,0.9883653,0.98774797,0.9786385,0.98367447,0.98156196,0.9796982,0.97594965,0.9772108,0.96957624,0.97737515,0.96956974,0.9852666,0.9835376,0.9882784,0.9744216,0.9772322,0.97762823,0.96918726,0.9602716,0.9889338,0.9671249,0.9847727,0.9681505,0.97656715,0.9844172,0.9902247,0.980458,0.9803751,0.97331,0.97683436,0.9719901,0.97652036,0.97359574,0.9700335,0.97802895,0.9863017,0.97279173,0.9813829,0.9609828,0.9712017,0.9777637,0.97357035,0.979142,0.97819453,0.98345995,0.9902247,0.9854099,0.9753785,0.9816042,0.98299795
adogsjourneymovie,0.9755917,0.9761397,0.9741591,0.960685,0.9771756,1.0,0.9736753,0.98003924,0.98178995,0.96484965,0.97509265,0.9804361,0.9685279,0.97266436,0.97310704,0.9615957,0.95362127,0.9638791,0.96630573,0.97117597,0.96941984,0.9814872,0.9787714,0.97315305,0.97769994,0.96617895,0.9705556,0.95524323,0.98051476,0.96755606,0.9693479,0.97788316,0.97734743,0.96905786,0.9778574,0.97358024,0.97790223,0.9720579,0.98009825,0.9764388,0.9597313,0.97360206,0.98179483,0.982104,0.9778957,0.96610844,0.9775624,0.96696156,0.96818125,0.9841782,0.97845286,0.9821981,0.98399985,0.9700792,0.9498307,0.97227424,0.9548685,0.9676938,0.9814196,0.975987,0.9694772,0.9805656,0.96800226,0.9775613,0.9788115,0.9725468,0.9612955,0.98128265,0.9748445,0.96668285,0.97742325,0.9694872,0.9770149,0.9726584,0.96314883,0.96412617,0.962689,0.9677115,0.98132473,0.9792782,0.9702842,0.9616758,0.9735362,0.98141056,0.9690459,0.9697028,0.97062206,0.97870046,0.9727962,0.96748734,0.9521145,0.97742325,0.9772937,0.96613723,0.9803856,0.97364646,0.978567,0.96328264,0.9777926,0.9777151,0.96806586,0.97433937,0.97744447,0.9747533,0.9711986,0.9744833,0.96618766,0.9727992,0.9600691,0.9829618,0.9694504,0.97981924,0.9751021,0.96770227,0.96663356,0.97839624,0.9789622,0.9771653,0.97423655,0.974632,0.97821647,0.9594258,0.95804375,0.9796549,0.97632504,0.9663154,0.9783678,0.97872,0.9727766,0.9712493,0.95866394,0.9650812,0.951577,0.9427019,0.9671546,0.9557464,0.96539676,0.9817841,0.9745344,0.96796906,0.98178995,0.972775,0.9649563,0.97884,0.9793029,0.9714295,0.965526,0.9692012,0.9724984,0.9704991,0.9730691,0.9726774,0.9763684,0.951047,0.9675744,0.9785346,0.9719315,0.9719877,0.95807976,0.96426404,0.98178995,0.97690827,0.97534084,0.9704159,0.9739914
aftermathmovie,0.9848633,0.9868014,0.98174125,0.9762678,0.9807397,0.9736753,1.0000001,0.9807818,0.99237,0.97896063,0.98813915,0.97733825,0.97424287,0.9863819,0.9763291,0.9789291,0.9768602,0.9803598,0.9769412,0.9811107,0.9727868,0.9900647,0.98466945,0.97442746,0.9785598,0.9596654,0.9839445,0.9802222,0.9854093,0.9835774,0.9737555,0.98711514,0.9858054,0.9765869,0.97506094,0.9716294,0.9826583,0.9821661,0.97807705,0.97526276,0.9730206,0.9837242,0.9917159,0.984929,0.9715588,0.97762424,0.983993,0.97487587,0.9655409,0.9907502,0.9887883,0.9789227,0.98388857,0.97835624,0.97403467,0.98442805,0.9760046,0.9779276,0.9812944,0.9663477,0.9770593,0.9831547,0.9721667,0.9931912,0.96951723,0.9830891,0.97495854,0.9783416,0.9783614,0.9793001,0.97804636,0.98357135,0.9840492,0.984083,0.9878077,0.9846312,0.9753934,0.9808709,0.97265977,0.98794246,0.9880688,0.9862044,0.9780939,0.97941583,0.9855851,0.9778363,0.981968,0.9810885,0.9816717,0.98338664,0.97229,0.97804636,0.982194,0.9667842,0.9798256,0.9790181,0.9831909,0.97478235,0.9863628,0.9904393,0.97827685,0.97029585,0.9801989,0.97173417,0.986983,0.98765075,0.9768509,0.98218334,0.9703698,0.9721556,0.9855621,0.97969687,0.9787592,0.9572828,0.97971594,0.9883044,0.9861201,0.98595726,0.9882065,0.9950815,0.98472625,0.9747631,0.97532797,0.9754976,0.97832364,0.9745039,0.98212314,0.9768466,0.9834698,0.9790897,0.9785856,0.97470516,0.9764226,0.96394604,0.98181045,0.97642696,0.9874726,0.9756585,0.97864074,0.98259443,0.99237,0.98897856,0.97552156,0.97868913,0.9781478,0.97463346,0.9678759,0.98475444,0.9797029,0.97740626,0.9934184,0.9813981,0.9840011,0.97915703,0.9691883,0.9819815,0.971694,0.97703516,0.9711137,0.9737676,0.99237,0.982862,0.9859658,0.97958744,0.983065
aftermovie,0.9800338,0.9825735,0.9779848,0.9774485,0.9722827,0.98003924,0.9807818,0.99999994,0.98653585,0.9696049,0.9758527,0.9704087,0.9760753,0.97373194,0.9630269,0.9722784,0.9744007,0.96502215,0.97997534,0.96482927,0.9676421,0.9795256,0.9871766,0.96818066,0.96801263,0.9630775,0.9848837,0.97616625,0.9716527,0.9794216,0.9745461,0.9788803,0.9777435,0.9611281,0.9857267,0.9774223,0.98690313,0.9810718,0.9782364,0.9703785,0.96430326,0.9681564,0.9766612,0.9785805,0.97758436,0.9663549,0.9872317,0.9792704,0.9743665,0.9797462,0.97762275,0.98719066,0.9832649,0.9810782,0.9667639,0.97979486,0.97067505,0.9695487,0.9768323,0.97789824,0.97625244,0.97631407,0.9750046,0.9847191,0.9830839,0.97048914,0.9840481,0.9793593,0.96899235,0.9723199,0.9799901,0.97959125,0.98698044,0.97832614,0.97374487,0.9763604,0.97229743,0.98517674,0.98515934,0.98228794,0.96721184,0.9743181,0.9886679,0.97596896,0.97474587,0.97981334,0.97957397,0.98304665,0.97821105,0.97418624,0.95704156,0.9799901,0.97833246,0.9635054,0.9835544,0.9654305,0.9716032,0.9701685,0.9831961,0.97894233,0.97282326,0.9681313,0.9744509,0.97823507,0.98205787,0.97811043,0.97396195,0.9859122,0.9739194,0.97442037,0.9815425,0.9826243,0.97010905,0.96559143,0.97336537,0.98010796,0.97933996,0.984799,0.9704434,0.98339576,0.98002404,0.9747907,0.9782871,0.9704801,0.9800325,0.96592593,0.97805595,0.96970505,0.96763414,0.9826704,0.9665433,0.96567655,0.9735187,0.96497005,0.9702008,0.9725948,0.9756266,0.9833459,0.9757451,0.9742603,0.98653585,0.980813,0.97168493,0.9853251,0.98207766,0.97426915,0.9658671,0.98282176,0.9810087,0.9723335,0.9820486,0.9883147,0.9760172,0.97066903,0.9789204,0.9825952,0.98000246,0.97808105,0.9734177,0.96601915,0.98653585,0.9765572,0.97786903,0.97134346,0.97697294
ahiddenlifefilm,0.99391717,0.9895086,0.9868939,0.9823498,0.9902247,0.98178995,0.99237,0.98653585,0.9999999,0.98647946,0.9897087,0.9848405,0.98490804,0.98911047,0.986165,0.9861904,0.9862246,0.98502624,0.988785,0.98803484,0.98536164,0.9922044,0.9874038,0.9860005,0.98902917,0.97219455,0.98759514,0.98605984,0.99049103,0.9866397,0.9861923,0.9882744,0.99079806,0.98412865,0.9849042,0.984996,0.9940123,0.98946506,0.987121,0.9838334,0.97828466,0.9888033,0.99111617,0.99251574,0.9910745,0.9894645,0.98647064,0.98500055,0.9778604,0.99337125,0.99491996,0.9890732,0.990165,0.98316145,0.98076135,0.9900283,0.9881877,0.9871189,0.9875059,0.9844525,0.9822287,0.99255323,0.98867697,0.9895524,0.9810684,0.9856529,0.9829586,0.98699963,0.9879659,0.98882663,0.9918882,0.98643416,0.98787117,0.9921241,0.988011,0.986701,0.9839256,0.99030167,0.9852387,0.99069947,0.98924387,0.9873148,0.9857793,0.98851,0.98897964,0.98473316,0.9870288,0.9938033,0.9876175,0.99101955,0.97653264,0.9918882,0.99211335,0.9812783,0.9914962,0.9847486,0.99193007,0.9884478,0.9905467,0.99327075,0.99021965,0.98138356,0.9840806,0.98596054,0.9910089,0.99258417,0.9862503,0.98673946,0.9768494,0.9859221,0.9915729,0.9850738,0.9905562,0.9759332,0.9887459,0.9962634,0.9949097,0.990547,0.9868923,0.993368,0.9886589,0.98508257,0.9885655,0.97726285,0.98457265,0.9829845,0.99069786,0.98772717,0.9872654,0.98824674,0.9875936,0.98094213,0.98494434,0.9746345,0.98787165,0.9776902,0.9924612,0.98252547,0.98963165,0.9925808,0.9999999,0.9914969,0.9885627,0.98525167,0.98411834,0.98402685,0.9855185,0.9874514,0.98081535,0.98805064,0.9927687,0.9869058,0.9911596,0.9794841,0.9856612,0.9909511,0.9882301,0.9875512,0.9818383,0.98595154,0.9999999,0.9927039,0.9912906,0.9909214,0.99212605
alitamovie,0.9798635,0.9755742,0.9705092,0.9763838,0.9840326,0.96484965,0.97896063,0.9696049,0.98647946,0.9999998,0.978719,0.9761271,0.9764717,0.98117447,0.97754997,0.9723109,0.9776793,0.9831625,0.9737817,0.9826275,0.98054963,0.9762355,0.9649457,0.97896874,0.9784271,0.9643422,0.972987,0.97482944,0.976767,0.97156775,0.9710272,0.97632074,0.9688977,0.97626644,0.9658392,0.9706251,0.97931325,0.9777882,0.9719428,0.9689222,0.9625457,0.981912,0.9741981,0.978533,0.97883165,0.97307336,0.9619167,0.97226286,0.96705276,0.98065656,0.98059165,0.9781953,0.9800691,0.97311705,0.97387683,0.986238,0.98198026,0.9823822,0.9765453,0.97178125,0.9705866,0.98003703,0.9812759,0.97028285,0.97180647,0.9767343,0.97137976,0.9761084,0.9786663,0.9718778,0.97906345,0.9748296,0.97651005,0.9772877,0.97861856,0.9801542,0.9736237,0.98044276,0.977226,0.9789943,0.9814525,0.9793019,0.97011435,0.9735184,0.97438586,0.9772292,0.9689854,0.9884245,0.9688225,0.9808504,0.9658837,0.97906345,0.9841909,0.9692975,0.98061174,0.97817224,0.9849773,0.98054266,0.97430325,0.983876,0.97301215,0.9800213,0.9600507,0.9756179,0.98041,0.98007625,0.97672856,0.97158486,0.9639016,0.9745104,0.9739993,0.9717685,0.98372245,0.9678001,0.98090273,0.98644584,0.98082626,0.97223526,0.98090446,0.97832555,0.97336626,0.9744671,0.97930413,0.95368403,0.9619412,0.96459436,0.9869441,0.97209555,0.9770446,0.97662973,0.9786995,0.96256226,0.97270626,0.9608153,0.98003614,0.96352214,0.9849454,0.96871305,0.9759113,0.9829335,0.98647946,0.97244215,0.9823885,0.9652451,0.95990366,0.97123706,0.96959805,0.9678244,0.96528035,0.9751375,0.9814823,0.9722887,0.98699915,0.9661622,0.9690089,0.97283506,0.9733293,0.97912794,0.97778064,0.97754383,0.98647946,0.98041224,0.9803342,0.9756601,0.97831696
angelhasfallen,0.9835058,0.983308,0.97484523,0.97181207,0.98223054,0.97509265,0.98813915,0.9758527,0.9897087,0.978719,0.99999994,0.979851,0.9757699,0.9828476,0.98099625,0.97024167,0.9749618,0.9727129,0.9777755,0.97979856,0.9696456,0.9897196,0.9814234,0.98064613,0.9760032,0.9577545,0.98358357,0.9792031,0.98325425,0.97714984,0.9751316,0.9794951,0.9780369,0.9789419,0.97231936,0.9672772,0.9782599,0.98408514,0.9823947,0.98024994,0.96428627,0.9851173,0.99054384,0.9865495,0.9811236,0.9747973,0.98080164,0.9731598,0.97095585,0.98895174,0.9856688,0.97738516,0.9817601,0.9839444,0.96901643,0.98098975,0.9732264,0.9836507,0.97985303,0.9715143,0.97158337,0.97779036,0.9785548,0.98608875,0.96893495,0.98935753,0.9758685,0.97789145,0.9791532,0.9838918,0.98104733,0.98294723,0.9821912,0.9811229,0.98476744,0.98214114,0.97598153,0.98296255,0.9754934,0.9878681,0.9943355,0.98883605,0.97816026,0.97977567,0.9804177,0.9705886,0.98242986,0.98363864,0.9801377,0.98185366,0.9583379,0.98104733,0.9861519,0.9732565,0.97795534,0.9845793,0.98537534,0.9674945,0.9786604,0.99103755,0.9730217,0.9726087,0.97476834,0.97993565,0.98560643,0.9839924,0.96998435,0.9761199,0.95536274,0.9722053,0.9816298,0.98003846,0.98557264,0.957561,0.9863982,0.9919876,0.9834933,0.98807824,0.98987746,0.9898412,0.97904414,0.97461635,0.97258306,0.9649738,0.98052603,0.97068924,0.9738598,0.98135966,0.9848969,0.9811818,0.970211,0.96964884,0.9739244,0.96334094,0.98406166,0.96389294,0.989537,0.97727656,0.98303866,0.9829829,0.9897087,0.9801986,0.97250134,0.97366786,0.9712331,0.9695286,0.9672677,0.9763956,0.9832564,0.9722617,0.9856417,0.97670203,0.9821598,0.97961426,0.97276586,0.9817203,0.97448045,0.9855675,0.97524506,0.9790011,0.9897087,0.9775653,0.98415035,0.9776036,0.9855511
angrybirdsmovie,0.97574735,0.9811313,0.9843844,0.9808607,0.9788223,0.9804361,0.97733825,0.9704087,0.9848405,0.9761271,0.979851,1.0,0.968375,0.9830046,0.97250015,0.97485435,0.96442956,0.9702385,0.9744657,0.9743262,0.97124237,0.9797225,0.9744834,0.970785,0.97644866,0.9622764,0.9661962,0.96138316,0.98046935,0.9781068,0.9697509,0.97739965,0.97853976,0.97423875,0.975214,0.9796182,0.97610456,0.9693862,0.971161,0.9697552,0.95512754,0.9784557,0.9811795,0.9803314,0.9760562,0.97057295,0.9708665,0.98304904,0.9634518,0.9795457,0.9826934,0.9800743,0.9747996,0.96260077,0.9549766,0.97190076,0.9700354,0.98074573,0.981001,0.9726001,0.9606859,0.9893725,0.9685978,0.9802173,0.97706807,0.97641826,0.96956265,0.9808891,0.9722219,0.97698075,0.9834352,0.97213674,0.97854847,0.97173357,0.97375035,0.9656582,0.95798886,0.9744007,0.9820165,0.98303103,0.9823191,0.9692162,0.9703916,0.9795677,0.98126996,0.9636844,0.9786747,0.98157436,0.97675705,0.9771339,0.96289563,0.9834352,0.9801031,0.9850101,0.9791977,0.9767312,0.981122,0.97309613,0.97807187,0.9870985,0.96870106,0.9753896,0.9706282,0.9694093,0.9797411,0.9783699,0.97488093,0.9652602,0.97171587,0.9806009,0.977361,0.9734754,0.9898278,0.9759303,0.9770788,0.98400176,0.97730744,0.97586054,0.9799785,0.98005664,0.9757235,0.9700639,0.97034496,0.968903,0.9633813,0.97407895,0.979408,0.97940457,0.9700213,0.9821497,0.96469766,0.9648204,0.9572402,0.9507914,0.979125,0.9639153,0.97587717,0.98368275,0.9860174,0.97537076,0.9848405,0.9720752,0.97469604,0.97295815,0.9714699,0.9735211,0.9703363,0.9729689,0.97054064,0.9763983,0.97789603,0.9787175,0.985028,0.9572789,0.96785575,0.9760118,0.97555363,0.9790165,0.97636604,0.9835412,0.9848405,0.98205197,0.97916585,0.97228616,0.97809964
annabellemovie,0.9752633,0.97011226,0.9734981,0.9714458,0.9745088,0.9685279,0.97424287,0.9760753,0.98490804,0.9764717,0.9757699,0.968375,0.9999999,0.9742045,0.9739018,0.977211,0.9765565,0.95894295,0.9745447,0.9774509,0.97757107,0.9783523,0.970227,0.9796302,0.97676146,0.97633827,0.97146225,0.96537447,0.98382527,0.96072954,0.97051924,0.98442715,0.9664002,0.9814664,0.9805112,0.9711145,0.98293555,0.98719597,0.9876393,0.9774019,0.97519153,0.9813806,0.97095656,0.9871311,0.9797104,0.972261,0.9703937,0.9723391,0.9823452,0.98211104,0.9852185,0.98065925,0.98151606,0.9805835,0.9848909,0.97599775,0.97589904,0.9805084,0.9728579,0.9797538,0.9859504,0.97777086,0.98060536,0.9720076,0.97916484,0.97772443,0.9726284,0.97821707,0.97561836,0.9674437,0.9806846,0.98565537,0.97651255,0.97397345,0.9710389,0.98287636,0.9823321,0.9809148,0.9760162,0.96950614,0.9707029,0.9862248,0.97664106,0.9872752,0.9796278,0.9760494,0.9780479,0.9892652,0.96798515,0.97236264,0.95240444,0.9806846,0.98576915,0.9652024,0.98402196,0.96328616,0.9887797,0.9743993,0.9819838,0.9737049,0.9746469,0.9770676,0.9714727,0.9821329,0.97233063,0.9812561,0.96692085,0.9829544,0.97032833,0.9761595,0.9662815,0.9826496,0.97693896,0.97392213,0.9759346,0.9882087,0.9760287,0.97611606,0.97183275,0.9749014,0.97583574,0.97582525,0.9766776,0.9714349,0.9670145,0.96087945,0.9754985,0.9808607,0.98121315,0.9801437,0.9713682,0.9627392,0.9693154,0.97233653,0.9714797,0.9497617,0.9819375,0.9797077,0.9758387,0.9813403,0.98490804,0.98015493,0.98204046,0.970428,0.9685888,0.9724823,0.9754934,0.9797135,0.97832197,0.97774833,0.980456,0.97493607,0.9837887,0.96877176,0.9758729,0.97709566,0.97717017,0.9856635,0.9645854,0.97714883,0.98490804,0.9755646,0.9794781,0.97551674,0.9873452
annamovie,0.9844008,0.99033105,0.9790779,0.97050166,0.97710526,0.97266436,0.9863819,0.97373194,0.98911047,0.98117447,0.9828476,0.9830046,0.9742045,1.0,0.98151547,0.96936893,0.97737825,0.9750513,0.98326087,0.98638237,0.98022014,0.9847279,0.9744817,0.97884566,0.9712248,0.97240293,0.9763231,0.9788808,0.9801858,0.98503935,0.9824758,0.9834048,0.9836147,0.97207755,0.9729453,0.97215265,0.98202276,0.9807574,0.9764342,0.9749023,0.97126234,0.9794847,0.9831431,0.9789633,0.9772015,0.9801352,0.97356045,0.9765719,0.9696261,0.9811443,0.98506486,0.9824619,0.97858477,0.9746258,0.9730093,0.9831277,0.9812659,0.981989,0.98482335,0.97842216,0.9769391,0.985538,0.97299135,0.9886173,0.9811384,0.9849836,0.97216934,0.98741627,0.980627,0.9766486,0.98298466,0.9862629,0.9841232,0.98527324,0.97189593,0.97787744,0.9625268,0.97877294,0.9792193,0.98792976,0.9832937,0.97912747,0.97587717,0.9779906,0.97916675,0.98093885,0.9734245,0.9857516,0.98285097,0.98490447,0.9727976,0.98298466,0.9807454,0.96470594,0.9826862,0.9848784,0.98337746,0.9759904,0.9803029,0.98899144,0.9747209,0.97182953,0.9808058,0.9750603,0.99234384,0.98275274,0.9802611,0.9718886,0.97022593,0.9802615,0.9826257,0.97615707,0.9831455,0.96603644,0.9855064,0.9864152,0.98252964,0.97656786,0.98499167,0.98629093,0.9807701,0.96725744,0.97632587,0.96092254,0.9749583,0.9712272,0.9816531,0.9866695,0.97681624,0.9846227,0.97445524,0.96035665,0.9732155,0.9744645,0.9845257,0.98241335,0.98492104,0.9779884,0.9837862,0.9810057,0.98911047,0.979011,0.97507346,0.97326106,0.9679167,0.9730477,0.9681574,0.97373855,0.97972804,0.9798438,0.98194647,0.97260344,0.98350346,0.9823189,0.9679909,0.98039687,0.98348546,0.97710156,0.9736962,0.9825469,0.98911047,0.9843553,0.97945106,0.97991085,0.98161304
apollo11movie,0.9815829,0.9797412,0.9700145,0.9570004,0.982552,0.97310704,0.9763291,0.9630269,0.986165,0.97754997,0.98099625,0.97250015,0.9739018,0.98151547,1.0000001,0.96978813,0.9621406,0.9762153,0.97312886,0.9917037,0.98584306,0.98706424,0.9620073,0.99476224,0.982494,0.9814782,0.97343856,0.9680439,0.9894141,0.9705987,0.9762962,0.97743034,0.972527,0.9857363,0.96967596,0.9653343,0.9757738,0.97602576,0.9865296,0.9844824,0.97895896,0.98956305,0.98079526,0.9842169,0.9795422,0.97950274,0.9628612,0.9549375,0.96334004,0.98557705,0.98641026,0.9708067,0.9772772,0.97690684,0.96699286,0.9859665,0.97515875,0.9857035,0.985167,0.9772159,0.9770545,0.9813448,0.98362136,0.96796864,0.96757245,0.98561436,0.9544502,0.97734433,0.9874406,0.9721082,0.9801897,0.9739762,0.9733674,0.982643,0.9639054,0.97227347,0.9749906,0.97339934,0.9717225,0.97660255,0.9806986,0.98106647,0.97104084,0.98023766,0.9729074,0.9761211,0.96770585,0.9817079,0.97759926,0.97227603,0.96491385,0.9801897,0.9882044,0.96700037,0.9771523,0.9882831,0.99175674,0.97594714,0.97862595,0.9785066,0.97076017,0.98230076,0.97834116,0.9792538,0.9743311,0.9841028,0.9758675,0.96342605,0.953719,0.9768113,0.9660702,0.98163897,0.9829529,0.9632083,0.9861524,0.98685426,0.9811625,0.9722648,0.9817993,0.97608685,0.9818548,0.97056234,0.96534425,0.96690637,0.9710424,0.9608542,0.98272836,0.984421,0.9862483,0.97576386,0.97756946,0.97123384,0.95918304,0.96364325,0.98580414,0.9620952,0.9789419,0.96179384,0.9794189,0.9821112,0.986165,0.98247653,0.9708264,0.9632672,0.9789985,0.96393937,0.9718092,0.971683,0.9646117,0.97480434,0.97612566,0.9640594,0.97876275,0.9583591,0.9675089,0.97863644,0.9779026,0.9701323,0.9729826,0.9782804,0.986165,0.98573667,0.9720388,0.97783595,0.9853951
arcticdogsmovie,0.9775999,0.9794864,0.9779779,0.9727361,0.97691333,0.9615957,0.9789291,0.9722784,0.9861904,0.9723109,0.97024167,0.97485435,0.977211,0.96936893,0.96978813,1.0000001,0.9747152,0.9686436,0.9763686,0.97158843,0.9737689,0.97332454,0.97537,0.9714174,0.9769432,0.9651489,0.97477144,0.9721155,0.98091894,0.97334546,0.9676368,0.98180324,0.9698841,0.9762771,0.97346586,0.97728133,0.9829691,0.97290975,0.9750351,0.97587967,0.97106427,0.9827803,0.9730723,0.98203874,0.97597,0.9763647,0.9744359,0.971806,0.9702425,0.98179823,0.98072815,0.9773926,0.9767804,0.9591008,0.97067106,0.9719984,0.9784451,0.97883964,0.9637549,0.9688172,0.9748529,0.9799236,0.9765365,0.9714495,0.969792,0.9750009,0.96784836,0.97635084,0.9712763,0.9795937,0.97599494,0.9722222,0.9707101,0.9816953,0.97271615,0.9762906,0.97423315,0.9802533,0.96790564,0.9716101,0.9761363,0.9777993,0.9769538,0.9790693,0.97547776,0.96643555,0.9816784,0.98215353,0.97103834,0.978417,0.97227275,0.97599494,0.9806101,0.9841953,0.9767778,0.9650861,0.98253816,0.9796848,0.9811184,0.97716963,0.98013705,0.972456,0.9671985,0.9705257,0.9718863,0.9757047,0.96908957,0.97802055,0.97559035,0.97455245,0.97140306,0.9730887,0.9781889,0.96544576,0.97355145,0.9821172,0.97748846,0.9739629,0.97161114,0.97756946,0.98188645,0.9774039,0.97675407,0.97083926,0.96414435,0.9699579,0.980134,0.9634013,0.9755926,0.97410285,0.98151696,0.9735474,0.9712848,0.96281546,0.974415,0.96304333,0.97675294,0.96897835,0.9743004,0.9848795,0.9861904,0.9789035,0.9831911,0.9720906,0.97694737,0.9778417,0.97576916,0.9812303,0.9610226,0.9735574,0.9837743,0.9830658,0.9814039,0.95859915,0.9746197,0.9792941,0.9743233,0.97833574,0.9749137,0.9727597,0.9861904,0.9772997,0.9795378,0.9752035,0.9806198
arcticmovie,0.98018855,0.97546244,0.966525,0.9725511,0.971229,0.95362127,0.9768602,0.9744007,0.9862246,0.9776793,0.9749618,0.96442956,0.9765565,0.97737825,0.9621406,0.9747152,1.0000001,0.9621117,0.983714,0.97038263,0.97289956,0.96600723,0.9728832,0.9656389,0.96996653,0.952748,0.9745371,0.98600346,0.96706,0.977825,0.97360986,0.97590905,0.9720712,0.9608143,0.96654284,0.9713969,0.9841911,0.97933865,0.9684452,0.9647106,0.96190083,0.96794975,0.97347045,0.97172874,0.9791652,0.9720854,0.9711349,0.97707987,0.9725563,0.97224456,0.9764964,0.9809473,0.97346854,0.9674164,0.9791247,0.97542965,0.9856993,0.9733878,0.96590745,0.97014856,0.96747065,0.97378796,0.980769,0.97733086,0.9708022,0.96674055,0.9787166,0.9734274,0.9659836,0.97905654,0.9772087,0.9826392,0.9755981,0.9777727,0.9797965,0.98060817,0.97253937,0.9812561,0.96940297,0.97540385,0.9751886,0.97514856,0.9749635,0.9651581,0.9695989,0.973749,0.97133887,0.9858369,0.96511525,0.9795788,0.95706576,0.9772087,0.9749964,0.96222985,0.9747333,0.9655494,0.9723468,0.97774696,0.9723197,0.9805752,0.97994345,0.9676038,0.9623277,0.97112095,0.9833814,0.9754332,0.97028255,0.9787022,0.9647795,0.9664354,0.9824323,0.9657264,0.9729555,0.96091944,0.9734883,0.98358995,0.9797294,0.9752606,0.9699047,0.98055774,0.97072875,0.97648376,0.9864261,0.95289314,0.966121,0.966629,0.9721914,0.96943283,0.9671499,0.98331875,0.97911125,0.956455,0.99397385,0.97138435,0.96996135,0.96940273,0.9903345,0.9704851,0.9717621,0.9807555,0.9862246,0.9727859,0.9803678,0.9714038,0.9592124,0.97788525,0.969531,0.97202796,0.9719136,0.9786252,0.9746365,0.97437143,0.9774377,0.97963583,0.97694236,0.9722174,0.9756973,0.9797032,0.97187316,0.97100574,0.9862246,0.97234005,0.98006016,0.9754822,0.97495866
artofracingmovie,0.98353225,0.97080415,0.9710463,0.96611905,0.9852753,0.9638791,0.9803598,0.96502215,0.98502624,0.9831625,0.9727129,0.9702385,0.95894295,0.9750513,0.9762153,0.9686436,0.9621117,0.99999994,0.96677506,0.97906953,0.97724223,0.97918624,0.9614493,0.97774136,0.98103875,0.9495516,0.9761319,0.96523905,0.9761316,0.97530866,0.9686944,0.96470433,0.9787287,0.97059,0.9565869,0.96592003,0.9692751,0.9729072,0.9602508,0.96883726,0.9615624,0.97851706,0.9779725,0.9744611,0.9729379,0.9823747,0.95963275,0.96153253,0.9431165,0.98058456,0.98014736,0.96367526,0.97161454,0.95833623,0.9630904,0.98692834,0.97864395,0.97173476,0.9717708,0.9553307,0.9566346,0.98373646,0.971481,0.9692467,0.95496064,0.9670519,0.96128833,0.96401334,0.97710437,0.96985114,0.96804065,0.9589107,0.96974754,0.9805991,0.97944677,0.96859205,0.96419686,0.9717883,0.96985686,0.9756379,0.9764142,0.9711044,0.95671093,0.96585464,0.9738865,0.97088665,0.9676694,0.97452646,0.9674054,0.9803379,0.98010784,0.96804065,0.97422385,0.9603206,0.97003824,0.9761915,0.97732985,0.97678393,0.966348,0.98084086,0.9771225,0.96895665,0.9598761,0.9618136,0.9707602,0.97938734,0.97236747,0.96411914,0.9634619,0.97232264,0.97737414,0.9613629,0.98029584,0.9520497,0.97337425,0.97762567,0.9864054,0.9661983,0.9731606,0.97546035,0.9771876,0.96996,0.9657994,0.9572344,0.9690166,0.9721597,0.9876199,0.96551615,0.97699815,0.96689373,0.98192334,0.9686259,0.9617963,0.94712985,0.9810295,0.9697179,0.97772956,0.9536803,0.9689813,0.9824065,0.98502624,0.9784911,0.97726434,0.95926046,0.96538746,0.96411246,0.96943647,0.966452,0.94889444,0.97485447,0.98060507,0.9635778,0.9745009,0.95225805,0.95658064,0.9686897,0.9601466,0.95939445,0.9708729,0.9731787,0.98502624,0.9873471,0.9751498,0.97391504,0.9726236
avengers,0.99172467,0.98137635,0.97201735,0.9664922,0.97596157,0.96630573,0.9769412,0.97997534,0.988785,0.9737817,0.9777755,0.9744657,0.9745447,0.98326087,0.97312886,0.9763686,0.983714,0.96677506,0.9999999,0.97739565,0.97956777,0.976706,0.9803307,0.9718189,0.9722461,0.9662064,0.9731216,0.97597915,0.9757783,0.98213494,0.9915322,0.9801523,0.97475517,0.9603279,0.97726566,0.9823772,0.9853056,0.98349845,0.9757509,0.9718138,0.96868014,0.972343,0.9752348,0.97438735,0.98648727,0.98181605,0.9793741,0.9819768,0.97608775,0.975158,0.9793097,0.9835623,0.97735256,0.9750051,0.97534835,0.97274816,0.9866852,0.9781773,0.97460985,0.9789656,0.9723267,0.9781253,0.9811794,0.97831917,0.9786715,0.97247756,0.9780591,0.98034334,0.97718734,0.98785,0.9811497,0.9848231,0.9749876,0.9774204,0.9720669,0.9748367,0.97271,0.9791138,0.97519445,0.979303,0.9777546,0.97484976,0.9776977,0.9710976,0.97214365,0.9734759,0.969614,0.9853193,0.9750427,0.9795988,0.9633208,0.9811497,0.979294,0.97535527,0.97794825,0.9727362,0.9761526,0.9783567,0.9809299,0.9844819,0.9847081,0.9683962,0.9759179,0.9762788,0.98586655,0.9779097,0.97740084,0.97477996,0.9658837,0.98068076,0.98387074,0.9702698,0.9815049,0.9722556,0.9808667,0.9862199,0.9860976,0.9841225,0.9756922,0.98315686,0.9749624,0.97416437,0.982885,0.9580505,0.97635025,0.97533375,0.9784239,0.9814297,0.97027266,0.98862594,0.9758299,0.96148247,0.98460436,0.9744853,0.97884846,0.97163373,0.9856735,0.9785114,0.97640824,0.9817872,0.988785,0.97680944,0.98348176,0.9757972,0.9716471,0.97816706,0.98034555,0.979891,0.9729392,0.9806307,0.9777422,0.97685856,0.98185474,0.98194045,0.9804501,0.9758132,0.99093646,0.97844684,0.97561306,0.9815203,0.988785,0.9827706,0.97100216,0.98510545,0.9763972
beachbummovie,0.984438,0.98023504,0.9685207,0.9641358,0.98063165,0.97117597,0.9811107,0.96482927,0.98803484,0.9826275,0.97979856,0.9743262,0.9774509,0.98638237,0.9917037,0.97158843,0.97038263,0.97906953,0.97739565,1.0,0.9863275,0.98576975,0.96479845,0.98968816,0.982511,0.97797114,0.97347337,0.96874166,0.9856516,0.9732742,0.97646195,0.97926056,0.9770004,0.9827436,0.96892625,0.96760756,0.978061,0.9770193,0.978919,0.97937113,0.9748224,0.9858865,0.9818689,0.9824504,0.9740958,0.97744244,0.9647413,0.96004105,0.96275216,0.98364145,0.9882267,0.9744895,0.977504,0.97458744,0.9685345,0.9862872,0.98277277,0.9849241,0.9837016,0.974493,0.9754506,0.98524725,0.9831237,0.97639817,0.96606785,0.9822435,0.9580036,0.9809188,0.98850095,0.97568107,0.9776304,0.979726,0.97717285,0.98143625,0.9714713,0.9791222,0.97463554,0.9732292,0.9675474,0.9760173,0.9806266,0.9813954,0.9686416,0.98030543,0.976413,0.9755422,0.9668232,0.9855481,0.9718458,0.9767015,0.9726277,0.9776304,0.98572946,0.9627462,0.9792447,0.98274595,0.99210757,0.98529696,0.9810415,0.9832411,0.97308826,0.98281074,0.97655123,0.97325104,0.9783499,0.986419,0.97718465,0.9678281,0.95546323,0.97964215,0.97170234,0.979902,0.9818559,0.9668972,0.9863693,0.98862934,0.98373187,0.9749055,0.9835209,0.98224133,0.9800658,0.9784334,0.9687095,0.96559954,0.9707917,0.9646747,0.98453397,0.9829391,0.9825237,0.98039216,0.9791848,0.9691545,0.96835035,0.9645914,0.9837839,0.9662852,0.98189604,0.96695036,0.9759784,0.98559064,0.98803484,0.98094565,0.97432977,0.96278626,0.9689635,0.9697024,0.97209716,0.97343904,0.9666541,0.9840643,0.97685283,0.963224,0.98411274,0.9697329,0.9685356,0.9737546,0.9788651,0.9697947,0.9689294,0.9819432,0.98803484,0.9842129,0.97838634,0.97511584,0.98611057
bernadettefilm,0.9845873,0.97527033,0.9734861,0.9579685,0.97790956,0.96941984,0.9727868,0.9676421,0.98536164,0.98054963,0.9696456,0.97124237,0.97757107,0.98022014,0.98584306,0.9737689,0.97289956,0.97724223,0.97956777,0.9863275,0.9999999,0.9748518,0.96293074,0.9826823,0.9791902,0.97434,0.97318715,0.96609765,0.9828101,0.96978474,0.9836832,0.9798947,0.9703038,0.9770314,0.9686516,0.97200096,0.97654223,0.98126024,0.9803284,0.9814284,0.97433025,0.9815267,0.9722147,0.97592574,0.9812202,0.9803262,0.96298325,0.9677706,0.96480775,0.9784414,0.97888976,0.9764256,0.9753044,0.9666533,0.97155046,0.9822316,0.98147297,0.9757145,0.97666204,0.972285,0.97400415,0.98190194,0.98006725,0.9641587,0.97057354,0.9694258,0.9671058,0.9773597,0.98263764,0.97048134,0.97705996,0.97445637,0.9680412,0.9816334,0.96520495,0.9740553,0.9705903,0.9693614,0.9745116,0.96794176,0.9735466,0.9717931,0.9636119,0.9717453,0.9681288,0.98310053,0.9641252,0.9831833,0.9668213,0.9722817,0.9685805,0.97705996,0.97811306,0.9652189,0.97704893,0.9759546,0.98569167,0.9813276,0.97424483,0.97871464,0.9761482,0.9803187,0.9656946,0.9751034,0.9704789,0.9751688,0.9766135,0.9692365,0.96419716,0.9811683,0.96786904,0.9708998,0.9779722,0.96451604,0.97912544,0.9832718,0.987226,0.9670875,0.9776721,0.9685142,0.97834295,0.9681501,0.9666907,0.95981205,0.9701014,0.97141075,0.98702055,0.97940934,0.98144126,0.975046,0.9886586,0.9556231,0.9693837,0.963308,0.97550744,0.96282744,0.979943,0.96598715,0.9727265,0.98102164,0.98536164,0.9755358,0.9807145,0.96113896,0.97176903,0.9703192,0.9740285,0.96804804,0.95853037,0.9817019,0.9748496,0.964458,0.97929585,0.9570213,0.9647189,0.97027785,0.9781319,0.96899265,0.968927,0.97206163,0.98536164,0.98798585,0.97307867,0.97826713,0.97458094
