movie,21bridgesmovie,47metersdown,abeautifuldaymovie,abominablemovie,adastramovie,adogsjourneymovie,aftermathmovie,aftermovie,ahiddenlifefilm,alitamovie,angelhasfallen,angrybirdsmovie,annabellemovie,annamovie,apollo11movie,arcticdogsmovie,arcticmovie,artofracingmovie,avengers,beachbummovie,bernadettefilm,blackandbluemovie,blackchristmas,blindedbythelightmovie,bombshellmovie,booksmart,breakthroughmovie,brianbanksmovie,brightburnmovie,brittanyrunsmov,captainmarvelofficial,captivestatemovie,catsmovie,charliesangels,childsplaymovie,clarathefilm,coldpursuitmovie,countdown,currentwarmovie,darkwatersmovie,detectivepikachumovie,disneyaladdin,disneyfrozen,disneymaleficent,doctorsleepmovie,dolemiteismyname,dontletgomovie,doramovie,downtonabbey_official,dumbo,escaperoom,everybodyknowsmovie,fastandfuriousmovie,fightingwmyfam,fivefeetapartfilm,fordvferrari,freaksthefilm,geminimanmovie,glassmovie,gloriabellmovie,godzillamovie,goldfinchmovie,goodboysmovie,goodliarmovie,gretafilm,halathemovie,happydeathdaymovie,harrietfilm,hellboymovie,hersmellmovie,highlifemovie,highstrungmovie,honeyboymovie,hotelmumbaifilm,httydragon,hustlemovie,hustlersmovie,isntitromantic,itmovieofficial,jayandsilentbob,johnwickmovie,jojorabbitmovie,jokermovie,judythefilm,jumanjimovie,justmercyfilm,knivesout,lalloronamovie,lastblackmansf,lastchristmasthemovie,latenightmovie,lighthousemovie,lionking,littlethemovie,littlewomenmovie,littlewoodsfilm,longshotmovie,lordsofchaosmovie,lucyintheskyfilm,mamovie2019,marriagestory,meettheaddams,meninblack,midsommarmovie,midwaymovie,missbalamovie,missinglinkfilm,motherlessbklyn,onceinhollywood,onthebasisofsex,overcomermovie,peanutbutterfalcon,petsematarymovie,piercingmovie,playingwithfire,playmobilthemovie,pomsmovie,queenandslim,rambomovie,readyornotfilm,richardjewellfilm,rocketmanmovie,scarystoriesmovie,secretlifeofpets,serenityfilm,shaftmovie,shazammovie,spidermanmovie,spiesindisguise,starwars,stormboymovie,stubermovie,taosdfilm,teenspiritmov,terminator,theaeronautsmov,thebestofenemies,thedeaddontdie,thefarewell,thehighwaymen,thehummingbirdprojectfilm,theintrudermovie,theirishmanfilm,thekitchenmovie,thelegomovie,themustangfilm,thenightingalefilm,theprodigymovie,thesunisalsoastar,theupsidefilm,tolkienmovie,toystory,triplefrontier,uglydolls,uncutgems,underthesilverlake,usmovie,wavesmovie,whatmenwant,wonderparkmovie,wrinklestheclown,xmenmovies,yardiefilm,yesterdaymovie,zombieland
21bridgesmovie,0.99999994,0.9382615,0.9733696,0.9370501,0.9621951,0.93447226,0.97588605,0.95022637,0.97973424,0.96097153,0.96505225,0.93769675,0.9618976,0.97332495,0.9439726,0.95958984,0.95383376,0.9533746,0.97754925,0.9328454,0.95342904,0.9559382,0.9740875,0.9643831,0.94259,0.46682805,0.94952416,0.94535613,0.95774573,0.96016,0.9592574,0.9685092,0.9389129,0.92571354,0.95273703,0.88163227,0.97371364,0.96472603,0.9493803,0.94467,0.95241135,0.95641303,0.93710065,0.9673379,0.9585513,0.9577997,0.9643068,0.9705302,0.9655372,0.97071046,0.9650798,0.9743305,0.94454724,0.9333948,0.9389621,0.9604704,0.94236505,0.9490214,0.9778323,0.973676,0.9644654,0.9553987,0.9504764,0.96974754,0.93412334,0.949881,0.95237494,0.9637915,0.9585018,0.93063533,0.9756754,0.40230855,0.9234107,0.96010834,0.9488281,0.9123625,0.87874144,0.9484345,0.9686185,0.94085914,0.95181197,0.9486491,0.9681994,0.97505057,0.9439277,0.95874685,0.9597557,0.9702705,0.95924675,0.9661427,0.95701694,0.9756754,0.95787233,0.9421163,0.9671595,0.95863634,0.96060526,0.95392704,0.960018,0.9629273,0.956231,0.9651989,0.96972567,0.9730829,0.96127164,0.96548134,0.95399636,0.9619126,0.954136,0.94420624,0.9796931,0.40911302,0.9574939,0.88221484,0.9451325,0.9736727,0.994319,0.95480686,0.96591705,0.9705757,0.941727,0.95658326,0.95902526,0.92807484,0.94666934,0.9605919,0.97223955,0.94993275,0.9497239,0.9047939,0.9537732,0.96975005,0.9563838,0.91362095,0.9533256,0.9525995,0.96611637,0.9386668,0.9705857,0.95092744,0.97973424,0.9653066,0.9366803,0.94702035,0.92782813,0.97197926,0.95505965,0.9416601,0.96239316,0.96511334,0.9675591,0.9576772,0.96392983,0.92117137,0.96790814,0.97275037,0.96299815,0.95840037,0.9493512,0.95375127,0.97973424,0.9334029,0.9727352,0.9757228,0.96412766
47metersdown,0.9382615,1.0,0.940414,0.9065,0.94177616,0.90643233,0.95367634,0.9528055,0.9623599,0.9418251,0.9575536,0.94460833,0.9435727,0.93537796,0.95949906,0.93738186,0.94699097,0.9555413,0.93494326,0.9370074,0.9615883,0.9291522,0.96245277,0.93229425,0.9395991,0.4980728,0.92711866,0.9348558,0.95118934,0.9385554,0.94165605,0.94078195,0.92521995,0.9325807,0.9333424,0.89159817,0.92372906,0.9643829,0.9440374,0.9527211,0.9228198,0.94148445,0.894423,0.95137644,0.9461696,0.94493806,0.9653923,0.9367945,0.9400211,0.9446827,0.95210266,0.9597376,0.922894,0.8748163,0.9425364,0.9604537,0.9311393,0.94043624,0.961356,0.9667109,0.9494385,0.9469252,0.9294601,0.94398665,0.9537722,0.94904983,0.92541337,0.96357703,0.9561051,0.9340249,0.96736485,0.40667638,0.9566618,0.9401141,0.92253125,0.9360236,0.8190988,0.9351616,0.9353579,0.9091701,0.96083456,0.9348887,0.95267224,0.92960405,0.9304191,0.91783947,0.9406556,0.93253154,0.96204346,0.9533156,0.94841766,0.96736485,0.9413402,0.9286221,0.93797636,0.9459713,0.9460751,0.9474316,0.9430427,0.95889264,0.9234393,0.9433782,0.9361378,0.9590916,0.9468444,0.94205457,0.94715506,0.93365353,0.95136964,0.930644,0.9491035,0.42534816,0.9523972,0.8519007,0.9544494,0.945279,0.94841874,0.93584824,0.9666109,0.9398936,0.9575147,0.9535466,0.9525122,0.91839963,0.9695291,0.951566,0.9541693,0.9240335,0.9330928,0.88310844,0.9404194,0.95278,0.95331115,0.93404,0.94020855,0.9337797,0.93560004,0.9502398,0.9631498,0.9513578,0.9623599,0.9488453,0.934945,0.947532,0.9463744,0.9557235,0.9418971,0.93525994,0.93791306,0.9243165,0.946668,0.93157583,0.9500863,0.891946,0.93583775,0.9516168,0.95988345,0.9641242,0.94952416,0.9419648,0.9623599,0.9389758,0.9524471,0.95152783,0.9490351
abeautifuldaymovie,0.9733696,0.940414,1.0000005,0.93954444,0.96415037,0.9231765,0.9697546,0.95911443,0.98346955,0.9597109,0.94493,0.97557783,0.97249013,0.9671996,0.9598726,0.963235,0.9625242,0.9713474,0.9710988,0.9568717,0.9546336,0.9685828,0.97465956,0.95764667,0.95441645,0.40948385,0.96308076,0.96361166,0.96902394,0.9632038,0.967975,0.9650535,0.96133906,0.9371239,0.96636766,0.87547874,0.96755743,0.975576,0.96719104,0.9381886,0.9664066,0.9645151,0.92046916,0.9789212,0.97837454,0.97275305,0.96950346,0.9796877,0.9693242,0.9754663,0.9779633,0.97086704,0.93254757,0.9131103,0.9599739,0.9636124,0.9601967,0.958182,0.9647727,0.97066367,0.9828112,0.97038525,0.9556206,0.9756788,0.93553156,0.96499354,0.9396712,0.9689485,0.96436596,0.95128936,0.97433317,0.3223497,0.9324648,0.96598077,0.9222221,0.9180371,0.8583342,0.9479604,0.9511452,0.9177692,0.9555919,0.95360553,0.9754749,0.97166204,0.97041386,0.96823174,0.9713631,0.95582604,0.97967666,0.96946895,0.95613647,0.97433317,0.96657574,0.964835,0.98328793,0.9694306,0.9569903,0.96591276,0.9598527,0.95873815,0.9635464,0.96531266,0.9554231,0.973707,0.96901244,0.971992,0.9669136,0.9652193,0.9672271,0.95273215,0.97728205,0.3518429,0.96258664,0.88450384,0.95951414,0.95186996,0.9773894,0.9701793,0.96475023,0.9687816,0.96129835,0.9550329,0.9752093,0.95234364,0.9569967,0.9572585,0.95683813,0.96320814,0.9619858,0.8967735,0.9364761,0.97406876,0.9607006,0.94306177,0.9594528,0.951021,0.95344883,0.9500389,0.9768622,0.97211474,0.98346955,0.98100513,0.93885714,0.9623233,0.9313912,0.98237634,0.9667141,0.96802646,0.96809536,0.97175723,0.97710335,0.97773504,0.9601663,0.8811933,0.97033066,0.9659373,0.9668546,0.9678242,0.960112,0.9484007,0.98346955,0.956668,0.972752,0.97986025,0.982227
abominablemovie,0.9370501,0.9065,0.93954444,1.0000001,0.93467194,0.9268526,0.91758794,0.92233336,0.9482847,0.9232892,0.92831063,0.887375,0.95120806,0.9433415,0.95055807,0.93744355,0.92180866,0.92025477,0.9366289,0.9148623,0.9109663,0.92941296,0.93082315,0.9527278,0.93732697,0.35970753,0.9045566,0.9140671,0.9279971,0.93131334,0.9138831,0.9439549,0.950281,0.89320445,0.9082251,0.83324194,0.94020826,0.94733024,0.94391215,0.90506077,0.9428237,0.93603015,0.869064,0.9315654,0.94521624,0.9236051,0.9155605,0.92483824,0.9365818,0.93881303,0.9266243,0.9493348,0.896032,0.9111511,0.91460246,0.9267286,0.90202445,0.92676324,0.9403755,0.92736197,0.942242,0.95440423,0.9521228,0.9365158,0.92128026,0.9237252,0.92237854,0.94512296,0.92241037,0.94338626,0.92897666,0.34550232,0.8817201,0.90468925,0.91300297,0.9082477,0.8267297,0.9150727,0.9232376,0.8900755,0.9386513,0.92236173,0.93001753,0.94985294,0.92916954,0.9389778,0.9332871,0.94789964,0.921755,0.8996761,0.9148929,0.92897666,0.9304888,0.91655743,0.92438793,0.96100736,0.91599685,0.9257133,0.9030479,0.9253249,0.9282756,0.9493591,0.9265345,0.920653,0.9318761,0.93212783,0.92370003,0.91170865,0.91516,0.93069434,0.9499266,0.3487598,0.93047386,0.8182359,0.94079936,0.93298656,0.9406378,0.9477121,0.92995566,0.9104144,0.92579776,0.90995705,0.92496216,0.925124,0.9052118,0.9193995,0.9260371,0.91922563,0.93124074,0.83907497,0.9179238,0.93896943,0.9168533,0.9077332,0.9259751,0.9332021,0.9341521,0.9441909,0.93367475,0.9243313,0.9482847,0.9227279,0.9161065,0.91168135,0.8963142,0.94638693,0.92111516,0.9173901,0.92845684,0.9222498,0.9304085,0.9263119,0.93408996,0.8648736,0.92384595,0.91941965,0.94793296,0.9004628,0.91925204,0.9297481,0.9482847,0.9379102,0.94932187,0.940099,0.9198725
adastramovie,0.9621951,0.94177616,0.96415037,0.93467194,1.0,0.90053546,0.9763653,0.9624032,0.98224807,0.9612891,0.9502234,0.93333536,0.96570134,0.9682041,0.95628285,0.96299446,0.96645266,0.9538503,0.96535224,0.9437959,0.9510579,0.95333487,0.9745918,0.95435923,0.9411584,0.45840514,0.95640296,0.9649569,0.9652468,0.9687983,0.9624525,0.9657174,0.93662536,0.94411516,0.9479365,0.90988225,0.9703131,0.9760329,0.95489156,0.94653106,0.943303,0.97079253,0.9275637,0.9767352,0.9660317,0.9663704,0.96753216,0.96420705,0.93507046,0.9802062,0.9672446,0.96929574,0.93814313,0.9420865,0.95839226,0.9597262,0.95369065,0.96086055,0.96189827,0.970092,0.96075904,0.96612525,0.9656237,0.96245307,0.9344793,0.9586638,0.9441015,0.9572415,0.96490645,0.9439636,0.9720808,0.40875745,0.9246485,0.9571945,0.92442393,0.932469,0.859049,0.9323006,0.9513001,0.91480625,0.9316168,0.9629741,0.96086633,0.96165663,0.95145696,0.93937266,0.94840133,0.9514039,0.9614578,0.96431273,0.965971,0.9720808,0.97155255,0.96602166,0.962374,0.9348833,0.96040773,0.9560519,0.9612229,0.96105593,0.9717383,0.96339273,0.94860584,0.973022,0.95362526,0.9647031,0.97800803,0.95560753,0.9635934,0.95117974,0.974052,0.39914283,0.95280105,0.9024621,0.96089774,0.9325831,0.9627903,0.95961803,0.96186644,0.95803267,0.95237976,0.9604818,0.9762092,0.926948,0.96641666,0.9685996,0.96009785,0.9522943,0.9719573,0.8915956,0.9293136,0.9755144,0.97734785,0.9366224,0.94847137,0.96358365,0.9352176,0.9414373,0.9682435,0.96063644,0.98224807,0.97283936,0.9563955,0.9407995,0.94581985,0.96914035,0.9610694,0.9474763,0.9622589,0.94700724,0.9662434,0.95937294,0.96917427,0.8968032,0.9531666,0.95716876,0.9592935,0.94442856,0.96031445,0.9310625,0.98224807,0.9588559,0.9648767,0.9621917,0.95700604
adogsjourneymovie,0.93447226,0.90643233,0.9231765,0.9268526,0.90053546,1.0000001,0.9244343,0.9145589,0.9404427,0.9023125,0.9195315,0.90579396,0.9303259,0.93015456,0.92318,0.93107843,0.91074806,0.9448436,0.9032675,0.9020869,0.9258634,0.9259607,0.9299461,0.94658625,0.8839664,0.42062855,0.9128357,0.9074203,0.9222698,0.9248425,0.9057428,0.9245779,0.92648125,0.9296034,0.9235236,0.8088191,0.9301324,0.9202028,0.93156385,0.90927523,0.91448617,0.92172074,0.8580438,0.9230575,0.9293325,0.9097426,0.9243613,0.9029796,0.92053574,0.9223655,0.92940074,0.93256044,0.9043958,0.8973035,0.8904672,0.94266874,0.8501165,0.9279875,0.93759173,0.9371692,0.92469853,0.93834496,0.9099592,0.9453645,0.9015918,0.92307484,0.951109,0.91089606,0.9311566,0.93715173,0.9376146,0.37267572,0.90054667,0.9319956,0.9146585,0.9121758,0.8686922,0.91504717,0.90120804,0.8813771,0.92959446,0.90655,0.9377673,0.94691896,0.9284069,0.91832423,0.914183,0.9306404,0.9430571,0.9025372,0.91547376,0.9376146,0.89406216,0.90146756,0.92644715,0.9225655,0.91418296,0.9083724,0.9259417,0.9419869,0.89686763,0.92416346,0.8975688,0.9333688,0.9012222,0.9440263,0.901429,0.9385145,0.89180326,0.92570317,0.9398184,0.37829742,0.94616944,0.8234559,0.9258107,0.95028335,0.9476833,0.94621664,0.9382552,0.9249874,0.9408139,0.91211396,0.91079897,0.9551141,0.9041204,0.92014974,0.93729657,0.90440893,0.88955384,0.84805053,0.92489815,0.91032803,0.8924086,0.90143025,0.9446093,0.9159691,0.9624405,0.92559433,0.94219077,0.904783,0.9404427,0.89377105,0.8970235,0.92737275,0.9142542,0.92940503,0.9175382,0.9024501,0.9461895,0.93921447,0.94962597,0.9112286,0.9172349,0.8536865,0.920665,0.93507,0.941196,0.9148549,0.93733686,0.9442726,0.9404427,0.92172027,0.94347614,0.9462472,0.90192413
aftermathmovie,0.97588605,0.95367634,0.9697546,0.91758794,0.9763653,0.9244343,1.0000001,0.96683276,0.9867509,0.9737911,0.9704113,0.9482424,0.9580043,0.9758062,0.96011585,0.96554214,0.9662181,0.96583074,0.96610814,0.951456,0.9614502,0.9552979,0.98143405,0.95620495,0.9272021,0.4929509,0.96374047,0.96831465,0.96294105,0.9668216,0.97062945,0.9640437,0.9421977,0.9558653,0.9639701,0.91386634,0.9714997,0.9683278,0.95114225,0.9617422,0.94863635,0.97042704,0.9383137,0.9780183,0.96421206,0.9617272,0.9771878,0.9633357,0.9508466,0.97769594,0.97270375,0.9740181,0.9537331,0.9318583,0.9564006,0.9719198,0.9297818,0.96592665,0.9813539,0.98239374,0.9651704,0.96379393,0.95835066,0.9751078,0.9442884,0.9698351,0.9576793,0.96635747,0.97773045,0.94182104,0.98543555,0.4183052,0.936747,0.9756794,0.9479642,0.9342653,0.87258714,0.93973666,0.9645751,0.9231398,0.9506464,0.9708802,0.9794347,0.9664198,0.95209223,0.951079,0.9491629,0.9552886,0.97665095,0.980704,0.9775937,0.98543555,0.9697462,0.95987564,0.9745931,0.9435102,0.97743064,0.96184915,0.98272556,0.9749686,0.95483655,0.9605826,0.95392966,0.9853392,0.9523825,0.9695104,0.9833713,0.9704506,0.96554726,0.95768833,0.981764,0.43484798,0.9742118,0.9150653,0.9605949,0.9547971,0.977968,0.9563511,0.97423923,0.9880896,0.96968687,0.97036207,0.97635144,0.94115156,0.9762325,0.97880864,0.9748801,0.9482906,0.9511895,0.9138106,0.9451457,0.9703393,0.97492534,0.9468998,0.9686409,0.961828,0.95711297,0.94671905,0.9833798,0.9514883,0.9867509,0.9687717,0.9526626,0.94974923,0.95657325,0.9729393,0.9766912,0.95132303,0.9712536,0.96327186,0.98793316,0.96154666,0.97235763,0.8960497,0.9627009,0.97553986,0.9708083,0.9656302,0.97534704,0.9629356,0.9867509,0.95874655,0.97446764,0.98183966,0.95894545
aftermovie,0.95022637,0.9528055,0.95911443,0.92233336,0.9624032,0.9145589,0.96683276,1.0,0.9787295,0.93197155,0.9457081,0.9534859,0.9684996,0.9569608,0.94873273,0.9527992,0.9652422,0.94091636,0.954119,0.9499685,0.9627607,0.9590269,0.9649964,0.9339607,0.9262341,0.5706517,0.93711877,0.97163886,0.9646405,0.9609906,0.96123606,0.9680104,0.93438363,0.94156337,0.9700712,0.9359227,0.9496549,0.97232646,0.9687641,0.9665036,0.94610906,0.9690395,0.9323351,0.97117656,0.9685529,0.9748667,0.966757,0.96880037,0.95570666,0.9726425,0.9651767,0.97489285,0.9525534,0.9307549,0.97585857,0.9533809,0.94537467,0.97299135,0.9627824,0.9712058,0.9581209,0.96302164,0.95114887,0.9570233,0.9545149,0.97597265,0.96056366,0.96482193,0.9683977,0.9612805,0.9733164,0.48088115,0.96757394,0.96861404,0.9331245,0.9394981,0.8838739,0.9304806,0.95768017,0.9071622,0.93872476,0.9706749,0.95844996,0.9587444,0.95072,0.94457936,0.94843173,0.9600605,0.958819,0.9544579,0.9669106,0.9733164,0.95756537,0.95869464,0.9513578,0.9471934,0.9557017,0.96360856,0.9475087,0.9531462,0.97102255,0.9694109,0.9480284,0.9683105,0.9512836,0.9649266,0.9585317,0.9620132,0.95735794,0.9545103,0.9696851,0.49313578,0.9640091,0.93371856,0.96230257,0.9326633,0.9585926,0.9648768,0.9707027,0.96679837,0.95620644,0.97083056,0.9846418,0.93980974,0.96273416,0.9711106,0.9589616,0.9642821,0.95822346,0.8860533,0.92800784,0.9588832,0.9769286,0.9199655,0.9660762,0.9545697,0.93814397,0.96050644,0.96901447,0.9584387,0.9787295,0.9647263,0.97034717,0.95164967,0.9482995,0.96527964,0.95931196,0.95992213,0.96059495,0.9483155,0.96267754,0.96515244,0.95615685,0.87117594,0.9567543,0.96753776,0.96383655,0.9530202,0.97589356,0.944002,0.9787295,0.93759024,0.96049935,0.9685047,0.94875425
ahiddenlifefilm,0.97973424,0.9623599,0.98346955,0.9482847,0.98224807,0.9404427,0.9867509,0.9787295,1.0000002,0.9713998,0.97213674,0.9635997,0.9844571,0.9824728,0.97568315,0.9800585,0.97668606,0.9756934,0.97488886,0.9637554,0.9780738,0.97196674,0.9900875,0.97230065,0.9553115,0.47044933,0.96047425,0.9758262,0.98341846,0.9796569,0.9809493,0.9820216,0.956092,0.9663561,0.97105825,0.9060442,0.98313236,0.98698664,0.976847,0.9707615,0.9689737,0.9879717,0.9411314,0.99161845,0.986632,0.9816964,0.98475075,0.9840059,0.9708242,0.99326897,0.9843256,0.9910731,0.9628055,0.9448276,0.97428304,0.97836626,0.95265985,0.98281807,0.9863123,0.99099046,0.98097575,0.9812875,0.97432876,0.98097754,0.96001565,0.979281,0.96884626,0.9833747,0.9810413,0.96387035,0.99160206,0.41475475,0.9545833,0.9781781,0.95407426,0.94257224,0.88365096,0.9599604,0.971097,0.9340448,0.964984,0.9663515,0.9848881,0.98380923,0.971908,0.96630675,0.96957785,0.97729546,0.98241085,0.9789974,0.9806305,0.99160206,0.97379327,0.9756559,0.9750874,0.9666475,0.97733974,0.97655535,0.9759706,0.98131245,0.9793267,0.97902566,0.9666299,0.99023926,0.9700547,0.98206043,0.9836502,0.9813457,0.96681696,0.97468185,0.989997,0.40983078,0.9778702,0.9041506,0.9775984,0.96805423,0.98704237,0.97846156,0.9831205,0.97669554,0.97644407,0.9762633,0.9894681,0.9611227,0.9782003,0.9841036,0.9811274,0.9693726,0.9769099,0.9123655,0.9536197,0.98190844,0.97844195,0.9465061,0.97966284,0.97565323,0.968132,0.97047234,0.9911394,0.9756209,1.0000002,0.980026,0.97139734,0.9718206,0.9670615,0.986641,0.98031455,0.96635413,0.9832626,0.973181,0.98256767,0.97800446,0.9826125,0.9045645,0.9726693,0.9838321,0.9859025,0.9713424,0.98079634,0.9659482,1.0000002,0.96458024,0.98899657,0.9920254,0.97409153
alitamovie,0.96097153,0.9418251,0.9597109,0.9232892,0.9612891,0.9023125,0.9737911,0.93197155,0.9713998,0.9999999,0.94620615,0.93342733,0.95832044,0.9631657,0.95020247,0.9411077,0.94563746,0.9528601,0.9663949,0.93316627,0.9503937,0.9378247,0.97534215,0.9465831,0.92448133,0.4408704,0.94536895,0.9407326,0.9522588,0.93067515,0.97082025,0.9454732,0.9125973,0.927242,0.934525,0.85931414,0.95447236,0.95444065,0.93743426,0.9424049,0.93186957,0.958792,0.8968152,0.96024865,0.94893134,0.9494383,0.9688483,0.94189286,0.9349532,0.9646897,0.9597166,0.96076846,0.9375778,0.89448845,0.94212484,0.95867836,0.9135304,0.94734037,0.9709326,0.9661399,0.95450896,0.9527317,0.96140444,0.9600166,0.93311805,0.9387149,0.93712234,0.9599679,0.94311565,0.91299236,0.9729792,0.36486158,0.9043211,0.9538095,0.91322726,0.93299854,0.8730322,0.9340379,0.9524608,0.91197854,0.9349204,0.93692374,0.96412563,0.9498203,0.95071375,0.9332819,0.9445598,0.95066184,0.96595156,0.9599066,0.9483297,0.9729792,0.9487156,0.9528306,0.9554938,0.9335324,0.94874096,0.9530573,0.96383226,0.95747846,0.9422704,0.95557046,0.93378717,0.9673426,0.95998263,0.9523166,0.9664255,0.9525328,0.9469385,0.9349301,0.95806676,0.41767675,0.94492775,0.8548308,0.9465125,0.95443535,0.9635593,0.93872404,0.94617414,0.95295376,0.9466025,0.9378451,0.95621926,0.92726344,0.97065485,0.9582503,0.9501821,0.94164866,0.9431228,0.9017509,0.948757,0.952532,0.9439915,0.9245765,0.95246834,0.9297742,0.9426221,0.9300533,0.9717203,0.93939745,0.9713998,0.95843834,0.93914455,0.9424039,0.93858904,0.96348476,0.96465355,0.92427766,0.945995,0.95969033,0.9661377,0.94142324,0.96530735,0.91630864,0.9605747,0.95642215,0.9589437,0.95584464,0.95206594,0.9461512,0.9713998,0.9331991,0.9571514,0.96793586,0.96079576
angelhasfallen,0.96505225,0.9575536,0.94493,0.92831063,0.9502234,0.9195315,0.9704113,0.9457081,0.97213674,0.94620615,1.0000002,0.92384154,0.94739187,0.9545526,0.9425671,0.95888996,0.9516147,0.9557553,0.95036083,0.9330922,0.95433086,0.9503034,0.9692839,0.96203357,0.93099713,0.47624087,0.9400812,0.94550234,0.9607134,0.9495405,0.9456757,0.9597367,0.9343413,0.9402668,0.93259,0.8869406,0.9463386,0.9603067,0.9503204,0.9502212,0.94590414,0.9552458,0.93000484,0.96750253,0.952907,0.9463602,0.95956576,0.9525034,0.95679915,0.9658787,0.9586111,0.9692117,0.9429264,0.9208343,0.93420106,0.95970476,0.9113157,0.948073,0.9795699,0.96892726,0.9597661,0.9470468,0.9388465,0.9517599,0.9464416,0.96115404,0.9343351,0.95724034,0.97033256,0.9396823,0.9688434,0.43828645,0.93191457,0.9478672,0.96795154,0.9132505,0.84727585,0.9388692,0.95306396,0.9259687,0.97798234,0.9393473,0.96299046,0.9629203,0.9321564,0.93499196,0.9489643,0.9559807,0.9481512,0.9663544,0.9653801,0.9688434,0.96078485,0.9359229,0.9408985,0.9530447,0.9782966,0.9450383,0.9490095,0.96717167,0.9357817,0.95116144,0.9695286,0.96907,0.9331383,0.95391923,0.9545059,0.95467794,0.94606763,0.9429135,0.97474414,0.4122244,0.97052795,0.870914,0.96130484,0.96540564,0.97124344,0.94338775,0.9633517,0.955006,0.9629671,0.9594421,0.9573765,0.932121,0.94882625,0.9644381,0.9617742,0.9334376,0.9452159,0.90143275,0.9353162,0.9585993,0.9635564,0.9277136,0.95436686,0.9423572,0.9585244,0.9520997,0.96649545,0.948795,0.97213674,0.95880806,0.94156224,0.95420885,0.95515144,0.96638817,0.964036,0.9291638,0.9659782,0.9473525,0.9570964,0.9346364,0.9728513,0.8858002,0.9367984,0.95995337,0.96954566,0.9531216,0.95800215,0.9612241,0.97213674,0.94232243,0.9775436,0.97034234,0.9444651
angrybirdsmovie,0.93769675,0.94460833,0.97557783,0.887375,0.93333536,0.90579396,0.9482424,0.9534859,0.9635997,0.93342733,0.92384154,0.9999998,0.9509405,0.93212336,0.93629605,0.93990654,0.95384914,0.96332246,0.9462891,0.9508613,0.9529449,0.9507973,0.9599688,0.9219038,0.92684937,0.46992487,0.94458055,0.9526604,0.96472317,0.94027704,0.96307313,0.93140125,0.92971474,0.93418515,0.9510206,0.8597528,0.9199891,0.9565939,0.96171176,0.92972493,0.9370988,0.94646585,0.87835383,0.96382886,0.96401834,0.9624436,0.95997196,0.96742284,0.9588369,0.9547289,0.9722782,0.95007133,0.9120048,0.86298156,0.9495724,0.9496118,0.9402754,0.9508301,0.94687325,0.962689,0.9647084,0.95721066,0.93489194,0.9488669,0.9239273,0.95093995,0.9228675,0.9393992,0.94748986,0.9401432,0.96706104,0.34839156,0.95128495,0.9607754,0.90060574,0.9209416,0.8685856,0.9472199,0.93312025,0.87931335,0.9320869,0.93781745,0.9530127,0.9479548,0.9631004,0.94072163,0.9579461,0.927151,0.9731424,0.95048577,0.9373842,0.96706104,0.94128925,0.95918494,0.96348727,0.94039655,0.9453577,0.9607766,0.93814296,0.94191176,0.93858874,0.9494595,0.9371978,0.9667534,0.9462329,0.96266234,0.954098,0.9548494,0.9553778,0.9306691,0.9515112,0.38081113,0.95127875,0.8676422,0.9532181,0.93467283,0.9506792,0.9571988,0.9444624,0.94457185,0.94955575,0.9506228,0.9672968,0.9508088,0.95134175,0.94897026,0.93520415,0.9630331,0.9435629,0.8561887,0.91585284,0.9491496,0.94243217,0.92654693,0.9509198,0.9233841,0.9326447,0.9459788,0.96941876,0.96279055,0.9635997,0.96294373,0.9284016,0.96006244,0.9329391,0.96754384,0.9628887,0.9519821,0.95510983,0.96623015,0.9589112,0.9539441,0.94130373,0.83254826,0.9554615,0.956859,0.94419825,0.9765181,0.9610107,0.93695927,0.9635997,0.9328268,0.9537167,0.9628262,0.96630555
annabellemovie,0.9618976,0.9435727,0.97249013,0.95120806,0.96570134,0.9303259,0.9580043,0.9684996,0.9844571,0.95832044,0.94739187,0.9509405,0.99999976,0.9754007,0.9572411,0.958145,0.96763015,0.96164644,0.9690955,0.94720143,0.9680236,0.9654603,0.97590345,0.9613848,0.9460437,0.4706978,0.92860115,0.96426773,0.968948,0.9603412,0.96519285,0.97732514,0.941709,0.94187754,0.95347923,0.89028007,0.9683761,0.9808142,0.97671795,0.95643234,0.96129376,0.9755649,0.9131253,0.9743631,0.98005867,0.9776737,0.9713277,0.96888494,0.9624229,0.97844964,0.9655394,0.9833809,0.9485001,0.9254871,0.9695124,0.9596464,0.94900775,0.9721459,0.96930146,0.9716151,0.9729154,0.9610375,0.96352494,0.9721611,0.95977277,0.9661925,0.95069915,0.97598195,0.96117544,0.9526738,0.97484803,0.4048528,0.94098777,0.9644414,0.92876196,0.94596833,0.883279,0.95716655,0.9584096,0.92008567,0.9516996,0.9509925,0.9700357,0.97206646,0.96562976,0.9502082,0.96167463,0.9826975,0.9659809,0.95603085,0.95442,0.97484803,0.9560449,0.9607065,0.9523599,0.9588473,0.9516283,0.9678544,0.94401336,0.9709817,0.9811813,0.9680796,0.943561,0.9719744,0.9654051,0.96323264,0.9562808,0.969631,0.95818084,0.9605953,0.9693759,0.4218885,0.96531004,0.87788534,0.9668403,0.95409197,0.96730155,0.9756892,0.9671847,0.946313,0.9634383,0.963338,0.97343916,0.9544616,0.9583112,0.9676651,0.96734,0.96470886,0.9693221,0.89148057,0.94594973,0.9655864,0.96258897,0.9258632,0.9662077,0.9573681,0.9463035,0.96176463,0.97425014,0.9713535,0.9844571,0.967111,0.9663044,0.96774024,0.9488579,0.979452,0.95991504,0.95151925,0.9661849,0.9573013,0.9642196,0.9598562,0.96654886,0.88165015,0.957068,0.96899307,0.97520155,0.9577111,0.95964074,0.9554999,0.9844571,0.9497861,0.97785753,0.9770353,0.9622752
annamovie,0.97332495,0.93537796,0.9671996,0.9433415,0.9682041,0.93015456,0.9758062,0.9569608,0.9824728,0.9631657,0.9545526,0.93212336,0.9754007,1.0000002,0.95964396,0.96377724,0.9586115,0.96022356,0.9597163,0.94443136,0.9641205,0.96439177,0.9695133,0.9683861,0.927781,0.464803,0.9407517,0.9463254,0.9610675,0.96798146,0.9619421,0.9757036,0.948568,0.9357152,0.93596506,0.8935236,0.98101157,0.9688149,0.95140135,0.9533976,0.96329635,0.96416134,0.9264598,0.96393687,0.9746015,0.96647143,0.966376,0.9571114,0.94900453,0.969099,0.9677486,0.97771406,0.94939923,0.94757664,0.9491647,0.95721835,0.9284028,0.9666613,0.98190314,0.96596444,0.96592087,0.9632441,0.9643496,0.98495865,0.93462557,0.96259177,0.9650684,0.9699972,0.957962,0.94177586,0.9701056,0.4364621,0.92148024,0.96293586,0.9411079,0.93394864,0.8541424,0.9461691,0.96002954,0.9176098,0.9415307,0.950838,0.98032594,0.97744924,0.9581008,0.9593782,0.942815,0.96676695,0.9661373,0.96427864,0.9655465,0.9701056,0.9523522,0.94841105,0.9682843,0.95210207,0.94876033,0.9555159,0.9701513,0.9745179,0.9683234,0.9547438,0.9442549,0.9670818,0.966189,0.9694888,0.962296,0.9672505,0.95851785,0.9597549,0.98055565,0.42967728,0.971105,0.8850729,0.9583479,0.95296174,0.9792323,0.96608895,0.96300966,0.9613296,0.9616442,0.9603878,0.9595118,0.93468845,0.9629145,0.9643784,0.97189,0.94424677,0.9496306,0.8939731,0.95876116,0.97566146,0.9538518,0.92818695,0.96657884,0.961044,0.9630006,0.95224184,0.97230524,0.96164244,0.9824728,0.9648484,0.95281047,0.95190275,0.9495887,0.9698834,0.9510357,0.9258788,0.9696383,0.96111363,0.9740896,0.9504804,0.9576952,0.9049292,0.94178677,0.96862745,0.97372615,0.94264024,0.9547585,0.9711266,0.9824728,0.95520145,0.9747958,0.97270525,0.9614894
apollo11movie,0.9439726,0.95949906,0.9598726,0.95055807,0.95628285,0.92318,0.96011585,0.94873273,0.97568315,0.95020247,0.9425671,0.93629605,0.9572411,0.95964396,1.0,0.9591231,0.94863564,0.9589917,0.9412847,0.97221607,0.9607286,0.94720036,0.96503216,0.95461917,0.9529194,0.40797988,0.93986005,0.94240737,0.9560983,0.96455413,0.9490394,0.95376885,0.96011424,0.94572014,0.94095886,0.87828743,0.965773,0.9639118,0.94948244,0.94840986,0.94678855,0.95529294,0.9002887,0.9570995,0.9682804,0.9530267,0.9602563,0.9479858,0.94544685,0.9558847,0.95801497,0.9711311,0.92103034,0.903164,0.9415023,0.9612315,0.9328852,0.9514565,0.96057457,0.9599749,0.96300936,0.97265786,0.96855575,0.96120036,0.9503379,0.949288,0.9467256,0.97801787,0.95492595,0.9488553,0.9588863,0.37199396,0.92547864,0.93406326,0.9214742,0.9247077,0.8248601,0.93429786,0.94130796,0.9193257,0.94954175,0.9388459,0.9660168,0.951602,0.944943,0.95346695,0.94647205,0.94518554,0.96480364,0.946633,0.9577466,0.9588863,0.94930196,0.9443495,0.9598767,0.9681422,0.9409295,0.95273453,0.95523196,0.96077645,0.94342726,0.9624573,0.93452644,0.9545662,0.9499921,0.954105,0.9658891,0.9415076,0.9427321,0.9470029,0.9662254,0.37038842,0.9570382,0.8572057,0.9639291,0.93824273,0.95355517,0.9474768,0.96223515,0.94417006,0.96762335,0.94329,0.9572444,0.93297637,0.9684991,0.950265,0.9613814,0.9219106,0.94328725,0.88730246,0.940613,0.96557206,0.94661665,0.94803375,0.94907683,0.96284676,0.9452791,0.96163344,0.9642003,0.95235014,0.97568315,0.9498472,0.9399766,0.93872637,0.9415743,0.9597345,0.9468174,0.95181274,0.95154303,0.9305732,0.9590387,0.9521156,0.9591654,0.8911592,0.9378325,0.9451156,0.9696669,0.93546295,0.9558417,0.94994336,0.97568315,0.9682672,0.96065426,0.966969,0.9546567
arcticdogsmovie,0.95958984,0.93738186,0.963235,0.93744355,0.96299446,0.93107843,0.96554214,0.9527992,0.9800585,0.9411077,0.95888996,0.93990654,0.958145,0.96377724,0.9591231,1.0000002,0.9586599,0.9684673,0.9514708,0.94462335,0.9592781,0.9514888,0.96297127,0.9579453,0.94718844,0.46768665,0.94774586,0.95554787,0.961291,0.96984065,0.9609898,0.9720274,0.9404281,0.9554467,0.9463802,0.8733578,0.9721462,0.9621164,0.9538577,0.94214404,0.9408168,0.97016674,0.9185261,0.97540146,0.9708353,0.95890784,0.95995635,0.9614289,0.9511157,0.97337484,0.9623738,0.96943456,0.9365083,0.9399159,0.9392076,0.9636938,0.91799986,0.96141803,0.96221364,0.9602476,0.9587055,0.9617706,0.9525575,0.9536826,0.92922664,0.964678,0.95176655,0.9609107,0.9683721,0.9538128,0.9640683,0.42373177,0.93986994,0.95629746,0.918463,0.9113884,0.83461183,0.9454898,0.9562934,0.91800874,0.9637452,0.9511202,0.9645693,0.96081924,0.9589105,0.9536682,0.96248907,0.94863534,0.95703954,0.9613888,0.95559645,0.9640683,0.9529931,0.95759225,0.9609948,0.95692813,0.9519416,0.9629123,0.9654687,0.95997995,0.95326704,0.9520703,0.9429069,0.9674647,0.9393835,0.96066034,0.95819443,0.956581,0.9509766,0.9705588,0.97741115,0.39870834,0.9523565,0.8756707,0.96499205,0.94782186,0.9677589,0.9619904,0.97163004,0.9642774,0.96342504,0.9494735,0.9597184,0.95422447,0.9528981,0.9509764,0.9511479,0.93885237,0.9590104,0.8985676,0.933217,0.96604586,0.95619017,0.9316662,0.9534863,0.9662258,0.9525291,0.96061164,0.9674139,0.95243144,0.9800585,0.961175,0.9520844,0.95598114,0.93650055,0.96990484,0.953055,0.94682294,0.9663836,0.95583236,0.9636436,0.96409297,0.962797,0.89490235,0.9394458,0.9570602,0.9648604,0.9493559,0.9556291,0.938931,0.9800585,0.9424462,0.96873146,0.9720721,0.9519306
arcticmovie,0.95383376,0.94699097,0.9625242,0.92180866,0.96645266,0.91074806,0.9662181,0.9652422,0.97668606,0.94563746,0.9516147,0.95384914,0.96763015,0.9586115,0.94863564,0.9586599,0.9999998,0.9466811,0.9498416,0.9418806,0.9623672,0.95886844,0.9775828,0.94920045,0.935884,0.48933214,0.9377536,0.9818301,0.9733562,0.96452385,0.9502029,0.9529167,0.93238175,0.94190925,0.95688665,0.8725986,0.9572207,0.9695135,0.9714443,0.9369231,0.9502819,0.9647395,0.9009925,0.9654529,0.9639158,0.97765684,0.98070854,0.9629347,0.9489754,0.9692737,0.97186077,0.96964556,0.9363877,0.9342864,0.97246456,0.9389952,0.9327284,0.971748,0.9581383,0.9588887,0.9670732,0.96097827,0.94544303,0.9674401,0.9430163,0.97000164,0.9264966,0.9541758,0.9613421,0.9318342,0.965067,0.4244449,0.92676055,0.97595733,0.92899454,0.9397966,0.884494,0.97281337,0.96427375,0.89071864,0.94697165,0.9658593,0.96526563,0.95670515,0.96560997,0.93719965,0.96876544,0.94425875,0.9614779,0.9673476,0.9483234,0.965067,0.95409167,0.96048206,0.9610662,0.9344343,0.9712406,0.96261424,0.9536753,0.95873016,0.9688603,0.9554907,0.94433486,0.96685404,0.93068105,0.96435255,0.96312106,0.97688806,0.96452993,0.94143957,0.9691158,0.3990687,0.95924646,0.89333844,0.96750516,0.95574105,0.9610745,0.9651001,0.9618779,0.9567677,0.95274407,0.9712828,0.9767588,0.9551491,0.9498333,0.95267457,0.9529667,0.9643881,0.9634992,0.88812923,0.92579335,0.9581098,0.9795155,0.938255,0.9674649,0.9597668,0.9339357,0.95198625,0.9645899,0.95838416,0.97668606,0.96299773,0.9610105,0.96854216,0.94065416,0.9709481,0.964831,0.94348925,0.9754516,0.9552099,0.96286964,0.9416845,0.96393955,0.8592143,0.94302267,0.9469665,0.96810174,0.95848,0.9605106,0.9604008,0.97668606,0.94175565,0.9692751,0.9658928,0.9529715
artofracingmovie,0.9533746,0.9555413,0.9713474,0.92025477,0.9538503,0.9448436,0.96583074,0.94091636,0.9756934,0.9528601,0.9557553,0.96332246,0.96164644,0.96022356,0.9589917,0.9684673,0.9466811,1.0,0.9460426,0.9482436,0.96625096,0.95718485,0.9693657,0.9541914,0.9255659,0.4171654,0.9561833,0.942327,0.96520877,0.9631282,0.96228033,0.95458233,0.95633674,0.95171016,0.9415152,0.8585962,0.94995123,0.96836835,0.9590191,0.9378545,0.9475734,0.95366836,0.891606,0.96919274,0.9739432,0.9489107,0.9663227,0.94883907,0.9578688,0.9605611,0.9718309,0.9610105,0.9228562,0.8903424,0.92939764,0.98212737,0.9252531,0.95070755,0.9669604,0.9677781,0.9680097,0.9648178,0.939112,0.9718465,0.92937595,0.958863,0.94827765,0.9579404,0.9719039,0.953733,0.97345775,0.34052107,0.9417283,0.957642,0.92508024,0.9283149,0.8312158,0.94960064,0.9326943,0.9107049,0.96606153,0.9393425,0.98097825,0.96162647,0.9623134,0.94949484,0.95783687,0.9405619,0.9819273,0.95456296,0.9531063,0.97345775,0.94839627,0.9602732,0.9665219,0.9577938,0.9481921,0.9562561,0.9629836,0.9722899,0.9324832,0.9442701,0.94028586,0.97584015,0.9556396,0.9665186,0.9656552,0.9571602,0.95783603,0.95206684,0.9689181,0.365677,0.9717603,0.8442733,0.9638106,0.9550819,0.96515065,0.96790296,0.9685222,0.9586288,0.98240674,0.94583184,0.9569174,0.9593463,0.9619109,0.96525854,0.9562418,0.93640786,0.9443268,0.87586087,0.9475065,0.96634805,0.9444338,0.9369945,0.9536376,0.94641507,0.9626018,0.9607584,0.97891676,0.96252555,0.9756934,0.96441334,0.93007267,0.9677144,0.9631233,0.9717902,0.9599562,0.9415313,0.9677847,0.96376324,0.97559845,0.94904596,0.9488989,0.87343454,0.95065445,0.96355516,0.9728118,0.96650344,0.96418446,0.95224357,0.9756934,0.95941836,0.97464305,0.97719127,0.9657725
avengers,0.97754925,0.93494326,0.9710988,0.9366289,0.96535224,0.9032675,0.96610814,0.954119,0.97488886,0.9663949,0.95036083,0.9462891,0.9690955,0.9597163,0.9412847,0.9514708,0.9498416,0.9460426,0.99999994,0.94415385,0.9424302,0.95296884,0.9706859,0.9443427,0.95135134,0.4574453,0.930081,0.95827,0.9617909,0.9466956,0.97680247,0.9564181,0.92735827,0.92410433,0.94812465,0.87780285,0.951863,0.95922273,0.95177114,0.9479786,0.9386559,0.9633037,0.89664817,0.9664321,0.9596266,0.9586231,0.9593613,0.97496706,0.9565018,0.97203726,0.966122,0.96196395,0.94738007,0.9011597,0.9490703,0.9499801,0.9511019,0.9586307,0.9652819,0.971195,0.9639994,0.96107835,0.9583781,0.94752616,0.93558735,0.94025123,0.94021326,0.95570636,0.9457562,0.93270767,0.97441894,0.36760125,0.93431944,0.96222436,0.92789525,0.92549413,0.8813721,0.9382777,0.965297,0.9367686,0.9425213,0.95518696,0.94347,0.9603416,0.95657676,0.95384854,0.96325725,0.97427344,0.9518766,0.95689374,0.93949074,0.97441894,0.9553873,0.9416213,0.9552666,0.9527224,0.9518962,0.9616564,0.93614316,0.9596855,0.95695186,0.9758736,0.9605178,0.9705168,0.9627955,0.9639283,0.9586684,0.9474794,0.96057063,0.94020736,0.96058124,0.39919668,0.94672626,0.871405,0.95076704,0.9510241,0.9709125,0.9517038,0.9531041,0.9513685,0.92862326,0.9474184,0.9680818,0.9257148,0.9572382,0.9544663,0.96069854,0.9710965,0.9618647,0.8743541,0.93508524,0.95567375,0.95802015,0.905969,0.9560979,0.941544,0.94133794,0.93285215,0.9716098,0.95409566,0.97488886,0.9644539,0.94647133,0.9355296,0.9173792,0.9639429,0.9571285,0.9418581,0.94158304,0.9646681,0.96053404,0.9572773,0.9672303,0.8962804,0.9719741,0.96577096,0.94777596,0.9586797,0.951764,0.9419543,0.97488886,0.929708,0.96391046,0.97017115,0.96581054
beachbummovie,0.9328454,0.9370074,0.9568717,0.9148623,0.9437959,0.9020869,0.951456,0.9499685,0.9637554,0.93316627,0.9330922,0.9508613,0.94720143,0.94443136,0.97221607,0.94462335,0.9418806,0.9482436,0.94415385,1.0,0.95841044,0.9572394,0.95672506,0.9307926,0.94090706,0.43199223,0.94595635,0.9461851,0.95262116,0.9527203,0.9461465,0.9378857,0.94189525,0.9229844,0.93241376,0.8590808,0.94479465,0.9480518,0.94661784,0.9242024,0.94373006,0.9349608,0.88799435,0.9492191,0.9642256,0.96022916,0.9499341,0.954508,0.9355709,0.9448383,0.9568418,0.9516366,0.9026014,0.86984384,0.9268862,0.94311,0.9380943,0.93904597,0.94230086,0.9511534,0.97391564,0.9620435,0.9654109,0.9488279,0.91751206,0.93446666,0.93779683,0.9510212,0.94414324,0.9458834,0.9518203,0.40130585,0.9372741,0.9285285,0.898193,0.9149876,0.82822585,0.92045665,0.94338274,0.9125517,0.9363673,0.9184214,0.9486243,0.95033926,0.93415403,0.96203256,0.953631,0.93657464,0.95358896,0.94424564,0.949088,0.9518203,0.94849396,0.941336,0.95490766,0.95284885,0.93629676,0.9474242,0.9397116,0.9435746,0.9407608,0.96174777,0.9313329,0.94574326,0.9337368,0.95336205,0.9558716,0.9332363,0.94569904,0.9206637,0.9593962,0.38033387,0.94626075,0.8608622,0.9605776,0.92191565,0.9437564,0.94017273,0.9360397,0.9292916,0.9582024,0.93838495,0.95375526,0.9258332,0.9551718,0.93468773,0.9506945,0.93411523,0.92712057,0.85842884,0.9388669,0.94905674,0.94867855,0.93335354,0.938752,0.93356526,0.9388042,0.9422098,0.95712775,0.95834017,0.9637554,0.95100343,0.9221005,0.9328553,0.93007535,0.95067185,0.93976414,0.9442911,0.94310266,0.9389733,0.9567921,0.94776344,0.9561567,0.8699666,0.93025523,0.93866897,0.9415682,0.9299276,0.96417505,0.94071734,0.9637554,0.95909953,0.94444704,0.96023613,0.9558055
bernadettefilm,0.95342904,0.9615883,0.9546336,0.9109663,0.9510579,0.9258634,0.9614502,0.9627607,0.9780738,0.9503937,0.95433086,0.9529449,0.9680236,0.9641205,0.9607286,0.9592781,0.9623672,0.96625096,0.9424302,0.95841044,1.0000001,0.9649388,0.97374254,0.94726855,0.9317186,0.5116127,0.94063854,0.9501737,0.96746963,0.96239454,0.9622738,0.9632307,0.9269137,0.93668854,0.9419073,0.8742565,0.9562252,0.9696433,0.96223706,0.94743633,0.94571525,0.95745635,0.91085565,0.9629947,0.97399086,0.975176,0.9789318,0.95766264,0.9526113,0.9614507,0.9659719,0.9742364,0.9369517,0.9056874,0.9459498,0.96213853,0.9319676,0.9660618,0.96674335,0.96525913,0.9618983,0.9559376,0.95489013,0.96542394,0.9412003,0.9628397,0.955555,0.9706481,0.9593006,0.9450489,0.96983373,0.4583131,0.9581397,0.9590512,0.9264982,0.93277633,0.85409266,0.9567336,0.9572271,0.91716945,0.95587367,0.9342839,0.9791472,0.96168846,0.95508844,0.9422191,0.96404946,0.9521761,0.9674222,0.9588302,0.95936203,0.96983373,0.9450874,0.96008915,0.9489612,0.95111907,0.9441937,0.94873554,0.9660731,0.96392906,0.9595775,0.95677894,0.93987423,0.96439445,0.95113564,0.96054536,0.9554453,0.96170753,0.9580827,0.94743484,0.97099227,0.4465599,0.9633915,0.8707639,0.9736596,0.9561019,0.96810675,0.9631619,0.9677334,0.9514998,0.9708763,0.96369314,0.96380955,0.9487581,0.9650349,0.9656716,0.9652558,0.9448024,0.94994384,0.8973612,0.96563697,0.9612574,0.95995045,0.9213236,0.96183366,0.9428073,0.9592113,0.96293443,0.9700701,0.96371025,0.9780738,0.96313775,0.95169145,0.974476,0.9674209,0.96670866,0.9538349,0.93336946,0.9640127,0.95500815,0.9584541,0.9438122,0.95931405,0.89323807,0.9390575,0.96060437,0.97327995,0.9519727,0.96804553,0.9593875,0.9780738,0.9309273,0.9714231,0.97223794,0.9651675
