movie,21bridgesmovie,47metersdown,abeautifuldaymovie,abominablemovie,adastramovie,adogsjourneymovie,aftermathmovie,aftermovie,ahiddenlifefilm,alitamovie,angelhasfallen,angrybirdsmovie,annabellemovie,annamovie,apollo11movie,arcticdogsmovie,arcticmovie,artofracingmovie,avengers,beachbummovie,bernadettefilm,blackandbluemovie,blackchristmas,blindedbythelightmovie,bombshellmovie,booksmart,breakthroughmovie,brianbanksmovie,brightburnmovie,brittanyrunsmov,captainmarvelofficial,captivestatemovie,catsmovie,charliesangels,childsplaymovie,clarathefilm,coldpursuitmovie,countdown,currentwarmovie,darkwatersmovie,detectivepikachumovie,disneyaladdin,disneyfrozen,disneymaleficent,doctorsleepmovie,dolemiteismyname,dontletgomovie,doramovie,downtonabbey_official,dumbo,escaperoom,everybodyknowsmovie,fastandfuriousmovie,fightingwmyfam,fivefeetapartfilm,fordvferrari,freaksthefilm,geminimanmovie,glassmovie,gloriabellmovie,godzillamovie,goldfinchmovie,goodboysmovie,goodliarmovie,gretafilm,halathemovie,happydeathdaymovie,harrietfilm,hellboymovie,hersmellmovie,highlifemovie,highstrungmovie,honeyboymovie,hotelmumbaifilm,httydragon,hustlemovie,hustlersmovie,isntitromantic,itmovieofficial,jayandsilentbob,johnwickmovie,jojorabbitmovie,jokermovie,judythefilm,jumanjimovie,justmercyfilm,knivesout,lalloronamovie,lastblackmansf,lastchristmasthemovie,latenightmovie,lighthousemovie,lionking,littlethemovie,littlewomenmovie,littlewoodsfilm,longshotmovie,lordsofchaosmovie,lucyintheskyfilm,mamovie2019,marriagestory,meettheaddams,meninblack,midsommarmovie,midwaymovie,missbalamovie,missinglinkfilm,motherlessbklyn,onceinhollywood,onthebasisofsex,overcomermovie,peanutbutterfalcon,petsematarymovie,piercingmovie,playingwithfire,playmobilthemovie,pomsmovie,queenandslim,rambomovie,readyornotfilm,richardjewellfilm,rocketmanmovie,scarystoriesmovie,secretlifeofpets,serenityfilm,shaftmovie,shazammovie,spidermanmovie,spiesindisguise,starwars,stormboymovie,stubermovie,taosdfilm,teenspiritmov,terminator,theaeronautsmov,thebestofenemies,thedeaddontdie,thefarewell,thehighwaymen,thehummingbirdprojectfilm,theintrudermovie,theirishmanfilm,thekitchenmovie,thelegomovie,themustangfilm,thenightingalefilm,theprodigymovie,thesunisalsoastar,theupsidefilm,tolkienmovie,toystory,triplefrontier,uglydolls,uncutgems,underthesilverlake,usmovie,wavesmovie,whatmenwant,wonderparkmovie,wrinklestheclown,xmenmovies,yardiefilm,yesterdaymovie,zombieland
21bridgesmovie,1.0,0.9607675,0.9687958,0.9512817,0.96124095,0.9587256,0.9593684,0.961706,0.98316324,0.9553163,0.951839,0.96630675,0.9507366,0.9630089,0.9677618,0.97736126,0.9586296,0.9609823,0.98279256,0.9466928,0.94353104,0.9673503,0.96522576,0.9710846,0.9613331,0.73864883,0.9610138,0.9527825,0.9730773,0.95476454,0.96344763,0.96502316,0.9315884,0.960432,0.9529061,0.848088,0.9597181,0.96504396,0.96448356,0.93313295,0.96472317,0.9647233,0.9244194,0.9528139,0.9777219,0.9598138,0.9774737,0.9653674,0.9646508,0.9591473,0.9792228,0.9675599,0.94876224,0.9539806,0.9571326,0.9521644,0.9682096,0.9677711,0.96337277,0.9703137,0.9527721,0.9659721,0.9664609,0.95553786,0.93021744,0.9452821,0.95833373,0.9566328,0.9511335,0.9463023,0.9715952,0.4823291,0.9126742,0.9619753,0.9394432,0.9336284,0.8722442,0.9656047,0.96229726,0.93972224,0.9471251,0.9637521,0.9621755,0.95520246,0.9651581,0.9676551,0.92406154,0.9593402,0.9600471,0.9617559,0.95584595,0.9715952,0.95991796,0.9486688,0.9660842,0.9601173,0.96369725,0.9433701,0.952018,0.96219754,0.9510597,0.9612203,0.93476164,0.96562105,0.96318585,0.97718877,0.96172804,0.96259993,0.9664367,0.950943,0.9716053,0.5391072,0.9512568,0.8878991,0.9620035,0.9751743,0.99171406,0.9551551,0.97074413,0.9482742,0.9437088,0.96937394,0.9662045,0.9479923,0.9643203,0.96486604,0.9483493,0.96774787,0.95255613,0.84818876,0.96772903,0.9577897,0.96308255,0.90393746,0.9562394,0.95471126,0.9622846,0.9683111,0.96791303,0.94659835,0.98316324,0.9741192,0.95138514,0.97712994,0.94251555,0.97046834,0.97130185,0.94507426,0.95946443,0.96588767,0.9683636,0.9467453,0.93599045,0.8878377,0.943623,0.96668965,0.96208537,0.96995556,0.9554704,0.9552485,0.98316324,0.96993655,0.9690614,0.9728916,0.98154074
47metersdown,0.9607675,0.9999997,0.9434609,0.9236236,0.95421124,0.9335156,0.9696993,0.95027214,0.9660384,0.92180866,0.934563,0.94190115,0.9455184,0.95494384,0.9449367,0.9710429,0.9626613,0.95140857,0.9579125,0.9298018,0.9213664,0.9335476,0.94208884,0.955339,0.95007974,0.7260293,0.9515214,0.94091916,0.94756866,0.93519235,0.9472549,0.9322473,0.9311514,0.9455474,0.9394899,0.8192191,0.95255375,0.9491097,0.9395463,0.9309829,0.9452329,0.9449691,0.9164927,0.9393802,0.96189636,0.95712405,0.955379,0.97303194,0.93585426,0.94328505,0.9546294,0.93271506,0.9140756,0.9326793,0.9384993,0.9528736,0.949972,0.94432974,0.9354794,0.94262105,0.9541256,0.9429457,0.95393324,0.96307534,0.9032922,0.9413292,0.9425213,0.934846,0.9421686,0.92813146,0.9466053,0.44117895,0.8873608,0.95920575,0.91856396,0.95250076,0.80840546,0.93885356,0.94761235,0.935288,0.9329233,0.95101553,0.94860166,0.9377625,0.95231277,0.946567,0.9209225,0.94642013,0.93434,0.94108236,0.9475115,0.9466053,0.93743443,0.9397157,0.9440954,0.9455921,0.9498784,0.9308338,0.95654154,0.94158,0.9522225,0.9362062,0.9133276,0.9357118,0.9518794,0.95691454,0.93848556,0.9508307,0.9460496,0.9187484,0.96491104,0.5402173,0.94547105,0.8758258,0.96361077,0.95287013,0.9588587,0.9251023,0.9595953,0.9505754,0.9420953,0.9566363,0.9535983,0.91914994,0.96380496,0.941606,0.92982966,0.9338796,0.92601514,0.8264977,0.9438253,0.94276625,0.95953345,0.9025945,0.93422323,0.93503004,0.93900913,0.9496633,0.9527896,0.9467033,0.9660384,0.9433273,0.936498,0.94208705,0.93835175,0.9485545,0.95892507,0.9262814,0.943526,0.93254966,0.9652837,0.91928583,0.9153603,0.8728189,0.92089355,0.94179755,0.95329213,0.94709617,0.96034646,0.9493511,0.9660384,0.9416758,0.9603559,0.9515131,0.9613872
abeautifuldaymovie,0.9687958,0.9434609,0.99999994,0.9524683,0.961584,0.9580438,0.96122557,0.9700023,0.98341936,0.96363187,0.9535681,0.9566513,0.9712992,0.9583433,0.9827542,0.9634177,0.9594654,0.9673857,0.96827054,0.9513086,0.9494691,0.9705597,0.9683638,0.97585374,0.94507545,0.723036,0.95893514,0.9446557,0.97425854,0.9514533,0.97402394,0.9615676,0.95635766,0.93772656,0.9628994,0.873192,0.9581905,0.962375,0.9599693,0.95205075,0.9330853,0.97703993,0.9519167,0.9670201,0.97031295,0.9542788,0.97569877,0.96291953,0.9668023,0.9714303,0.9765261,0.9763166,0.95165175,0.95062286,0.93901455,0.95229334,0.9568622,0.97470856,0.9582286,0.9655628,0.9332933,0.94958305,0.9603404,0.9453905,0.9421888,0.95106304,0.96389544,0.9696049,0.94468635,0.9533313,0.97037214,0.4780136,0.90995383,0.95747524,0.93063945,0.9315077,0.86899036,0.95563513,0.9646912,0.959537,0.9525299,0.9627191,0.9497521,0.94737506,0.9536715,0.9624336,0.9271327,0.9804199,0.9567339,0.9632359,0.9460503,0.97037214,0.95112723,0.944676,0.9519435,0.9652758,0.95036894,0.9547169,0.93875104,0.958282,0.9442498,0.94836056,0.96020436,0.9675965,0.95779073,0.97514665,0.95807123,0.9501072,0.9532398,0.9436416,0.9692381,0.51074785,0.9636872,0.9239158,0.9714487,0.961894,0.97212344,0.94661546,0.9733635,0.9481767,0.9334612,0.9686657,0.95902675,0.9469499,0.96800965,0.9670616,0.9628484,0.9715933,0.95575017,0.8722189,0.96596265,0.94746214,0.96352065,0.9280848,0.962598,0.958121,0.9568388,0.9584104,0.9756916,0.9486399,0.98341936,0.975559,0.95412326,0.96111894,0.9305705,0.96375203,0.9595945,0.9574358,0.9521927,0.9377868,0.96656907,0.979635,0.9368,0.8552134,0.94095796,0.96726704,0.9739586,0.95977306,0.9628538,0.96729916,0.98341936,0.9443338,0.97008526,0.9741021,0.97351015
abominablemovie,0.9512817,0.9236236,0.9524683,1.0,0.95052326,0.9549132,0.94704807,0.9436632,0.97080195,0.94775283,0.9730021,0.9510599,0.9595482,0.9538187,0.96206725,0.9491125,0.9372454,0.95220685,0.94940466,0.9361902,0.93810993,0.94284,0.95539784,0.9528911,0.9643018,0.686507,0.9305879,0.9281444,0.93443567,0.94317985,0.96362764,0.95582086,0.94063675,0.8922195,0.93517846,0.8787053,0.93762434,0.944291,0.95160484,0.9495998,0.94388646,0.94853824,0.9098932,0.9441927,0.9525713,0.9575019,0.9617583,0.9446495,0.9399931,0.94614244,0.9395249,0.9515786,0.9580741,0.9353184,0.9472597,0.9514689,0.9420128,0.9460004,0.9725975,0.9603477,0.9343493,0.96607095,0.9352498,0.957284,0.92176056,0.9497246,0.96276337,0.9270186,0.959765,0.93506944,0.9704776,0.48250413,0.9432432,0.93347764,0.9625998,0.9198882,0.8744375,0.9278604,0.9506857,0.9312355,0.9650044,0.9449283,0.94956523,0.93900543,0.9423713,0.9436813,0.9311854,0.9553171,0.9433739,0.9405522,0.95078397,0.9704776,0.9538104,0.9266794,0.91752195,0.96384573,0.9668055,0.9486417,0.9267912,0.94876754,0.9389503,0.93848246,0.9145981,0.9669171,0.95126164,0.938139,0.9833133,0.9543737,0.94166905,0.9329186,0.9580596,0.57032174,0.9382631,0.90620434,0.93857455,0.95125824,0.95680016,0.95637053,0.95629245,0.9450356,0.9624404,0.95208085,0.94031477,0.9463018,0.95979303,0.9677609,0.9344281,0.95827293,0.94250315,0.8508504,0.9581815,0.9389629,0.95466876,0.92311674,0.93878955,0.95951664,0.95881367,0.94417167,0.9705829,0.92459583,0.97080195,0.9421312,0.9566144,0.95153505,0.93807596,0.9529775,0.9561645,0.93623614,0.9510773,0.95593804,0.94510484,0.9507227,0.9342181,0.8139178,0.9313791,0.9642491,0.95019543,0.9669403,0.937917,0.9334056,0.97080195,0.95410866,0.957305,0.9558882,0.9505566
adastramovie,0.96124095,0.95421124,0.961584,0.95052326,0.99999994,0.94061196,0.96180284,0.97903895,0.9781229,0.93287754,0.9506426,0.9583162,0.9609962,0.9618442,0.9631843,0.959544,0.96985614,0.9875154,0.95909697,0.93317276,0.95566034,0.95638925,0.94921434,0.9656658,0.9612304,0.68380564,0.9655634,0.94214493,0.9603301,0.9382572,0.95609176,0.94490886,0.92393166,0.94692767,0.9427387,0.8878554,0.9462278,0.94863826,0.943329,0.95051247,0.9575866,0.9665526,0.92751884,0.9540309,0.9689405,0.95644,0.9588882,0.9649395,0.965661,0.9627813,0.96886533,0.95537674,0.92826855,0.9360706,0.9528027,0.98188955,0.95533246,0.96074885,0.96013165,0.9761051,0.97061193,0.9616033,0.9634507,0.9619281,0.9305194,0.93810225,0.95783544,0.96525335,0.9544408,0.95423275,0.97553647,0.47823277,0.94529206,0.94452244,0.9345641,0.9279889,0.8443937,0.94474095,0.96258366,0.9313919,0.9582655,0.9589083,0.9737772,0.9390809,0.9563053,0.958952,0.9062885,0.95661974,0.9568933,0.94903195,0.9614602,0.97553647,0.9385749,0.9388073,0.952173,0.9575268,0.9666362,0.9297988,0.9439237,0.9450223,0.94663286,0.96915764,0.9324672,0.9732221,0.95385855,0.9637109,0.95510495,0.96165407,0.96074337,0.94461536,0.97116244,0.49462965,0.94427365,0.9190485,0.97154266,0.96377915,0.96839535,0.9456723,0.98050535,0.9485015,0.9497864,0.96556073,0.96318066,0.9302431,0.96636754,0.96711975,0.94592035,0.94446003,0.9531598,0.829857,0.9728448,0.96700406,0.9784042,0.9199394,0.93404007,0.94813645,0.9686129,0.93880695,0.97295505,0.9586418,0.9781229,0.95944905,0.9491079,0.9693566,0.9549124,0.9482545,0.9565519,0.93579787,0.9772089,0.9390201,0.9592762,0.9379594,0.9311486,0.8751831,0.93412393,0.968888,0.9690266,0.960589,0.961718,0.9637242,0.9781229,0.9539951,0.9519738,0.96170706,0.9641514
adogsjourneymovie,0.9587256,0.9335156,0.9580438,0.9549132,0.94061196,0.99999994,0.9474463,0.9537225,0.9759949,0.93502676,0.9448893,0.9382627,0.95449287,0.9568344,0.96927947,0.96736115,0.95320517,0.9493498,0.96050197,0.96437854,0.9238964,0.952115,0.97178334,0.9603997,0.95927554,0.71446806,0.95420825,0.9567707,0.95136774,0.95768654,0.96728927,0.96852565,0.94017494,0.90986395,0.94820416,0.8572247,0.97418284,0.96517295,0.98223263,0.951068,0.9318489,0.9564504,0.9558342,0.96383846,0.96911603,0.9640883,0.97916836,0.9673383,0.9569573,0.9674696,0.9498305,0.961083,0.9498693,0.9477139,0.9544511,0.93248624,0.9487003,0.9602311,0.9582225,0.9604595,0.92772377,0.9459164,0.95871365,0.9403956,0.94934314,0.9469117,0.9566605,0.9535354,0.9465152,0.9319331,0.97097677,0.48308375,0.89615995,0.97185546,0.9397056,0.9445861,0.8698347,0.9642861,0.9520152,0.9683367,0.94679517,0.9580994,0.9303668,0.95738,0.93748355,0.94171363,0.93861395,0.9676273,0.95333314,0.9583804,0.9370215,0.97097677,0.96774584,0.95012563,0.94083446,0.9550018,0.9526272,0.96249,0.93159753,0.95635015,0.9593084,0.9508715,0.92862207,0.96334076,0.932867,0.95033395,0.96252793,0.9415073,0.9470917,0.9446115,0.96985835,0.5090584,0.9699007,0.89490145,0.9527275,0.95028216,0.9585717,0.9612449,0.9581603,0.9401801,0.92083275,0.96235603,0.96062344,0.9802372,0.96451646,0.96263486,0.9575737,0.96014863,0.956949,0.9064147,0.9407349,0.9399541,0.9599907,0.9176419,0.961142,0.96349025,0.93460405,0.9550834,0.97215253,0.94640315,0.9759949,0.9464505,0.9686527,0.9572009,0.9219169,0.9518623,0.9329986,0.9738449,0.9388749,0.94617665,0.96442604,0.9626203,0.96019286,0.8348722,0.93357724,0.96204907,0.96458673,0.96392804,0.94982624,0.96353585,0.9759949,0.94681317,0.9683508,0.9644702,0.9511653
aftermathmovie,0.9593684,0.9696993,0.96122557,0.94704807,0.96180284,0.9474463,1.0000001,0.9578854,0.97905815,0.9296928,0.9604219,0.9331529,0.94456166,0.9553766,0.9591398,0.9691966,0.952251,0.9552908,0.95462435,0.93527514,0.9580285,0.94563377,0.96459514,0.97380954,0.964641,0.68978924,0.94757664,0.9547716,0.94696057,0.94987607,0.9660777,0.94469136,0.9647714,0.9239384,0.96236634,0.86041653,0.95218635,0.9600441,0.95839375,0.9436347,0.9448485,0.9572018,0.94046277,0.9500419,0.969099,0.95345104,0.9660617,0.961993,0.95288014,0.95431244,0.96230805,0.9524328,0.9274183,0.93810254,0.9476243,0.95552987,0.9444297,0.96024996,0.9517163,0.9644015,0.9454403,0.9559411,0.9615891,0.95789516,0.91425437,0.95808715,0.944481,0.9435275,0.9535066,0.9366559,0.96465826,0.43214217,0.89745504,0.9664683,0.9552706,0.964597,0.8560734,0.95300126,0.9648292,0.9454066,0.9486876,0.98151845,0.9470395,0.94789195,0.95729595,0.9480612,0.9531032,0.95201075,0.9443917,0.95400673,0.95673794,0.96465826,0.9574044,0.9271476,0.94253564,0.9624349,0.955045,0.94095033,0.979037,0.95592827,0.94692844,0.9405929,0.92756116,0.95445555,0.952025,0.9629029,0.9575687,0.9623892,0.95554376,0.9293986,0.9624047,0.51594776,0.9497539,0.90210503,0.96603256,0.96737564,0.9672102,0.94569117,0.97438157,0.98685247,0.9348872,0.9637404,0.96317405,0.93601435,0.9800238,0.95696294,0.94869053,0.9536349,0.9414811,0.8630361,0.96393,0.94766045,0.95830274,0.90716726,0.94546956,0.9544216,0.96770036,0.9548626,0.9685273,0.9455577,0.97905815,0.95561653,0.9460807,0.9535282,0.9157628,0.95494455,0.9646708,0.95521533,0.9572056,0.94389135,0.9887529,0.95803195,0.9368954,0.8499373,0.93716043,0.95718753,0.9633939,0.9593117,0.96614236,0.9529742,0.97905815,0.9420949,0.97771853,0.9713412,0.9653415
aftermovie,0.961706,0.95027214,0.9700023,0.9436632,0.97903895,0.9537225,0.9578854,1.0000001,0.9831635,0.9360818,0.9484605,0.95331603,0.96824515,0.9640566,0.96985435,0.9642755,0.9629514,0.98135334,0.9557263,0.94568413,0.95993185,0.95937747,0.9544061,0.9673166,0.9516651,0.7091923,0.963936,0.94536376,0.9679929,0.95023537,0.9560252,0.94856966,0.94359815,0.9414569,0.9508519,0.90106493,0.9645828,0.96119094,0.95962596,0.9607467,0.94510555,0.9710195,0.94897884,0.9683978,0.96532583,0.96193457,0.9636486,0.96311986,0.95927644,0.9747286,0.9699661,0.968544,0.9293855,0.9533237,0.95461357,0.96838033,0.9619199,0.9739715,0.95117056,0.9708335,0.94584745,0.9469067,0.96271646,0.9573067,0.9524961,0.94143033,0.9602647,0.97428906,0.9597133,0.9671034,0.9747288,0.48993,0.93653077,0.95258397,0.9250936,0.9328694,0.8572485,0.9568047,0.9684492,0.94818985,0.9615709,0.95736265,0.95609206,0.9493844,0.96331394,0.960629,0.92483205,0.9643169,0.954984,0.96927863,0.9479348,0.9747288,0.93438435,0.96529067,0.9623699,0.9616279,0.9622947,0.9484509,0.9264686,0.95537317,0.9556762,0.97308403,0.95187134,0.9766154,0.9539632,0.9714847,0.95299536,0.9611111,0.9571812,0.9501556,0.97364855,0.51280093,0.9525796,0.93855006,0.9772932,0.9686401,0.97265595,0.9494198,0.98202914,0.95087266,0.9481539,0.9653,0.95739883,0.9406008,0.9656197,0.9682018,0.96461576,0.9521552,0.95821744,0.87395203,0.9674139,0.94521314,0.97213954,0.9233353,0.95171213,0.95384604,0.9666774,0.94997287,0.97989786,0.97623754,0.9831635,0.9592831,0.9595801,0.97003907,0.9492221,0.95763344,0.9472259,0.9565555,0.97125983,0.9338399,0.9632114,0.95822674,0.9556606,0.8765884,0.9469435,0.9651405,0.9724087,0.96412486,0.9785318,0.9759705,0.9831635,0.9438383,0.9648517,0.96102184,0.9717667
ahiddenlifefilm,0.98316324,0.9660384,0.98341936,0.97080195,0.9781229,0.9759949,0.97905815,0.9831635,0.99999976,0.9624574,0.9712642,0.96796143,0.97672653,0.98404217,0.9860065,0.9801944,0.972859,0.9792523,0.9754474,0.96732736,0.9671643,0.9780259,0.982041,0.9870285,0.97898847,0.74265057,0.9743948,0.96401113,0.97935605,0.9690018,0.98071754,0.9761791,0.96515745,0.9532989,0.9708397,0.88502216,0.979221,0.9820173,0.9831731,0.9712325,0.96212906,0.98031723,0.95413995,0.97783554,0.9869409,0.98084146,0.98786926,0.9837759,0.9783104,0.9821152,0.9839026,0.9851025,0.9602928,0.9712368,0.9714034,0.969689,0.9764504,0.98290956,0.9811872,0.98649794,0.9616072,0.9761669,0.97952175,0.97414654,0.95900166,0.9633564,0.976318,0.978392,0.9702962,0.9688484,0.9899272,0.48118693,0.9331785,0.9758205,0.9582755,0.95957464,0.88316584,0.9737581,0.98158747,0.96125007,0.97285503,0.9787475,0.97257286,0.9734492,0.9747862,0.9748647,0.95197195,0.98097205,0.9735741,0.98264784,0.9679625,0.9899272,0.9726819,0.96892536,0.9741326,0.9783357,0.9796824,0.9731712,0.96494347,0.9782407,0.9712202,0.9738255,0.95317507,0.9877013,0.97579724,0.984924,0.98154616,0.97221893,0.97008663,0.96232057,0.989442,0.5306678,0.9748573,0.9274441,0.9819467,0.9799896,0.9883882,0.97391206,0.9892345,0.9710518,0.96130455,0.9810095,0.98219174,0.96625173,0.98650026,0.98756546,0.9718578,0.97703713,0.97058463,0.88077813,0.9776004,0.96484953,0.9813606,0.9337157,0.974447,0.9750885,0.9766706,0.9762311,0.990339,0.96991783,0.99999976,0.9791652,0.97560513,0.9830656,0.95408267,0.97983575,0.97317344,0.97403216,0.9778583,0.9669629,0.98415923,0.97395957,0.95934093,0.86513925,0.9624547,0.9823911,0.982847,0.98160774,0.9795071,0.97771597,0.99999976,0.97011214,0.9874406,0.9834593,0.98378766
alitamovie,0.9553163,0.92180866,0.96363187,0.94775283,0.93287754,0.93502676,0.9296928,0.9360818,0.9624574,1.0000002,0.93591326,0.94255054,0.9470018,0.943446,0.96361125,0.94609785,0.93312234,0.9367592,0.94868004,0.94465476,0.9173448,0.96258277,0.94554836,0.95101625,0.94662,0.7529298,0.9408651,0.9327756,0.96238226,0.9504466,0.9555424,0.9705361,0.9344295,0.92425454,0.92593706,0.8395707,0.93346345,0.94391,0.940735,0.94287115,0.9386573,0.9404697,0.90970796,0.9400623,0.9561795,0.94615567,0.9526763,0.95538884,0.93221956,0.9435965,0.95683753,0.96366125,0.9460755,0.9464776,0.93072087,0.92674744,0.9462954,0.9408916,0.95199585,0.9423958,0.9178166,0.9455535,0.94682217,0.94358385,0.93590844,0.9211303,0.9494051,0.93699056,0.925409,0.93935037,0.9411889,0.47107816,0.88125956,0.934292,0.9226581,0.8973752,0.8318095,0.93220335,0.9434846,0.92262924,0.92493904,0.92988914,0.9419134,0.9300026,0.9297966,0.9342379,0.9131421,0.9521241,0.9219409,0.940829,0.9374636,0.9411889,0.9375451,0.94006795,0.93118143,0.9516503,0.94212466,0.9589556,0.92359644,0.93969035,0.93838465,0.9321116,0.9236425,0.9429399,0.9655923,0.95735925,0.9523179,0.9495168,0.9277203,0.93234706,0.95149714,0.5537655,0.9502856,0.8791343,0.9432637,0.9470626,0.9610898,0.93766046,0.94072515,0.92160285,0.9312917,0.94258726,0.94233805,0.93258446,0.9385181,0.95178515,0.9369664,0.95921195,0.9236501,0.8600276,0.9477582,0.93262,0.95441806,0.89070725,0.95370764,0.95440227,0.9495071,0.94574225,0.94266325,0.9219215,0.9624574,0.97211164,0.94898605,0.9504573,0.92983204,0.95455813,0.949303,0.9310036,0.94424844,0.93865323,0.93299025,0.94583553,0.9179446,0.83844507,0.9021295,0.9304171,0.94649297,0.9307321,0.9421348,0.94062227,0.9624574,0.9541361,0.95840144,0.94577473,0.96128047
angelhasfallen,0.951839,0.934563,0.9535681,0.9730021,0.9506426,0.9448893,0.9604219,0.9484605,0.9712642,0.93591326,0.99999994,0.93073297,0.94751745,0.95487744,0.96818364,0.95632184,0.9302324,0.95702636,0.93850756,0.9427674,0.94431704,0.93460536,0.9594456,0.9509642,0.95459986,0.66879535,0.9293391,0.9172746,0.9392182,0.9375466,0.9637879,0.9337433,0.96294975,0.9005206,0.9321856,0.8576211,0.941708,0.9515895,0.9622618,0.93444556,0.9324798,0.9543823,0.91194457,0.9407123,0.94537127,0.95058084,0.9624129,0.9434488,0.9493925,0.95008755,0.94560033,0.9507655,0.94679743,0.94625235,0.9505833,0.94212025,0.9588249,0.95461535,0.96536034,0.9620482,0.9412218,0.9644797,0.92005557,0.9500171,0.91153836,0.94595337,0.9398366,0.9379433,0.96018076,0.94574493,0.96378905,0.4586394,0.9370375,0.9382971,0.95813954,0.9513056,0.8621265,0.93155265,0.97535753,0.9280885,0.977522,0.9435906,0.94240206,0.93375015,0.95673877,0.9430951,0.9542275,0.9453034,0.93943095,0.95075965,0.946205,0.96378905,0.9381049,0.924084,0.9321627,0.9735456,0.96545017,0.9449753,0.9393871,0.9499003,0.9378602,0.9306166,0.9196924,0.96292794,0.95095843,0.94818425,0.9712751,0.95189166,0.9520082,0.91161925,0.95914304,0.5728115,0.9355838,0.89193994,0.9333218,0.96897286,0.9658691,0.9370773,0.96527225,0.9580874,0.9477068,0.9472644,0.9481034,0.94677615,0.968757,0.97120565,0.951563,0.9708509,0.9583105,0.8281607,0.9557962,0.93934405,0.95834994,0.8983702,0.93852264,0.94368917,0.96956784,0.9420233,0.9634278,0.9391837,0.9712642,0.9395714,0.9439345,0.95126545,0.92242867,0.9632748,0.95743966,0.9318614,0.95189667,0.9637019,0.95054346,0.94804955,0.9159874,0.78921765,0.9419436,0.9590272,0.94398844,0.96292293,0.9439042,0.9354405,0.9712642,0.96019894,0.95596856,0.9629381,0.95451087
angrybirdsmovie,0.96630675,0.94190115,0.9566513,0.9510599,0.9583162,0.9382627,0.9331529,0.95331603,0.96796143,0.94255054,0.93073297,0.99999994,0.9505157,0.9538822,0.9501849,0.9433835,0.95348173,0.9511299,0.9577496,0.92297775,0.9173769,0.96407765,0.9384543,0.9437001,0.9446138,0.7046473,0.9551773,0.93622,0.9712421,0.9352408,0.9478941,0.9564017,0.9094437,0.9579671,0.93502337,0.87067,0.9462252,0.9453116,0.93252915,0.9270469,0.9691469,0.939777,0.9098602,0.94515556,0.9597708,0.9471288,0.95673764,0.95216036,0.95410615,0.94880766,0.9674668,0.95353156,0.928312,0.9205401,0.9505484,0.9674306,0.9426099,0.9346496,0.9496889,0.9617796,0.9609427,0.95706105,0.95123506,0.9575981,0.92417634,0.90871406,0.9661227,0.95297843,0.9465768,0.94286233,0.9633756,0.5102976,0.9440548,0.9298675,0.9367538,0.9036513,0.8523446,0.9400391,0.9363054,0.9161732,0.9341038,0.9408435,0.9734567,0.9471264,0.9507433,0.95845735,0.8916186,0.94649434,0.9514391,0.9462183,0.93984693,0.9633756,0.9420777,0.95139384,0.9503164,0.94648623,0.95453745,0.9355336,0.92211396,0.93919164,0.9332107,0.94489974,0.9193112,0.9530261,0.95398134,0.96408254,0.9598001,0.93388176,0.9466793,0.94502705,0.9677725,0.5571012,0.93684834,0.9080967,0.9483143,0.9500818,0.964968,0.9538074,0.94400936,0.91489655,0.96052897,0.956482,0.9535055,0.91959274,0.94439,0.96020436,0.9336202,0.9422025,0.9200782,0.82112074,0.95048624,0.9434848,0.95394534,0.8900696,0.9320724,0.9381802,0.9525614,0.9529242,0.96826315,0.92707956,0.96796143,0.96409273,0.9344105,0.96142703,0.9644848,0.9453925,0.9467389,0.92496264,0.9389353,0.93355733,0.93636876,0.91984624,0.9159983,0.8668498,0.9268638,0.96173215,0.95103717,0.95884573,0.95028853,0.9362717,0.96796143,0.9471408,0.94683623,0.9480707,0.97375137
annabellemovie,0.9507366,0.9455184,0.9712992,0.9595482,0.9609962,0.95449287,0.94456166,0.96824515,0.97672653,0.9470018,0.94751745,0.9505157,1.0000002,0.96682644,0.97015333,0.950168,0.9593048,0.9719291,0.96525735,0.9493525,0.93556505,0.9618973,0.94461066,0.9675769,0.9496223,0.71973103,0.9657277,0.9319133,0.9657758,0.9363946,0.969828,0.96181947,0.9411555,0.9291454,0.947836,0.8850293,0.9674188,0.96319324,0.95252067,0.96058875,0.93167245,0.9603111,0.9387235,0.9527506,0.95645505,0.9709113,0.9552079,0.9660708,0.9550777,0.9568759,0.9582638,0.9658765,0.9410486,0.94919324,0.95149297,0.95857275,0.95707977,0.96980894,0.9660079,0.9564561,0.94739735,0.95085514,0.9577826,0.95468426,0.9510599,0.9419477,0.97248006,0.96276194,0.95652527,0.9499496,0.9647479,0.5113672,0.9309225,0.943361,0.9115416,0.9299543,0.83934283,0.9500043,0.9522443,0.9534171,0.95758057,0.9450491,0.9557867,0.9340117,0.95468533,0.96333086,0.9274765,0.97811526,0.9480085,0.96231824,0.9408535,0.9647479,0.9505467,0.9600165,0.94712126,0.9642241,0.96245456,0.9639328,0.9194562,0.945682,0.9638841,0.95279187,0.95857173,0.96890175,0.9524862,0.960234,0.96474177,0.9451183,0.9414636,0.9557166,0.981801,0.5519567,0.96124786,0.9265586,0.9697352,0.95385617,0.95499235,0.94766355,0.9714573,0.9351808,0.9510161,0.9723846,0.9588835,0.9412986,0.9552518,0.96719056,0.9426743,0.95831865,0.9502901,0.87741125,0.94307625,0.94890034,0.9625271,0.9375064,0.9593599,0.9515338,0.941643,0.941006,0.97622335,0.9605478,0.97672653,0.96448976,0.9662517,0.9564788,0.9567212,0.9563348,0.9488149,0.94674945,0.9534105,0.93368685,0.9484411,0.9553426,0.95392597,0.8471298,0.9436301,0.96176547,0.966478,0.9491957,0.9652813,0.9710383,0.97672653,0.94743675,0.9545781,0.9516829,0.9544127
annamovie,0.9630089,0.95494384,0.9583433,0.9538187,0.9618442,0.9568344,0.9553766,0.9640566,0.98404217,0.943446,0.95487744,0.9538822,0.96682644,1.0,0.9746064,0.9621723,0.9671082,0.96208245,0.959552,0.9631693,0.9418313,0.96821487,0.96396136,0.97123384,0.96695745,0.71382767,0.96808946,0.9522813,0.9628784,0.95267004,0.95621717,0.95972854,0.9453645,0.9485875,0.9535816,0.85852826,0.9658023,0.9636879,0.96901846,0.9638488,0.9467913,0.96036136,0.93169755,0.96760195,0.9735265,0.9702346,0.96587193,0.97913283,0.96051013,0.96470195,0.9675152,0.96522784,0.94532,0.96470225,0.96291536,0.94814277,0.9696558,0.96057373,0.96315545,0.96863276,0.9594961,0.9571532,0.96204495,0.97786593,0.94288355,0.9379342,0.9625392,0.9677868,0.9695312,0.96025133,0.9719848,0.47623298,0.92293733,0.9661305,0.93953586,0.9382729,0.85716176,0.9510333,0.9684613,0.9389814,0.96982527,0.95600367,0.9573484,0.96013176,0.9688697,0.9463184,0.9386391,0.96211505,0.9530493,0.9705287,0.949516,0.9719848,0.9484512,0.9679178,0.9644782,0.9662034,0.96996695,0.96778905,0.944671,0.98259944,0.9612097,0.9741015,0.93613356,0.97138226,0.9777615,0.9696142,0.96114975,0.9634329,0.94830453,0.95512795,0.9854981,0.53239274,0.9664276,0.9229241,0.96676475,0.95916474,0.9670152,0.9663851,0.97545016,0.9417654,0.9559262,0.956181,0.9794475,0.9456776,0.96794975,0.97779,0.95301765,0.9638634,0.94906133,0.8404828,0.94487756,0.9449243,0.9728649,0.943247,0.9501652,0.964966,0.96345305,0.9688763,0.97384024,0.95259243,0.98404217,0.9614359,0.9651537,0.96777815,0.95469975,0.9689559,0.95495003,0.9567296,0.9681543,0.95096815,0.9638358,0.94545525,0.9262864,0.83912987,0.95570475,0.96132934,0.9636331,0.96156746,0.96661097,0.95727825,0.98404217,0.9636704,0.9652444,0.9624477,0.9654177
apollo11movie,0.9677618,0.9449367,0.9827542,0.96206725,0.9631843,0.96927947,0.9591398,0.96985435,0.9860065,0.96361125,0.96818364,0.9501849,0.97015333,0.9746064,1.0000001,0.96535033,0.96004367,0.96681225,0.9648955,0.9777334,0.9498325,0.9706744,0.96888393,0.97535807,0.96454936,0.7167891,0.95964175,0.95586926,0.96689993,0.95689803,0.9751048,0.9681804,0.96090096,0.9273288,0.9568347,0.8656633,0.9684808,0.96965796,0.9697267,0.96376383,0.9393537,0.9669521,0.9445989,0.96597403,0.966961,0.9605118,0.9734989,0.97007656,0.9636341,0.9677328,0.966261,0.97181064,0.9526455,0.9656128,0.9614494,0.94570994,0.9666501,0.97389,0.96745914,0.96788657,0.9401267,0.9553379,0.959733,0.9571905,0.93986243,0.9502905,0.9582622,0.9651522,0.9589215,0.96184313,0.97051233,0.4651803,0.9137872,0.96707034,0.93872666,0.9482168,0.86302084,0.9576679,0.96968234,0.95527256,0.9638677,0.9649802,0.9495144,0.9557247,0.95458436,0.94760096,0.9473004,0.97287524,0.95144033,0.9703612,0.95055544,0.97051233,0.95366544,0.95693,0.9498537,0.98460823,0.95862025,0.97200185,0.9398337,0.9647992,0.9548733,0.9604022,0.9522338,0.97223747,0.967952,0.9687439,0.96769774,0.9590452,0.9637522,0.943361,0.97573143,0.5069786,0.9674382,0.92012274,0.9593296,0.96505064,0.9757592,0.9542503,0.9782938,0.9503851,0.9438912,0.97020656,0.9685714,0.9630811,0.9748118,0.9782929,0.96346486,0.9711487,0.9544637,0.8746907,0.9651379,0.9413381,0.97862077,0.92846245,0.97048914,0.9616382,0.9674429,0.95323175,0.9755033,0.94823724,0.9860065,0.9710589,0.9653237,0.96889305,0.9417038,0.9683299,0.95729524,0.96651596,0.96165997,0.9559211,0.9675787,0.9663591,0.94191855,0.8396668,0.9429133,0.96685296,0.9707384,0.9629725,0.9701844,0.96709245,0.9860065,0.96516424,0.9662292,0.971222,0.9631919
arcticdogsmovie,0.97736126,0.9710429,0.9634177,0.9491125,0.959544,0.96736115,0.9691966,0.9642755,0.9801944,0.94609785,0.95632184,0.9433835,0.950168,0.9621723,0.96535033,0.9999999,0.9594774,0.96089584,0.9672719,0.9517792,0.93423826,0.955139,0.968499,0.96969026,0.96065134,0.7392592,0.9557586,0.94988847,0.9579325,0.96273977,0.96084255,0.94995,0.9444843,0.9463115,0.9535675,0.8419986,0.96461433,0.9607584,0.9700402,0.94857347,0.94924575,0.9663203,0.937822,0.9591543,0.9783839,0.96391815,0.9780563,0.9742773,0.95317,0.9635934,0.96848315,0.95696694,0.9594736,0.9541821,0.9485807,0.95046794,0.9643603,0.96344346,0.9532466,0.9629829,0.945795,0.9532899,0.95963925,0.9550154,0.92755955,0.9536034,0.9471356,0.9520165,0.94851786,0.937751,0.9662061,0.49054408,0.9019532,0.9662203,0.942231,0.9527975,0.8644351,0.9490618,0.96866816,0.9505908,0.9509133,0.96355206,0.9465321,0.94665515,0.9625524,0.9595151,0.9450622,0.9636628,0.9474002,0.94498587,0.95601004,0.9662061,0.95215297,0.9399959,0.95950305,0.96022964,0.96848565,0.94355845,0.9557141,0.96202284,0.96051604,0.9556746,0.92352563,0.9626069,0.95821875,0.9666745,0.9516386,0.9745132,0.9598727,0.9287104,0.9687738,0.5530227,0.95537406,0.8885895,0.96387666,0.96539915,0.9766641,0.9399733,0.9693509,0.9598564,0.9371439,0.95884675,0.95900524,0.95708025,0.97825366,0.95775455,0.9588047,0.96941686,0.9545958,0.8570105,0.9589611,0.95740104,0.96990335,0.9115073,0.94588363,0.9617706,0.9494083,0.9610941,0.9662459,0.956453,0.9801944,0.9532781,0.9594972,0.95743483,0.93695533,0.9644169,0.9660309,0.95368874,0.9577826,0.9491613,0.97334075,0.9504856,0.9309212,0.87854296,0.93326026,0.9571817,0.9631552,0.9704954,0.95450526,0.95672816,0.9801944,0.96463203,0.97219175,0.97250426,0.96892196
arcticmovie,0.9586296,0.9626613,0.9594654,0.9372454,0.96985614,0.95320517,0.952251,0.9629514,0.972859,0.93312234,0.9302324,0.95348173,0.9593048,0.9671082,0.96004367,0.9594774,1.0000002,0.96778667,0.9677735,0.939553,0.9287049,0.962409,0.9426074,0.96340156,0.9487129,0.71247536,0.9604446,0.97022307,0.9541321,0.946767,0.9570837,0.9533347,0.93109775,0.94265294,0.94535995,0.8470292,0.9554775,0.93791986,0.94050145,0.9467953,0.94746125,0.96181935,0.9492163,0.96934277,0.96272224,0.9576196,0.9566585,0.97673285,0.94377756,0.97147435,0.96599615,0.9513752,0.91948885,0.9405025,0.9293573,0.9584474,0.9514764,0.9519864,0.94312567,0.96130085,0.96304363,0.942102,0.9633432,0.9732904,0.9326536,0.9529504,0.9540943,0.96253955,0.9500987,0.9456313,0.96275514,0.48737916,0.90366465,0.968561,0.9134053,0.9407978,0.80992806,0.95573384,0.94228244,0.9515136,0.9369079,0.96189547,0.960536,0.947336,0.9443635,0.95569015,0.89929354,0.9541926,0.9509298,0.95069134,0.9623299,0.96275514,0.94874036,0.94880325,0.9462323,0.9368994,0.94482356,0.9335064,0.9282079,0.94085026,0.95155036,0.96047837,0.9239062,0.9536587,0.94858426,0.9614413,0.9359253,0.9591591,0.9428043,0.9432704,0.96916974,0.52068293,0.9664055,0.9139575,0.97759724,0.94582933,0.95541286,0.9400299,0.96081,0.9305906,0.9482597,0.96270365,0.9615392,0.9285156,0.95591253,0.960525,0.93153936,0.9351428,0.92878175,0.86806244,0.94625556,0.946579,0.97784126,0.9459502,0.9470378,0.9515232,0.94271195,0.9420076,0.96586305,0.9479329,0.972859,0.95515984,0.9403424,0.95898294,0.9466008,0.9444101,0.93728524,0.9396439,0.9614223,0.92273307,0.968309,0.94146466,0.938478,0.88042635,0.912908,0.95221734,0.9525828,0.94591373,0.9609027,0.9584718,0.972859,0.9377909,0.9589367,0.9449807,0.9534858
artofracingmovie,0.9609823,0.95140857,0.9673857,0.95220685,0.9875154,0.9493498,0.9552908,0.98135334,0.9792523,0.9367592,0.95702636,0.9511299,0.9719291,0.96208245,0.96681225,0.96089584,0.96778667,0.9999998,0.9551228,0.9472723,0.9643457,0.9618218,0.9548919,0.9664123,0.9545106,0.6852773,0.9680885,0.93398476,0.9642236,0.93982786,0.96339476,0.9458539,0.94160354,0.94218916,0.9479902,0.8915457,0.9553806,0.9552069,0.9526303,0.94801754,0.94280714,0.96998763,0.93506485,0.9552226,0.9620612,0.9601158,0.96391594,0.96474916,0.9599276,0.9669416,0.97239506,0.9621436,0.93964934,0.9554977,0.94631886,0.96661395,0.96390104,0.9695988,0.96552765,0.96905977,0.96473944,0.9590628,0.9551264,0.95563525,0.9384778,0.9493666,0.95685023,0.9678428,0.9530634,0.9644828,0.9702817,0.48294362,0.93666124,0.94547313,0.92468643,0.9337785,0.84339094,0.94580793,0.96614677,0.9541765,0.9706857,0.9496289,0.96485907,0.9318063,0.9648906,0.96026903,0.92278177,0.9600667,0.9604655,0.95790845,0.9643261,0.9702817,0.9376387,0.9466022,0.9571399,0.9560926,0.96515554,0.94034237,0.93247896,0.9511363,0.9471118,0.9623177,0.9548794,0.977186,0.94885045,0.9689435,0.95613563,0.96437776,0.96361446,0.943455,0.98010564,0.536319,0.9505878,0.91971207,0.97700673,0.96371347,0.9720671,0.9465077,0.9838626,0.9460173,0.9492632,0.96416014,0.9607984,0.9344214,0.9635395,0.9726742,0.94977975,0.9602352,0.9661016,0.84832114,0.96976304,0.9561374,0.9733936,0.9263876,0.94314444,0.9483628,0.96305496,0.9371687,0.9729115,0.9703549,0.9792523,0.9650753,0.94649285,0.96925735,0.94664294,0.9534983,0.95226556,0.9474926,0.9761923,0.9460087,0.9571006,0.9498466,0.9393846,0.86826575,0.9394053,0.9664677,0.9656293,0.95808727,0.9622388,0.9672237,0.9792523,0.9500829,0.9582872,0.9625914,0.96621376
avengers,0.98279256,0.9579125,0.96827054,0.94940466,0.95909697,0.96050197,0.95462435,0.9557263,0.9754474,0.94868004,0.93850756,0.9577496,0.96525735,0.959552,0.9648955,0.9672719,0.9677735,0.9551228,1.0000001,0.9408281,0.9166874,0.9597924,0.9527719,0.9702155,0.95101964,0.7231655,0.9643488,0.95930904,0.96502167,0.94368625,0.9735969,0.9651232,0.9274306,0.94627774,0.93934816,0.8426543,0.9603067,0.9494236,0.9552473,0.9338958,0.95441204,0.96335137,0.92979085,0.9514599,0.97011596,0.9578215,0.96429986,0.96496344,0.9629864,0.95541924,0.9644995,0.95868325,0.9352546,0.9388923,0.9464086,0.9597175,0.95408654,0.9668128,0.95210004,0.96265155,0.95166266,0.9521859,0.96460843,0.9551784,0.9294612,0.94714975,0.9623251,0.9525707,0.95002365,0.9383225,0.9665411,0.5024494,0.9099636,0.9594039,0.92128146,0.92456776,0.83947253,0.96495223,0.9501986,0.94089985,0.9341059,0.96241665,0.95119,0.9351379,0.94292647,0.960448,0.9089407,0.9686072,0.9479774,0.9500074,0.9441956,0.9665411,0.9624249,0.94067067,0.947702,0.9543939,0.9551774,0.93920356,0.93911123,0.9466324,0.9558099,0.9578142,0.93529946,0.9568639,0.9506974,0.9595299,0.95305574,0.95383173,0.94421554,0.950513,0.966299,0.5395021,0.9626686,0.89303803,0.9653192,0.9595146,0.96728104,0.9427477,0.96269727,0.93790567,0.9336995,0.97777116,0.9587548,0.9446839,0.9538151,0.9563716,0.94380486,0.95607907,0.9411161,0.8714289,0.946764,0.96066135,0.96207887,0.9233416,0.95811474,0.9508688,0.9436787,0.9562,0.9660586,0.9504878,0.9754474,0.96650165,0.95689595,0.96423864,0.9482292,0.95517474,0.96128565,0.937146,0.95070785,0.9366368,0.9619189,0.94446456,0.94334036,0.88289636,0.9272837,0.96060693,0.96466154,0.9559817,0.95838577,0.9670055,0.9754474,0.9588137,0.95892173,0.962715,0.963728
beachbummovie,0.9466928,0.9298018,0.9513086,0.9361902,0.93317276,0.96437854,0.93527514,0.94568413,0.96732736,0.94465476,0.9427674,0.92297775,0.9493525,0.9631693,0.9777334,0.9517792,0.939553,0.9472723,0.9408281,1.0000001,0.9292292,0.9550393,0.960038,0.9598952,0.9475126,0.7107562,0.94921535,0.93990606,0.942399,0.95191026,0.9544458,0.9554058,0.95077,0.9056867,0.9397928,0.86689883,0.95847434,0.96944475,0.9694664,0.949884,0.9196127,0.9523707,0.9205885,0.9526354,0.95572156,0.9579944,0.9582594,0.9665274,0.95047146,0.95301044,0.93743706,0.9565575,0.92922485,0.96263117,0.9564005,0.91388714,0.9437913,0.965595,0.9473264,0.9408044,0.9136777,0.9284963,0.9439121,0.9402254,0.93227255,0.9381376,0.93758786,0.94274735,0.92738247,0.95608246,0.94351673,0.49306193,0.8750701,0.9608789,0.92750275,0.93874687,0.83880424,0.9425588,0.95582813,0.94025046,0.9475543,0.9378886,0.9194623,0.9430794,0.9290842,0.9276949,0.94209653,0.9475114,0.93058527,0.9601079,0.92802703,0.94351673,0.9480189,0.9467039,0.9335601,0.95823395,0.9333619,0.97339773,0.925479,0.9622817,0.94554776,0.9379594,0.9185482,0.9565423,0.9366606,0.9434219,0.94871414,0.9430761,0.9328063,0.9272232,0.96136016,0.53810954,0.9633566,0.9051097,0.9429978,0.94695747,0.95731163,0.94915986,0.95846814,0.9222986,0.9069089,0.9503153,0.95573133,0.958247,0.9594918,0.9595646,0.9537614,0.95548743,0.9500856,0.87150365,0.9428754,0.92441964,0.95400274,0.9091614,0.97045094,0.9410212,0.94188875,0.95085806,0.94782597,0.948897,0.96732736,0.94806063,0.9554322,0.95242244,0.91345304,0.9434907,0.92489797,0.9644126,0.9433362,0.93872595,0.94726145,0.94800884,0.9340711,0.80757093,0.91816765,0.9380953,0.9503534,0.93807995,0.9596188,0.9606631,0.96732736,0.9547638,0.9557386,0.95333964,0.9334391
bernadettefilm,0.94353104,0.9213664,0.9494691,0.93810993,0.95566034,0.9238964,0.9580285,0.95993185,0.9671643,0.9173448,0.94431704,0.9173769,0.93556505,0.9418313,0.9498325,0.93423826,0.9287049,0.9643457,0.9166874,0.9292292,0.99999994,0.9372003,0.9544419,0.9549582,0.9448733,0.6991313,0.9241637,0.9148827,0.93231404,0.92195684,0.9380161,0.9271277,0.9522297,0.9001714,0.94418937,0.8976095,0.92968243,0.95139885,0.94285476,0.9433503,0.90915036,0.9445461,0.90992934,0.9310569,0.9413117,0.94168556,0.94947356,0.93708676,0.9359266,0.94014126,0.9491561,0.9520541,0.91959935,0.94789153,0.9324984,0.93004954,0.94618744,0.9523562,0.95786583,0.9548024,0.91954184,0.94385314,0.9360886,0.9329575,0.9252439,0.95075893,0.9358372,0.9439516,0.9321081,0.952557,0.95443285,0.43590048,0.90193343,0.9356589,0.9247195,0.93272626,0.8902162,0.9324393,0.9486107,0.93308854,0.95487255,0.94959384,0.9359308,0.9413471,0.9490957,0.9410739,0.922233,0.9315516,0.94996285,0.9553109,0.94814026,0.95443285,0.92691755,0.92473423,0.9343174,0.9386831,0.94161993,0.9313765,0.9399351,0.9467823,0.9171951,0.9383312,0.9379488,0.96658105,0.94066566,0.9517435,0.9554032,0.94472414,0.9468317,0.92568165,0.9486087,0.4908232,0.9219769,0.9143797,0.9528148,0.9490708,0.9634321,0.94724864,0.9763398,0.9615801,0.9314137,0.9378362,0.9417734,0.9242209,0.95896536,0.959087,0.9301885,0.9342091,0.947346,0.83593524,0.9724958,0.9149732,0.9400865,0.90723807,0.93308496,0.93430287,0.964064,0.9291809,0.95383435,0.9426459,0.9671643,0.9447411,0.92565805,0.9548056,0.90083367,0.94106966,0.9410197,0.94897896,0.96772367,0.93923116,0.95784444,0.95296323,0.93037784,0.84849447,0.94312376,0.9481043,0.95544076,0.9412771,0.945338,0.93466616,0.9671643,0.9173378,0.95696867,0.9540512,0.95119894
