movie,21bridgesmovie,47metersdown,abeautifuldaymovie,abominablemovie,adastramovie,adogsjourneymovie,aftermathmovie,aftermovie,ahiddenlifefilm,alitamovie,angelhasfallen,angrybirdsmovie,annabellemovie,annamovie,apollo11movie,arcticdogsmovie,arcticmovie,artofracingmovie,avengers,beachbummovie,bernadettefilm,blackandbluemovie,blackchristmas,blindedbythelightmovie,bombshellmovie,booksmart,breakthroughmovie,brianbanksmovie,brightburnmovie,brittanyrunsmov,captainmarvelofficial,captivestatemovie,catsmovie,charliesangels,childsplaymovie,clarathefilm,coldpursuitmovie,countdown,currentwarmovie,darkwatersmovie,detectivepikachumovie,disneyaladdin,disneyfrozen,disneymaleficent,doctorsleepmovie,dolemiteismyname,dontletgomovie,doramovie,downtonabbey_official,dumbo,escaperoom,everybodyknowsmovie,fastandfuriousmovie,fightingwmyfam,fivefeetapartfilm,fordvferrari,freaksthefilm,geminimanmovie,glassmovie,gloriabellmovie,godzillamovie,goldfinchmovie,goodboysmovie,goodliarmovie,gretafilm,halathemovie,happydeathdaymovie,harrietfilm,hellboymovie,hersmellmovie,highlifemovie,highstrungmovie,honeyboymovie,hotelmumbaifilm,httydragon,hustlemovie,hustlersmovie,isntitromantic,itmovieofficial,jayandsilentbob,johnwickmovie,jojorabbitmovie,jokermovie,judythefilm,jumanjimovie,justmercyfilm,knivesout,lalloronamovie,lastblackmansf,lastchristmasthemovie,latenightmovie,lighthousemovie,lionking,littlethemovie,littlewomenmovie,littlewoodsfilm,longshotmovie,lordsofchaosmovie,lucyintheskyfilm,mamovie2019,marriagestory,meettheaddams,meninblack,midsommarmovie,midwaymovie,missbalamovie,missinglinkfilm,motherlessbklyn,onceinhollywood,onthebasisofsex,overcomermovie,peanutbutterfalcon,petsematarymovie,piercingmovie,playingwithfire,playmobilthemovie,pomsmovie,queenandslim,rambomovie,readyornotfilm,richardjewellfilm,rocketmanmovie,scarystoriesmovie,secretlifeofpets,serenityfilm,shaftmovie,shazammovie,spidermanmovie,spiesindisguise,starwars,stormboymovie,stubermovie,taosdfilm,teenspiritmov,terminator,theaeronautsmov,thebestofenemies,thedeaddontdie,thefarewell,thehighwaymen,thehummingbirdprojectfilm,theintrudermovie,theirishmanfilm,thekitchenmovie,thelegomovie,themustangfilm,thenightingalefilm,theprodigymovie,thesunisalsoastar,theupsidefilm,tolkienmovie,toystory,triplefrontier,uglydolls,uncutgems,underthesilverlake,usmovie,wavesmovie,whatmenwant,wonderparkmovie,wrinklestheclown,xmenmovies,yardiefilm,yesterdaymovie,zombieland
21bridgesmovie,0.9999999,0.9589002,0.96404034,0.9559595,0.96981335,0.9271338,0.9658104,0.96469676,0.9784015,0.95400524,0.9381396,0.94314694,0.9680881,0.96297026,0.96323216,0.96453524,0.96528876,0.9645664,0.97970927,0.9460095,0.94300526,0.96564555,0.9597834,0.96454763,0.92878556,0.48824793,0.94696057,0.9550723,0.9672494,0.9528273,0.969508,0.9754292,0.9352317,0.9516242,0.9104728,0.82931924,0.96337724,0.96313274,0.96181726,0.94293344,0.9670686,0.95429575,0.89310884,0.9656745,0.9668886,0.9491695,0.96143657,0.97218394,0.9751871,0.9561749,0.9755959,0.97432894,0.9632751,0.9429617,0.95576495,0.9611735,0.9512085,0.9532001,0.95306855,0.96509236,0.9485189,0.9414181,0.9626353,0.94660014,0.95949924,0.9351812,0.97546464,0.96784323,0.9585613,0.941794,0.98078483,0.55191624,0.922544,0.9716502,0.9295166,0.93887013,0.8353043,0.9635559,0.9436241,0.93709975,0.9414214,0.943658,0.9608474,0.9738661,0.9731385,0.9715589,0.92716014,0.977799,0.9659727,0.9699221,0.9311697,0.98078483,0.952544,0.95532185,0.95822835,0.9572449,0.97740096,0.94708073,0.96298265,0.96000874,0.9457797,0.95906514,0.9487741,0.9669301,0.9317447,0.9753633,0.968765,0.94181865,0.9188168,0.963027,0.95914286,0.49522752,0.9559219,0.85160446,0.91552335,0.9670245,0.9936717,0.95191854,0.9616004,0.9728366,0.9501484,0.9562652,0.9753694,0.93087554,0.97741485,0.9713638,0.96830195,0.9522153,0.94716275,0.8684701,0.9684614,0.958605,0.955601,0.92398894,0.9602521,0.95505226,0.9734327,0.95519394,0.9810464,0.9544416,0.9784015,0.9698728,0.9535698,0.9372752,0.94406307,0.9638956,0.92236817,0.9276854,0.9410718,0.9578306,0.96387047,0.9511304,0.9407193,0.94565946,0.9596663,0.96748847,0.95475966,0.9622889,0.951256,0.9423381,0.9784015,0.96141857,0.97041875,0.9693076,0.94611585
47metersdown,0.9589002,0.99999994,0.94855076,0.92898625,0.96205705,0.928893,0.9466422,0.93978316,0.96387166,0.9273358,0.9472206,0.93939924,0.9445514,0.94722587,0.97447073,0.9719468,0.9477846,0.95171183,0.94854766,0.9583467,0.9624812,0.9563708,0.9399341,0.940588,0.8967764,0.42793417,0.9272844,0.9349623,0.9502213,0.9496431,0.9282509,0.93436825,0.91022325,0.9385687,0.90378714,0.8757412,0.9489789,0.9192504,0.9478926,0.9423722,0.9430776,0.93722504,0.9104258,0.9412114,0.9580662,0.94024384,0.9311246,0.9505986,0.9227596,0.9280877,0.9568678,0.9639152,0.94977856,0.95208025,0.91114974,0.9409503,0.9259983,0.9517052,0.9528369,0.94351023,0.954301,0.9142808,0.937133,0.9400253,0.9278427,0.9331932,0.9531159,0.9584497,0.9427895,0.93940485,0.9467405,0.55979246,0.9311084,0.9293139,0.9427836,0.94522405,0.79245645,0.9522975,0.9257117,0.9491054,0.9529083,0.93991506,0.9540837,0.9635391,0.9574417,0.9502212,0.90423125,0.9525849,0.9501143,0.9496676,0.9388829,0.9467405,0.95207834,0.9669782,0.94734573,0.96309924,0.97008884,0.9453725,0.9236801,0.9621977,0.9456184,0.9323527,0.9169372,0.9486321,0.9515288,0.95665014,0.942596,0.9541665,0.8944472,0.9123275,0.9492154,0.44693542,0.95367306,0.86098486,0.9190201,0.9337908,0.9520587,0.94942075,0.9480182,0.9543088,0.9433492,0.9542609,0.9590096,0.9222742,0.9444144,0.9630329,0.9395036,0.95119375,0.936158,0.8834074,0.9592103,0.9376411,0.9588919,0.94146013,0.9538889,0.9535824,0.9573189,0.9334129,0.9473,0.9484063,0.96387166,0.9509135,0.9481705,0.94505835,0.923189,0.9515228,0.91445166,0.922301,0.95349383,0.8915381,0.9479449,0.94365424,0.9385159,0.8872469,0.9430933,0.9277688,0.96305346,0.9310051,0.95098096,0.9358764,0.96387166,0.9716769,0.94356984,0.9520775,0.95225453
abeautifuldaymovie,0.96404034,0.94855076,1.0,0.95813626,0.9583125,0.93742657,0.96635014,0.9638395,0.98241967,0.96207935,0.95501214,0.96189296,0.96233714,0.9757849,0.94655746,0.9651224,0.9686213,0.95834124,0.9565047,0.9462509,0.9430166,0.97018874,0.9677819,0.96576387,0.95247144,0.49182484,0.9367183,0.9638969,0.98484164,0.9601553,0.9641818,0.9702954,0.93598485,0.96579945,0.95816624,0.88277614,0.9705054,0.9518326,0.96024704,0.925086,0.94831693,0.96642166,0.9229465,0.96416295,0.96393615,0.9505043,0.97185606,0.9523583,0.95831954,0.964724,0.9870329,0.97565114,0.94954056,0.94578964,0.9396935,0.9360008,0.9483616,0.95305973,0.97029155,0.96566224,0.95883757,0.9399162,0.9546985,0.9663834,0.96627766,0.94909185,0.96263,0.9592008,0.9660695,0.95145,0.9769847,0.56132996,0.9109459,0.9661773,0.9380904,0.9359621,0.83872026,0.96195453,0.95338356,0.9567156,0.96745455,0.9556979,0.97660106,0.9816014,0.97261244,0.95502144,0.946949,0.96878386,0.93960387,0.9601558,0.930822,0.9769847,0.9494636,0.95764416,0.96982634,0.9546543,0.9761637,0.96825945,0.95838875,0.9594948,0.96241754,0.9740459,0.9600969,0.9624731,0.9446441,0.981302,0.96818244,0.96281826,0.9381393,0.9282832,0.9568054,0.50631404,0.93807954,0.8745631,0.9075915,0.959897,0.97320807,0.95927083,0.98575026,0.9636505,0.94873905,0.9397085,0.96014434,0.9355389,0.97117436,0.9706798,0.9572266,0.96729755,0.9408287,0.89421344,0.9518886,0.9477018,0.9604606,0.9169201,0.94745684,0.9624159,0.96237105,0.9497716,0.97992176,0.95886886,0.98241967,0.97554266,0.9530221,0.96108705,0.9414098,0.9602666,0.93179125,0.96419495,0.9524216,0.9235166,0.9738587,0.9787221,0.9595515,0.92734283,0.94868237,0.96658534,0.9449734,0.96365345,0.94261116,0.9310452,0.98241967,0.9621671,0.96799666,0.97539127,0.96296734
abominablemovie,0.9559595,0.92898625,0.95813626,1.0,0.9723998,0.9119147,0.96422505,0.94122565,0.97574264,0.9446767,0.9406116,0.9522675,0.9834706,0.964061,0.9477474,0.9325377,0.947329,0.9764875,0.9551846,0.91803956,0.93492794,0.95041585,0.9561395,0.95365185,0.9617428,0.4814489,0.96312296,0.94784546,0.95110106,0.9437849,0.9557521,0.9484746,0.9556354,0.939139,0.93029165,0.8598777,0.9548714,0.9808435,0.96393454,0.9224718,0.9382239,0.96334285,0.9120639,0.958061,0.94110537,0.9390263,0.95719063,0.94892603,0.945337,0.9582219,0.96891826,0.97074795,0.9467208,0.9619069,0.9452613,0.97605425,0.9602193,0.9356683,0.9630621,0.9709487,0.95617044,0.95403725,0.95279026,0.95890915,0.96129376,0.9500621,0.95146364,0.95677125,0.96515346,0.91510594,0.9764035,0.5634568,0.94038486,0.9609063,0.9232569,0.9109531,0.8691841,0.9481735,0.9437629,0.9481769,0.94575894,0.9630591,0.9645929,0.96363014,0.9722591,0.9425558,0.9612424,0.97292835,0.94825846,0.95710754,0.93314403,0.9764035,0.93567526,0.9501298,0.950927,0.95166296,0.96346235,0.9425814,0.95170915,0.9394891,0.9395418,0.9650594,0.94139236,0.97193944,0.95283973,0.96963507,0.9567539,0.9449047,0.90953165,0.9333524,0.97120976,0.49982125,0.9284136,0.8736884,0.89438164,0.96454275,0.9654456,0.94428915,0.9566863,0.9629389,0.9328274,0.9225491,0.94124985,0.91348636,0.9634154,0.96675175,0.9519644,0.95917565,0.96440226,0.88805854,0.9413957,0.9712008,0.9593095,0.8836503,0.93272924,0.9502428,0.9474172,0.9675476,0.9701968,0.9658036,0.97574264,0.9511891,0.944897,0.93596333,0.9309237,0.9586288,0.9204789,0.965327,0.95318156,0.89147145,0.9669256,0.9527017,0.9460188,0.9007798,0.95944196,0.9726606,0.9367338,0.96761316,0.9324529,0.92315316,0.97574264,0.94838506,0.9805282,0.962454,0.9606229
adastramovie,0.96981335,0.96205705,0.9583125,0.9723998,1.0,0.9328849,0.9703604,0.94430405,0.98333156,0.9605274,0.9557588,0.9613472,0.97560173,0.96252626,0.9666553,0.9586151,0.96896654,0.97786266,0.9667187,0.95006895,0.95964175,0.97062373,0.95697105,0.9521767,0.94694793,0.46855748,0.96725947,0.95918065,0.96259236,0.9589519,0.9529983,0.9591233,0.95482063,0.9489009,0.9041307,0.87290305,0.9736542,0.9683214,0.9776695,0.9454435,0.9597832,0.96199673,0.90884906,0.9655272,0.95986056,0.9541121,0.9516984,0.9754058,0.9602755,0.9578965,0.9791094,0.97815883,0.96937674,0.9730481,0.9492848,0.986251,0.9657441,0.96057284,0.96787965,0.9758022,0.963227,0.95040643,0.9520164,0.9593086,0.9466262,0.95296,0.9676075,0.95966506,0.9758909,0.95059013,0.97809064,0.5400821,0.9483303,0.96835834,0.9471401,0.93282187,0.8465628,0.9678561,0.95626503,0.95124626,0.9683645,0.95789856,0.9730867,0.9726423,0.9759266,0.9568187,0.9593489,0.9749276,0.96935713,0.9712445,0.9397478,0.97809064,0.96392375,0.9596637,0.96512896,0.96127605,0.9810561,0.9614633,0.9602538,0.95725685,0.9599047,0.9604498,0.94801724,0.9760336,0.96263725,0.98059577,0.9675498,0.9510512,0.8956666,0.96104383,0.9679749,0.48108026,0.956303,0.8681019,0.9296271,0.9633125,0.97004193,0.961499,0.96475494,0.97155267,0.95538056,0.95972127,0.9584754,0.9226593,0.97324383,0.97170204,0.958638,0.96712476,0.96647465,0.90574783,0.9693273,0.97355336,0.9736112,0.92511094,0.95671785,0.95730186,0.9610947,0.97076756,0.97511154,0.9734959,0.98333156,0.9678242,0.9608915,0.9501919,0.9388325,0.9711636,0.93546444,0.9442519,0.9555298,0.9127152,0.97131115,0.95971155,0.96081877,0.8985337,0.96945184,0.9705367,0.96670216,0.95975035,0.9465571,0.9503675,0.98333156,0.97324973,0.97875255,0.9716869,0.9669134
adogsjourneymovie,0.9271338,0.928893,0.93742657,0.9119147,0.9328849,0.99999994,0.93804604,0.9370022,0.9420896,0.91809887,0.94517416,0.9111996,0.9191848,0.9469732,0.9293312,0.96193767,0.93446577,0.9271195,0.8930113,0.95421624,0.9197575,0.93697965,0.9384153,0.89144343,0.886966,0.46479824,0.9003555,0.9048964,0.94551843,0.9274586,0.9055012,0.9174163,0.9331862,0.922833,0.8845331,0.8210508,0.94663775,0.9114461,0.9202866,0.8779866,0.9257269,0.91093045,0.891778,0.91541433,0.9469096,0.9127561,0.940865,0.9174004,0.9176353,0.91377854,0.94299114,0.9369992,0.92480063,0.93226904,0.9096113,0.90495414,0.8986696,0.92288357,0.94183767,0.9215451,0.9099254,0.91158533,0.91949975,0.9564525,0.89191204,0.9445031,0.926707,0.9256723,0.9342304,0.92163485,0.92786855,0.41167232,0.89717853,0.91074735,0.9360107,0.9397549,0.802916,0.9502585,0.910844,0.9360961,0.9342939,0.95006484,0.9274905,0.94243515,0.94484043,0.92376286,0.87069577,0.9459435,0.9237355,0.911603,0.890012,0.92786855,0.9320262,0.93480027,0.9309291,0.92662776,0.9335692,0.9611247,0.9219319,0.94613224,0.9358527,0.9320984,0.900854,0.9159234,0.9139575,0.9374837,0.9568536,0.93795705,0.8588426,0.8932862,0.92514247,0.45546007,0.92237127,0.7976866,0.8793397,0.93930537,0.940731,0.9292964,0.93715054,0.9437579,0.90646964,0.9086787,0.937383,0.9633683,0.92499214,0.931018,0.95881295,0.93917066,0.91112846,0.8814643,0.93236035,0.89913005,0.9311537,0.8987673,0.9379862,0.92529434,0.9443271,0.90857077,0.9341337,0.9357766,0.9420896,0.9529717,0.92253083,0.9443769,0.92012346,0.9219835,0.87157696,0.8991178,0.93453586,0.90997094,0.9520807,0.9415431,0.93045515,0.906669,0.9179317,0.91237885,0.93674207,0.91209656,0.9184419,0.9437686,0.9420896,0.94652486,0.9341171,0.9458543,0.92090374
aftermathmovie,0.9658104,0.9466422,0.96635014,0.96422505,0.9703604,0.93804604,1.0,0.94951874,0.98636705,0.9649842,0.95858186,0.9465443,0.974975,0.96363366,0.96389073,0.95634174,0.97215974,0.9744621,0.95591813,0.954263,0.9581509,0.9565996,0.97534806,0.960871,0.9686851,0.46577924,0.9328332,0.9564856,0.95853084,0.9705302,0.95925486,0.97221816,0.9615843,0.9318463,0.92485636,0.84131414,0.96942747,0.9697251,0.9742191,0.92557156,0.9526137,0.9680963,0.9206919,0.979975,0.9666952,0.9502418,0.97610784,0.966212,0.95187753,0.97072166,0.9724282,0.97578055,0.9716966,0.95806706,0.93781024,0.96166974,0.9411049,0.96919453,0.96167886,0.970832,0.94739074,0.956731,0.9595539,0.9653424,0.94638634,0.9620611,0.9732345,0.9647824,0.972479,0.9400117,0.9768243,0.5259442,0.9416991,0.96264744,0.940209,0.9395707,0.81309927,0.96582526,0.94839144,0.9591599,0.9530297,0.9752427,0.968798,0.96421635,0.97151315,0.94642377,0.9501782,0.98329127,0.9554568,0.9693452,0.9482707,0.9768243,0.9564809,0.9619968,0.9541206,0.9528663,0.9740662,0.96276134,0.9803491,0.95730925,0.946403,0.96678615,0.9311326,0.96317744,0.95047015,0.97231185,0.96831286,0.9296485,0.9143409,0.9397018,0.97129875,0.49249166,0.9635689,0.83700854,0.93452406,0.9600542,0.97333544,0.9653663,0.97121066,0.99578595,0.94638467,0.96029454,0.95071805,0.92386854,0.9783632,0.9605631,0.9571591,0.9586884,0.9738469,0.8906616,0.9571253,0.9690504,0.97399205,0.92596936,0.9682617,0.97181237,0.9637757,0.96898544,0.9798101,0.9642574,0.98636705,0.9574893,0.9365851,0.9360964,0.9518219,0.9691129,0.9197567,0.9514857,0.9478923,0.9293743,0.990306,0.96672016,0.9492743,0.94428295,0.96068627,0.9581446,0.96474624,0.95706177,0.9524766,0.9633035,0.98636705,0.9608422,0.97268605,0.97714186,0.9511886
aftermovie,0.96469676,0.93978316,0.9638395,0.94122565,0.94430405,0.9370022,0.94951874,1.0000001,0.9711948,0.92911136,0.9509065,0.9328571,0.95802253,0.96350694,0.9544392,0.94728905,0.9558718,0.9514614,0.9513737,0.9466388,0.9205878,0.95750767,0.9573382,0.9444596,0.9258971,0.46967036,0.92885834,0.9346724,0.9734779,0.9323908,0.9647456,0.9546109,0.9350141,0.960897,0.93337023,0.8571283,0.9468076,0.94626856,0.93865895,0.9232175,0.96157867,0.95129424,0.9178452,0.9456743,0.96675724,0.92694896,0.9631991,0.9463425,0.9468844,0.945895,0.9675001,0.96325976,0.9502565,0.93712133,0.9561557,0.93158454,0.93870693,0.9441276,0.96384144,0.94708544,0.94742036,0.9484468,0.955447,0.95999664,0.9475604,0.945789,0.95185924,0.9566573,0.9458202,0.9295016,0.95807415,0.56063503,0.9238708,0.9540143,0.94377315,0.94267434,0.82508755,0.9712651,0.95471793,0.9433463,0.95144093,0.9509838,0.95800376,0.97119397,0.97015536,0.94855106,0.9061994,0.9706232,0.954027,0.95030934,0.92558515,0.95807415,0.9341447,0.9588185,0.9470571,0.97158235,0.96157366,0.95431685,0.9344435,0.9630067,0.938201,0.9599436,0.9323478,0.9508943,0.92731476,0.96031296,0.9707307,0.9605875,0.91476405,0.93189293,0.9435979,0.470771,0.94411474,0.8525246,0.89518416,0.960527,0.97706485,0.9566213,0.9637112,0.95764995,0.9461454,0.93654525,0.9644738,0.942916,0.9653625,0.9711992,0.97531635,0.95236737,0.937157,0.8802577,0.94234806,0.9259936,0.95588654,0.9288489,0.95547444,0.941219,0.967359,0.9397998,0.9684266,0.9453709,0.9711948,0.9627825,0.94013953,0.96056217,0.94989455,0.950034,0.934597,0.9382118,0.95134604,0.934769,0.95414734,0.9417519,0.9437531,0.9303115,0.9497861,0.9497529,0.9496314,0.94470316,0.96371365,0.942241,0.9711948,0.960133,0.963329,0.96750414,0.95117646
ahiddenlifefilm,0.9784015,0.96387166,0.98241967,0.97574264,0.98333156,0.9420896,0.98636705,0.9711948,0.99999994,0.9697369,0.9738663,0.97192496,0.98497754,0.98412985,0.97815937,0.9712788,0.98395985,0.9870505,0.9731936,0.9646544,0.9684965,0.9812329,0.9806942,0.9751657,0.97005165,0.47734073,0.9671932,0.9734957,0.9819344,0.97755444,0.9696608,0.97727525,0.9633375,0.9572401,0.9394385,0.8900343,0.98131514,0.97365814,0.9846716,0.94767404,0.97210836,0.9795836,0.9371469,0.985086,0.9763179,0.97136545,0.980839,0.9802525,0.9657708,0.97944546,0.9913835,0.9909665,0.9764612,0.97735626,0.95246947,0.97043616,0.9648123,0.9729143,0.97931814,0.98328584,0.97414696,0.9663382,0.9746636,0.9821974,0.9671945,0.96750414,0.97886425,0.97974753,0.98174644,0.9558215,0.9896193,0.5599501,0.9491372,0.9816502,0.9547314,0.9484757,0.8397626,0.9773902,0.97326726,0.9727782,0.9799969,0.9777994,0.98822314,0.9851271,0.98632663,0.9653292,0.96470183,0.9892278,0.97401226,0.9841914,0.96272707,0.9896193,0.97194505,0.97609264,0.97486365,0.97977775,0.99138874,0.97548085,0.97307837,0.9733512,0.96855605,0.9818586,0.9563784,0.9827526,0.9687293,0.99045396,0.9767219,0.96691895,0.9287467,0.9536358,0.98303646,0.49653497,0.9669447,0.8780541,0.94694316,0.9716072,0.98587036,0.97567075,0.9887997,0.986352,0.9670042,0.9650182,0.969259,0.9446012,0.98415875,0.98426634,0.97519004,0.97898334,0.97584563,0.90470344,0.9653026,0.97688955,0.9838426,0.9433249,0.97139865,0.98012686,0.97754806,0.97767216,0.99219465,0.98480606,0.99999994,0.9761425,0.9653764,0.96743643,0.96431,0.9800503,0.9503748,0.96749556,0.9749469,0.9324549,0.98783326,0.97665143,0.97389466,0.9349703,0.97729576,0.9769584,0.97427434,0.97044396,0.9661245,0.9631259,0.99999994,0.9803642,0.98379356,0.98962206,0.97522336
alitamovie,0.95400524,0.9273358,0.96207935,0.9446767,0.9605274,0.91809887,0.9649842,0.92911136,0.9697369,1.0000002,0.9487117,0.95553964,0.9548224,0.9541091,0.933211,0.93762463,0.98207754,0.9607405,0.9450227,0.9241504,0.927844,0.96084106,0.9559808,0.93733925,0.9388984,0.438821,0.9359056,0.9739411,0.9546151,0.966081,0.94919884,0.9681111,0.93970674,0.93399286,0.92093307,0.8286532,0.97015375,0.9566039,0.9594994,0.92119193,0.93257076,0.9613349,0.9086352,0.973843,0.94748884,0.9497478,0.95548314,0.9561666,0.9643676,0.96898633,0.9686601,0.964258,0.95593053,0.9403641,0.9293847,0.9458308,0.9193,0.9603039,0.93949944,0.975729,0.9321505,0.9117465,0.942009,0.9424161,0.92887324,0.94620776,0.95794827,0.9482584,0.9615965,0.94204015,0.9703159,0.49595618,0.91768765,0.96395826,0.9438254,0.9127262,0.8268068,0.94510037,0.9415265,0.9338435,0.95778936,0.9522626,0.9453815,0.95662403,0.9666264,0.95122933,0.9442089,0.9555137,0.9407933,0.95492935,0.91715676,0.9703159,0.9656887,0.94815844,0.9607304,0.9406227,0.9686706,0.9412406,0.95136434,0.94412166,0.9522509,0.9553737,0.9447265,0.9573786,0.9487387,0.969018,0.96409476,0.91447204,0.88481814,0.93865794,0.94215804,0.44107985,0.9413122,0.82768637,0.9296768,0.94111663,0.95860356,0.9650679,0.96421456,0.9633933,0.92071277,0.9485151,0.93669826,0.9159479,0.9672489,0.9546528,0.9395532,0.94608015,0.94505787,0.8853596,0.93077534,0.9598344,0.9684481,0.92504007,0.9569561,0.95660084,0.9542233,0.9501808,0.97658485,0.9552868,0.9697369,0.95605516,0.93788683,0.93209296,0.93005383,0.9413335,0.9205201,0.9431386,0.9223306,0.9227652,0.9699953,0.9720248,0.9437224,0.9276586,0.9550699,0.9570672,0.93158484,0.9506463,0.9346685,0.935452,0.9697369,0.9525092,0.9556947,0.9651407,0.9311545
angelhasfallen,0.9381396,0.9472206,0.95501214,0.9406116,0.9557588,0.94517416,0.95858186,0.9509065,0.9738663,0.9487117,1.0000001,0.9544861,0.95431805,0.96365345,0.9638728,0.95436543,0.9648566,0.9694109,0.93639386,0.9591031,0.9543768,0.96224934,0.9716109,0.9302313,0.9416143,0.48055264,0.9467053,0.9387648,0.96233493,0.9609638,0.9366362,0.9390168,0.9331634,0.9211743,0.9295879,0.87974554,0.96406245,0.94261163,0.9564793,0.9088562,0.96063936,0.95321447,0.92857593,0.9554982,0.95283204,0.94830066,0.9643964,0.94613117,0.9352108,0.9493636,0.9652703,0.9622139,0.9583519,0.95725256,0.9210193,0.9382399,0.9247279,0.95881265,0.9492686,0.95847285,0.9568916,0.9424245,0.9403401,0.9745984,0.915767,0.97292554,0.95659864,0.9476915,0.97005194,0.92712325,0.95430493,0.48781946,0.94348764,0.9497184,0.95890385,0.9513516,0.7988487,0.95821816,0.95506024,0.9627198,0.9772153,0.96714807,0.9638248,0.9517635,0.9544318,0.93784344,0.9252327,0.96057546,0.95827925,0.9457159,0.9579021,0.95430493,0.9561079,0.96349174,0.95818466,0.9764621,0.9697803,0.97072196,0.9373369,0.9651106,0.9577047,0.9549052,0.90351564,0.9578081,0.9504351,0.96185154,0.9494159,0.95193756,0.8677721,0.9299326,0.970576,0.48818493,0.94299793,0.86483884,0.9276574,0.9489637,0.9466114,0.9696512,0.9684538,0.95979804,0.9486048,0.9398538,0.9453166,0.95427245,0.962101,0.9604636,0.9515277,0.9676742,0.942423,0.8914235,0.93676084,0.93713784,0.9736986,0.9396397,0.95610213,0.9635921,0.9477112,0.9426079,0.9597962,0.9711158,0.9738663,0.9611816,0.9498846,0.9770863,0.94982046,0.94297713,0.90903115,0.9464515,0.9749566,0.8942868,0.96211404,0.96346164,0.96025807,0.8971902,0.962774,0.9424823,0.9685941,0.9355055,0.94041955,0.9444461,0.9738663,0.9671849,0.9443916,0.9755094,0.95896673
angrybirdsmovie,0.94314694,0.93939924,0.96189296,0.9522675,0.9613472,0.9111996,0.9465443,0.9328571,0.97192496,0.95553964,0.9544861,1.0000001,0.95296425,0.9541419,0.9468571,0.94141084,0.9600352,0.95735425,0.9480388,0.92660147,0.93642837,0.97512835,0.9471511,0.93303305,0.93985784,0.42247242,0.94917035,0.95887756,0.9600882,0.95593536,0.9331358,0.9373785,0.9291987,0.94300246,0.9202805,0.878269,0.96387184,0.94231486,0.96831846,0.9074587,0.93298584,0.9721419,0.94633466,0.961617,0.9431846,0.9640825,0.9409087,0.9485193,0.92874545,0.96347886,0.97163767,0.95502377,0.9503739,0.9669008,0.913639,0.9505113,0.9165525,0.96163017,0.95650405,0.9642747,0.9591887,0.92424095,0.9387199,0.95572513,0.92763966,0.9615628,0.9532851,0.9431343,0.9513799,0.92884284,0.9655741,0.52317196,0.9356915,0.9477648,0.9427566,0.91095144,0.81318545,0.9430935,0.9531914,0.9320609,0.97421545,0.94895434,0.96179587,0.95965874,0.96755373,0.94800663,0.9481854,0.9592604,0.9571055,0.9549175,0.9354401,0.9655741,0.9526817,0.95278037,0.97409207,0.9510257,0.97135603,0.94653004,0.9314155,0.9360615,0.9614322,0.96068925,0.9289101,0.9626,0.96077424,0.9707691,0.94013417,0.95356554,0.8888582,0.9171072,0.9588749,0.44944638,0.9398841,0.85271305,0.92750907,0.9272367,0.9469896,0.9579491,0.9743147,0.94912255,0.93941027,0.9494354,0.93698484,0.91630435,0.95066124,0.9619128,0.94036126,0.98048806,0.95465624,0.9154168,0.922729,0.9522303,0.959449,0.9027103,0.94888127,0.9506237,0.9495443,0.93869346,0.9659359,0.96563905,0.97192496,0.96567583,0.956659,0.9538653,0.93709594,0.94018203,0.9344321,0.94629216,0.9575605,0.88586134,0.9573912,0.96994895,0.95424616,0.8927768,0.9654357,0.9527308,0.9298714,0.9436109,0.9485835,0.92295974,0.97192496,0.9623467,0.95593035,0.96054184,0.9506271
annabellemovie,0.9680881,0.9445514,0.96233714,0.9834706,0.97560173,0.9191848,0.974975,0.95802253,0.98497754,0.9548224,0.95431805,0.95296425,1.0,0.97181636,0.9687683,0.9432748,0.9580853,0.97931844,0.9639088,0.94061774,0.9574111,0.9651059,0.9652746,0.9609163,0.9624774,0.4350751,0.95731485,0.953271,0.96260536,0.9506471,0.96493834,0.96190065,0.9513459,0.94587094,0.9260726,0.85276127,0.9537805,0.98569274,0.96492,0.9348484,0.9622548,0.97135687,0.92614836,0.97634506,0.96594846,0.94668627,0.9668946,0.966403,0.9515037,0.9705936,0.97561824,0.9779044,0.96833044,0.9619566,0.94633573,0.9737958,0.9633566,0.95531094,0.9632472,0.9758453,0.955353,0.9565397,0.9686576,0.96890056,0.9584908,0.9626948,0.9664714,0.9686352,0.9680273,0.93148947,0.9807756,0.5523338,0.95341784,0.9708947,0.94059366,0.9277261,0.8310815,0.9708788,0.95552665,0.9619662,0.9608188,0.9721149,0.9776745,0.96845216,0.9748653,0.9456274,0.9551957,0.9899837,0.9682352,0.9766025,0.95453805,0.9807756,0.95414317,0.9605928,0.9466582,0.9687186,0.96969473,0.94834024,0.95645684,0.95697814,0.9365846,0.9751555,0.9502887,0.9775584,0.9582693,0.9755667,0.96339935,0.9485894,0.9087346,0.94354326,0.98061466,0.46550915,0.95821863,0.8722147,0.93431526,0.97242534,0.97749496,0.95611775,0.96861005,0.97483104,0.9633496,0.95097214,0.95142984,0.91925454,0.9746823,0.9759587,0.96753055,0.9644232,0.9728864,0.89519536,0.96046305,0.9704982,0.9691751,0.92355245,0.9583875,0.96193045,0.9666864,0.9688308,0.98030496,0.96793073,0.98497754,0.9605701,0.9421293,0.9446153,0.947312,0.9676291,0.93519634,0.95910966,0.96052814,0.91236115,0.97106326,0.9577748,0.95020217,0.9213543,0.9708311,0.97069615,0.9558666,0.96269685,0.9585166,0.9531864,0.98497754,0.9607633,0.97682726,0.9718782,0.9651709
annamovie,0.96297026,0.94722587,0.9757849,0.964061,0.96252626,0.9469732,0.96363366,0.96350694,0.98412985,0.9541091,0.96365345,0.9541419,0.97181636,1.0,0.95319176,0.96594656,0.96789575,0.9744608,0.9548257,0.94386274,0.9515782,0.96574026,0.9789672,0.96994025,0.9534326,0.49223906,0.94840586,0.96490747,0.97947425,0.9687607,0.95534694,0.957799,0.9369488,0.9577638,0.9485522,0.8880296,0.9614762,0.95926136,0.9596312,0.9309252,0.96390194,0.9630908,0.9172175,0.9660658,0.9682134,0.953791,0.98303854,0.9622768,0.95084375,0.96302027,0.9807614,0.979582,0.95278156,0.95257515,0.95292324,0.94392043,0.955919,0.9520535,0.9651996,0.9642953,0.96305084,0.9423518,0.9613036,0.98598295,0.97469795,0.9657654,0.94945663,0.9610542,0.96004194,0.9323866,0.97060525,0.5613203,0.92981845,0.9726312,0.9524876,0.94436795,0.88011575,0.96563435,0.95562613,0.9663932,0.96565074,0.9619714,0.9743678,0.98108387,0.96715194,0.9486539,0.943114,0.97657746,0.9477031,0.9539654,0.9454988,0.97060525,0.951257,0.9674104,0.9522169,0.9753501,0.9673524,0.9593366,0.9571173,0.97881687,0.9538755,0.9700043,0.96358347,0.9632857,0.96837777,0.976847,0.96961147,0.9697669,0.94173145,0.93027186,0.97223276,0.51148015,0.94146097,0.90212363,0.92211944,0.9675244,0.97606194,0.96691185,0.98073393,0.96034765,0.9600833,0.9313977,0.9726072,0.9332376,0.96106786,0.9807264,0.9697175,0.96709913,0.9579134,0.883151,0.95361507,0.9566247,0.96943486,0.9289691,0.9505094,0.9738708,0.97917426,0.95533866,0.9735073,0.972689,0.98412985,0.9615619,0.95233685,0.95869625,0.9535468,0.97244924,0.9380395,0.97001594,0.972551,0.91118556,0.97262347,0.9628178,0.9560022,0.92986614,0.9476134,0.9515482,0.9576136,0.9510752,0.9556282,0.94118893,0.98412985,0.96815795,0.964264,0.98481953,0.9643078
apollo11movie,0.96323216,0.97447073,0.94655746,0.9477474,0.9666553,0.9293312,0.96389073,0.9544392,0.97815937,0.933211,0.9638728,0.9468571,0.9687683,0.95319176,1.0,0.96694577,0.9534206,0.96946454,0.95787275,0.9736314,0.9690783,0.9604792,0.9566109,0.94771546,0.9369841,0.44307435,0.9543963,0.93772423,0.95276076,0.95412266,0.94594747,0.9446544,0.9412926,0.9296185,0.8948031,0.8610855,0.955683,0.9434717,0.9570455,0.9413295,0.9548443,0.957059,0.93171644,0.9623685,0.96473145,0.95113856,0.9497343,0.9605606,0.9382497,0.95132935,0.96182585,0.9713094,0.96729696,0.96835506,0.9110397,0.9554577,0.9412975,0.96090126,0.96228796,0.9604715,0.9497878,0.9494954,0.9509277,0.96087146,0.9260057,0.95462865,0.9697476,0.97927374,0.9644737,0.9334132,0.96382886,0.52971625,0.9500092,0.9435975,0.9415515,0.9470199,0.76255226,0.95896006,0.94559234,0.96680146,0.95870394,0.9631794,0.96207434,0.95831394,0.96674025,0.94829047,0.9240965,0.9716823,0.97144234,0.9657715,0.9554806,0.96382886,0.96030337,0.9593397,0.9474725,0.9746032,0.9745387,0.9542696,0.93495995,0.9584047,0.94616646,0.95222396,0.91526085,0.96133393,0.95232135,0.96327657,0.9480273,0.953055,0.88504493,0.93373907,0.97430617,0.4563151,0.96319467,0.8401254,0.94251496,0.9525524,0.9629941,0.9556403,0.956296,0.9724108,0.94662756,0.96238875,0.95467097,0.94461656,0.9628311,0.9629425,0.9594736,0.9620084,0.95779425,0.8967123,0.9622357,0.95197976,0.9628281,0.9396249,0.9645111,0.9564771,0.95455796,0.95346034,0.9639499,0.9686577,0.97815937,0.9551993,0.9501912,0.9510177,0.94603455,0.95352566,0.91845286,0.9267814,0.964745,0.90256953,0.9608997,0.94629127,0.9607897,0.90933317,0.9728979,0.95313996,0.9743915,0.95007324,0.95403355,0.95081496,0.97815937,0.97015613,0.9577505,0.96278864,0.9593447
arcticdogsmovie,0.96453524,0.9719468,0.9651224,0.9325377,0.9586151,0.96193767,0.95634174,0.94728905,0.9712788,0.93762463,0.95436543,0.94141084,0.9432748,0.96594656,0.96694577,1.0000001,0.9628149,0.95988494,0.9453679,0.97278583,0.95692694,0.9648038,0.9514923,0.9398598,0.9163757,0.49793267,0.9350721,0.94786304,0.9623833,0.9608531,0.93700576,0.94829553,0.92930245,0.9491225,0.90786356,0.8664094,0.95877236,0.92559826,0.9554639,0.9440486,0.9419891,0.9394909,0.9078074,0.9482176,0.9738964,0.9529162,0.9519416,0.9609742,0.94915044,0.9375908,0.9649094,0.97357184,0.9574788,0.95132893,0.92112476,0.9315889,0.933679,0.96088344,0.96211576,0.95557445,0.9385991,0.9364797,0.9497717,0.95582557,0.93642414,0.947562,0.96088064,0.9565382,0.9591009,0.94297373,0.96109074,0.50860035,0.9158426,0.9443507,0.9379153,0.94154984,0.81899977,0.95174485,0.92996186,0.959075,0.9521386,0.9425756,0.956623,0.9714676,0.9622265,0.9539374,0.9106342,0.9608431,0.94223565,0.9520975,0.9360459,0.96109074,0.9606083,0.9535116,0.95465577,0.9547114,0.9698372,0.9661732,0.9505446,0.9689844,0.95798725,0.95122916,0.93372405,0.9543182,0.94864136,0.9642409,0.95787066,0.9678442,0.91456056,0.92246443,0.95856714,0.49912694,0.956283,0.8515496,0.9183022,0.9427652,0.9658809,0.94666034,0.9592207,0.96087724,0.93543386,0.9507466,0.9629,0.94979084,0.9563444,0.9560243,0.95578593,0.9606754,0.9366376,0.8979467,0.96285903,0.9344807,0.94986784,0.93940914,0.96234465,0.9589219,0.95874727,0.9412143,0.9587242,0.96577215,0.9712788,0.96307737,0.961367,0.95669556,0.9271891,0.951841,0.90825856,0.92347735,0.9585733,0.92008793,0.96826524,0.9568818,0.95718735,0.9151485,0.9478924,0.93927866,0.96435666,0.951963,0.940918,0.9463412,0.9712788,0.969662,0.9511536,0.9613428,0.9456112
arcticmovie,0.96528876,0.9477846,0.9686213,0.947329,0.96896654,0.93446577,0.97215974,0.9558718,0.98395985,0.98207754,0.9648566,0.9600352,0.9580853,0.96789575,0.9534206,0.9628149,1.0000001,0.97461957,0.9586952,0.9487654,0.9486401,0.9697092,0.96887946,0.9503463,0.9483569,0.44341022,0.95223796,0.98601687,0.9703834,0.9717035,0.9546346,0.97695076,0.9503721,0.94886607,0.92954326,0.86991554,0.97794,0.95848656,0.9700494,0.9512665,0.9531967,0.96780616,0.9156579,0.9796028,0.9622816,0.95703346,0.9683708,0.97610414,0.9658046,0.9723194,0.9780639,0.98083454,0.96965444,0.958927,0.95080864,0.94857687,0.93623734,0.97163373,0.963892,0.97702,0.95237523,0.945543,0.95642495,0.95971256,0.9436067,0.9549686,0.97100586,0.9596744,0.97390485,0.9492435,0.97304136,0.51710606,0.9215132,0.97302645,0.960994,0.9362255,0.8427501,0.96075904,0.9646402,0.95270425,0.97269374,0.95544505,0.96451867,0.9760678,0.97130555,0.95686084,0.95632064,0.9690262,0.95311886,0.96717054,0.94082934,0.97304136,0.9762506,0.95854634,0.96979034,0.96681315,0.9834129,0.96350455,0.9570197,0.96575487,0.96276987,0.96568555,0.94651145,0.96853894,0.9594885,0.97820854,0.9729468,0.9480092,0.90394676,0.95020956,0.9551556,0.4534371,0.95746046,0.8602142,0.9391245,0.9487604,0.97240484,0.97635275,0.97628653,0.972256,0.93986446,0.9609564,0.9551167,0.93380105,0.97749025,0.9666578,0.95732903,0.95979995,0.9578623,0.89417607,0.94520634,0.9568834,0.9824495,0.9581603,0.9652196,0.9657553,0.96516824,0.9705967,0.9785335,0.97242945,0.98395985,0.95968354,0.95220876,0.95907253,0.9548198,0.96236295,0.94981074,0.9538777,0.9520161,0.9382417,0.97813857,0.97339904,0.9594705,0.92449903,0.9596134,0.958024,0.96238333,0.9553558,0.94773823,0.95261216,0.98395985,0.97475857,0.96392596,0.9811125,0.95013154
artofracingmovie,0.9645664,0.95171183,0.95834124,0.9764875,0.97786266,0.9271195,0.9744621,0.9514614,0.9870505,0.9607405,0.9694109,0.95735425,0.97931844,0.9744608,0.96946454,0.95988494,0.97461957,1.0,0.9616882,0.9472421,0.956784,0.9634103,0.96707785,0.95576286,0.96017164,0.48046643,0.96496665,0.96329457,0.95731264,0.97771215,0.9560903,0.95939094,0.95659405,0.94080156,0.9272007,0.87961775,0.96711737,0.9784571,0.9825317,0.9479594,0.9611255,0.9634986,0.9173818,0.9680548,0.95813435,0.961655,0.965581,0.97697914,0.95631397,0.9588623,0.97225255,0.97889304,0.9694104,0.9657471,0.94742495,0.97783244,0.95329493,0.9667627,0.9583676,0.9759227,0.9574552,0.9618366,0.96261436,0.9697755,0.9529967,0.96515954,0.968186,0.9602126,0.9795736,0.93630165,0.97344047,0.5533936,0.96275616,0.97318995,0.94966614,0.9341541,0.8618587,0.96417147,0.9549472,0.96789634,0.96707904,0.9681597,0.96790373,0.9645806,0.9721336,0.9518864,0.95921946,0.98033375,0.95790225,0.9668145,0.9701559,0.97344047,0.95941603,0.9707126,0.95664895,0.9729914,0.9790244,0.95838517,0.9605497,0.96505183,0.9601191,0.9632392,0.9328315,0.9769663,0.9662381,0.9735839,0.9630711,0.9544438,0.9015203,0.949913,0.98164785,0.49926105,0.9599777,0.88260394,0.9374058,0.96384317,0.9737102,0.9646769,0.96192914,0.97672266,0.95059633,0.95075285,0.9610127,0.92740333,0.9757707,0.96921664,0.95707595,0.9643943,0.9742828,0.8852335,0.9487556,0.9807848,0.98173785,0.94034827,0.96327984,0.98201233,0.9670764,0.9717018,0.9739778,0.98457557,0.9870505,0.9545057,0.96083254,0.9576421,0.94179624,0.96370506,0.93278253,0.9646999,0.9697361,0.9151338,0.9771559,0.959685,0.961186,0.9047833,0.9741713,0.954852,0.9671476,0.95691234,0.95393264,0.94818485,0.9870505,0.96934307,0.97042125,0.9767625,0.9604104
avengers,0.97970927,0.94854766,0.9565047,0.9551846,0.9667187,0.8930113,0.95591813,0.9513737,0.9731936,0.9450227,0.93639386,0.9480388,0.9639088,0.9548257,0.95787275,0.9453679,0.9586952,0.9616882,1.0000002,0.9240651,0.94537747,0.95804334,0.9646024,0.9694871,0.94197464,0.44893858,0.9447552,0.94538337,0.9635391,0.9384376,0.97678435,0.9701568,0.91655886,0.9460118,0.9116379,0.85595757,0.962513,0.96167535,0.9541793,0.95148325,0.95720184,0.9695391,0.91766167,0.96814096,0.95870775,0.92453974,0.9574004,0.9661013,0.9496457,0.9613927,0.96963114,0.9734459,0.9617257,0.94646215,0.9404658,0.9635146,0.94829226,0.961035,0.9510991,0.9674733,0.9611486,0.9393815,0.9454018,0.9384785,0.96221876,0.93333304,0.9735976,0.9641224,0.9512554,0.9322722,0.97463024,0.5784738,0.9273332,0.95773655,0.94143045,0.9197554,0.82050455,0.9380105,0.93561673,0.94786483,0.94404024,0.92188567,0.96380645,0.97077465,0.95994246,0.9514674,0.9321928,0.96576136,0.95637107,0.9663447,0.93536013,0.97463024,0.94031006,0.9487139,0.9611438,0.95260143,0.9719502,0.92656654,0.95531577,0.9496092,0.9376292,0.94007427,0.9428571,0.9673837,0.94077295,0.97266555,0.95850194,0.9328645,0.91689366,0.9547709,0.9558931,0.4670461,0.9545267,0.83870536,0.90707725,0.94457054,0.97139347,0.95478576,0.95957804,0.9608905,0.9531714,0.9534044,0.9568074,0.899778,0.9753206,0.9600065,0.94873774,0.9606097,0.95889115,0.89999676,0.9650254,0.952583,0.95622414,0.91646504,0.9499403,0.9447875,0.95658565,0.96108234,0.9706787,0.95738727,0.9731936,0.95717824,0.9344178,0.93139774,0.94057786,0.96733004,0.9243232,0.93436766,0.94026226,0.9225932,0.95180595,0.94255275,0.9414748,0.92321813,0.9554264,0.96340525,0.9516013,0.9524475,0.9472127,0.9251127,0.9731936,0.9575764,0.9539262,0.96273404,0.9611502
beachbummovie,0.9460095,0.9583467,0.9462509,0.91803956,0.95006895,0.95421624,0.954263,0.9466388,0.9646544,0.9241504,0.9591031,0.92660147,0.94061774,0.94386274,0.9736314,0.97278583,0.9487654,0.9472421,0.9240651,0.99999976,0.95214474,0.9562796,0.9435378,0.9302728,0.9239259,0.47498608,0.9241221,0.92152494,0.94218796,0.95032835,0.93131435,0.9315103,0.942174,0.9187916,0.88495994,0.84588516,0.95561975,0.9186519,0.9427989,0.91133994,0.9573731,0.9270846,0.90067655,0.940501,0.9524134,0.93773407,0.9393504,0.95761764,0.93161297,0.9274679,0.9546434,0.96087587,0.94869506,0.9435441,0.91026974,0.9284903,0.9278252,0.94749737,0.96460027,0.94135296,0.92787796,0.95414984,0.9304014,0.9583554,0.900525,0.94461536,0.9639737,0.9583893,0.954932,0.95666605,0.9419463,0.4785441,0.9181703,0.93184847,0.92271125,0.95764136,0.75533533,0.9617184,0.9502101,0.9520105,0.95866406,0.953284,0.94557595,0.95076364,0.95203924,0.9446559,0.8998355,0.9573418,0.9506327,0.95312375,0.9405638,0.9419463,0.95898646,0.9555101,0.9434129,0.95698506,0.9636922,0.97614753,0.9224363,0.9511382,0.93950886,0.94926155,0.9017823,0.9308525,0.93813086,0.95596826,0.9515436,0.94592595,0.8602795,0.9244155,0.9550294,0.4889659,0.9487814,0.8203943,0.9320565,0.9386465,0.9508355,0.94270754,0.9532874,0.96288127,0.937363,0.9580128,0.9523904,0.95210856,0.9456413,0.9538064,0.95379454,0.94226164,0.92254,0.8915346,0.9414616,0.9192633,0.9544755,0.94085824,0.9567005,0.947494,0.94512767,0.9406946,0.9483117,0.95623684,0.9646544,0.9441663,0.9307623,0.94819665,0.92015713,0.93707496,0.90726584,0.9054393,0.9536382,0.9102288,0.9543098,0.94440573,0.9559372,0.9061704,0.9462384,0.93195164,0.9656902,0.9219601,0.93214685,0.9488004,0.9646544,0.96565247,0.9503669,0.950683,0.943171
bernadettefilm,0.94300526,0.9624812,0.9430166,0.93492794,0.95964175,0.9197575,0.9581509,0.9205878,0.9684965,0.927844,0.9543768,0.93642837,0.9574111,0.9515782,0.9690783,0.95692694,0.9486401,0.956784,0.94537747,0.95214474,0.9999999,0.95344543,0.9478453,0.9462928,0.94011724,0.43913528,0.94050086,0.9407051,0.94137007,0.9510918,0.91886777,0.9536683,0.91325897,0.90558815,0.8811979,0.88975793,0.953521,0.9375597,0.95061356,0.9415897,0.946073,0.94370013,0.91121435,0.96332747,0.95641893,0.9391349,0.9383479,0.9626455,0.9199487,0.94361097,0.95793015,0.96864396,0.96069956,0.9577113,0.8949545,0.9399442,0.934179,0.95521235,0.9440466,0.94810736,0.9550553,0.9378491,0.9414898,0.9512417,0.93477416,0.9418539,0.9540065,0.9526977,0.946051,0.9328616,0.9523643,0.5575935,0.9266675,0.94193715,0.92576903,0.9276092,0.7620818,0.9444439,0.9406945,0.9639927,0.9560844,0.9398059,0.97322035,0.9483489,0.94304824,0.9247598,0.92761075,0.9586634,0.9610632,0.9679075,0.9682204,0.9523643,0.9549135,0.9478064,0.9361891,0.95037806,0.9599482,0.9490282,0.9409372,0.9418309,0.9347168,0.94799113,0.9235857,0.94962436,0.94507253,0.9620016,0.934832,0.9388983,0.8987329,0.91486984,0.9659464,0.46604148,0.9653868,0.857049,0.95782113,0.9276209,0.94602287,0.9337702,0.9580439,0.95649254,0.96043503,0.95186067,0.93054503,0.90894425,0.9509224,0.94000256,0.9451932,0.9504761,0.9540015,0.8866247,0.96788776,0.95025504,0.9546342,0.94036466,0.94646204,0.95768887,0.9395748,0.951518,0.95099205,0.95938325,0.9684965,0.9416279,0.9312046,0.93738765,0.9218123,0.973298,0.9260189,0.9206916,0.9539193,0.8884658,0.9506995,0.9463369,0.95656294,0.8911565,0.9442815,0.9406853,0.9672564,0.9277352,0.93939185,0.9471893,0.9684965,0.9554303,0.92858547,0.9512474,0.95981896
