movie,21bridgesmovie,47metersdown,abeautifuldaymovie,abominablemovie,adastramovie,adogsjourneymovie,aftermathmovie,aftermovie,ahiddenlifefilm,alitamovie,angelhasfallen,angrybirdsmovie,annabellemovie,annamovie,apollo11movie,arcticdogsmovie,arcticmovie,artofracingmovie,avengers,beachbummovie,bernadettefilm,blackandbluemovie,blackchristmas,blindedbythelightmovie,bombshellmovie,booksmart,breakthroughmovie,brianbanksmovie,brightburnmovie,brittanyrunsmov,captainmarvelofficial,captivestatemovie,catsmovie,charliesangels,childsplaymovie,clarathefilm,coldpursuitmovie,countdown,currentwarmovie,darkwatersmovie,detectivepikachumovie,disneyaladdin,disneyfrozen,disneymaleficent,doctorsleepmovie,dolemiteismyname,dontletgomovie,doramovie,downtonabbey_official,dumbo,escaperoom,everybodyknowsmovie,fastandfuriousmovie,fightingwmyfam,fivefeetapartfilm,fordvferrari,freaksthefilm,geminimanmovie,glassmovie,gloriabellmovie,godzillamovie,goldfinchmovie,goodboysmovie,goodliarmovie,gretafilm,halathemovie,happydeathdaymovie,harrietfilm,hellboymovie,hersmellmovie,highlifemovie,highstrungmovie,honeyboymovie,hotelmumbaifilm,httydragon,hustlemovie,hustlersmovie,isntitromantic,itmovieofficial,jayandsilentbob,johnwickmovie,jojorabbitmovie,jokermovie,judythefilm,jumanjimovie,justmercyfilm,knivesout,lalloronamovie,lastblackmansf,lastchristmasthemovie,latenightmovie,lighthousemovie,lionking,littlethemovie,littlewomenmovie,littlewoodsfilm,longshotmovie,lordsofchaosmovie,lucyintheskyfilm,mamovie2019,marriagestory,meettheaddams,meninblack,midsommarmovie,midwaymovie,missbalamovie,missinglinkfilm,motherlessbklyn,onceinhollywood,onthebasisofsex,overcomermovie,peanutbutterfalcon,petsematarymovie,piercingmovie,playingwithfire,playmobilthemovie,pomsmovie,queenandslim,rambomovie,readyornotfilm,richardjewellfilm,rocketmanmovie,scarystoriesmovie,secretlifeofpets,serenityfilm,shaftmovie,shazammovie,spidermanmovie,spiesindisguise,starwars,stormboymovie,stubermovie,taosdfilm,teenspiritmov,terminator,theaeronautsmov,thebestofenemies,thedeaddontdie,thefarewell,thehighwaymen,thehummingbirdprojectfilm,theintrudermovie,theirishmanfilm,thekitchenmovie,thelegomovie,themustangfilm,thenightingalefilm,theprodigymovie,thesunisalsoastar,theupsidefilm,tolkienmovie,toystory,triplefrontier,uglydolls,uncutgems,underthesilverlake,usmovie,wavesmovie,whatmenwant,wonderparkmovie,wrinklestheclown,xmenmovies,yardiefilm,yesterdaymovie,zombieland
21bridgesmovie,1.0000001,0.9788607,0.98464745,0.9789532,0.98423535,0.9712383,0.978963,0.9797509,0.9914411,0.9714088,0.9857364,0.9639931,0.9897512,0.9864891,0.98165566,0.9774363,0.98400056,0.9618699,0.9899607,0.98480487,0.97155106,0.9864948,0.9845284,0.986391,0.9640533,0.56857574,0.98005915,0.97979504,0.9853901,0.96680367,0.99166137,0.9808981,0.95377284,0.98684084,0.92564106,0.90850204,0.9910183,0.9944299,0.9908003,0.98761886,0.9597105,0.98179096,0.98542047,0.9912988,0.9759823,0.9848754,0.9771932,0.97891164,0.97837275,0.98975295,0.986111,0.9899694,0.96622497,0.9724368,0.97631425,0.97906643,0.9530112,0.98383206,0.98720384,0.9888943,0.96182233,0.97214234,0.97825223,0.975528,0.9825234,0.9676419,0.9715105,0.9783886,0.9778322,0.9736057,0.99035114,0.55049974,0.9511993,0.9781238,0.96561396,0.9683419,0.83149225,0.97675645,0.9857981,0.9667608,0.980172,0.9894103,0.97909087,0.96708155,0.9818915,0.97742146,0.9593933,0.9867862,0.9756039,0.984125,0.9728604,0.99035114,0.9744392,0.9765201,0.9857983,0.98434657,0.9910999,0.9847688,0.9773981,0.9593333,0.98338205,0.9770517,0.97465,0.98425967,0.98342675,0.9825677,0.9859971,0.98366946,0.93677187,0.95112044,0.98241556,0.6008112,0.9788007,0.91099256,0.9770281,0.9851159,0.9962774,0.9537953,0.98338073,0.9777988,0.96328735,0.9775511,0.9878936,0.9484154,0.99593765,0.9880188,0.9846975,0.96166563,0.9727896,0.9177363,0.9795015,0.9728053,0.9797617,0.924857,0.9771105,0.96574366,0.9838921,0.9808053,0.98988724,0.97720677,0.9914411,0.9820315,0.978946,0.98196936,0.9734956,0.975318,0.9721628,0.9335118,0.9677655,0.9835924,0.98436886,0.9804366,0.98823667,0.9268693,0.96552414,0.9854744,0.95701253,0.98643696,0.9888215,0.96375066,0.9914411,0.9696791,0.98862165,0.983313,0.98480266
47metersdown,0.9788607,0.99999994,0.98284525,0.98008263,0.98766786,0.97897047,0.9890797,0.9884927,0.99220854,0.97460866,0.99428195,0.9623335,0.98352313,0.9876078,0.987596,0.9826716,0.9575801,0.97890764,0.9666851,0.99142486,0.983493,0.9830545,0.99128765,0.98579633,0.98259896,0.57072043,0.98791814,0.9651871,0.97917694,0.9678437,0.97189415,0.9835016,0.9753966,0.9817522,0.9237204,0.8655342,0.99355096,0.97903764,0.9800689,0.96797717,0.9699923,0.973416,0.97768736,0.98272574,0.97284573,0.9759273,0.9889523,0.9776293,0.9672066,0.98179543,0.9790381,0.9822404,0.98478276,0.96022606,0.96962,0.98655367,0.9679415,0.98539674,0.9892401,0.98869836,0.9636107,0.9823546,0.98088515,0.9859118,0.97904575,0.9605944,0.9709942,0.9662029,0.98774636,0.96945584,0.9879704,0.61383384,0.96709573,0.98289824,0.970042,0.97352546,0.858214,0.9763587,0.9874012,0.972853,0.98029715,0.9748673,0.98869246,0.96740854,0.9760504,0.95745534,0.9637381,0.9804994,0.97108614,0.97316176,0.9929752,0.9879704,0.9847642,0.978937,0.9791975,0.98064274,0.98538595,0.98342097,0.9770349,0.968156,0.95844245,0.97785646,0.97756886,0.9762664,0.9730507,0.9685192,0.97771215,0.981057,0.9488226,0.96222264,0.98699945,0.5904994,0.97525257,0.894458,0.9769264,0.99139154,0.9851015,0.95190924,0.9817245,0.98888814,0.98370373,0.98422,0.9845575,0.9619129,0.9864401,0.9891425,0.9810828,0.95146465,0.964031,0.8600376,0.9860074,0.9784729,0.9810201,0.9406553,0.97532666,0.97103375,0.9780285,0.9824736,0.9821572,0.9585162,0.99220854,0.98275125,0.94661266,0.9849579,0.9776731,0.9752193,0.9561799,0.92337275,0.9728085,0.9803651,0.9898943,0.98111844,0.98119867,0.9109315,0.9740999,0.9734719,0.9770831,0.97992885,0.9826417,0.961996,0.99220854,0.97133434,0.98706335,0.98770213,0.9682492
abeautifuldaymovie,0.98464745,0.98284525,0.9999999,0.974199,0.9896731,0.98837245,0.9791498,0.97747403,0.9931133,0.9803072,0.9836005,0.9790323,0.9959834,0.9856624,0.9873214,0.98314637,0.97681695,0.97015554,0.9722123,0.97933406,0.9897804,0.9823137,0.9833803,0.9780576,0.9660659,0.5227828,0.985817,0.97788775,0.9904917,0.98334336,0.9812433,0.98662126,0.964241,0.98379123,0.9462174,0.9032731,0.9913619,0.9923756,0.98188967,0.9689641,0.97045445,0.9818372,0.9892127,0.98684376,0.9875673,0.98198855,0.98244077,0.9891615,0.95789987,0.9879423,0.9952229,0.97929186,0.97861505,0.9768195,0.98023707,0.99034417,0.964874,0.9873331,0.98074174,0.98906434,0.97347414,0.96518934,0.9832639,0.9876528,0.97375053,0.9782302,0.9842933,0.9656465,0.97528094,0.973782,0.99110824,0.59158164,0.9699235,0.9887679,0.9696021,0.9687665,0.86446095,0.9589474,0.98472196,0.9714569,0.9851003,0.97664154,0.98872477,0.9650819,0.9964507,0.97858435,0.9810573,0.9919114,0.979292,0.98357517,0.9819844,0.99110824,0.9771302,0.9806408,0.9921417,0.9792229,0.9867596,0.9762966,0.96611726,0.974114,0.9728754,0.961784,0.9902778,0.9822047,0.9765714,0.99152833,0.9779662,0.9856594,0.9567491,0.96849763,0.98343515,0.59082025,0.97461563,0.89873254,0.96039605,0.98038214,0.9896922,0.9471383,0.9886368,0.98355055,0.9718658,0.9738949,0.97490674,0.9697805,0.98539704,0.9918512,0.9880697,0.9707676,0.9760371,0.88650393,0.9893652,0.9800429,0.9814121,0.9444966,0.98024017,0.9805122,0.9794448,0.97045994,0.9918411,0.97302854,0.9931133,0.98965055,0.96610236,0.9925665,0.9822806,0.9640828,0.97233117,0.9566226,0.9806505,0.98504823,0.9816532,0.99696875,0.9851352,0.93094385,0.984147,0.98019725,0.96997786,0.98022395,0.98144525,0.95252496,0.9931133,0.9668115,0.97707117,0.98866284,0.9891865
abominablemovie,0.9789532,0.98008263,0.974199,1.0,0.9839009,0.9563099,0.97513413,0.98674726,0.982019,0.97871983,0.9744733,0.95815897,0.9810173,0.9783792,0.9670506,0.9836099,0.9635496,0.97920054,0.97213227,0.97276604,0.96071553,0.9766091,0.9680934,0.97509897,0.9540773,0.5260641,0.9722224,0.95782834,0.9766452,0.96294636,0.9752428,0.98885125,0.9408964,0.9863205,0.91093093,0.8963234,0.9844581,0.9753338,0.98571867,0.9473675,0.9535959,0.96729225,0.9694821,0.964306,0.95975715,0.97164255,0.9660657,0.9748082,0.9732925,0.97179955,0.9762728,0.9798588,0.9775002,0.9494483,0.9674439,0.9734677,0.9366375,0.97137696,0.978999,0.9901791,0.9536679,0.9847148,0.97282,0.96942276,0.97321284,0.9699938,0.94866055,0.9651716,0.97271574,0.97237223,0.9865112,0.5685888,0.9444526,0.95689416,0.9455865,0.9457308,0.8118941,0.95927703,0.9819227,0.972179,0.9685694,0.9654075,0.9680408,0.9413728,0.97289664,0.95354044,0.9526495,0.9781363,0.94944507,0.9774366,0.98863834,0.9865112,0.9757025,0.9615333,0.9780406,0.9756359,0.9796895,0.96183956,0.96113956,0.9434183,0.95904386,0.96980613,0.9711712,0.96317756,0.98992515,0.9662716,0.9584679,0.96984804,0.92292285,0.93989074,0.9731311,0.550409,0.96237105,0.9165605,0.95971036,0.9731244,0.9816069,0.9369509,0.97044164,0.9654702,0.96707535,0.95416033,0.9702922,0.9208958,0.9867199,0.97329,0.98035985,0.964931,0.9636,0.86995757,0.9737393,0.9672659,0.9634456,0.9084521,0.95756227,0.96403027,0.9626828,0.9750714,0.98430043,0.98050827,0.982019,0.97377026,0.9493244,0.96941054,0.9790266,0.9715608,0.9641983,0.9272929,0.96014076,0.9654829,0.9846472,0.96368873,0.9817965,0.9070576,0.9629144,0.971586,0.942303,0.97490054,0.98097926,0.94902617,0.982019,0.9580413,0.9757367,0.97630227,0.97600335
adastramovie,0.98423535,0.98766786,0.9896731,0.9839009,0.99999994,0.9767784,0.9822047,0.9901184,0.99372214,0.98820364,0.98112005,0.9660636,0.9950378,0.98595464,0.9836882,0.9857078,0.97578734,0.98386276,0.9705441,0.98515314,0.9790161,0.9712673,0.9819092,0.9856849,0.98143035,0.55953896,0.9874652,0.9702701,0.98645157,0.96838605,0.97158086,0.99381036,0.9623463,0.985601,0.91532296,0.87634605,0.9928909,0.9815139,0.985362,0.9651518,0.9737036,0.98348707,0.9854249,0.98332256,0.98248225,0.9816133,0.9809449,0.9825834,0.968722,0.9904586,0.9870047,0.98433,0.9824161,0.9603711,0.9771536,0.98862183,0.9641644,0.992071,0.98298925,0.9912399,0.97762156,0.981495,0.9813782,0.9867501,0.9779454,0.97166485,0.97786283,0.97412634,0.98664325,0.95940566,0.99223375,0.6193214,0.9513754,0.98175555,0.95696926,0.96680063,0.83997923,0.9716427,0.99231654,0.97053045,0.980383,0.9742584,0.9875528,0.9560484,0.98494536,0.9696328,0.9593048,0.99606395,0.9708452,0.99110353,0.9912292,0.99223375,0.9864868,0.977117,0.98215055,0.97412604,0.9882809,0.97954303,0.963246,0.9596239,0.9657681,0.97729707,0.9773951,0.9735036,0.98110443,0.9770546,0.97690916,0.9802389,0.94656986,0.9633861,0.9846348,0.5934653,0.98288053,0.879263,0.9730173,0.97744304,0.98477435,0.93063766,0.98779315,0.98140246,0.98110825,0.9784708,0.984261,0.9543571,0.98946637,0.9888128,0.99305195,0.96204394,0.9804972,0.87542593,0.9872745,0.9892383,0.9813083,0.9360143,0.9855671,0.9731159,0.96971077,0.9734715,0.9899656,0.9839527,0.99372214,0.9814584,0.96011055,0.9826512,0.9788057,0.97650933,0.97020984,0.9239936,0.9703718,0.98587716,0.98813504,0.98490286,0.9887211,0.93775064,0.972577,0.98063964,0.9631388,0.97946805,0.98738796,0.9633401,0.99372214,0.97473407,0.98725116,0.9849437,0.98492557
adogsjourneymovie,0.9712383,0.97897047,0.98837245,0.9563099,0.9767784,1.0,0.9707872,0.97051716,0.9856108,0.96798444,0.97893846,0.974857,0.9826938,0.9728671,0.9822167,0.97361434,0.96260077,0.9593892,0.96445686,0.9786508,0.98912454,0.97395164,0.9842945,0.9735697,0.9569935,0.50836277,0.97590804,0.97689,0.97201085,0.9787333,0.97509354,0.9694247,0.96604294,0.9735566,0.9514075,0.88525444,0.98542404,0.9839888,0.96684057,0.9613438,0.9636287,0.97714126,0.9859097,0.9808402,0.9848626,0.9783727,0.9888157,0.97578734,0.94102407,0.98124087,0.9829362,0.9659451,0.9824053,0.969985,0.9662561,0.9867474,0.9690917,0.97971094,0.972607,0.97676355,0.9718141,0.9422946,0.97912484,0.97940093,0.9593327,0.96812683,0.9768001,0.95567894,0.969658,0.96723914,0.9787063,0.6432723,0.97858644,0.9858965,0.97677404,0.9716589,0.842103,0.9444058,0.97653824,0.9679433,0.98221576,0.9574998,0.9869679,0.95389694,0.99050504,0.9601403,0.98344773,0.98188454,0.9754579,0.9733686,0.96967196,0.9787063,0.97450256,0.98081756,0.9827276,0.9693067,0.9807142,0.97338796,0.95684713,0.97745913,0.9671656,0.965242,0.97988397,0.9772064,0.9573045,0.9788289,0.97389245,0.9853676,0.95921963,0.96187603,0.97787344,0.5806788,0.9589077,0.8987881,0.9528812,0.9747462,0.9808644,0.9488884,0.9866317,0.9774083,0.9630178,0.96571314,0.9662965,0.9915816,0.9722445,0.98719966,0.98396254,0.9569407,0.977162,0.89711565,0.98188066,0.98237944,0.9750592,0.9338268,0.96747845,0.9704876,0.981732,0.9679369,0.9795128,0.95747155,0.9856108,0.9785225,0.96614975,0.99127847,0.96331596,0.958518,0.9642764,0.9480219,0.9772085,0.9728066,0.9754549,0.9909965,0.9768269,0.92960274,0.98584825,0.96412116,0.9803868,0.9733851,0.9754359,0.94292414,0.9856108,0.9708339,0.97114897,0.98975223,0.97465575
aftermathmovie,0.978963,0.9890797,0.9791498,0.97513413,0.9822047,0.9707872,1.0000001,0.9794585,0.99206734,0.97706413,0.9897499,0.948751,0.9817757,0.98770905,0.9916411,0.9853489,0.9606292,0.9812922,0.95895135,0.9850347,0.98709315,0.9770323,0.99002343,0.99045956,0.9755832,0.503697,0.99266917,0.96640587,0.9734396,0.9595674,0.96844405,0.98340386,0.97720426,0.9658173,0.9314882,0.86863166,0.98545253,0.97598433,0.98827386,0.96835035,0.97928226,0.9759358,0.97276634,0.9790899,0.97798616,0.9672645,0.9897696,0.9733638,0.9749168,0.9819809,0.97584003,0.98966175,0.97161806,0.9658601,0.9641916,0.96996903,0.9550722,0.9839591,0.9805297,0.9898113,0.9662041,0.97591317,0.99067944,0.9885388,0.98690814,0.9773497,0.9780532,0.9812905,0.9848235,0.964266,0.98815745,0.60998607,0.94622356,0.9840269,0.96310747,0.9732474,0.8719195,0.97826177,0.9788665,0.9800169,0.9879178,0.9874988,0.98838377,0.963666,0.97365886,0.9703746,0.9718972,0.97573316,0.97049123,0.9744343,0.9874456,0.98815745,0.98966044,0.9740562,0.975287,0.9902173,0.98568606,0.9751431,0.98350453,0.9768167,0.9436029,0.965406,0.9843352,0.9858922,0.985525,0.96944445,0.9768937,0.98633134,0.9452224,0.97038347,0.9877275,0.5210893,0.98020405,0.87056315,0.9781794,0.9870326,0.9830084,0.9556268,0.98987424,0.9960004,0.98990756,0.9771423,0.98287165,0.94983923,0.9851795,0.99116933,0.974305,0.9485722,0.9695222,0.8631033,0.98665726,0.97312677,0.9777983,0.94596976,0.97821265,0.96313214,0.9806049,0.9935675,0.9775877,0.957076,0.99206734,0.9766918,0.9448562,0.9857888,0.9679143,0.9797593,0.95796806,0.9337372,0.97566885,0.98034275,0.99579364,0.9751976,0.9766905,0.9248296,0.97710943,0.9671656,0.9691486,0.96973336,0.978808,0.95994306,0.99206734,0.96301,0.9829029,0.98711246,0.97567433
aftermovie,0.9797509,0.9884927,0.97747403,0.98674726,0.9901184,0.97051716,0.9794585,1.0,0.98760605,0.9829246,0.98145264,0.9458578,0.98410827,0.9870966,0.97643274,0.9782297,0.9660348,0.98708224,0.9664027,0.98386574,0.97141683,0.97315407,0.98039824,0.9823411,0.9745091,0.5266077,0.98374295,0.96647286,0.96975124,0.95512694,0.9686653,0.9860019,0.9551337,0.983728,0.9259696,0.881856,0.9888106,0.9744322,0.9781471,0.9594281,0.9762816,0.9772489,0.974381,0.9762622,0.9671106,0.97340244,0.9784261,0.9696707,0.96058327,0.980099,0.9721308,0.97485906,0.9877296,0.9515583,0.97871846,0.9867185,0.9415395,0.9827642,0.9815774,0.98651725,0.9746483,0.9841731,0.9744122,0.9839539,0.9679602,0.9710833,0.960544,0.9584306,0.98506343,0.96414953,0.9807959,0.6364514,0.9628701,0.9710419,0.96008945,0.96898764,0.843688,0.97084725,0.9811667,0.97269946,0.97350764,0.97048575,0.98623914,0.9596427,0.97733885,0.95243526,0.9545395,0.98365897,0.94928896,0.97723055,0.9882207,0.9807959,0.982848,0.97536194,0.9757865,0.9760598,0.9819274,0.9723418,0.9600675,0.95984334,0.9584255,0.9809155,0.9689376,0.96728486,0.9811503,0.96062475,0.9741615,0.97637933,0.94593835,0.9628583,0.9883839,0.58267736,0.96845615,0.91518414,0.9641587,0.9748614,0.98215544,0.9428419,0.9810026,0.9731282,0.97567564,0.9641239,0.9747718,0.954017,0.9868809,0.97861123,0.98745656,0.9612801,0.9784888,0.8617192,0.97617525,0.9844214,0.963484,0.9264157,0.96620554,0.9618466,0.966177,0.9777978,0.97614074,0.97371376,0.98760605,0.9752549,0.9539072,0.9770563,0.97862506,0.96832573,0.9689991,0.9277,0.9710138,0.9781374,0.9880978,0.97053975,0.980555,0.93864167,0.96634036,0.96153545,0.96264625,0.9681192,0.9829247,0.94265974,0.98760605,0.9792763,0.9784458,0.9840196,0.96874756
ahiddenlifefilm,0.9914411,0.99220854,0.9931133,0.982019,0.99372214,0.9856108,0.99206734,0.98760605,1.0,0.9877242,0.9920946,0.9675506,0.9943476,0.9946184,0.99484986,0.99133825,0.9806808,0.9781686,0.9802891,0.9924381,0.9906133,0.9875928,0.9946341,0.9943999,0.98047763,0.5410448,0.99122214,0.98430157,0.98765916,0.97799426,0.98567325,0.9893515,0.9725789,0.984732,0.9410637,0.89722705,0.99742,0.9917101,0.9923296,0.97931105,0.9777706,0.9902015,0.99035597,0.9936575,0.9876507,0.9855938,0.9923851,0.98669034,0.97153217,0.99486524,0.9922569,0.9910052,0.9846437,0.97768134,0.9808492,0.9890549,0.9662629,0.9951603,0.98973775,0.9958796,0.977369,0.9769188,0.9905781,0.99217397,0.9829674,0.9790826,0.98745865,0.97927445,0.98780787,0.9727147,0.99607825,0.6139687,0.96609074,0.99169993,0.9776736,0.97964215,0.86183596,0.97952986,0.99221146,0.9815485,0.98826015,0.98521864,0.9941156,0.9706486,0.99035,0.97740996,0.97633827,0.992746,0.9779056,0.98893464,0.9907129,0.99607825,0.9886444,0.9865371,0.99085546,0.98965836,0.9935007,0.984845,0.9811673,0.9798815,0.9711695,0.976616,0.98848367,0.99117,0.9848166,0.9860136,0.9897051,0.9913973,0.95787686,0.9723258,0.9924867,0.57567704,0.98256135,0.8969949,0.98037857,0.99144435,0.99461657,0.9607704,0.9949922,0.993347,0.98248845,0.9848577,0.98990333,0.9657413,0.99466795,0.9970248,0.99243826,0.96923906,0.9844109,0.89595824,0.9909532,0.985718,0.98869586,0.952246,0.9857905,0.97928566,0.9893022,0.9885715,0.9921352,0.97720474,1.0,0.9892978,0.9694583,0.99418247,0.9787138,0.9800166,0.97765833,0.945274,0.98306274,0.98959386,0.99376875,0.98939186,0.99017304,0.9337458,0.9841383,0.9827719,0.9799481,0.98271257,0.9914878,0.96491987,1.0,0.9795243,0.9914928,0.99531543,0.9897542
alitamovie,0.9714088,0.97460866,0.9803072,0.97871983,0.98820364,0.96798444,0.97706413,0.9829246,0.9877242,1.0,0.9673748,0.9453889,0.983953,0.98785937,0.980738,0.99077684,0.9757985,0.97911114,0.9603605,0.97574973,0.9757936,0.96654004,0.97621375,0.9854198,0.9682164,0.4849235,0.97485614,0.9795562,0.9726615,0.9725317,0.96673423,0.9816956,0.9466214,0.9713555,0.93544143,0.9036343,0.983323,0.9726658,0.98062956,0.9463686,0.97666544,0.9848747,0.97301203,0.9747769,0.9730474,0.96919113,0.97379965,0.97922784,0.94942504,0.98151875,0.98307717,0.9724753,0.98561615,0.9647378,0.9721217,0.97638214,0.9348197,0.98462075,0.96788794,0.98739433,0.9801593,0.96594214,0.9785374,0.98873127,0.9593749,0.9826887,0.9769453,0.9560343,0.96889347,0.9537717,0.9843079,0.6330292,0.9559938,0.97997147,0.96692806,0.9587624,0.86870265,0.96208984,0.9790404,0.98101074,0.9633795,0.9617803,0.9846651,0.94800836,0.9836573,0.95921487,0.96611,0.98537123,0.94506985,0.98453563,0.98692477,0.9843079,0.98247325,0.9799283,0.9844441,0.9752251,0.97557825,0.9551522,0.95911497,0.973987,0.946029,0.95417726,0.979936,0.9757987,0.978135,0.9741814,0.97266036,0.975669,0.9651715,0.97722113,0.9855352,0.5177416,0.95977616,0.8878936,0.9542941,0.9658954,0.9775,0.9506392,0.98276997,0.975528,0.9736437,0.9563721,0.96948916,0.9436571,0.979377,0.97930837,0.9864344,0.98068565,0.98881423,0.8657149,0.97410274,0.97870815,0.9729764,0.9578316,0.9657248,0.9791434,0.9726419,0.9760545,0.9781521,0.98005533,0.9877242,0.97364014,0.95001566,0.98215467,0.9641608,0.95942825,0.9824209,0.946296,0.981445,0.97706413,0.983101,0.968786,0.9744139,0.9334405,0.97656006,0.96193576,0.96680015,0.9538183,0.97957146,0.93128985,0.9877242,0.97069263,0.97104067,0.98581386,0.9864359
angelhasfallen,0.9857364,0.99428195,0.9836005,0.9744733,0.98112005,0.97893846,0.9897499,0.98145264,0.9920946,0.9673748,1.0,0.96253246,0.9809259,0.9885305,0.9934054,0.9787104,0.95803416,0.97047794,0.97073585,0.9892188,0.9849862,0.98774755,0.99195147,0.984571,0.970443,0.5505656,0.9854251,0.96804124,0.9783545,0.9668514,0.97911173,0.97573984,0.9727209,0.9782415,0.93770266,0.8811343,0.9900808,0.98637134,0.9839008,0.97641826,0.97084725,0.9704373,0.9797818,0.985262,0.9714263,0.97130114,0.9885952,0.9748736,0.9709435,0.9796638,0.9799764,0.9851398,0.9771045,0.9759053,0.9713735,0.97985435,0.966102,0.98278654,0.9864163,0.9892877,0.9528271,0.9716699,0.98005867,0.98399585,0.98218304,0.96348006,0.97386813,0.9724003,0.9819282,0.9734064,0.98790264,0.58244246,0.9673272,0.9826753,0.9762812,0.968474,0.8660773,0.97149414,0.9808013,0.97475046,0.98510426,0.98263997,0.98829406,0.97498,0.9781611,0.96254396,0.9708082,0.9749019,0.97183204,0.96970505,0.98398125,0.98790264,0.97525465,0.9804637,0.9811936,0.9908462,0.98569787,0.9810454,0.9816967,0.9726358,0.95938575,0.97000074,0.97908455,0.98524284,0.97569656,0.9751595,0.9799394,0.985534,0.9518817,0.9642493,0.9840821,0.60176814,0.97331166,0.90439355,0.97643656,0.99451596,0.9922616,0.9620967,0.983736,0.9906671,0.9757116,0.98565656,0.9829116,0.9639562,0.9875131,0.9903536,0.97598875,0.95249456,0.96204376,0.87089527,0.989315,0.968126,0.977554,0.94227445,0.9760655,0.9665016,0.9848378,0.9867361,0.98208904,0.9498512,0.9920946,0.9814639,0.95059466,0.9860307,0.97685486,0.9699134,0.9584163,0.93877405,0.9749438,0.9798343,0.989622,0.98264056,0.97811836,0.9052629,0.97657186,0.9738511,0.9760897,0.9833116,0.98317975,0.96041834,0.9920946,0.96637404,0.98480105,0.9873928,0.96995103
angrybirdsmovie,0.9639931,0.9623335,0.9790323,0.95815897,0.9660636,0.974857,0.948751,0.9458578,0.9675506,0.9453889,0.96253246,1.0,0.9754342,0.9466433,0.95798373,0.96726125,0.9563698,0.9397185,0.9599523,0.9573725,0.96100235,0.96500075,0.9558382,0.9525054,0.9290522,0.58715355,0.95009124,0.954689,0.9833372,0.98159117,0.96945405,0.9608552,0.94009155,0.9784331,0.90720886,0.8848614,0.9704557,0.9775512,0.96123296,0.93670106,0.92601913,0.9465735,0.96654975,0.9555874,0.9606139,0.9688761,0.9579602,0.98301154,0.948357,0.959746,0.98234314,0.9565045,0.95652103,0.95881474,0.9356567,0.9633045,0.956128,0.9536721,0.9601799,0.970833,0.93824106,0.9350457,0.9616489,0.95276845,0.96125436,0.9474241,0.9503044,0.9478139,0.9425596,0.96383816,0.97824657,0.49417287,0.94612634,0.96295273,0.94055426,0.9310111,0.7752233,0.91584164,0.97190523,0.94687384,0.96306336,0.940599,0.95417035,0.9260239,0.97601444,0.95600474,0.96051073,0.97265553,0.979646,0.9702064,0.95767987,0.97824657,0.95579284,0.94956994,0.9724253,0.9481804,0.9694938,0.96150184,0.93332726,0.93588835,0.9684837,0.94902587,0.96410495,0.95226765,0.94533885,0.98128545,0.9401325,0.9705613,0.91591334,0.92058504,0.95095503,0.5984843,0.94084954,0.89009595,0.92993444,0.9576053,0.9717963,0.9200753,0.9588084,0.953423,0.948146,0.9500158,0.9493518,0.9465015,0.96141285,0.9690301,0.9666048,0.95036644,0.93761677,0.8840972,0.975001,0.95520306,0.97325355,0.88863814,0.94769967,0.96825594,0.9600266,0.9461105,0.9854829,0.95578206,0.9675506,0.9695204,0.9500237,0.97197026,0.96392363,0.9442135,0.9317084,0.9199435,0.9535674,0.9588038,0.95654136,0.97905666,0.9689865,0.8805013,0.9593607,0.97532487,0.9350051,0.9853675,0.95764345,0.938354,0.9675506,0.93690515,0.9629798,0.96703655,0.97102433
annabellemovie,0.9897512,0.98352313,0.9959834,0.9810173,0.9950378,0.9826938,0.9817757,0.98410827,0.9943476,0.983953,0.9809259,0.9754342,1.0000001,0.9849801,0.9831191,0.98432356,0.9833774,0.9788109,0.976432,0.9834189,0.9819191,0.97842866,0.9837687,0.98482645,0.9731249,0.5484675,0.98938465,0.9776865,0.9928399,0.97799087,0.9822776,0.99331,0.96331465,0.98933464,0.92639244,0.8908883,0.9940629,0.9897527,0.9857059,0.9727698,0.9696177,0.984406,0.98628485,0.9872406,0.98819864,0.9846331,0.9814491,0.9897221,0.9718397,0.9920803,0.99397135,0.98663276,0.97678936,0.96670604,0.975529,0.98866874,0.9610276,0.98822093,0.9821563,0.99145675,0.9797329,0.97348785,0.9868883,0.9874405,0.9820496,0.9783789,0.97920555,0.9746165,0.98017687,0.9747771,0.9933417,0.59255683,0.9571437,0.986668,0.95957303,0.97157776,0.8441989,0.9681638,0.9885374,0.96878195,0.98436743,0.981709,0.98697317,0.9597503,0.9926368,0.98431104,0.97204465,0.9975903,0.98168266,0.99243504,0.9834039,0.9933417,0.98681384,0.9797875,0.98902243,0.9772328,0.99299186,0.9842231,0.968261,0.9658133,0.97661406,0.9751036,0.9862294,0.97763604,0.9830506,0.98807895,0.9799734,0.9859914,0.94834626,0.96534705,0.9870657,0.58419913,0.9823334,0.89203024,0.96755856,0.97731143,0.98967123,0.93951327,0.9892169,0.98210394,0.97882843,0.97303605,0.98164105,0.960543,0.99176556,0.9929495,0.9920081,0.96777266,0.9795115,0.8926807,0.98779476,0.9857124,0.9832593,0.9353495,0.9814993,0.97838813,0.9764731,0.97460675,0.99326235,0.98538923,0.9943476,0.98829395,0.9696118,0.9901187,0.978696,0.9763599,0.9708529,0.9383851,0.97559386,0.9871006,0.9860331,0.9907458,0.9890669,0.9453802,0.9767791,0.9843692,0.9613663,0.9813916,0.9850354,0.95943165,0.9943476,0.9692257,0.9841505,0.98829174,0.9915729
annamovie,0.9864891,0.9876078,0.9856624,0.9783792,0.98595464,0.9728671,0.98770905,0.9870966,0.9946184,0.98785937,0.9885305,0.9466433,0.9849801,1.0,0.99172884,0.98621446,0.97516006,0.97163993,0.97406334,0.9853111,0.98466784,0.98558044,0.98948276,0.9902768,0.97487783,0.5094877,0.9845197,0.98316044,0.9755596,0.9700264,0.97798884,0.9801586,0.95849705,0.97552085,0.9497541,0.9112645,0.9907993,0.9864419,0.98668844,0.9749021,0.9790245,0.98564506,0.9816712,0.99023706,0.9731165,0.97759163,0.9825546,0.9769691,0.95834434,0.9865634,0.98345953,0.9821649,0.9833978,0.9768993,0.9865955,0.9839703,0.94658583,0.9895501,0.9852759,0.9907219,0.9703187,0.97744125,0.97829944,0.9907185,0.96934426,0.97666806,0.98108256,0.9622894,0.9821334,0.96479106,0.98824763,0.6043978,0.9693024,0.9875152,0.9818092,0.97352844,0.89337575,0.9821141,0.9830985,0.9803627,0.97490853,0.98407537,0.9913298,0.9735318,0.98378974,0.96329063,0.9689517,0.98168355,0.9581401,0.9752229,0.9872752,0.98824763,0.9786272,0.98682505,0.9893254,0.9893776,0.98292613,0.9704369,0.98103946,0.981139,0.9604374,0.96133107,0.9819363,0.9906384,0.98160475,0.97654486,0.98867524,0.981179,0.96538466,0.9778313,0.99301875,0.5533854,0.9713374,0.90842223,0.972742,0.98831713,0.9904934,0.9697155,0.9862966,0.9871053,0.9725215,0.97751224,0.98366344,0.95540833,0.98975605,0.98700684,0.9826798,0.97255105,0.9804535,0.8780067,0.9783243,0.9748667,0.97874665,0.96254504,0.97501326,0.9761326,0.9865911,0.98586124,0.981607,0.9656309,0.9946184,0.980939,0.960373,0.9868236,0.9752384,0.9635662,0.9800014,0.9535067,0.98319536,0.98475814,0.9886781,0.97888047,0.98156756,0.92064494,0.9791975,0.9711871,0.9776686,0.96863997,0.98753256,0.94642144,0.9946184,0.9752986,0.9801654,0.98873025,0.9802628
apollo11movie,0.98165566,0.987596,0.9873214,0.9670506,0.9836882,0.9822167,0.9916411,0.97643274,0.99484986,0.980738,0.9934054,0.95798373,0.9831191,0.99172884,0.99999994,0.98604995,0.9659618,0.9713856,0.9643486,0.9877211,0.993025,0.9818914,0.99308795,0.98890513,0.9732901,0.51300573,0.98595434,0.9779779,0.9780124,0.9724332,0.97557485,0.97502035,0.97436184,0.9688794,0.95055026,0.89103645,0.9876895,0.98514915,0.9860047,0.97143894,0.9823489,0.98058236,0.98247075,0.9875573,0.980586,0.96927863,0.99133784,0.9788431,0.96153164,0.9847908,0.9852434,0.98339576,0.9785683,0.9852732,0.97275937,0.9775347,0.96374536,0.98963463,0.9792363,0.98983526,0.9657948,0.96186984,0.9859122,0.9924583,0.9774401,0.97537214,0.9900768,0.9730636,0.9777768,0.96301,0.98899007,0.6093832,0.9660085,0.9916209,0.98293185,0.9704098,0.8883276,0.96925443,0.97981566,0.9830926,0.9847566,0.98049706,0.994437,0.9742253,0.98445886,0.96864516,0.97948396,0.9791427,0.96893185,0.9762596,0.98422265,0.98899007,0.97866803,0.9853287,0.9848244,0.9925086,0.98296976,0.9730925,0.978987,0.9870484,0.95023274,0.9582677,0.98686355,0.99282146,0.9752061,0.9818778,0.9832427,0.98937917,0.968052,0.9802343,0.9868509,0.57140976,0.9727669,0.8844306,0.9725853,0.98914045,0.9899593,0.96643454,0.99167264,0.99587405,0.97931623,0.9837524,0.98094136,0.9677492,0.98345524,0.99331707,0.9797251,0.96293527,0.9764152,0.87156546,0.9914369,0.97279674,0.98188484,0.9643166,0.9818502,0.9732453,0.9886484,0.98793066,0.9813348,0.9544582,0.99484986,0.9815834,0.951144,0.99185693,0.9704022,0.9659319,0.9708224,0.952346,0.98549193,0.9849243,0.9900584,0.98491794,0.9752037,0.91892254,0.98448974,0.9698543,0.9839991,0.97278434,0.9819503,0.9533853,0.99484986,0.9699927,0.9819843,0.99177974,0.9807279
arcticdogsmovie,0.9774363,0.9826716,0.98314637,0.9836099,0.9857078,0.97361434,0.9853489,0.9782297,0.99133825,0.99077684,0.9787104,0.96726125,0.98432356,0.98621446,0.98604995,1.0,0.978138,0.9744559,0.96812975,0.98239374,0.98330975,0.9818636,0.9825608,0.98930496,0.9671824,0.52144676,0.97550035,0.9818703,0.98270196,0.98128086,0.9769722,0.9811496,0.96135545,0.9769261,0.9409293,0.91470635,0.9863067,0.98158723,0.99122995,0.9504631,0.97360927,0.98283756,0.9761869,0.9758518,0.9744574,0.97661334,0.9822851,0.9901255,0.9603774,0.982449,0.98836046,0.97822046,0.9830006,0.976271,0.9650185,0.9732238,0.94444686,0.9842617,0.97970736,0.99394816,0.97361904,0.97059435,0.98726916,0.9865557,0.9739849,0.98324025,0.9802467,0.9659215,0.9708468,0.9627302,0.9933681,0.5784064,0.9578364,0.98295677,0.9714023,0.9629243,0.84636575,0.96296895,0.9873257,0.99017197,0.9746049,0.9676092,0.9837091,0.9557717,0.9834624,0.96469057,0.9719061,0.9839009,0.9632613,0.9861322,0.9911278,0.9933681,0.9859697,0.9722769,0.98635924,0.98339707,0.9800047,0.96390736,0.96472687,0.9767583,0.9545897,0.96058315,0.9855646,0.98418427,0.97966594,0.9824273,0.9710731,0.98835725,0.949764,0.9646843,0.9852125,0.52535176,0.96038604,0.896204,0.96020395,0.9796508,0.98563135,0.96457636,0.9856906,0.98427707,0.98102194,0.966325,0.97429305,0.9437208,0.9824006,0.9845644,0.98558426,0.9792649,0.9782359,0.8777024,0.984624,0.9768695,0.9859777,0.9443651,0.96737105,0.9813553,0.98293436,0.9872292,0.9881814,0.97604084,0.99133825,0.9823587,0.9556306,0.98873675,0.9755294,0.9666084,0.9736495,0.9466181,0.9862413,0.9834901,0.9893423,0.9754992,0.9802455,0.9144207,0.97742057,0.97198105,0.9687141,0.9737566,0.97881925,0.9436776,0.99133825,0.9728333,0.9826971,0.99160385,0.9895474
arcticmovie,0.98400056,0.9575801,0.97681695,0.9635496,0.97578734,0.96260077,0.9606292,0.9660348,0.9806808,0.9757985,0.95803416,0.9563698,0.9833774,0.97516006,0.9659618,0.978138,0.9999999,0.94666135,0.9812335,0.96707445,0.9620964,0.9722738,0.96704316,0.98097795,0.9563277,0.5623586,0.96069807,0.9901445,0.97902834,0.9693842,0.9801004,0.9684118,0.9329468,0.9766279,0.92839706,0.92865646,0.9772154,0.98149294,0.9780508,0.966276,0.9534069,0.9828725,0.9724962,0.9793953,0.9672428,0.9796348,0.96101683,0.9816341,0.9457127,0.9828725,0.98415947,0.9678197,0.95988226,0.9692626,0.9665958,0.9689134,0.91891974,0.9762504,0.968519,0.97947323,0.9740302,0.9525178,0.96991414,0.9700271,0.9571314,0.9702308,0.9720452,0.95509464,0.9606017,0.9527234,0.9801837,0.5494904,0.94327116,0.9737264,0.9554453,0.9683522,0.81123614,0.9614008,0.9771092,0.9590459,0.9605178,0.96760315,0.96730626,0.9476412,0.9798836,0.977031,0.95281875,0.98701245,0.9619871,0.98856854,0.96180224,0.9801837,0.9689124,0.96187246,0.97711295,0.9639396,0.9783965,0.9668486,0.9478942,0.9586682,0.97833425,0.95990795,0.9652581,0.97501695,0.96493095,0.98288506,0.9798096,0.9784795,0.92836386,0.9482034,0.979489,0.56280696,0.9551201,0.90273374,0.95055443,0.96129733,0.97999966,0.9504164,0.97697043,0.96216565,0.9551835,0.9550177,0.9673759,0.93649876,0.9821676,0.9720856,0.98466915,0.97690064,0.9776997,0.92496705,0.9631038,0.9708416,0.97924495,0.9273593,0.9594584,0.9725866,0.9733728,0.9668011,0.9826457,0.98444885,0.9806808,0.97553694,0.9820025,0.97787255,0.9640539,0.9534427,0.9694165,0.9348493,0.97049695,0.9809442,0.9653924,0.9676598,0.97971463,0.933714,0.95711875,0.9746384,0.9490696,0.96647334,0.97297466,0.9311213,0.9806808,0.97527736,0.9752312,0.9769112,0.9896358
artofracingmovie,0.9618699,0.97890764,0.97015554,0.97920054,0.98386276,0.9593892,0.9812922,0.98708224,0.9781686,0.97911114,0.97047794,0.9397185,0.9788109,0.97163993,0.9713856,0.9744559,0.94666135,1.0000001,0.9349367,0.9745145,0.9670675,0.95422673,0.97110754,0.9725179,0.96733135,0.4891354,0.9855214,0.9443801,0.9665327,0.9461545,0.9504048,0.9853693,0.9628089,0.96844566,0.9074703,0.8441676,0.9755832,0.95572287,0.9712886,0.93379456,0.97923625,0.9616526,0.9542473,0.9558367,0.96648777,0.9468047,0.9733662,0.96758014,0.96615547,0.96672267,0.9648397,0.9713196,0.9727549,0.9376594,0.9504712,0.9666719,0.9345974,0.970533,0.9609305,0.9803739,0.9710141,0.97201496,0.9812748,0.98498017,0.9757561,0.97483885,0.95531917,0.96110296,0.9689956,0.9603767,0.9734573,0.6364729,0.9396362,0.96381974,0.93707377,0.951884,0.84891415,0.95074534,0.9643257,0.97121984,0.97183573,0.96336067,0.9808788,0.9469684,0.9684555,0.9569321,0.95717096,0.9740069,0.94357103,0.9730879,0.98418826,0.9734573,0.9859933,0.9625728,0.9623918,0.9718293,0.9727899,0.96060413,0.95017225,0.9552837,0.9243339,0.9655383,0.9742723,0.9516696,0.9808563,0.95429516,0.9503353,0.9729243,0.941167,0.9670545,0.97798,0.54786754,0.9654819,0.8729694,0.9479518,0.9570273,0.967808,0.9228916,0.9756926,0.97351587,0.98870105,0.9471057,0.9582865,0.93917525,0.97265434,0.9755333,0.9736787,0.9480737,0.9661204,0.81346565,0.98052,0.9732021,0.9503806,0.92188257,0.95956945,0.95212454,0.9485736,0.9737037,0.96384645,0.9637465,0.9781686,0.9685972,0.9186508,0.97256607,0.96640843,0.96773386,0.95137036,0.9179536,0.96742994,0.96968734,0.98697,0.9605181,0.9598657,0.94677037,0.95971394,0.94487476,0.9464992,0.95022506,0.9625277,0.9326469,0.9781686,0.95380557,0.9650141,0.9775045,0.96440744
avengers,0.9899607,0.9666851,0.9722123,0.97213227,0.9705441,0.96445686,0.95895135,0.9664027,0.9802891,0.9603605,0.97073585,0.9599523,0.976432,0.97406334,0.9643486,0.96812975,0.9812335,0.9349367,1.0000001,0.9700072,0.95564246,0.9819178,0.97034377,0.9771776,0.9471073,0.5880122,0.9565921,0.9793079,0.973984,0.96808785,0.9915686,0.96770597,0.9267829,0.9840385,0.91396976,0.912123,0.9846453,0.98757875,0.9773338,0.98164004,0.92680025,0.9741625,0.98182976,0.9837689,0.96133506,0.9869374,0.9629911,0.96764624,0.9596544,0.9802122,0.9797425,0.97858024,0.9634794,0.9622765,0.97123367,0.9748921,0.9445362,0.9722145,0.97935545,0.97926676,0.9434139,0.95689577,0.96005255,0.9532049,0.9582147,0.9476644,0.9553508,0.964931,0.96977365,0.96677226,0.9815049,0.5562632,0.94724154,0.9626831,0.9601151,0.960135,0.7885886,0.966409,0.98234504,0.9482104,0.9627031,0.96638876,0.9586209,0.9404073,0.9731326,0.9615251,0.94888633,0.9788651,0.96567804,0.97677803,0.9620989,0.9815049,0.9580432,0.9679387,0.9794218,0.96643037,0.9848185,0.9750859,0.96833885,0.94320905,0.9923168,0.970781,0.9568382,0.9757206,0.96687603,0.97552156,0.9833496,0.9675356,0.9185634,0.9252571,0.9681862,0.5891903,0.960228,0.9205511,0.9715597,0.97857517,0.9854778,0.9470299,0.96904564,0.9592908,0.937123,0.9674523,0.9801698,0.9366811,0.9895814,0.9739238,0.9801877,0.959148,0.9650069,0.9506926,0.9589681,0.9609395,0.9767886,0.9141905,0.96049345,0.96603745,0.98010355,0.96577996,0.98655367,0.97579616,0.9802891,0.97062594,0.9869082,0.969354,0.95908374,0.96632934,0.9645496,0.9227694,0.9492026,0.9617378,0.9648595,0.9675716,0.98887473,0.8963407,0.9620402,0.9874256,0.95341337,0.9823483,0.98862153,0.95887524,0.9802891,0.965801,0.98093057,0.97184604,0.97810817
beachbummovie,0.98480487,0.99142486,0.97933406,0.97276604,0.98515314,0.9786508,0.9850347,0.98386574,0.9924381,0.97574973,0.9892188,0.9573725,0.9834189,0.9853111,0.9877211,0.98239374,0.96707445,0.9745145,0.9700072,1.0,0.98086864,0.9843842,0.99706465,0.9889632,0.9853346,0.5852261,0.9862923,0.97296435,0.9803967,0.9637777,0.9805648,0.9784581,0.9827344,0.979067,0.92330617,0.8772453,0.99291,0.981238,0.9850717,0.97442883,0.9734491,0.9850081,0.9799741,0.98962396,0.98147535,0.9764424,0.993141,0.9793173,0.97035486,0.9901805,0.97969097,0.98295015,0.97556114,0.96195793,0.96272963,0.9817459,0.9669849,0.9900839,0.98996,0.9841182,0.9740384,0.9733003,0.9875782,0.98574585,0.98338366,0.96119636,0.9791904,0.9706422,0.979168,0.96685785,0.9847606,0.6188164,0.9628012,0.9840219,0.9768743,0.9787284,0.84954786,0.9782587,0.98644316,0.97874737,0.9793586,0.9774055,0.99062496,0.97894555,0.9747959,0.96484596,0.95829064,0.98246896,0.9702053,0.97878784,0.982998,0.9847606,0.9850145,0.97863,0.97889006,0.98355085,0.98286206,0.9882626,0.9760577,0.97270113,0.96098036,0.9847968,0.97986484,0.97866976,0.9715871,0.97051215,0.98251766,0.98707473,0.95042694,0.96054703,0.9851008,0.6161943,0.9776658,0.88927126,0.97861576,0.9885217,0.9888453,0.9595142,0.98472047,0.98889107,0.9811648,0.983571,0.9882381,0.9632249,0.9860837,0.9921597,0.9854818,0.95217806,0.97378975,0.88142747,0.9857764,0.9822695,0.9809271,0.9375363,0.9787209,0.96273035,0.9826587,0.984967,0.97866285,0.965955,0.9924381,0.9872381,0.95598894,0.98735654,0.9689679,0.98061997,0.97050446,0.91884094,0.9772795,0.98838425,0.9900183,0.9787637,0.97588545,0.93385625,0.9632988,0.9682821,0.9794116,0.9756558,0.97907877,0.9635872,0.9924381,0.97885084,0.9930987,0.9922457,0.973762
bernadettefilm,0.97155106,0.983493,0.9897804,0.96071553,0.9790161,0.98912454,0.98709315,0.97141683,0.9906133,0.9757936,0.9849862,0.96100235,0.9819191,0.98466784,0.993025,0.98330975,0.9620964,0.9670675,0.95564246,0.98086864,1.0,0.9795085,0.9891046,0.9787086,0.9689503,0.4763247,0.9865391,0.9742356,0.97272617,0.9706768,0.96908736,0.9755784,0.979809,0.9618953,0.9630533,0.8938253,0.98362714,0.98192495,0.9794207,0.9619277,0.9819625,0.9829573,0.9846396,0.9825036,0.98746186,0.9728355,0.9932603,0.9769765,0.9439268,0.9840193,0.9815639,0.97209805,0.9773416,0.9770196,0.97410405,0.9814191,0.9639672,0.9882316,0.9791826,0.9822444,0.9747554,0.9586663,0.98706555,0.9892617,0.9681885,0.97915864,0.99114805,0.96274865,0.9766733,0.95860434,0.9827971,0.6385209,0.97057295,0.98981255,0.97871035,0.97742516,0.8833912,0.9600534,0.97774523,0.9825075,0.9892516,0.9727075,0.9937009,0.9707277,0.9863348,0.9652916,0.98368585,0.9778395,0.9705594,0.9697964,0.98134035,0.9827971,0.9779849,0.97508234,0.981461,0.98362833,0.97644275,0.9674263,0.9670349,0.98939115,0.94972813,0.9543713,0.9903477,0.98872405,0.9698621,0.9774972,0.9763561,0.9886449,0.9580031,0.9724102,0.98274297,0.5542042,0.9691424,0.8806127,0.9619371,0.98429936,0.98165435,0.95963395,0.9931636,0.9925818,0.97683406,0.97490376,0.9713225,0.97675717,0.9737659,0.9901922,0.97986776,0.95744526,0.9768175,0.87278914,0.98788154,0.9795781,0.97695005,0.95187676,0.97921586,0.96691626,0.9828109,0.9789519,0.9775532,0.95228624,0.9906133,0.9833023,0.95475423,0.9927983,0.9737395,0.96146387,0.96972865,0.95867395,0.98581314,0.9834059,0.9850837,0.99109954,0.9748122,0.92802286,0.98595023,0.9600721,0.9844327,0.9677286,0.97254896,0.94747615,0.9906133,0.97208697,0.9740399,0.99113554,0.9777255
