movie,21bridgesmovie,47metersdown,abeautifuldaymovie,abominablemovie,adastramovie,adogsjourneymovie,aftermathmovie,aftermovie,ahiddenlifefilm,alitamovie,angelhasfallen,angrybirdsmovie,annabellemovie,annamovie,apollo11movie,arcticdogsmovie,arcticmovie,artofracingmovie,avengers,beachbummovie,bernadettefilm,blackandbluemovie,blackchristmas,blindedbythelightmovie,bombshellmovie,booksmart,breakthroughmovie,brianbanksmovie,brightburnmovie,brittanyrunsmov,captainmarvelofficial,captivestatemovie,catsmovie,charliesangels,childsplaymovie,clarathefilm,coldpursuitmovie,countdown,currentwarmovie,darkwatersmovie,detectivepikachumovie,disneyaladdin,disneyfrozen,disneymaleficent,doctorsleepmovie,dolemiteismyname,dontletgomovie,doramovie,downtonabbey_official,dumbo,escaperoom,everybodyknowsmovie,fastandfuriousmovie,fightingwmyfam,fivefeetapartfilm,fordvferrari,freaksthefilm,geminimanmovie,glassmovie,gloriabellmovie,godzillamovie,goldfinchmovie,goodboysmovie,goodliarmovie,gretafilm,halathemovie,happydeathdaymovie,harrietfilm,hellboymovie,hersmellmovie,highlifemovie,highstrungmovie,honeyboymovie,hotelmumbaifilm,httydragon,hustlemovie,hustlersmovie,isntitromantic,itmovieofficial,jayandsilentbob,johnwickmovie,jojorabbitmovie,jokermovie,judythefilm,jumanjimovie,justmercyfilm,knivesout,lalloronamovie,lastblackmansf,lastchristmasthemovie,latenightmovie,lighthousemovie,lionking,littlethemovie,littlewomenmovie,littlewoodsfilm,longshotmovie,lordsofchaosmovie,lucyintheskyfilm,mamovie2019,marriagestory,meettheaddams,meninblack,midsommarmovie,midwaymovie,missbalamovie,missinglinkfilm,motherlessbklyn,onceinhollywood,onthebasisofsex,overcomermovie,peanutbutterfalcon,petsematarymovie,piercingmovie,playingwithfire,playmobilthemovie,pomsmovie,queenandslim,rambomovie,readyornotfilm,richardjewellfilm,rocketmanmovie,scarystoriesmovie,secretlifeofpets,serenityfilm,shaftmovie,shazammovie,spidermanmovie,spiesindisguise,starwars,stormboymovie,stubermovie,taosdfilm,teenspiritmov,terminator,theaeronautsmov,thebestofenemies,thedeaddontdie,thefarewell,thehighwaymen,thehummingbirdprojectfilm,theintrudermovie,theirishmanfilm,thekitchenmovie,thelegomovie,themustangfilm,thenightingalefilm,theprodigymovie,thesunisalsoastar,theupsidefilm,tolkienmovie,toystory,triplefrontier,uglydolls,uncutgems,underthesilverlake,usmovie,wavesmovie,whatmenwant,wonderparkmovie,wrinklestheclown,xmenmovies,yardiefilm,yesterdaymovie,zombieland
21bridgesmovie,1.0,0.97246367,0.9944045,0.9501225,0.9834634,0.94543916,0.9940821,0.9939595,0.99497616,0.98657036,0.9880331,0.8931021,0.9759832,0.9954617,0.9923868,0.97878736,0.972827,0.9820942,0.99642235,0.9862712,0.98863083,0.88777786,0.99458265,0.988628,0.9373724,0.8370402,0.87352145,0.9741568,0.99042064,0.9672896,0.9889009,0.9465221,0.9784097,0.92154336,0.64285654,0.60845226,0.99447286,0.9366958,0.9846154,0.91674984,0.94970226,0.9892214,0.96063185,0.99705917,0.992283,0.95142657,0.99225974,0.9772687,0.98159486,0.9958027,0.98712015,0.9933988,0.9502231,0.9527086,0.8191633,0.9850031,0.91798246,0.9916458,0.99462247,0.9831557,0.9600509,0.9723631,0.975334,0.94481766,0.97270405,0.9492301,0.9589023,0.98810464,0.9731567,0.8645894,0.9899465,0.521732,0.82965577,0.98473155,0.88420016,0.9816502,0.5327795,0.97579503,0.97938275,0.9719826,0.949633,0.967092,0.9889013,0.9776711,0.8724944,0.98496705,0.9353876,0.9912087,0.95200956,0.9919324,0.94245416,0.9899465,0.9485916,0.9645154,0.98828095,0.9941149,0.98908657,0.9869991,0.9889976,0.96167785,0.956476,0.9816629,0.9630091,0.9801914,0.9654697,0.98828846,0.9986423,0.8707902,0.9344275,0.87412965,0.9965341,0.501595,0.9757702,0.5457278,0.9548799,0.9908529,0.998022,0.84542,0.99880815,0.9924586,0.9708133,0.9854805,0.9917125,0.9440121,0.9843975,0.98752433,0.9813636,0.9370546,0.9725017,0.94076353,0.98654586,0.9866536,0.98768365,0.891444,0.98089695,0.97293216,0.9879027,0.9743765,0.98674834,0.95687145,0.99497616,0.9305487,0.91295886,0.82104206,0.9198929,0.97945493,0.9147062,0.7416142,0.92477214,0.9839221,0.9932065,0.99205226,0.9918241,0.94921446,0.9587333,0.9895379,0.98710406,0.9716049,0.9782909,0.95382404,0.99497616,0.9518478,0.99405396,0.9957248,0.9092834
47metersdown,0.97246367,0.9999999,0.9590733,0.95895165,0.9594424,0.92400104,0.9736251,0.9657969,0.96730876,0.9626201,0.9674512,0.9187684,0.96331406,0.9698889,0.9601172,0.9721677,0.9400018,0.94826436,0.9620741,0.9577906,0.95315164,0.9132199,0.9650538,0.9583244,0.9479313,0.8131106,0.9038997,0.95586437,0.97317165,0.95307827,0.9606485,0.96709466,0.9506734,0.9161203,0.6983158,0.6610942,0.9717893,0.9478432,0.9601535,0.8980631,0.9531924,0.9747473,0.9418992,0.974693,0.9644164,0.92702097,0.9641245,0.96373576,0.96181744,0.9730212,0.97356915,0.97552514,0.9365996,0.9313562,0.85174364,0.9715374,0.9397976,0.9765665,0.9671199,0.96612537,0.95206285,0.9573001,0.945448,0.944352,0.9561328,0.9494068,0.9333479,0.9695053,0.93975544,0.8803342,0.96614313,0.59817857,0.8387804,0.970238,0.90617204,0.9418865,0.61173016,0.959804,0.9783276,0.956833,0.9576807,0.9579432,0.9726731,0.9635549,0.8872772,0.96623385,0.9570254,0.95583767,0.93676096,0.95964766,0.9356704,0.96614313,0.9243105,0.9510625,0.9647938,0.97054243,0.9608889,0.9648133,0.98675555,0.9547202,0.94138974,0.9668457,0.9460718,0.9549498,0.96305656,0.97501355,0.96570206,0.883756,0.89782685,0.8951837,0.97268903,0.582592,0.95637196,0.60063136,0.91820705,0.96454626,0.9708338,0.86728936,0.9774886,0.9688722,0.95422953,0.956872,0.9783278,0.9114656,0.95787567,0.958902,0.9668934,0.9384368,0.98098904,0.9261397,0.96482956,0.95982015,0.9656034,0.9224058,0.9563201,0.9488837,0.9757358,0.96003646,0.96775806,0.94846755,0.96730876,0.950117,0.9084476,0.8477966,0.9107575,0.95704734,0.91920143,0.79975,0.9373757,0.9776232,0.9770127,0.9667979,0.9704968,0.95869446,0.9266514,0.9652149,0.96537673,0.9364626,0.9599492,0.92636824,0.96730876,0.95915717,0.96341574,0.96853644,0.91699266
abeautifuldaymovie,0.9944045,0.9590733,1.0,0.9469394,0.97462744,0.9264629,0.987055,0.9906292,0.9958328,0.9825475,0.98536885,0.876167,0.9747597,0.9913673,0.9898241,0.98533684,0.9808625,0.9696057,0.9938524,0.9856359,0.9895036,0.88711643,0.99663526,0.9901294,0.93282706,0.8382828,0.86893356,0.98178655,0.9934082,0.9794631,0.99202955,0.94374007,0.9641213,0.91057086,0.6388573,0.6045336,0.9888073,0.9339522,0.9685618,0.9288074,0.9589578,0.9819237,0.9370265,0.98919225,0.9839038,0.9255989,0.99367225,0.96381575,0.971891,0.9921769,0.98541456,0.9962641,0.94723415,0.93161875,0.8233337,0.9778568,0.92225003,0.98109657,0.99253255,0.97096217,0.973682,0.9722644,0.9635016,0.94988954,0.98192483,0.9416349,0.96820575,0.9888743,0.97449595,0.8750465,0.98386836,0.5125833,0.832945,0.98678255,0.8856584,0.9791463,0.52601886,0.95231825,0.96872354,0.95453954,0.94767505,0.9431153,0.9908818,0.97379744,0.87654936,0.9922729,0.93093145,0.9843915,0.9222294,0.9940677,0.9457965,0.98386836,0.9224663,0.9437646,0.97086924,0.991233,0.9951727,0.99061596,0.9825894,0.94950503,0.94828904,0.9698088,0.95275116,0.9633555,0.9584079,0.9848077,0.9938088,0.8842559,0.94052994,0.8761368,0.996598,0.49202156,0.95344305,0.54070127,0.93066955,0.98142946,0.99437195,0.8538101,0.9948567,0.9894837,0.982738,0.9717554,0.989434,0.9344432,0.99288785,0.982528,0.97862625,0.92563134,0.9594505,0.92729664,0.99159247,0.9847432,0.98589826,0.8895831,0.9673759,0.9854042,0.9714968,0.98483366,0.9801165,0.9510388,0.9958328,0.92958,0.9058195,0.8280114,0.93361664,0.985009,0.92845917,0.7378338,0.93109405,0.9685015,0.9796337,0.9886398,0.97823775,0.9399526,0.9456191,0.98524535,0.99053216,0.9546282,0.9602295,0.92855096,0.9958328,0.9393973,0.9935663,0.99346614,0.9147068
abominablemovie,0.9501225,0.95895165,0.9469394,0.9999999,0.9099663,0.9058333,0.9320647,0.94458514,0.9367327,0.9243444,0.9636875,0.9588839,0.97205716,0.95144063,0.9278923,0.96960247,0.9074381,0.9118016,0.9307208,0.9183267,0.9318316,0.9647361,0.94082725,0.91823065,0.9819951,0.82616484,0.96476835,0.9276509,0.9670031,0.942135,0.92683315,0.9785302,0.9490826,0.9472114,0.7937612,0.77230257,0.93034756,0.9671567,0.9077499,0.9506456,0.9749215,0.96517205,0.91643864,0.9473452,0.92564255,0.9060587,0.93960583,0.8923133,0.9444019,0.95200694,0.97513306,0.9547212,0.9639383,0.8525916,0.92163265,0.9412021,0.9719002,0.931607,0.9665694,0.90368456,0.9602327,0.9890483,0.9189502,0.9808123,0.9305121,0.9470422,0.90102893,0.9351233,0.9125902,0.9494675,0.9163598,0.68921816,0.9253894,0.93007284,0.9685783,0.91975147,0.70340765,0.9039631,0.9850403,0.94000083,0.9825978,0.9119885,0.96771157,0.98433477,0.9538882,0.94540006,0.98278546,0.91632175,0.8700125,0.935577,0.97706807,0.9163598,0.89184,0.88317955,0.9190646,0.9658284,0.9527656,0.9380679,0.94938064,0.9587679,0.96389157,0.9694963,0.9434623,0.8981162,0.9684701,0.9717021,0.9410043,0.9454522,0.9350344,0.95376927,0.9510866,0.67126215,0.9005353,0.72172755,0.881312,0.9339325,0.9413632,0.937134,0.9493831,0.9315729,0.9636457,0.9072892,0.94911593,0.9067505,0.9448363,0.93643963,0.9653102,0.9611482,0.93652177,0.8724283,0.93732303,0.93170553,0.9241485,0.9309518,0.899934,0.9410967,0.9291943,0.9678187,0.9157381,0.96698135,0.9367327,0.9822009,0.96291953,0.940969,0.9555061,0.92279255,0.96754944,0.86622614,0.9707043,0.9571866,0.9342888,0.9461284,0.94675666,0.9109385,0.90607095,0.9252627,0.936385,0.8816557,0.8929354,0.8588314,0.9367327,0.96393067,0.93872243,0.9375096,0.9677775
adastramovie,0.9834634,0.9594424,0.97462744,0.9099663,1.0,0.9180433,0.99491453,0.9872432,0.9885993,0.9907127,0.9483397,0.8368485,0.9535665,0.9800261,0.9810786,0.9468209,0.97980213,0.99029416,0.9841783,0.97630906,0.98510295,0.8326396,0.98238206,0.9881094,0.8860901,0.81778514,0.82393956,0.9758421,0.9616304,0.95835567,0.98320735,0.9201551,0.9671961,0.89171135,0.5898512,0.54785043,0.99387807,0.903805,0.9833536,0.87715733,0.9141687,0.96717006,0.95111334,0.98597676,0.9961216,0.93731374,0.97345513,0.98449713,0.9616531,0.985852,0.95336986,0.9785425,0.9222911,0.9817109,0.7879134,0.9910268,0.8716076,0.99386233,0.9754252,0.994899,0.93902886,0.93033326,0.9784962,0.8995205,0.95692796,0.8929858,0.9525229,0.9726727,0.9544344,0.80509,0.9969997,0.4664901,0.7654107,0.98401326,0.81280935,0.96786314,0.47486275,0.98273104,0.95579314,0.94392115,0.8903023,0.9736842,0.97140616,0.9421621,0.815935,0.9671769,0.894436,0.99262494,0.95321417,0.9869668,0.8884542,0.9969997,0.9259986,0.95517206,0.9848995,0.97135425,0.964104,0.9799473,0.98429024,0.9306255,0.9182575,0.97013634,0.91722167,0.9935375,0.93707114,0.9592479,0.98864126,0.8069221,0.8943964,0.8332355,0.98217165,0.44455513,0.9797053,0.48457733,0.9555314,0.9653427,0.9894457,0.7798685,0.9853766,0.99356496,0.9471689,0.9916711,0.9838635,0.92878085,0.97156906,0.97376525,0.9549942,0.8811139,0.9811925,0.95758355,0.98167783,0.98209107,0.98709285,0.8777392,0.98966354,0.9641889,0.98745,0.94060653,0.99743444,0.922605,0.9885993,0.88019514,0.87153107,0.7566724,0.8728593,0.9758239,0.8660866,0.69807935,0.8778976,0.96763253,0.99046755,0.9872557,0.97616434,0.91653365,0.9604945,0.99522716,0.98803973,0.97499263,0.9886956,0.9644514,0.9885993,0.9381928,0.98695123,0.9903644,0.84772414
adogsjourneymovie,0.94543916,0.92400104,0.9264629,0.9058333,0.9180433,0.99999994,0.9374527,0.9294238,0.91776633,0.92278653,0.9422286,0.9117073,0.920694,0.9496071,0.9189613,0.9165084,0.8573908,0.9487431,0.9416259,0.89630437,0.9244071,0.86590636,0.9349864,0.9048235,0.9127756,0.89713,0.85199344,0.8630037,0.9370493,0.87409884,0.9177246,0.9071372,0.95528585,0.9440215,0.57790905,0.54189605,0.9250142,0.89556885,0.95373607,0.85089594,0.86821467,0.9568688,0.9842005,0.9485011,0.93344414,0.9842949,0.94247776,0.9201009,0.9823903,0.93400127,0.9493982,0.9195976,0.936033,0.9224992,0.7593675,0.915327,0.8494517,0.94094896,0.94557625,0.91752326,0.8497625,0.9219083,0.92682165,0.8884766,0.8695257,0.95698863,0.8450539,0.9104895,0.890837,0.7983398,0.91967696,0.43229362,0.7881404,0.89143676,0.8553437,0.9653237,0.45483658,0.95153123,0.94655216,0.9834331,0.92172754,0.96679115,0.91028315,0.94161135,0.85848373,0.9050853,0.8958151,0.93503964,0.9625704,0.91045624,0.91713417,0.91967696,0.9729417,0.94181293,0.9506111,0.93598723,0.90598273,0.8962289,0.93008864,0.98165333,0.9535665,0.9364017,0.98019105,0.9300344,0.9641816,0.9523488,0.9415618,0.8310195,0.91861665,0.8360613,0.9328321,0.41869098,0.96474457,0.4807441,0.97417474,0.9464166,0.9315995,0.8156228,0.9393042,0.9277841,0.8817097,0.9457619,0.9138065,0.9865038,0.89151764,0.9473767,0.9422357,0.95647955,0.93203104,0.9599696,0.908793,0.9468644,0.8900501,0.7925022,0.9470319,0.86820626,0.9304956,0.9064886,0.90944546,0.93321973,0.91776633,0.9028882,0.9081235,0.7703831,0.8672369,0.8762591,0.8291796,0.6768839,0.8703391,0.968112,0.95340455,0.94713116,0.9687255,0.9206655,0.9469611,0.9158501,0.9065491,0.959203,0.93000567,0.9560866,0.91776633,0.9175657,0.9099098,0.9386641,0.88734335
aftermathmovie,0.9940821,0.9736251,0.987055,0.9320647,0.99491453,0.9374527,1.0,0.99198097,0.99500525,0.9935865,0.9703496,0.8739164,0.9717726,0.9919348,0.9865879,0.96959895,0.9782574,0.99028873,0.99260604,0.9820351,0.99099606,0.86963713,0.99189204,0.9914868,0.9175604,0.83458,0.8566638,0.9784823,0.9815597,0.9700394,0.9912394,0.9433844,0.97132117,0.91210985,0.62946177,0.5869234,0.9976315,0.9315039,0.98747414,0.9038628,0.93879944,0.98276997,0.9587098,0.9944264,0.9976548,0.95065403,0.98706955,0.98492604,0.97791696,0.99395865,0.9754735,0.99046177,0.94121194,0.97138476,0.81407225,0.9925606,0.9031188,0.99698925,0.9878104,0.9922073,0.9528738,0.950319,0.9801084,0.928944,0.96728593,0.929687,0.9548919,0.98456335,0.96156365,0.8435864,0.997003,0.49622658,0.8051942,0.98807883,0.8555244,0.98011816,0.5098282,0.98120004,0.9713098,0.9587455,0.9246724,0.9775933,0.9847604,0.9637092,0.8546642,0.9785617,0.92225003,0.995042,0.9574067,0.9924126,0.9212708,0.997003,0.9381805,0.9632363,0.9886734,0.9847723,0.9774092,0.9862533,0.9935616,0.9533089,0.9452776,0.9757052,0.94695157,0.98893034,0.95927656,0.97939795,0.99544597,0.84929657,0.92037594,0.86489993,0.99383754,0.47641057,0.98256505,0.52242416,0.9590626,0.9792195,0.9964567,0.8247789,0.99588895,0.9983539,0.96434486,0.99060214,0.9931683,0.9403321,0.9816758,0.98637855,0.97592074,0.9152719,0.9858059,0.958717,0.9896955,0.99136627,0.9895568,0.8915913,0.9908903,0.97274166,0.9901047,0.96412396,0.9956748,0.9477624,0.99500525,0.91400564,0.8986906,0.79557335,0.90374494,0.98075795,0.8971713,0.7347433,0.91167223,0.9809132,0.99665546,0.9933813,0.9870155,0.937312,0.96538156,0.99442816,0.9917272,0.9758031,0.98674375,0.9629955,0.99500525,0.95132035,0.9915136,0.9963107,0.8855733
aftermovie,0.9939595,0.9657969,0.9906292,0.94458514,0.9872432,0.9294238,0.99198097,0.9999998,0.993129,0.98901826,0.9759484,0.8762754,0.9732907,0.9892403,0.9849054,0.9700018,0.9810782,0.9808955,0.9877301,0.9822349,0.9883458,0.88086456,0.99325025,0.98827577,0.91630673,0.8358687,0.8703268,0.9805319,0.982885,0.9746163,0.9853882,0.9400481,0.9804481,0.91977537,0.6332815,0.5956307,0.99191916,0.92888707,0.9773592,0.9183342,0.940546,0.9834859,0.9557639,0.9937026,0.99032676,0.937426,0.98915136,0.970568,0.9761937,0.9961186,0.9779642,0.99070704,0.95538586,0.9550157,0.82693493,0.9847422,0.90658027,0.99068713,0.99251974,0.98050576,0.9599926,0.96751356,0.9740691,0.93440545,0.97228575,0.9254174,0.95505416,0.9772541,0.9659168,0.85402644,0.98909575,0.51363426,0.81827855,0.9855573,0.86996084,0.9711644,0.52733666,0.9684874,0.9738489,0.96094185,0.9339998,0.96218723,0.98651385,0.9728018,0.8666353,0.9822139,0.9291018,0.98962563,0.9393299,0.9918515,0.93460244,0.98909575,0.92792153,0.9491545,0.98264575,0.989045,0.98585504,0.9850851,0.98660564,0.9508857,0.9441972,0.9824579,0.9406317,0.98005056,0.9573349,0.9808503,0.993864,0.859637,0.9264928,0.8723186,0.9945696,0.49215722,0.9683227,0.53241843,0.94570863,0.9763466,0.9962103,0.8346809,0.9941481,0.991873,0.971382,0.9823973,0.99106103,0.9406362,0.9835779,0.98221505,0.97403544,0.91952866,0.97548497,0.9437075,0.9872534,0.98457325,0.9878493,0.9013692,0.98017806,0.98029566,0.98613906,0.9698193,0.9883093,0.94425523,0.993129,0.9188696,0.90414053,0.8141808,0.915177,0.97878414,0.9039604,0.7318006,0.913418,0.9784877,0.98728114,0.99385065,0.9790171,0.9273837,0.95616746,0.99151987,0.9907104,0.9621401,0.9767171,0.94473106,0.993129,0.95040464,0.9924637,0.9958716,0.8992689
ahiddenlifefilm,0.99497616,0.96730876,0.9958328,0.9367327,0.9885993,0.91776633,0.99500525,0.993129,1.0,0.9908755,0.97698975,0.8617343,0.9718929,0.99155384,0.99267066,0.97891384,0.98965013,0.97851104,0.99513113,0.99036384,0.99292976,0.8711544,0.99595267,0.9965833,0.9199556,0.82261056,0.8549684,0.9898804,0.9872673,0.98028785,0.9961206,0.9410758,0.96464974,0.8998346,0.6300686,0.59203994,0.9974026,0.92928046,0.97683394,0.91519827,0.9519971,0.9800407,0.93801916,0.9921095,0.9932448,0.9261255,0.99033105,0.97791845,0.9669,0.99500763,0.97757214,0.99679637,0.93722314,0.9515677,0.81594306,0.9890716,0.913447,0.9904483,0.98913807,0.98605525,0.9714128,0.9594637,0.972886,0.9383146,0.9820228,0.92660147,0.97200674,0.99164814,0.97318983,0.85718447,0.99498755,0.50650334,0.81320876,0.99486583,0.8629286,0.97472274,0.51795393,0.9655049,0.9669454,0.9490095,0.9309798,0.9541271,0.99072266,0.9647397,0.8559674,0.99038243,0.9233205,0.99144536,0.93328714,0.99815863,0.9273427,0.99498755,0.92201155,0.952056,0.97939384,0.9888562,0.99111974,0.99501055,0.989278,0.93979305,0.93739384,0.9717233,0.93900406,0.97797436,0.9506669,0.9792324,0.99604404,0.86244744,0.9242549,0.8644001,0.99699193,0.48537964,0.9642986,0.52840567,0.93606406,0.9800481,0.99819547,0.8314561,0.9971298,0.99594754,0.9776425,0.9816665,0.99539,0.9250735,0.99357706,0.9832172,0.9744432,0.9090945,0.97222394,0.93525296,0.99540365,0.9870792,0.9956733,0.8948859,0.97819644,0.98619115,0.9824559,0.97548014,0.9934419,0.9429788,1.0,0.9165541,0.89308983,0.8072869,0.9176254,0.9912554,0.9148548,0.7336523,0.9195121,0.9696107,0.98772156,0.9903993,0.97927165,0.9379757,0.9515132,0.99469495,0.9963584,0.96249497,0.9753762,0.9407525,1.0,0.9433309,0.99809897,0.9966834,0.8932245
alitamovie,0.98657036,0.9626201,0.9825475,0.9243444,0.9907127,0.92278653,0.9935865,0.98901826,0.9908755,1.0,0.9666644,0.85473603,0.9665339,0.9908852,0.9779739,0.96346855,0.9793146,0.9835362,0.9846418,0.9793896,0.99034095,0.8577712,0.99024314,0.9919093,0.89741355,0.81080234,0.8431986,0.9790364,0.97448146,0.9739617,0.992252,0.9361052,0.9656251,0.89705986,0.6169229,0.56747353,0.9918584,0.92843324,0.97423935,0.9150425,0.9384647,0.9765437,0.95385313,0.9864798,0.9915001,0.94018644,0.9857886,0.97594273,0.9694271,0.98959666,0.9646115,0.98665446,0.9370492,0.96177137,0.81420076,0.98487043,0.89078414,0.9926791,0.9845195,0.98126644,0.95534897,0.9417911,0.9691783,0.9287199,0.96273047,0.9218831,0.9434545,0.98079616,0.9470538,0.8312472,0.9898835,0.4541867,0.79869473,0.98367006,0.8387895,0.9705412,0.47510743,0.9671683,0.96427315,0.94317544,0.9119477,0.96793705,0.9829715,0.9565379,0.8492617,0.9787583,0.90802324,0.98974913,0.9342512,0.99395466,0.9112345,0.9898835,0.90932465,0.9439553,0.9774954,0.98611414,0.9737411,0.987029,0.98520845,0.9385119,0.93507886,0.9641508,0.9305994,0.9811484,0.9557751,0.9692153,0.9900369,0.8492746,0.9289386,0.8558635,0.9886231,0.43488243,0.97328925,0.5045603,0.9508568,0.96384764,0.9932195,0.816809,0.98867583,0.9930237,0.96296936,0.9858787,0.98952335,0.93793297,0.98369193,0.98567545,0.96662784,0.8968428,0.976373,0.94812053,0.9861539,0.9847484,0.98672813,0.8703655,0.98842114,0.97681344,0.9849858,0.963231,0.98973835,0.93206537,0.9908755,0.9012167,0.893956,0.7971096,0.9091988,0.98296005,0.899679,0.72460485,0.908819,0.97432786,0.9877069,0.98434436,0.9754475,0.9149668,0.9664436,0.98558396,0.98947084,0.9636719,0.9775943,0.9498004,0.9908755,0.9498031,0.99043125,0.99478537,0.86988837
angelhasfallen,0.9880331,0.9674512,0.98536885,0.9636875,0.9483397,0.9422286,0.9703496,0.9759484,0.97698975,0.9666644,0.99999994,0.9125571,0.9694775,0.98637235,0.9772134,0.983641,0.94599015,0.94882965,0.9803721,0.9739047,0.9669234,0.90934366,0.98327315,0.9687784,0.95157874,0.81560624,0.8900791,0.9538451,0.98965764,0.95549357,0.97289723,0.9493419,0.96400887,0.91596013,0.6648048,0.6318186,0.9726273,0.9424242,0.96027285,0.9289796,0.96225,0.98503995,0.948167,0.9826106,0.9644985,0.9355848,0.98693955,0.9533205,0.97524184,0.9810646,0.9887174,0.98443925,0.9480411,0.9080702,0.82812876,0.95731306,0.93255115,0.9714141,0.98572755,0.9509822,0.9613798,0.9833767,0.9431628,0.96255094,0.9676441,0.9775871,0.94028074,0.98197013,0.9636743,0.88686967,0.9611704,0.5339899,0.8539573,0.96664643,0.91796005,0.96497625,0.549207,0.946709,0.9768002,0.9698189,0.97784287,0.93936306,0.9821761,0.98163533,0.89674914,0.9816461,0.94722944,0.96439356,0.9218367,0.9744709,0.9616062,0.9611704,0.9326668,0.9482177,0.9661661,0.99245185,0.9871801,0.97542924,0.9729704,0.9632338,0.95846504,0.9645432,0.9734147,0.94662297,0.9714389,0.9864012,0.9819923,0.9039019,0.94280976,0.8840498,0.9841949,0.5159615,0.95013094,0.5708434,0.92779636,0.98492956,0.98227316,0.87573665,0.98590827,0.96882164,0.96808475,0.95989186,0.9768536,0.9358984,0.9741752,0.9754311,0.9768832,0.9552886,0.9470337,0.9037854,0.9683139,0.96429545,0.9674964,0.88113505,0.953568,0.96023494,0.96823686,0.9804229,0.95668495,0.95317477,0.97698975,0.94968325,0.92066425,0.8582707,0.9389896,0.9656069,0.938624,0.76016533,0.9445572,0.97789377,0.97291964,0.97077787,0.9788381,0.9567554,0.9337559,0.9608531,0.9652115,0.94309515,0.9482567,0.9209161,0.97698975,0.94361186,0.9781807,0.9793805,0.9333028
angrybirdsmovie,0.8931021,0.9187684,0.876167,0.9588839,0.8368485,0.9117073,0.8739164,0.8762754,0.8617343,0.85473603,0.9125571,0.99999994,0.93910325,0.89982724,0.8474973,0.91962796,0.8067611,0.86784273,0.8673489,0.83099425,0.8707694,0.9783589,0.87281394,0.83486307,0.9754982,0.8558113,0.9785105,0.8345682,0.91794986,0.8694901,0.85688365,0.95321095,0.9049864,0.9589109,0.8412218,0.82108617,0.8624598,0.960198,0.8661103,0.9162927,0.9204608,0.9299761,0.8968521,0.8952107,0.8652335,0.91449946,0.88039774,0.82256895,0.9170279,0.89263916,0.94232064,0.8841336,0.9486207,0.80026186,0.91761523,0.8778295,0.95219857,0.8684376,0.9133772,0.8338507,0.87149376,0.9338161,0.8808607,0.9498148,0.8331139,0.9420567,0.78728145,0.8557926,0.8219397,0.9444912,0.8450553,0.72841406,0.9477934,0.8418547,0.9742983,0.88219666,0.75948685,0.85978925,0.95423806,0.91987646,0.95652395,0.8913247,0.9016881,0.9544251,0.9715358,0.85996336,0.9704253,0.8574563,0.86263704,0.8578752,0.9631,0.8450553,0.89356095,0.84959376,0.8757084,0.9049827,0.8756804,0.8458626,0.8902242,0.9538486,0.9708215,0.9248869,0.94449776,0.83879,0.9498772,0.94029135,0.8777623,0.94309604,0.91816646,0.96007746,0.8918278,0.7201514,0.86899245,0.77256364,0.8676527,0.88172966,0.87474513,0.95853364,0.89027876,0.86519736,0.8949955,0.84529954,0.88645345,0.8851244,0.86267126,0.8995171,0.9391601,0.97930926,0.8966673,0.8525465,0.8669451,0.8897487,0.8391758,0.8886296,0.8511504,0.8535482,0.86947423,0.91303796,0.8404269,0.967816,0.8617343,0.9775041,0.9727631,0.93797165,0.9250695,0.82260513,0.91676474,0.8939157,0.95262235,0.92563206,0.88822407,0.8899377,0.90826404,0.85664886,0.8851742,0.85012394,0.8593495,0.83948493,0.83804166,0.8292,0.8617343,0.9448813,0.85602796,0.86897975,0.9687865
annabellemovie,0.9759832,0.96331406,0.9747597,0.97205716,0.9535665,0.920694,0.9717726,0.9732907,0.9718929,0.9665339,0.9694775,0.93910325,0.99999994,0.9825817,0.9506526,0.9842365,0.95260173,0.96151805,0.9636505,0.9458239,0.9800942,0.9523712,0.97315687,0.9592859,0.9641031,0.8640917,0.9432777,0.96423775,0.9868838,0.97964984,0.97123194,0.98067,0.9653558,0.9521049,0.778521,0.7390797,0.96860015,0.98500043,0.9478964,0.97038895,0.9790032,0.98811656,0.9323056,0.9771914,0.9681712,0.938377,0.97066295,0.9259812,0.9660051,0.98398733,0.9889832,0.9795813,0.97915787,0.9051162,0.9190337,0.97594845,0.966643,0.9623148,0.98800313,0.94168574,0.9692375,0.97060025,0.9696245,0.9831601,0.945145,0.9441941,0.9135683,0.9565664,0.92262554,0.9376584,0.9586631,0.6239969,0.917611,0.95990235,0.9352877,0.9601102,0.6547983,0.93239766,0.9875866,0.9431058,0.9566083,0.94662255,0.988238,0.99177325,0.9470332,0.9598764,0.9746265,0.9643095,0.9079279,0.9740789,0.9749061,0.9586631,0.91116416,0.9143353,0.9544111,0.9817364,0.9718313,0.961617,0.9720107,0.96415985,0.9837122,0.97931916,0.95228934,0.940938,0.9780919,0.9904104,0.9716496,0.93982595,0.962465,0.9527893,0.983805,0.6052945,0.9394073,0.6823376,0.92253417,0.94886214,0.9740498,0.9280073,0.97823316,0.9704799,0.98427993,0.9433288,0.98364806,0.9252937,0.97647804,0.9818781,0.9952799,0.954764,0.97102904,0.92282754,0.978688,0.9800759,0.9594099,0.93483454,0.9483326,0.97439814,0.95258945,0.98455393,0.9570746,0.98735917,0.9718929,0.9721885,0.9644299,0.9076608,0.96796757,0.95016557,0.9583056,0.8572731,0.97557825,0.9715201,0.9684043,0.97789025,0.9658201,0.8981108,0.9620166,0.962126,0.975167,0.9243685,0.9355988,0.9019379,0.9718929,0.98239285,0.9681408,0.9707772,0.95702404
annamovie,0.9954617,0.9698889,0.9913673,0.95144063,0.9800261,0.9496071,0.9919348,0.9892403,0.99155384,0.9908852,0.98637235,0.89982724,0.9825817,1.0000001,0.98160934,0.9820974,0.96766824,0.983202,0.9919201,0.9758814,0.9931958,0.8999401,0.9938931,0.98520327,0.93947905,0.8521517,0.88363695,0.9724598,0.99162036,0.973442,0.9926455,0.95785046,0.979472,0.9321353,0.6598366,0.616976,0.99099094,0.9520947,0.97772664,0.93562,0.95761245,0.9941417,0.9633442,0.994285,0.990278,0.9579665,0.9919598,0.96716064,0.9835185,0.99544656,0.9881092,0.99190885,0.9611439,0.94577134,0.8404078,0.98493594,0.9242138,0.98915786,0.99594283,0.97373474,0.96127653,0.9671001,0.97689706,0.95713305,0.9615413,0.9550448,0.94061035,0.9834823,0.9532485,0.873043,0.9845724,0.5040048,0.8464725,0.9792128,0.88585174,0.9830131,0.5270642,0.9679747,0.9829053,0.96795624,0.94753605,0.9696734,0.9894346,0.98140484,0.8903175,0.98117286,0.94054955,0.98818314,0.94251966,0.9920292,0.9498354,0.9845724,0.9397885,0.9520087,0.9815007,0.99574715,0.984584,0.98371655,0.98559546,0.9657719,0.9666024,0.9778743,0.9637041,0.9729773,0.97672135,0.9904523,0.99486643,0.8907748,0.95546514,0.88941854,0.99545896,0.4845732,0.973822,0.5555333,0.95691335,0.97828907,0.994806,0.86147267,0.9956682,0.9893692,0.9741727,0.981022,0.99143595,0.95473206,0.9862848,0.99391884,0.9875264,0.94241756,0.97532797,0.9481269,0.9885534,0.9915855,0.980598,0.88387567,0.9805197,0.9744998,0.97968763,0.9793904,0.98126864,0.9623389,0.99155384,0.9388258,0.93019885,0.8380798,0.9394678,0.9743139,0.9240688,0.7603076,0.938531,0.986206,0.9910781,0.99066913,0.9887848,0.93415576,0.9741634,0.9830675,0.98719376,0.9663949,0.9696712,0.947271,0.99155384,0.9662807,0.9898504,0.9947557,0.9164218
apollo11movie,0.9923868,0.9601172,0.9898241,0.9278923,0.9810786,0.9189613,0.9865879,0.9849054,0.99267066,0.9779739,0.9772134,0.8474973,0.9506526,0.98160934,1.0000001,0.96451837,0.97745556,0.96852344,0.9947559,0.99560505,0.97671187,0.8417298,0.9896636,0.99169636,0.91224724,0.7959918,0.82653683,0.9734354,0.976538,0.9534278,0.9828079,0.91494083,0.95821446,0.875448,0.58799654,0.5602287,0.9910974,0.89769053,0.97984964,0.87859005,0.93461937,0.9681252,0.93862385,0.98771554,0.9850204,0.92089486,0.9852502,0.98457474,0.96070844,0.9843967,0.9681508,0.98762095,0.91078466,0.9516255,0.7687422,0.9753076,0.8901715,0.9853172,0.9787126,0.98677665,0.9573856,0.9592156,0.95719355,0.91664165,0.9831672,0.9258495,0.9812137,0.99188673,0.990478,0.8286355,0.98983413,0.49182045,0.77881336,0.9881283,0.8506578,0.9727611,0.48974696,0.9718452,0.9556973,0.9564317,0.92956316,0.9455657,0.97827995,0.95123726,0.8236211,0.98763835,0.90257406,0.9857618,0.94106185,0.98772377,0.9087758,0.98983413,0.9342977,0.96732974,0.9813608,0.9821341,0.98709184,0.98967075,0.9811731,0.93418556,0.9191994,0.96561134,0.9420602,0.9785546,0.938066,0.9673407,0.9938686,0.82875454,0.8961394,0.8263431,0.9863355,0.46999845,0.9637409,0.4962306,0.9349773,0.99150807,0.9923408,0.79842573,0.9910158,0.98856956,0.9571517,0.98351604,0.98201215,0.91776466,0.9793047,0.9697548,0.9557074,0.9007751,0.9538004,0.91776705,0.97882175,0.9698093,0.9908343,0.87255436,0.9717807,0.96601295,0.98393774,0.95764846,0.9872176,0.9267336,0.99267066,0.89661497,0.8655076,0.7785269,0.88396,0.9862245,0.8965099,0.69194305,0.8937161,0.96380967,0.9836393,0.98017776,0.98229206,0.95580053,0.92914397,0.98922044,0.98285884,0.968208,0.97676057,0.94862366,0.99267066,0.9164118,0.99398303,0.98952967,0.87381494
arcticdogsmovie,0.97878736,0.9721677,0.98533684,0.96960247,0.9468209,0.9165084,0.96959895,0.9700018,0.97891384,0.96346855,0.983641,0.91962796,0.9842365,0.9820974,0.96451837,1.0,0.9580126,0.94413304,0.9733276,0.96057767,0.9744684,0.9396013,0.9800596,0.96638316,0.9671989,0.8475517,0.9201962,0.9726678,0.9959481,0.9826092,0.97969645,0.97609633,0.94825727,0.92904073,0.72279704,0.6879405,0.97099894,0.9689515,0.9432734,0.9544038,0.985252,0.98310757,0.9158615,0.9749816,0.9627959,0.91170996,0.9791493,0.9368567,0.9612279,0.9808853,0.99221915,0.9894442,0.95936173,0.89309394,0.8807294,0.96828586,0.9685072,0.9626965,0.98360527,0.944636,0.9829725,0.9761411,0.94961596,0.98115736,0.96910655,0.96027076,0.94351745,0.9774357,0.9463941,0.9307082,0.9606973,0.5953611,0.8906822,0.97329485,0.93445885,0.95821095,0.6176926,0.9254729,0.97831744,0.94406277,0.9730039,0.9271896,0.9894779,0.98288524,0.9275211,0.9822427,0.96931654,0.95777744,0.8968246,0.97642606,0.97348887,0.9606973,0.90639406,0.9204918,0.9476603,0.98370445,0.9865897,0.9760006,0.9759932,0.954253,0.9634918,0.9626743,0.95672053,0.93113214,0.9688731,0.99047476,0.9729259,0.9408068,0.9527356,0.92678523,0.98685986,0.57897145,0.9293239,0.62637526,0.9008478,0.9631874,0.97656006,0.91515386,0.98303205,0.9697288,0.99089104,0.94091684,0.98368484,0.9168639,0.98568666,0.9731089,0.98745126,0.9516164,0.9587989,0.90872306,0.9839446,0.97457206,0.96697146,0.91895074,0.94074625,0.97940636,0.9497571,0.995958,0.95770115,0.96848816,0.97891384,0.97153085,0.93687457,0.8898418,0.9683234,0.9672447,0.9634936,0.8165931,0.9728726,0.96369135,0.9640126,0.973103,0.963362,0.9373804,0.9341271,0.963099,0.97721547,0.9207505,0.9312009,0.89203715,0.97891384,0.95911026,0.9735965,0.9742112,0.95633084
arcticmovie,0.972827,0.9400018,0.9808625,0.9074381,0.97980213,0.8573908,0.9782574,0.9810782,0.98965013,0.9793146,0.94599015,0.8067611,0.95260173,0.96766824,0.97745556,0.9580126,0.9999998,0.9578733,0.9743489,0.981833,0.9816933,0.83505243,0.9804895,0.9904225,0.8781474,0.77862835,0.8203768,0.99618405,0.96347487,0.9804118,0.9846809,0.911739,0.9374049,0.85560644,0.6132597,0.57512105,0.98464036,0.9010817,0.9504316,0.9013244,0.93701774,0.95102245,0.89161354,0.970954,0.97836167,0.87387407,0.9700719,0.9598225,0.9280519,0.9798098,0.947368,0.98311234,0.90810835,0.9345208,0.8044009,0.97799444,0.89110243,0.9716638,0.9673308,0.97296655,0.97182244,0.9328593,0.9569642,0.913032,0.9795823,0.8721151,0.9725811,0.97501075,0.9615613,0.8363174,0.98476326,0.49942762,0.783415,0.9910642,0.8236716,0.94390804,0.5079419,0.9359148,0.9362902,0.9019972,0.8895704,0.91759634,0.9781413,0.93499374,0.8208996,0.9786802,0.8937507,0.9766686,0.8910139,0.99079376,0.89289606,0.98476326,0.86967057,0.917866,0.95451003,0.966936,0.9802178,0.9882415,0.9703116,0.8914834,0.89557105,0.9504644,0.8856139,0.9622271,0.9105169,0.94975513,0.9772971,0.8323497,0.8911557,0.83953315,0.9810074,0.4763079,0.93097365,0.5116873,0.8941909,0.9498893,0.9833553,0.7987279,0.9776517,0.9832279,0.9709416,0.96054184,0.9843312,0.8775282,0.98837984,0.96026707,0.94730246,0.8542431,0.95312136,0.9023492,0.9879501,0.9672423,0.9927077,0.8970159,0.9571414,0.9897551,0.96275115,0.9576665,0.9864458,0.90855366,0.98965013,0.8801217,0.85300934,0.78164685,0.8959619,0.98937446,0.8994957,0.7147433,0.8940351,0.93382114,0.9628681,0.97221446,0.9439339,0.895638,0.9240812,0.9868312,0.99161035,0.9313119,0.9574236,0.90549976,0.98965013,0.9168321,0.9893253,0.98086476,0.8570988
artofracingmovie,0.9820942,0.94826436,0.9696057,0.9118016,0.99029416,0.9487431,0.99028873,0.9808955,0.97851104,0.9835362,0.94882965,0.86784273,0.96151805,0.983202,0.96852344,0.94413304,0.9578733,1.0000001,0.9825159,0.9573257,0.98701245,0.851785,0.9768781,0.9739231,0.90065086,0.86208,0.84263754,0.9542177,0.9612717,0.9464305,0.9773966,0.9238072,0.97766036,0.923377,0.61146885,0.57240796,0.98590773,0.9186607,0.98778176,0.88999516,0.9085591,0.9753019,0.9684627,0.9857315,0.99442375,0.96962065,0.97109586,0.97020674,0.9745598,0.9827872,0.9599912,0.9675946,0.94166714,0.9802612,0.79845357,0.9843727,0.87456006,0.9865558,0.9789211,0.98195994,0.9190785,0.92913705,0.9897702,0.9072252,0.92903155,0.90861255,0.9198065,0.95691633,0.93467134,0.81658924,0.98694116,0.47218025,0.79457057,0.9616593,0.82655317,0.98069286,0.48710072,0.9840664,0.9638521,0.95798665,0.89382184,0.9856832,0.9630745,0.9525164,0.84144074,0.95004165,0.9017093,0.9934304,0.9693633,0.9782879,0.903943,0.98694116,0.9519866,0.9562419,0.9883694,0.96962166,0.9530076,0.9606511,0.9721732,0.950931,0.94709855,0.97488546,0.94114506,0.98993725,0.9511795,0.96666193,0.98665655,0.8241019,0.92370594,0.8509117,0.97831017,0.45279968,0.9893047,0.5120162,0.9819272,0.9635641,0.98339456,0.80296093,0.98075956,0.9851064,0.937525,0.9900505,0.97420275,0.95418084,0.9586754,0.984955,0.96576416,0.90817696,0.97852445,0.9731961,0.9725767,0.98956525,0.9686285,0.8605256,0.99222827,0.9477313,0.97781944,0.9369562,0.98321414,0.9451077,0.97851104,0.8924568,0.9029868,0.77048206,0.8849822,0.9513251,0.8619547,0.7107817,0.8862859,0.97271305,0.9908623,0.9874057,0.9835379,0.9018336,0.98475724,0.98385274,0.97637707,0.98556066,0.9838606,0.9766675,0.97851104,0.95027786,0.9747132,0.984868,0.86524945
avengers,0.99642235,0.9620741,0.9938524,0.9307208,0.9841783,0.9416259,0.99260604,0.9877301,0.99513113,0.9846418,0.9803721,0.8673489,0.9636505,0.9919201,0.9947559,0.9733276,0.9743489,0.9825159,0.9999998,0.98735243,0.988992,0.8618546,0.9940878,0.99126613,0.9234912,0.838725,0.84385484,0.97263736,0.9847369,0.9619284,0.99183035,0.9301126,0.96765053,0.9040808,0.60260594,0.5710012,0.9943907,0.91911495,0.98608387,0.89880973,0.9392721,0.98041254,0.95197695,0.9927559,0.9923337,0.9440989,0.99096584,0.981027,0.9746058,0.9902063,0.97818345,0.98981845,0.93250245,0.95761955,0.78696436,0.9810832,0.9006179,0.9886586,0.98729753,0.98551255,0.9539174,0.9576211,0.97269446,0.9292856,0.97104895,0.9388549,0.9651442,0.9890858,0.975642,0.84174895,0.99220145,0.48620787,0.802184,0.9838344,0.85864925,0.9860751,0.49384236,0.9751435,0.9658298,0.9652164,0.9325433,0.9607184,0.9806468,0.96212333,0.8470516,0.98520154,0.91379505,0.99321795,0.95265985,0.99146146,0.9240207,0.99220145,0.94817924,0.96740896,0.9862867,0.98658895,0.9855787,0.98602563,0.9825172,0.949553,0.94249356,0.9704722,0.9573495,0.9808245,0.95320255,0.97907114,0.9976557,0.85138625,0.9268771,0.8472052,0.99262244,0.46667784,0.9751478,0.50804186,0.954871,0.9899285,0.9956083,0.82056475,0.9954935,0.9915197,0.96223235,0.9875106,0.9857192,0.9412044,0.98227537,0.98548025,0.9713444,0.9199288,0.9645215,0.9429153,0.98602104,0.9867705,0.9868864,0.8667221,0.98203313,0.9682751,0.9815515,0.9662806,0.9873038,0.94536734,0.99513113,0.91141003,0.8919389,0.7903092,0.9058005,0.98014444,0.8997423,0.70625645,0.9083563,0.9717666,0.99019444,0.98840284,0.98928964,0.9489329,0.95596915,0.989945,0.9868882,0.9787578,0.9789725,0.95886236,0.99513113,0.9351634,0.99268335,0.99471706,0.88980687
beachbummovie,0.9862712,0.9577906,0.9856359,0.9183267,0.97630906,0.89630437,0.9820351,0.9822349,0.99036384,0.9793896,0.9739047,0.83099425,0.9458239,0.9758814,0.99560505,0.96057767,0.981833,0.9573257,0.98735243,0.9999999,0.97169286,0.831754,0.98773974,0.9945111,0.8947206,0.7614884,0.81468225,0.9767356,0.97086936,0.95783806,0.98148173,0.9055601,0.9435459,0.8495915,0.5885463,0.5569875,0.9877809,0.89305073,0.9719561,0.8793172,0.93639356,0.95939755,0.92446864,0.981571,0.9779552,0.90211564,0.9849375,0.98313487,0.9496828,0.9802132,0.9588502,0.9861572,0.89752585,0.9441717,0.7657724,0.96724963,0.8848532,0.98116153,0.9712637,0.98167825,0.9620727,0.950112,0.94393146,0.91320896,0.9891491,0.9190033,0.98062736,0.9917862,0.98725724,0.82184684,0.9859449,0.4829144,0.7697797,0.9890545,0.8430139,0.96084464,0.48415187,0.9593072,0.9450597,0.9395978,0.9220224,0.9315985,0.9771169,0.9416117,0.81509143,0.98974043,0.89250636,0.98155665,0.92459685,0.98750323,0.8972687,0.9859449,0.90818346,0.961181,0.9740061,0.9792695,0.98608273,0.9909038,0.97762334,0.9169426,0.9046662,0.95297986,0.927145,0.9732351,0.92899424,0.9576999,0.9876385,0.8252984,0.88613087,0.8164016,0.9829912,0.4618755,0.9534091,0.4936066,0.9176605,0.98343325,0.9900051,0.79364824,0.986341,0.9856523,0.9558006,0.97709876,0.9820065,0.89767456,0.9800048,0.96665007,0.94683754,0.88190275,0.94749135,0.9001472,0.97629464,0.96078295,0.99360347,0.87092185,0.9683655,0.97041494,0.9827095,0.9566217,0.9850455,0.91391265,0.99036384,0.88675207,0.84783083,0.77731514,0.8800108,0.9913711,0.90022236,0.6918026,0.8927844,0.95448846,0.97630984,0.9702134,0.97003144,0.9478058,0.91656,0.98339,0.9816821,0.9556896,0.97382843,0.9359244,0.99036384,0.9065066,0.9929478,0.986549,0.8619432
bernadettefilm,0.98863083,0.95315164,0.9895036,0.9318316,0.98510295,0.9244071,0.99099606,0.9883458,0.99292976,0.99034095,0.9669234,0.8707694,0.9800942,0.9931958,0.97671187,0.9744684,0.9816933,0.98701245,0.988992,0.97169286,1.0000001,0.88269866,0.9909553,0.98773175,0.9192859,0.857789,0.86680573,0.9825516,0.9831565,0.98135954,0.9955922,0.9450743,0.97115386,0.9208547,0.65251553,0.6108982,0.9916477,0.9432133,0.9727321,0.93404293,0.9493877,0.98392123,0.9415172,0.98875976,0.9930322,0.9402615,0.98491746,0.96039975,0.9675575,0.99372,0.97611594,0.98802733,0.9540986,0.9490699,0.8382579,0.98866034,0.91459835,0.9832786,0.99011403,0.97411317,0.96160793,0.94917494,0.9856988,0.9443754,0.9575465,0.9201556,0.94272125,0.9746293,0.946208,0.8648166,0.9882359,0.50219136,0.8363186,0.980242,0.8595783,0.9783181,0.5251142,0.95887613,0.9694563,0.94497776,0.91729414,0.95890045,0.98520476,0.9683597,0.87451583,0.9751458,0.9253383,0.99181545,0.93113536,0.99518186,0.9331513,0.9882359,0.92291963,0.93763554,0.97555864,0.9849915,0.9806371,0.98130554,0.97749496,0.94313014,0.9532768,0.97336096,0.9381767,0.9733832,0.95645225,0.9800172,0.9913403,0.87644064,0.9492829,0.88190305,0.99339056,0.48180455,0.9646523,0.5501999,0.9477055,0.9636689,0.9923739,0.846448,0.9905303,0.9896848,0.97498786,0.9766882,0.9905532,0.9379129,0.9887995,0.992042,0.98114234,0.914828,0.973363,0.94833004,0.99400365,0.995236,0.9833098,0.8861631,0.9786776,0.982355,0.9697846,0.972444,0.98526967,0.9548761,0.99292976,0.9199318,0.9166384,0.8188787,0.93319887,0.9743071,0.912058,0.7503734,0.92618155,0.9671555,0.9842347,0.9904509,0.9752883,0.904378,0.9767271,0.98792595,0.9934923,0.9621521,0.96748495,0.93943286,0.99292976,0.9591965,0.98942274,0.9923105,0.89941937
