movie,21bridgesmovie,47metersdown,abeautifuldaymovie,abominablemovie,adastramovie,adogsjourneymovie,aftermathmovie,aftermovie,ahiddenlifefilm,alitamovie,angelhasfallen,angrybirdsmovie,annabellemovie,annamovie,apollo11movie,arcticdogsmovie,arcticmovie,artofracingmovie,avengers,beachbummovie,bernadettefilm,blackandbluemovie,blackchristmas,blindedbythelightmovie,bombshellmovie,booksmart,breakthroughmovie,brianbanksmovie,brightburnmovie,brittanyrunsmov,captainmarvelofficial,captivestatemovie,catsmovie,charliesangels,childsplaymovie,clarathefilm,coldpursuitmovie,countdown,currentwarmovie,darkwatersmovie,detectivepikachumovie,disneyaladdin,disneyfrozen,disneymaleficent,doctorsleepmovie,dolemiteismyname,dontletgomovie,doramovie,downtonabbey_official,dumbo,escaperoom,everybodyknowsmovie,fastandfuriousmovie,fightingwmyfam,fivefeetapartfilm,fordvferrari,freaksthefilm,geminimanmovie,glassmovie,gloriabellmovie,godzillamovie,goldfinchmovie,goodboysmovie,goodliarmovie,gretafilm,halathemovie,happydeathdaymovie,harrietfilm,hellboymovie,hersmellmovie,highlifemovie,highstrungmovie,honeyboymovie,hotelmumbaifilm,httydragon,hustlemovie,hustlersmovie,isntitromantic,itmovieofficial,jayandsilentbob,johnwickmovie,jojorabbitmovie,jokermovie,judythefilm,jumanjimovie,justmercyfilm,knivesout,lalloronamovie,lastblackmansf,lastchristmasthemovie,latenightmovie,lighthousemovie,lionking,littlethemovie,littlewomenmovie,littlewoodsfilm,longshotmovie,lordsofchaosmovie,lucyintheskyfilm,mamovie2019,marriagestory,meettheaddams,meninblack,midsommarmovie,midwaymovie,missbalamovie,missinglinkfilm,motherlessbklyn,onceinhollywood,onthebasisofsex,overcomermovie,peanutbutterfalcon,petsematarymovie,piercingmovie,playingwithfire,playmobilthemovie,pomsmovie,queenandslim,rambomovie,readyornotfilm,richardjewellfilm,rocketmanmovie,scarystoriesmovie,secretlifeofpets,serenityfilm,shaftmovie,shazammovie,spidermanmovie,spiesindisguise,starwars,stormboymovie,stubermovie,taosdfilm,teenspiritmov,terminator,theaeronautsmov,thebestofenemies,thedeaddontdie,thefarewell,thehighwaymen,thehummingbirdprojectfilm,theintrudermovie,theirishmanfilm,thekitchenmovie,thelegomovie,themustangfilm,thenightingalefilm,theprodigymovie,thesunisalsoastar,theupsidefilm,tolkienmovie,toystory,triplefrontier,uglydolls,uncutgems,underthesilverlake,usmovie,wavesmovie,whatmenwant,wonderparkmovie,wrinklestheclown,xmenmovies,yardiefilm,yesterdaymovie,zombieland
21bridgesmovie,1.0000001,0.977511,0.99269325,0.98209,0.9933639,0.9866822,0.9977871,0.99734163,0.99855244,0.99504256,0.9905212,0.98772085,0.99811256,0.9976022,0.99406135,0.9758517,0.99175036,0.9921941,0.9972183,0.9941024,0.9921264,0.9879002,0.99383134,0.9940608,0.98489654,0.8170583,0.9603887,0.984897,0.99456525,0.9859503,0.9919519,0.9927416,0.9980945,0.9318383,0.84599906,0.80839145,0.9961126,0.9952742,0.99314016,0.99473333,0.9957829,0.98730886,0.9518484,0.99062943,0.99489087,0.9892421,0.99434483,0.99887395,0.9722229,0.99022496,0.99385923,0.99545765,0.98908985,0.9847186,0.9575675,0.99199563,0.9656363,0.9858766,0.99511176,0.9947627,0.9780446,0.9917309,0.97448295,0.9942017,0.98996866,0.9880153,0.9891157,0.9935973,0.97878337,0.9479536,0.9970824,0.9813237,0.9780454,0.99831986,0.98300356,0.9912675,0.78769237,0.99344486,0.996867,0.994145,0.9862831,0.9903406,0.9983273,0.9836524,0.99002033,0.98374814,0.98968166,0.9990042,0.9934505,0.9966439,0.9842272,0.9970824,0.9537957,0.9966956,0.99104774,0.9968388,0.9917541,0.9960211,0.9769058,0.9820808,0.9812678,0.98223025,0.9907074,0.9970007,0.9941992,0.99188,0.99735767,0.9786236,0.978899,0.98890054,0.99718755,0.90117043,0.98876107,0.7681633,0.97124887,0.99871415,0.9992957,0.99489623,0.9960885,0.99586314,0.99191296,0.9796643,0.9973861,0.97827834,0.99714935,0.99805224,0.99869865,0.97632957,0.9884411,0.8781557,0.99128455,0.99498403,0.9930496,0.9796068,0.9889774,0.9963444,0.99020225,0.9928697,0.99462134,0.9934681,0.99855244,0.99498284,0.9755565,0.9920276,0.9955202,0.99413806,0.96307796,0.94075936,0.99371165,0.9940688,0.9967088,0.9864667,0.9961801,0.77330565,0.9702015,0.99343765,0.9921586,0.9909634,0.9940541,0.9851728,0.99855244,0.99574673,0.99837965,0.99744433,0.9879515
47metersdown,0.977511,1.0,0.9814127,0.9867912,0.9771044,0.9557119,0.9762758,0.98190576,0.9753054,0.973038,0.97387683,0.97357464,0.9796967,0.9818836,0.95612675,0.9731683,0.9736219,0.97006464,0.9823317,0.9709342,0.9796742,0.99754447,0.96539074,0.9559209,0.98851895,0.9008773,0.9580162,0.9580982,0.98957884,0.9846675,0.98867995,0.9861251,0.97732687,0.96414495,0.84639585,0.84847647,0.98560816,0.9861278,0.973301,0.9750302,0.987252,0.97819686,0.9607715,0.97042716,0.9810969,0.9939021,0.9677756,0.9857267,0.9682527,0.9736715,0.98470694,0.9789313,0.9879584,0.99086887,0.9902399,0.9756696,0.9946599,0.9795638,0.9858934,0.9614484,0.99334925,0.9845645,0.9833685,0.9888866,0.97241026,0.97243196,0.9571322,0.9760665,0.9619367,0.9882112,0.9724653,0.95035005,0.98495936,0.9760593,0.951428,0.9707966,0.7906561,0.95868707,0.98861825,0.98781437,0.9514454,0.972607,0.97974664,0.94513726,0.98830664,0.9957741,0.96756274,0.97078323,0.9919643,0.961344,0.989098,0.9724653,0.9844364,0.98684347,0.98544216,0.9738,0.98257583,0.98321575,0.98180133,0.9644261,0.99647117,0.9812784,0.987305,0.97879755,0.96679235,0.9879838,0.97522914,0.98062706,0.9931868,0.9434614,0.97238505,0.9107968,0.98033214,0.81651783,0.9837176,0.9764853,0.9768135,0.9546398,0.97094905,0.9744691,0.9759675,0.98055625,0.98167914,0.94070077,0.97384506,0.9838059,0.97734386,0.98973626,0.977927,0.9447457,0.9654056,0.98170537,0.9793005,0.971999,0.9791569,0.9860547,0.96169555,0.9762678,0.97228914,0.990866,0.9753054,0.97855353,0.99585766,0.9785601,0.9667835,0.9930057,0.99181706,0.96275103,0.9822222,0.98053545,0.9801258,0.9686963,0.9903362,0.7345783,0.95794046,0.97153014,0.9803441,0.9617653,0.97553563,0.9763088,0.9753054,0.99166614,0.97835475,0.96649045,0.9870792
abeautifuldaymovie,0.99269325,0.9814127,0.99999994,0.9913873,0.9951336,0.99285316,0.9959001,0.99849665,0.9966783,0.9917418,0.9986099,0.99450463,0.99051213,0.9969285,0.9905397,0.9727844,0.997814,0.9923928,0.98876375,0.9964521,0.9999499,0.98937494,0.9965259,0.9905621,0.98612565,0.8303276,0.96348345,0.98695284,0.995078,0.99349,0.9947005,0.9987847,0.9975976,0.91763127,0.83431125,0.8065024,0.9990656,0.99143565,0.9990629,0.9980167,0.99071574,0.9962757,0.9724362,0.9979899,0.99928594,0.9961077,0.9972718,0.99410105,0.97203654,0.99794346,0.9986077,0.99659276,0.9840658,0.9964125,0.96338874,0.9974566,0.9799965,0.9961846,0.9979561,0.98792344,0.9817409,0.9994662,0.99104935,0.9919998,0.99748516,0.99864507,0.9915051,0.993563,0.9892418,0.9692698,0.99415624,0.9686275,0.98838687,0.99530375,0.983582,0.9830759,0.73376626,0.97920847,0.9950835,0.9982706,0.99015874,0.9850101,0.99395525,0.9696074,0.9984683,0.9924492,0.9918259,0.99364454,0.99694,0.99075854,0.98955786,0.99415624,0.97478855,0.9923643,0.9990277,0.9975568,0.9967182,0.9979183,0.97711295,0.9810927,0.989842,0.9966937,0.994867,0.9974626,0.99686617,0.99853337,0.9979266,0.9677512,0.9843114,0.9771334,0.99580944,0.92679685,0.9976402,0.77071005,0.98194516,0.99604905,0.99501795,0.98891795,0.99654335,0.9965162,0.986216,0.994303,0.9945363,0.98681456,0.9969842,0.9951584,0.9869139,0.9924516,0.9969297,0.89863634,0.99724084,0.9913419,0.9994082,0.99602735,0.9965181,0.99630725,0.98511827,0.99350345,0.99510765,0.9944933,0.9966783,0.9990563,0.9815174,0.9868501,0.9859084,0.99561054,0.9564648,0.93566036,0.9855569,0.9957269,0.99656963,0.994693,0.9958594,0.7074744,0.9659251,0.99060273,0.9978367,0.9876528,0.99563926,0.9956755,0.9966783,0.9953455,0.99636006,0.9939632,0.99811715
abominablemovie,0.98209,0.9867912,0.9913873,0.99999994,0.98578763,0.97014767,0.9894133,0.98914075,0.98519534,0.99042946,0.9902047,0.975295,0.9866126,0.9853469,0.9747912,0.9881123,0.9869813,0.9861479,0.98662466,0.9901824,0.9911362,0.9928337,0.9815929,0.9768634,0.98311806,0.88859326,0.9769492,0.9880611,0.9842801,0.980842,0.9956472,0.9962541,0.98695225,0.9117074,0.7939346,0.7833749,0.99251956,0.9933823,0.9867266,0.99102724,0.99005747,0.99522626,0.99071246,0.9897042,0.9900006,0.9956895,0.98189235,0.98533577,0.9861842,0.9916311,0.9867116,0.99355114,0.9834904,0.9918309,0.9742502,0.99103266,0.9920489,0.9976152,0.99506086,0.97869027,0.99267274,0.99510634,0.9975212,0.99382037,0.97978806,0.9890881,0.9837567,0.99290526,0.99221766,0.983462,0.98643064,0.94222534,0.9996946,0.9886019,0.9807919,0.98510504,0.75911325,0.95528597,0.9881841,0.9905906,0.979478,0.9864202,0.98977345,0.94003785,0.99391377,0.9938232,0.9880746,0.9809565,0.99532545,0.97283304,0.9983807,0.98643064,0.98914474,0.98066723,0.9913732,0.9878195,0.997355,0.98618996,0.99407095,0.9901198,0.9949109,0.9959186,0.988893,0.989585,0.98478496,0.9893811,0.98618704,0.98279405,0.99559695,0.94838357,0.9877951,0.95874643,0.99643195,0.74266475,0.99617743,0.98423046,0.9818963,0.97250354,0.98090434,0.99072194,0.99046135,0.99401194,0.9921817,0.9604317,0.98815954,0.9916656,0.9802047,0.99149024,0.9962609,0.944604,0.98135287,0.99024177,0.99313813,0.9849513,0.99572957,0.98777634,0.9784132,0.9936388,0.98970956,0.99118656,0.98519534,0.98941684,0.9940896,0.9843851,0.97727436,0.9927737,0.9604174,0.931904,0.98870355,0.9844593,0.99229497,0.98992413,0.9934517,0.70595837,0.98307365,0.9874689,0.9894584,0.98483884,0.9904458,0.9961824,0.98519534,0.99174935,0.9890221,0.97952056,0.98985904
adastramovie,0.9933639,0.9771044,0.9951336,0.98578763,1.0000001,0.9867952,0.99599254,0.99418974,0.99417424,0.9921344,0.9906229,0.9940856,0.99409926,0.99205256,0.99331146,0.97985905,0.9885566,0.9984146,0.9926432,0.9948534,0.9947907,0.9843581,0.9921145,0.9901338,0.99365056,0.83339363,0.97770596,0.98640984,0.99212813,0.98215634,0.9960238,0.99430805,0.9942985,0.9156967,0.80470055,0.7708168,0.99571586,0.9906401,0.99595284,0.99309355,0.98659104,0.9862778,0.9629734,0.9915718,0.9929901,0.98993963,0.99404,0.9945348,0.98145795,0.9898446,0.9940951,0.995757,0.97456646,0.9893385,0.94699347,0.9983644,0.97126716,0.98897374,0.99314386,0.99433565,0.9844632,0.9947426,0.9804111,0.9875707,0.99257696,0.99460405,0.98604447,0.9952623,0.9859257,0.958095,0.99722224,0.9593387,0.98146063,0.99426985,0.97385234,0.9905406,0.77977926,0.98256797,0.9902561,0.99721867,0.98282737,0.99343693,0.9927062,0.9645958,0.9904216,0.98349756,0.9819843,0.9951574,0.99243253,0.98864836,0.9816258,0.99722224,0.95914656,0.99289876,0.9966027,0.9964532,0.99336207,0.9922968,0.97735584,0.9833665,0.9809293,0.9906125,0.998031,0.9984384,0.99402034,0.994248,0.9946591,0.9676315,0.9847727,0.9826889,0.9935858,0.92262155,0.9945763,0.7341299,0.9822727,0.99259096,0.99597204,0.989992,0.9916176,0.9960257,0.9834537,0.98080534,0.9934535,0.9839395,0.9962246,0.99465597,0.988966,0.98647904,0.98977447,0.8888279,0.99316454,0.9963645,0.9939702,0.9909204,0.9958163,0.9898876,0.9954625,0.9948044,0.9969755,0.9967063,0.99417424,0.9981795,0.97360075,0.9771631,0.9806258,0.9907384,0.9549714,0.91373324,0.98356545,0.9994047,0.9968903,0.99612373,0.99290514,0.7624831,0.9719702,0.99652207,0.9879772,0.99229395,0.99847,0.9928555,0.99417424,0.9949375,0.9934983,0.99538374,0.993612
adogsjourneymovie,0.9866822,0.9557119,0.99285316,0.97014767,0.9867952,1.0,0.98811966,0.9920088,0.99291444,0.98093027,0.9938701,0.99323964,0.9787024,0.9916996,0.99223864,0.9453146,0.99494106,0.9835815,0.97470915,0.9900813,0.9934219,0.96833104,0.99746096,0.9919324,0.9675668,0.7579942,0.9363199,0.97731066,0.9858922,0.98737025,0.9775467,0.98647463,0.99298614,0.89331466,0.8480501,0.8017758,0.9894964,0.975082,0.9960225,0.99193597,0.9763165,0.9856998,0.9473313,0.9937761,0.99321526,0.97975934,0.99762994,0.98461986,0.9455002,0.99195886,0.99226063,0.98599094,0.9688219,0.9829372,0.93502486,0.98893666,0.95114905,0.98285717,0.9862635,0.98314774,0.953267,0.98867214,0.9720923,0.97568256,0.99753785,0.99365693,0.98968726,0.9811561,0.9774045,0.9376198,0.9871749,0.9763167,0.96546406,0.9879919,0.9797108,0.96757925,0.6860033,0.9831059,0.98476434,0.9877165,0.99158984,0.9691963,0.98395926,0.98013073,0.98707426,0.97386384,0.98576105,0.99062955,0.98221403,0.9937505,0.9681604,0.9871749,0.9468989,0.983642,0.98913485,0.9927546,0.9829663,0.99243957,0.9484971,0.96310246,0.96819264,0.9833435,0.9814821,0.98958546,0.9954583,0.9892507,0.99449956,0.9397187,0.9567043,0.9868977,0.9905449,0.89389515,0.9852147,0.76782084,0.9540559,0.99229735,0.99078995,0.9917805,0.99667865,0.9888117,0.97089636,0.98200107,0.9827975,0.9977499,0.991533,0.98347193,0.9774241,0.97516257,0.9857808,0.84157985,0.9983394,0.9765937,0.9916722,0.9906676,0.9835154,0.9881689,0.976786,0.9805582,0.98688257,0.9791089,0.99291444,0.9926158,0.95353514,0.9763943,0.9818909,0.9812924,0.92788607,0.91914284,0.9689789,0.98793143,0.98622113,0.98599124,0.98197925,0.68423617,0.94049996,0.9795445,0.9917352,0.9789097,0.98606175,0.9826131,0.99291444,0.9809886,0.9893141,0.99307775,0.9879898
aftermathmovie,0.9977871,0.9762758,0.9959001,0.9894133,0.99599254,0.98811966,1.0000001,0.9978693,0.99871707,0.9987413,0.9950513,0.98774433,0.9979649,0.99615306,0.9960489,0.98285127,0.99428785,0.99684024,0.99648523,0.99893266,0.99578357,0.9875515,0.99613464,0.99641174,0.9853577,0.8288346,0.97124696,0.99364835,0.9917899,0.9840788,0.9955529,0.9966373,0.9986395,0.9136365,0.818262,0.782459,0.99775815,0.99663335,0.99644107,0.99838537,0.9946644,0.993153,0.9678345,0.995936,0.99654704,0.9914043,0.9963356,0.9965112,0.9810869,0.9953603,0.9938038,0.9994125,0.9852958,0.98739713,0.9551081,0.9972665,0.97071433,0.99327797,0.9976264,0.99700886,0.981923,0.9959325,0.98317516,0.99488187,0.99111295,0.99392045,0.9948806,0.9985376,0.99015087,0.9546693,0.99946386,0.96997774,0.9862942,0.99979806,0.98894525,0.9943676,0.77494943,0.9853122,0.9948715,0.9953505,0.9920779,0.99430037,0.9991238,0.9728239,0.99264216,0.9853995,0.99377483,0.9985979,0.9950013,0.99492586,0.9889485,0.99946386,0.9620147,0.99258703,0.994042,0.9993752,0.9971533,0.9951284,0.9834148,0.990565,0.98358214,0.9899572,0.99261826,0.9993124,0.99766415,0.9927726,0.99840045,0.9787042,0.98376715,0.9831938,0.99948406,0.9263056,0.9954924,0.74052435,0.9807474,0.99788016,0.99781865,0.99550134,0.99593115,0.9996748,0.99449867,0.98598236,0.9991153,0.9817137,0.99968123,0.9990288,0.99548817,0.9813996,0.99499494,0.8911065,0.9944743,0.99720657,0.997189,0.9860307,0.9958613,0.9949074,0.9939569,0.9982178,0.99912846,0.99433404,0.99871707,0.99787474,0.9783665,0.9903824,0.9933362,0.9938938,0.9542089,0.92779636,0.9934839,0.99497545,0.99964434,0.9944274,0.9965782,0.7545778,0.9794421,0.9975625,0.99382496,0.99652815,0.9984918,0.9936752,0.99871707,0.9956071,0.9993045,0.9980441,0.9904217
aftermovie,0.99734163,0.98190576,0.99849665,0.98914075,0.99418974,0.9920088,0.9978693,1.0000001,0.9992406,0.9943384,0.99734575,0.9922531,0.99466056,0.9995159,0.9925576,0.9738746,0.99788326,0.99190086,0.99332404,0.9965919,0.99823135,0.99113774,0.9971059,0.99329287,0.9850729,0.8246382,0.9597333,0.9869062,0.99674356,0.9934999,0.9941889,0.9978784,0.9996593,0.92706966,0.8484521,0.8173738,0.9994694,0.9947401,0.99777496,0.9984899,0.9954438,0.99508196,0.96521217,0.9966932,0.9995903,0.99530137,0.9974876,0.9976079,0.97107995,0.9968874,0.9983914,0.99725986,0.99009943,0.9933517,0.9657578,0.99549913,0.9761393,0.99367887,0.99875146,0.99085,0.98059905,0.99774164,0.98626035,0.99534523,0.99583906,0.99517417,0.99239737,0.9942237,0.9856042,0.9624953,0.99594146,0.978296,0.9859175,0.9981081,0.98636836,0.98657244,0.75197774,0.98671293,0.99831015,0.9975971,0.9906856,0.98684347,0.99754745,0.9789058,0.9972122,0.9914175,0.99396735,0.99702424,0.99742633,0.9951724,0.98990417,0.99594146,0.96908903,0.9956746,0.99668264,0.99844825,0.99606127,0.9993854,0.9781781,0.98205197,0.9888885,0.9918558,0.99323124,0.9980632,0.9971006,0.99733394,0.9994159,0.97460276,0.98278874,0.98272973,0.99801165,0.91562855,0.9949061,0.7795757,0.9776726,0.9992556,0.9980457,0.9925707,0.99845046,0.9973019,0.99082893,0.99110204,0.9973314,0.98393244,0.99824554,0.99786824,0.99355495,0.9869155,0.9953095,0.8920901,0.9960922,0.9931635,0.99848324,0.9899099,0.99391174,0.99897736,0.98627734,0.9939182,0.9954203,0.9946991,0.9992406,0.99824524,0.9817109,0.9928547,0.9930221,0.9972355,0.9618193,0.94485754,0.99133027,0.99516094,0.99763614,0.9911506,0.9979077,0.72932476,0.96773434,0.9916931,0.99831694,0.98918176,0.99521077,0.992027,0.9992406,0.99687743,0.999103,0.99636257,0.99518293
ahiddenlifefilm,0.99855244,0.9753054,0.9966783,0.98519534,0.99417424,0.99291444,0.99871707,0.9992406,1.0000001,0.9955829,0.9961697,0.99084955,0.9956798,0.99878705,0.9960664,0.9730547,0.9968903,0.99315906,0.9938996,0.9973608,0.99654996,0.9866669,0.9981989,0.99669325,0.9822395,0.81027055,0.95895153,0.98868036,0.9943314,0.9894202,0.99211663,0.9956251,0.99990267,0.9197722,0.84327364,0.80536103,0.99796104,0.99392503,0.99743706,0.99836755,0.9942679,0.9927576,0.9600729,0.9962649,0.99823445,0.9910996,0.9983184,0.997172,0.9704256,0.99579316,0.9962672,0.99717337,0.9873409,0.9883982,0.95678055,0.99511623,0.96780825,0.99110144,0.99707985,0.9942946,0.97590524,0.9953921,0.9807699,0.9935419,0.9947013,0.99390274,0.99431705,0.99464744,0.9851154,0.951839,0.9975269,0.97998655,0.9815653,0.9990609,0.98824376,0.9884854,0.75685453,0.99006355,0.9965947,0.9954441,0.99275386,0.9881739,0.998054,0.98209643,0.993681,0.98577315,0.99411464,0.9990494,0.9945064,0.99795717,0.9860112,0.9975269,0.9597326,0.99456304,0.9940911,0.999186,0.994502,0.9979643,0.97549057,0.9830008,0.982877,0.9881387,0.9909563,0.99822855,0.9982417,0.9943494,0.99978256,0.97295964,0.97801584,0.9876815,0.99915767,0.9110983,0.99294245,0.7657728,0.9730087,0.99981415,0.99899596,0.99646807,0.9990611,0.99796873,0.9912181,0.9865814,0.9973537,0.9858916,0.99913925,0.99764466,0.9950979,0.98072845,0.993455,0.878623,0.9965555,0.99330705,0.99718314,0.9868533,0.9924389,0.99732363,0.98919934,0.9941526,0.99643457,0.99251133,1.0000001,0.99770683,0.9753861,0.99206084,0.99508715,0.99430376,0.95499074,0.9374052,0.99113303,0.9945405,0.99766445,0.99095595,0.9960108,0.74145794,0.9685931,0.9932083,0.99635124,0.9918675,0.99560124,0.99013066,1.0000001,0.994823,0.99947315,0.9986579,0.9915141
alitamovie,0.99504256,0.973038,0.9917418,0.99042946,0.9921344,0.98093027,0.9987413,0.9943384,0.9955829,1.0,0.9920061,0.9790263,0.99748725,0.9917673,0.99325806,0.9881986,0.99053895,0.9954142,0.99625266,0.99793,0.9917194,0.9857247,0.99216425,0.99475026,0.9809829,0.83904815,0.9750628,0.9966203,0.9858147,0.97670853,0.99436164,0.9945294,0.99544406,0.9044461,0.800022,0.7653489,0.994554,0.99731225,0.9919944,0.99658495,0.994268,0.99227726,0.9722587,0.99350256,0.992713,0.9884204,0.9917763,0.9929287,0.985858,0.9932842,0.98789054,0.998796,0.98396844,0.9820658,0.9532084,0.994771,0.96915734,0.9928698,0.9959594,0.99641716,0.9821046,0.99300754,0.98240495,0.9949573,0.9838392,0.98985463,0.9948758,0.9991215,0.99203646,0.9520149,0.9980667,0.96220356,0.9881955,0.9986766,0.9914567,0.9968081,0.7849584,0.9787467,0.99143356,0.9907589,0.9912301,0.9958095,0.9986186,0.9647173,0.9888425,0.98205596,0.99417186,0.9957233,0.9925798,0.9910451,0.9903401,0.9980667,0.96127224,0.9870841,0.9892211,0.9968123,0.99692935,0.99009734,0.98840487,0.9956538,0.98140913,0.9873823,0.9881171,0.9967017,0.9947525,0.9871331,0.9948784,0.98386896,0.9843046,0.9759863,0.9981661,0.9364741,0.99409264,0.7196728,0.9826996,0.9945067,0.9937543,0.9929986,0.9912153,0.9986194,0.99756855,0.98367774,0.9988834,0.9736905,0.9976082,0.9980023,0.99449784,0.97625226,0.9944122,0.89871824,0.9894619,0.99688905,0.994594,0.97970885,0.99483883,0.99105525,0.9934473,0.99899703,0.99830806,0.9911192,0.9955829,0.99407226,0.9788722,0.99027026,0.9929578,0.9909694,0.94968426,0.921834,0.9953833,0.9898404,0.99847656,0.99278104,0.9946336,0.75945026,0.9873541,0.99768,0.9901895,0.99810714,0.9970244,0.9930493,0.9955829,0.9927021,0.9975553,0.9947374,0.98452777
angelhasfallen,0.9905212,0.97387683,0.9986099,0.9902047,0.9906229,0.9938701,0.9950513,0.99734575,0.9961697,0.9920061,0.99999994,0.9896559,0.98762995,0.9954321,0.99075645,0.9692019,0.9993909,0.9895872,0.98517525,0.99709237,0.9989814,0.9848629,0.99771684,0.99257845,0.9767382,0.81721157,0.95707434,0.9898596,0.99024713,0.99113536,0.99059486,0.9973082,0.99704176,0.90284765,0.83167726,0.8006083,0.99700814,0.9894662,0.9982882,0.9989568,0.98921424,0.9982367,0.9748623,0.9996756,0.99875367,0.9928712,0.9974086,0.9901549,0.9678196,0.9998099,0.99556375,0.99581325,0.9827895,0.9925559,0.9594504,0.99548495,0.9748379,0.99697,0.9969753,0.9867205,0.9745801,0.9979412,0.9908317,0.9905521,0.9957171,0.9981177,0.9957086,0.99251544,0.9916791,0.9631851,0.9925935,0.96872973,0.9878598,0.9949673,0.99041265,0.9805537,0.71273357,0.9756888,0.992584,0.99402547,0.99531114,0.98144907,0.99320793,0.96917474,0.9968308,0.9889354,0.9960492,0.9923274,0.99413425,0.9915294,0.9890058,0.9925935,0.97301894,0.98687106,0.99543756,0.9970355,0.9961321,0.9961056,0.9748406,0.9820657,0.9863219,0.99541926,0.98858076,0.995239,0.997813,0.99478304,0.9975491,0.96513456,0.9785214,0.97466964,0.9964437,0.93069774,0.99661434,0.76236355,0.9777923,0.9955135,0.99237615,0.99008965,0.9967251,0.99622184,0.9872443,0.99562263,0.9934955,0.9876891,0.99654084,0.99323064,0.98446804,0.9874268,0.9981807,0.8926084,0.99764866,0.9874727,0.99936914,0.99391866,0.99492115,0.9947368,0.981808,0.9926023,0.99421054,0.9887443,0.9961697,0.9969653,0.9778118,0.9884648,0.9880689,0.9924239,0.94512653,0.93267995,0.9846544,0.9905105,0.994963,0.9935066,0.9931203,0.68696237,0.96565455,0.9882677,0.9985103,0.9878134,0.99347645,0.99519885,0.9961697,0.99084896,0.9960819,0.9931495,0.9941319
angrybirdsmovie,0.98772085,0.97357464,0.99450463,0.975295,0.9940856,0.99323964,0.98774433,0.9922531,0.99084955,0.9790263,0.9896559,1.0,0.9825691,0.9920577,0.98720264,0.9551918,0.9896316,0.9875252,0.9804077,0.9870159,0.9941691,0.97884315,0.9915028,0.9835155,0.98682624,0.8003156,0.95239085,0.9707238,0.99384,0.99065536,0.9864355,0.98945904,0.99139994,0.92269963,0.8448982,0.810968,0.992503,0.97882456,0.99526864,0.98832625,0.9784978,0.9819994,0.94803137,0.98877114,0.9925694,0.9872753,0.99387646,0.99027747,0.9567339,0.9871022,0.9965679,0.9865863,0.9708063,0.9915229,0.9469388,0.99184406,0.9665757,0.9822996,0.9877303,0.98209476,0.9711048,0.9915742,0.9757173,0.9786118,0.9981081,0.9935266,0.9786177,0.98259664,0.97334087,0.9564691,0.9878481,0.9688551,0.96992344,0.98636734,0.96390414,0.9716581,0.729136,0.983371,0.98822147,0.9953406,0.97805375,0.9757144,0.98364425,0.9728049,0.99043435,0.9827289,0.97570014,0.9895027,0.9880553,0.98700535,0.97163147,0.9878481,0.9564136,0.99214435,0.9958158,0.99131024,0.9844796,0.9937927,0.9565357,0.9620131,0.97784823,0.9872844,0.99378306,0.992175,0.9905682,0.9959126,0.9924016,0.94689137,0.97188807,0.9839559,0.9867332,0.89458114,0.9877308,0.7819588,0.9668456,0.9901809,0.9926538,0.9842988,0.99257994,0.98767114,0.96838665,0.98070043,0.9836855,0.9906239,0.989995,0.98604596,0.97933406,0.9875543,0.9835349,0.8669906,0.9942599,0.98361605,0.99075574,0.9944207,0.9871158,0.98949516,0.98094,0.9819398,0.9870236,0.9904883,0.99084955,0.9950334,0.96486974,0.97156096,0.97380507,0.9875086,0.9525584,0.9248806,0.97019583,0.99642134,0.9881826,0.9877987,0.98699653,0.71868354,0.94335246,0.98277825,0.98893976,0.97669786,0.98912394,0.9844508,0.99084955,0.98950523,0.98762864,0.9906753,0.995769
annabellemovie,0.99811256,0.9796967,0.99051213,0.9866126,0.99409926,0.9787024,0.9979649,0.99466056,0.9956798,0.99748725,0.98762995,0.9825691,1.0,0.99357617,0.9917661,0.9870814,0.9872129,0.9948424,0.9997321,0.9942391,0.9898555,0.989396,0.98942703,0.9915199,0.98835236,0.8427575,0.9739279,0.9887876,0.99117,0.9791781,0.9953929,0.99303037,0.9953127,0.92761606,0.81820136,0.7849158,0.99494433,0.9980501,0.99024016,0.9932726,0.9960619,0.98663676,0.9600288,0.9884615,0.9917447,0.9893737,0.9901045,0.997497,0.9841126,0.9881731,0.9900186,0.9968566,0.98709136,0.98307043,0.95743513,0.9929343,0.9698115,0.9872942,0.99494445,0.99611276,0.98554665,0.9913117,0.9767145,0.9955749,0.98409545,0.9862325,0.98762214,0.99689543,0.98279834,0.952267,0.99784184,0.9687382,0.9832567,0.9979247,0.98193854,0.9971943,0.81190485,0.9865923,0.9944492,0.9932164,0.9830961,0.9964823,0.9986554,0.9714637,0.9881132,0.9834674,0.98786056,0.99696517,0.9936413,0.99127626,0.9876157,0.99784184,0.95700926,0.9939445,0.989959,0.9954743,0.99386007,0.9917617,0.98632663,0.9897355,0.9824549,0.98321676,0.9919104,0.99694943,0.99156415,0.98925173,0.994272,0.9861579,0.98595214,0.9814621,0.9960609,0.91761553,0.9904922,0.74213916,0.98012435,0.9952241,0.99669045,0.9915729,0.9908195,0.9963666,0.9951309,0.9780998,0.9985822,0.9703609,0.99624,0.99888486,0.9985389,0.976726,0.9889904,0.8954349,0.9867637,0.9987451,0.9917211,0.97691923,0.99168855,0.9928965,0.9940134,0.99638957,0.99617976,0.9951679,0.9956798,0.9937404,0.97989595,0.98971736,0.9924144,0.9934515,0.964321,0.9316345,0.9962802,0.9933881,0.99786824,0.988644,0.9964377,0.78981125,0.9821935,0.9971194,0.9881415,0.994624,0.9959708,0.98791456,0.9956798,0.99631023,0.9970301,0.99490815,0.98581725
annamovie,0.9976022,0.9818836,0.9969285,0.9853469,0.99205256,0.9916996,0.99615306,0.9995159,0.99878705,0.9917673,0.9954321,0.9920577,0.99357617,0.99999994,0.99095994,0.96886206,0.9970011,0.98865366,0.9924211,0.9938904,0.99649674,0.9907736,0.9960052,0.991726,0.983536,0.8170239,0.9525813,0.9821544,0.9976774,0.9948505,0.991629,0.9957842,0.9990959,0.93458205,0.8634771,0.83178395,0.9983597,0.99322283,0.9961046,0.9966145,0.9953564,0.9925504,0.9577524,0.9942909,0.9988039,0.99408245,0.9964514,0.99794704,0.96512276,0.9946469,0.9983164,0.9947868,0.9916452,0.99216413,0.9671334,0.99245894,0.97360814,0.9901819,0.997264,0.9886215,0.9775631,0.9956061,0.9824227,0.99444944,0.9954567,0.99240494,0.9896196,0.99102587,0.97997713,0.9594849,0.993934,0.9838167,0.9817566,0.99679905,0.98368657,0.98355395,0.7519179,0.9896914,0.99889404,0.99655795,0.98814577,0.98342496,0.9964736,0.9839199,0.9960683,0.9906331,0.9921754,0.9964907,0.9963282,0.9956491,0.987397,0.993934,0.96573323,0.99688303,0.99500644,0.9968096,0.9930983,0.99972296,0.97392905,0.97694105,0.987702,0.988253,0.99150175,0.9963094,0.995275,0.9967713,0.99867237,0.9731588,0.97949934,0.9846138,0.9964883,0.90337694,0.9914336,0.7950656,0.9723133,0.999324,0.9980687,0.99170804,0.99848306,0.99493253,0.9888218,0.98870736,0.99579906,0.9826159,0.996543,0.99666035,0.9939825,0.98454225,0.9922161,0.8853456,0.99464524,0.99088705,0.9964596,0.9871312,0.9901527,0.9995057,0.98302424,0.99055713,0.99254006,0.9933914,0.99878705,0.99648136,0.9799833,0.9934897,0.99364805,0.9969768,0.9649087,0.9516443,0.990523,0.9939444,0.995545,0.98685867,0.99716663,0.73181045,0.9617254,0.98855567,0.997803,0.9854792,0.9922995,0.987718,0.99878705,0.9962117,0.99821997,0.99546045,0.9939604
apollo11movie,0.99406135,0.95612675,0.9905397,0.9747912,0.99331146,0.99223864,0.9960489,0.9925576,0.9960664,0.99325806,0.99075645,0.98720264,0.9917661,0.99095994,1.0,0.968678,0.99030995,0.9950014,0.98858273,0.9961131,0.99090314,0.9709927,0.9967649,0.99909973,0.97540677,0.7811012,0.9608958,0.9901788,0.9838685,0.9753709,0.98543274,0.98793316,0.995149,0.89027816,0.8093566,0.75797576,0.99083406,0.9858764,0.994818,0.99413323,0.98334366,0.98427314,0.9514431,0.99289346,0.99106413,0.9784905,0.9968469,0.9899846,0.968947,0.9903408,0.98814523,0.9935212,0.9704918,0.9762098,0.9281406,0.9937744,0.9483614,0.9838577,0.98892844,0.99776936,0.9640499,0.9882756,0.96854293,0.9825342,0.9902836,0.9912134,0.99433076,0.99262893,0.9845835,0.92960984,0.9972718,0.96978545,0.9702318,0.9955852,0.98550254,0.9880083,0.7552625,0.98807675,0.98582846,0.9883184,0.99317515,0.9882158,0.9926948,0.97648746,0.9827701,0.9695792,0.9879738,0.9979035,0.9838231,0.9969008,0.97266066,0.9972718,0.93865126,0.98602307,0.98743784,0.9971652,0.9883672,0.9895548,0.9656274,0.9820383,0.96576524,0.980838,0.9852641,0.99552923,0.99754435,0.9852819,0.9959109,0.9595084,0.9659817,0.991766,0.99655044,0.9089934,0.98805726,0.7162284,0.9640585,0.99458694,0.9956121,0.9993333,0.9950444,0.9960035,0.9843056,0.97447187,0.99171996,0.9903243,0.9971597,0.99162096,0.98957354,0.9684264,0.9869847,0.8500682,0.9954955,0.9900023,0.9915614,0.9825672,0.98896694,0.98700196,0.9939582,0.9918813,0.9961698,0.9849621,0.9960664,0.9945084,0.9565582,0.9797755,0.989052,0.9823564,0.930795,0.90437955,0.981786,0.9916735,0.99406064,0.9917883,0.9863594,0.7545583,0.967229,0.9940046,0.9869819,0.9947289,0.9948109,0.9863961,0.9960664,0.9857686,0.9943917,0.9991358,0.98261124
arcticdogsmovie,0.9758517,0.9731683,0.9727844,0.9881123,0.97985905,0.9453146,0.98285127,0.9738746,0.9730547,0.9881986,0.9692019,0.9551918,0.9870814,0.96886206,0.968678,1.0,0.9642017,0.98511785,0.9882453,0.98061514,0.9721079,0.9804935,0.96437347,0.96881795,0.98068273,0.9028185,0.99249357,0.9851749,0.9678672,0.95115006,0.98997605,0.9816438,0.9735256,0.8992102,0.73621565,0.71960855,0.97842413,0.9899242,0.9696388,0.9765725,0.981896,0.9752011,0.9759135,0.9713291,0.9711318,0.97835237,0.96515715,0.9773166,0.99879503,0.97200006,0.967011,0.9861323,0.9685619,0.96866435,0.9492793,0.98143625,0.9728068,0.9809997,0.9816377,0.98102766,0.99121875,0.97847694,0.9754037,0.98519814,0.956358,0.97017264,0.9708921,0.9902968,0.9824876,0.95833147,0.98311263,0.9194735,0.9873836,0.981341,0.96745825,0.99403393,0.83856493,0.948331,0.97387415,0.9768979,0.9627331,0.9942743,0.9838059,0.92153203,0.9724844,0.9727399,0.97160435,0.9744847,0.9813872,0.96078503,0.9858177,0.98311263,0.96137154,0.97009975,0.9745993,0.9771511,0.9868484,0.96727556,0.99728197,0.9948379,0.9757432,0.9763912,0.980103,0.9814757,0.97083026,0.96996295,0.9719022,0.9894541,0.9915268,0.9415231,0.97826535,0.9563501,0.98331606,0.6717837,0.99208647,0.97103405,0.9730872,0.96564245,0.9630074,0.9829593,0.98848516,0.96680474,0.9864243,0.9367787,0.97884035,0.98551863,0.97953254,0.9687164,0.97983754,0.93742716,0.9620787,0.99145555,0.97629225,0.9602055,0.9861053,0.9704397,0.984854,0.9906961,0.9848672,0.9842612,0.9730547,0.9764848,0.98096853,0.9703217,0.9683094,0.97843206,0.9520454,0.89837295,0.986998,0.9756207,0.985791,0.9810978,0.98292714,0.78985524,0.9973494,0.98953384,0.9666553,0.98733205,0.9855856,0.9838606,0.9730547,0.9827863,0.97866327,0.9715589,0.96883214
arcticmovie,0.99175036,0.9736219,0.997814,0.9869813,0.9885566,0.99494106,0.99428785,0.99788326,0.9968903,0.99053895,0.9993909,0.9896316,0.9872129,0.9970011,0.99030995,0.9642017,0.99999994,0.98664385,0.98482996,0.99548614,0.9980796,0.9848802,0.99800086,0.9925587,0.9743507,0.8071219,0.94896185,0.9864266,0.99161446,0.99342746,0.9881794,0.9959374,0.9976211,0.90965134,0.8492836,0.81679344,0.9966416,0.9887491,0.9974968,0.99834526,0.9902204,0.99707353,0.9681533,0.9985786,0.99905074,0.9921256,0.99753964,0.99108815,0.96157616,0.998943,0.99612176,0.99419534,0.9856947,0.99165034,0.9615367,0.9929138,0.97217035,0.99446,0.99642545,0.98531604,0.97100383,0.99648905,0.98768675,0.990639,0.99613756,0.99610007,0.994754,0.99003416,0.9870893,0.9597111,0.9913472,0.9763601,0.9843583,0.99478376,0.9901549,0.9780364,0.7098513,0.9796988,0.99408716,0.993259,0.99479747,0.97823054,0.99322915,0.97611094,0.99647605,0.98861456,0.9962461,0.99280584,0.99364156,0.9935726,0.98741496,0.9913472,0.9700759,0.988445,0.99405134,0.9963914,0.9939835,0.997419,0.97097343,0.97787607,0.9855592,0.9923052,0.9866003,0.994116,0.99723583,0.99463403,0.9979462,0.96446365,0.9749369,0.9776054,0.99620074,0.9188083,0.99374926,0.77914435,0.97216237,0.9968273,0.9931984,0.99069816,0.9981024,0.994814,0.9866246,0.9944313,0.99293005,0.9875333,0.99585235,0.992842,0.98588187,0.9848986,0.9962346,0.8849741,0.9973397,0.9854705,0.9983604,0.9914929,0.9916213,0.9963508,0.9787849,0.9899644,0.9920948,0.9873994,0.9968903,0.99581975,0.97644556,0.9909389,0.99065214,0.9928164,0.9476619,0.9411108,0.9850078,0.98933506,0.9936097,0.9896564,0.99307626,0.68701184,0.96023077,0.98559004,0.9993644,0.98502153,0.9910498,0.9914894,0.9968903,0.99051243,0.99638546,0.99328893,0.99315506
artofracingmovie,0.9921941,0.97006464,0.9923928,0.9861479,0.9984146,0.9835815,0.99684024,0.99190086,0.99315906,0.9954142,0.9895872,0.9875252,0.9948424,0.98865366,0.9950014,0.98511785,0.98664385,0.99999994,0.9930404,0.9966074,0.99235433,0.98017377,0.9914432,0.9926979,0.98887897,0.8330783,0.9828629,0.9927256,0.98593694,0.9742215,0.99506193,0.99282026,0.992979,0.899134,0.78153825,0.7438908,0.9933752,0.9913216,0.99412173,0.99337673,0.9856436,0.9862744,0.9673157,0.99170226,0.99041545,0.98592126,0.99264854,0.99150616,0.9869213,0.9897072,0.9889839,0.99685425,0.9711537,0.98332,0.9390149,0.9982868,0.9659751,0.98946923,0.9920125,0.997454,0.9824818,0.99271876,0.97890115,0.9869903,0.9876409,0.9930908,0.98971826,0.9977799,0.9906011,0.950814,0.9985065,0.95274436,0.98241246,0.99511,0.9793652,0.9947759,0.78579247,0.9786539,0.9865951,0.99325687,0.986096,0.9968161,0.9934373,0.9589524,0.9865379,0.9780622,0.9842209,0.99501264,0.9895544,0.9881133,0.98159826,0.9985065,0.9547044,0.98754555,0.99269813,0.99645245,0.9940854,0.9881108,0.9809905,0.9903457,0.9762,0.9888289,0.9941288,0.99785197,0.9943987,0.98893434,0.9933522,0.970348,0.9833162,0.9801894,0.9947037,0.9337986,0.99456424,0.7028133,0.9831885,0.99099916,0.99390864,0.991822,0.989382,0.9973466,0.98707926,0.97838396,0.9942654,0.98144376,0.9966658,0.99450946,0.98892087,0.9803012,0.9904573,0.8881227,0.99154925,0.99719125,0.99296975,0.98668736,0.9964163,0.9861927,0.9985673,0.997438,0.9988575,0.993473,0.99315906,0.99646026,0.97057104,0.9766918,0.9818776,0.98700464,0.94461656,0.90127575,0.9851236,0.99602836,0.9973779,0.9975215,0.9907597,0.76855665,0.98091686,0.9992078,0.9851693,0.99730873,0.9993922,0.9939208,0.99315906,0.9917978,0.99335754,0.9954397,0.98806113
avengers,0.9972183,0.9823317,0.98876375,0.98662466,0.9926432,0.97470915,0.99648523,0.99332404,0.9938996,0.99625266,0.98517525,0.9804077,0.9997321,0.9924211,0.98858273,0.9882453,0.98482996,0.9930404,1.0000001,0.991974,0.9879018,0.99095374,0.9863609,0.98833007,0.98924947,0.8516328,0.97425556,0.9863136,0.9910305,0.9783523,0.9953729,0.992082,0.9936164,0.93363106,0.819524,0.7894025,0.99394524,0.9983332,0.98770404,0.9912152,0.99651414,0.9849962,0.9590429,0.985738,0.99011534,0.989553,0.98720676,0.997286,0.98472124,0.98581946,0.9888009,0.9955467,0.98829836,0.9826411,0.9609117,0.99098,0.9717676,0.98583066,0.99415916,0.994044,0.98758686,0.9900282,0.97607434,0.9960143,0.98146445,0.98353523,0.9843442,0.9957026,0.9802267,0.95446694,0.99616843,0.9673103,0.98340034,0.99651253,0.9790231,0.9969211,0.82115847,0.9851099,0.9943457,0.9924938,0.9792307,0.99609464,0.9978782,0.96938086,0.9872913,0.984195,0.9857301,0.9951429,0.9936243,0.9886397,0.988196,0.99616843,0.958196,0.99396974,0.9887606,0.993392,0.99285454,0.9905497,0.98783463,0.9888445,0.98361236,0.981708,0.991556,0.995474,0.98867816,0.98838484,0.9922573,0.9888787,0.98763365,0.9783977,0.9941101,0.9162544,0.98897994,0.74676454,0.9809146,0.99365294,0.995323,0.9884627,0.9884102,0.99454963,0.9949718,0.9767254,0.99793565,0.96526533,0.99427354,0.9983846,0.99848086,0.97652525,0.98729235,0.9011602,0.983496,0.9985334,0.9898815,0.97422403,0.9902382,0.9922849,0.99228597,0.9952149,0.9943068,0.9953886,0.9938996,0.99189997,0.9821177,0.9895799,0.9911679,0.9937319,0.9690937,0.9351726,0.9969336,0.99219805,0.99671674,0.9861752,0.9964847,0.79578036,0.9825191,0.9958289,0.98653746,0.9926103,0.9943638,0.9861582,0.9938996,0.99655193,0.9956948,0.9924909,0.98479426
beachbummovie,0.9941024,0.9709342,0.9964521,0.9901824,0.9948534,0.9900813,0.99893266,0.9965919,0.9973608,0.99793,0.99709237,0.9870159,0.9942391,0.9938904,0.9961131,0.98061514,0.99548614,0.9966074,0.991974,1.0,0.99675435,0.98342395,0.9972224,0.99691504,0.9809988,0.8232616,0.97101706,0.99634415,0.9879939,0.98244476,0.9938724,0.99662447,0.9975071,0.8975407,0.8056445,0.76890385,0.9966285,0.9936146,0.9975036,0.99916023,0.9907613,0.99520946,0.97396135,0.9983377,0.99634635,0.98990804,0.9970538,0.9923185,0.9800403,0.99753475,0.9924264,0.99913144,0.9801818,0.9870242,0.9497991,0.99817896,0.96947426,0.9956063,0.99677044,0.9956417,0.97845393,0.9964641,0.98596233,0.99188465,0.9916879,0.9965091,0.9975977,0.9982422,0.9947007,0.9545183,0.9983103,0.96388704,0.98749626,0.99842066,0.9917067,0.9915435,0.751877,0.97924346,0.99137866,0.99366343,0.9956024,0.9919921,0.99684864,0.96705484,0.99248993,0.98358256,0.9951853,0.9964932,0.99308914,0.99335647,0.9881716,0.9983103,0.96373457,0.98752505,0.9938347,0.9992393,0.99761605,0.9933524,0.9814802,0.9913025,0.9816304,0.9925983,0.99050117,0.99833554,0.99889493,0.99153954,0.99781,0.9725713,0.9813081,0.9794559,0.99911755,0.93629205,0.9971374,0.7266415,0.9812313,0.9959879,0.9949973,0.99497426,0.9953804,0.99973756,0.9924408,0.98864657,0.9971584,0.9853219,0.9993562,0.9965897,0.9902822,0.98192656,0.99709004,0.89023125,0.9962522,0.9944548,0.99818265,0.98927176,0.997218,0.99233747,0.99262327,0.99814105,0.9992923,0.9911893,0.9973608,0.997834,0.9754218,0.9873202,0.9904061,0.99093115,0.9431569,0.91828686,0.9893816,0.99302584,0.99864244,0.9969783,0.9937938,0.73070776,0.97887886,0.99649656,0.9940107,0.9967737,0.99836445,0.9963108,0.9973608,0.99220264,0.9978652,0.9969893,0.99017507
bernadettefilm,0.9921264,0.9796742,0.9999499,0.9911362,0.9947907,0.9934219,0.99578357,0.99823135,0.99654996,0.9917194,0.9989814,0.9941691,0.9898555,0.99649674,0.99090314,0.9721079,0.9980796,0.99235433,0.9879018,0.99675435,1.0,0.98814183,0.9969274,0.9910626,0.9847831,0.82744706,0.96302587,0.98766345,0.9941115,0.9928892,0.9940816,0.99857163,0.9974629,0.91377175,0.8319311,0.80323064,0.9987144,0.99077564,0.99925303,0.9982237,0.98991746,0.9965534,0.97310877,0.9984884,0.99918604,0.99541414,0.9975467,0.9932395,0.9715483,0.99835366,0.9981547,0.9965251,0.98296106,0.9958472,0.96162003,0.99753124,0.97889286,0.9964222,0.9976683,0.987942,0.9804396,0.999345,0.9910809,0.9912971,0.99751997,0.99901986,0.99233764,0.9935043,0.99006844,0.9681272,0.99405223,0.967883,0.9881943,0.9951676,0.98451215,0.9826186,0.7291551,0.9784072,0.9943035,0.99768555,0.99119663,0.984553,0.9936042,0.96901727,0.9981437,0.99157584,0.99229157,0.99345136,0.99629515,0.9908339,0.98907954,0.99405223,0.9742496,0.99125385,0.99868876,0.9976211,0.996658,0.99750465,0.97640395,0.9812843,0.98889923,0.99681926,0.9940983,0.9972568,0.9972683,0.9979953,0.9979057,0.96640915,0.9832345,0.976912,0.995908,0.92815197,0.99773884,0.767169,0.9814276,0.9958172,0.9945692,0.98925775,0.9965935,0.9965976,0.9859283,0.9944911,0.9941803,0.98774815,0.99702656,0.99466956,0.98608255,0.99187493,0.997213,0.8969994,0.99768186,0.9907249,0.99951833,0.99631876,0.9965752,0.9957376,0.98499435,0.9934702,0.99520105,0.99356896,0.99654996,0.9989723,0.98033637,0.9863728,0.9857173,0.9947781,0.9535875,0.93342185,0.98480225,0.99518305,0.99635845,0.9950824,0.9951494,0.70342135,0.9657911,0.9904479,0.99780804,0.98791426,0.9955799,0.9959606,0.99654996,0.9944463,0.99617785,0.9939978,0.9976795
