movie,21bridgesmovie,47metersdown,abeautifuldaymovie,abominablemovie,adastramovie,adogsjourneymovie,aftermathmovie,aftermovie,ahiddenlifefilm,alitamovie,angelhasfallen,angrybirdsmovie,annabellemovie,annamovie,apollo11movie,arcticdogsmovie,arcticmovie,artofracingmovie,avengers,beachbummovie,bernadettefilm,blackandbluemovie,blackchristmas,blindedbythelightmovie,bombshellmovie,booksmart,breakthroughmovie,brianbanksmovie,brightburnmovie,brittanyrunsmov,captainmarvelofficial,captivestatemovie,catsmovie,charliesangels,childsplaymovie,clarathefilm,coldpursuitmovie,countdown,currentwarmovie,darkwatersmovie,detectivepikachumovie,disneyaladdin,disneyfrozen,disneymaleficent,doctorsleepmovie,dolemiteismyname,dontletgomovie,doramovie,downtonabbey_official,dumbo,escaperoom,everybodyknowsmovie,fastandfuriousmovie,fightingwmyfam,fivefeetapartfilm,fordvferrari,freaksthefilm,geminimanmovie,glassmovie,gloriabellmovie,godzillamovie,goldfinchmovie,goodboysmovie,goodliarmovie,gretafilm,halathemovie,happydeathdaymovie,harrietfilm,hellboymovie,hersmellmovie,highlifemovie,highstrungmovie,honeyboymovie,hotelmumbaifilm,httydragon,hustlemovie,hustlersmovie,isntitromantic,itmovieofficial,jayandsilentbob,johnwickmovie,jojorabbitmovie,jokermovie,judythefilm,jumanjimovie,justmercyfilm,knivesout,lalloronamovie,lastblackmansf,lastchristmasthemovie,latenightmovie,lighthousemovie,lionking,littlethemovie,littlewomenmovie,littlewoodsfilm,longshotmovie,lordsofchaosmovie,lucyintheskyfilm,mamovie2019,marriagestory,meettheaddams,meninblack,midsommarmovie,midwaymovie,missbalamovie,missinglinkfilm,motherlessbklyn,onceinhollywood,onthebasisofsex,overcomermovie,peanutbutterfalcon,petsematarymovie,piercingmovie,playingwithfire,playmobilthemovie,pomsmovie,queenandslim,rambomovie,readyornotfilm,richardjewellfilm,rocketmanmovie,scarystoriesmovie,secretlifeofpets,serenityfilm,shaftmovie,shazammovie,spidermanmovie,spiesindisguise,starwars,stormboymovie,stubermovie,taosdfilm,teenspiritmov,terminator,theaeronautsmov,thebestofenemies,thedeaddontdie,thefarewell,thehighwaymen,thehummingbirdprojectfilm,theintrudermovie,theirishmanfilm,thekitchenmovie,thelegomovie,themustangfilm,thenightingalefilm,theprodigymovie,thesunisalsoastar,theupsidefilm,tolkienmovie,toystory,triplefrontier,uglydolls,uncutgems,underthesilverlake,usmovie,wavesmovie,whatmenwant,wonderparkmovie,wrinklestheclown,xmenmovies,yardiefilm,yesterdaymovie,zombieland
21bridgesmovie,1.0,0.96202505,0.9955304,0.99006444,0.9954857,0.82304853,0.9949156,0.9976436,0.9987717,0.99095637,0.99223995,0.8580425,0.99277323,0.995145,0.9979827,0.9796256,0.9891472,0.9864977,0.9921221,0.98445237,0.9913586,0.9510162,0.9984088,0.9996293,0.9606789,0.44985342,0.9702969,0.96188897,0.9950197,0.9880432,0.99580574,0.96913636,0.9289301,0.8393633,0.63459116,0.4424377,0.9980471,0.98424673,0.9933571,0.96955615,0.9893417,0.9930728,0.9677692,0.9970887,0.9990008,0.93824285,0.9970331,0.9969968,0.89514846,0.99822235,0.9944413,0.9959175,0.88355213,0.97993976,0.9304502,0.97774607,0.9011587,0.999249,0.99175835,0.99480844,0.9895072,0.993644,0.9873116,0.99829006,0.9936646,0.98744303,0.99805564,0.99529505,0.9873503,0.84402823,0.99713075,0.100503385,0.6855624,0.9930895,0.8016344,0.9951526,0.43156618,0.99343383,0.9960979,0.9781968,0.9938633,0.94957215,0.9959187,0.94372827,0.9053954,0.99054307,0.954422,0.9980601,0.95183915,0.999426,0.9860431,0.99713075,0.99061584,0.9968064,0.9828098,0.99992174,0.9830105,0.9987871,0.99077666,0.98390657,0.92119724,0.957575,0.9690929,0.99667585,0.9719379,0.994411,0.99911135,0.9950444,0.95727545,0.94408125,0.99888617,0.11611805,0.99919,0.43880427,0.9916231,0.9983661,0.9992641,0.8533449,0.9986699,0.9881447,0.9989714,0.99869514,0.9999112,0.7883952,0.9952091,0.9924798,0.99135756,0.9683779,0.9923867,0.7429282,0.99845475,0.9931508,0.99164784,0.9407347,0.99891907,0.99379915,0.9946425,0.9799282,0.99463105,0.96999896,0.9987717,0.9880418,0.88242644,0.9942082,0.97997504,0.994591,0.94581836,0.80659604,0.99830323,0.99477345,0.9917495,0.99003035,0.99397063,0.40531638,0.9838725,0.99335563,0.99109656,0.9740127,0.9983974,0.9915118,0.9987717,0.97722954,0.9979527,0.99850416,0.9519204
47metersdown,0.96202505,0.99999994,0.977155,0.9647691,0.94243497,0.9277927,0.9580318,0.96223724,0.96738446,0.9870551,0.98314255,0.9096011,0.98465234,0.94843215,0.9607336,0.9939407,0.97999364,0.92978996,0.9823232,0.95244527,0.9436397,0.95537,0.967671,0.96418935,0.9501077,0.48590985,0.9669113,0.97729594,0.95859265,0.9725674,0.9799788,0.9681005,0.976139,0.908815,0.75398433,0.5305084,0.9748406,0.9722198,0.9815829,0.96120065,0.9562974,0.98585683,0.99001807,0.97657895,0.95582193,0.9533548,0.9677935,0.94998735,0.902876,0.9734428,0.9741631,0.9649675,0.94783413,0.9784728,0.96368355,0.93960917,0.9022186,0.96432227,0.9834566,0.9686633,0.9849867,0.9837353,0.9770778,0.9670878,0.97160786,0.95817524,0.9645327,0.97233063,0.96407837,0.91589385,0.9683451,0.23994818,0.7446038,0.9750676,0.88540894,0.97386086,0.58622795,0.9596588,0.9707998,0.986069,0.9832193,0.95106465,0.96397066,0.9546074,0.96001893,0.9734045,0.9405609,0.9696503,0.9414581,0.966909,0.9775309,0.9683451,0.96929634,0.9767096,0.98637885,0.9626279,0.9870871,0.95833117,0.96632576,0.98359597,0.9448218,0.9946083,0.95455676,0.96589315,0.99602914,0.97570354,0.96702576,0.97939014,0.9221501,0.9270919,0.96399206,0.25872228,0.96365684,0.55767643,0.9784476,0.9739625,0.9549163,0.9392464,0.9583784,0.92993134,0.9663682,0.9597553,0.96372867,0.9131638,0.9718401,0.9747874,0.98072,0.9871859,0.96847,0.82834333,0.9530406,0.95695215,0.97006196,0.9805335,0.96801347,0.95644796,0.95712423,0.926099,0.9659589,0.96247476,0.96738446,0.9728854,0.9174852,0.9818233,0.9755255,0.9658284,0.9678342,0.88895524,0.952505,0.94425327,0.9651639,0.98569703,0.9725582,0.54074174,0.97785085,0.9610216,0.9885673,0.9380577,0.9668524,0.9745127,0.96738446,0.99109715,0.9751532,0.9625528,0.96211624
abeautifuldaymovie,0.9955304,0.977155,1.0,0.99012536,0.98627007,0.85677356,0.99096835,0.9958858,0.9959634,0.9980472,0.99526656,0.8957273,0.9983217,0.98651975,0.9937584,0.99174964,0.99584675,0.9757365,0.9954141,0.9831399,0.9825575,0.96920294,0.996562,0.9945734,0.9739936,0.44029382,0.97300225,0.975102,0.99286824,0.99608386,0.99719906,0.9762593,0.9513439,0.87598985,0.68241227,0.465587,0.9988828,0.98931843,0.996488,0.975999,0.98518735,0.99877787,0.97868085,0.99961483,0.99108464,0.95921814,0.99676156,0.9923473,0.9014723,0.99868494,0.998441,0.9948676,0.9209223,0.9865129,0.9516707,0.9686116,0.9135563,0.9933377,0.99883795,0.99247825,0.99497503,0.99871546,0.98566073,0.99501556,0.99696547,0.98815763,0.9977397,0.9947315,0.9804527,0.8739424,0.9954379,0.11943418,0.70322627,0.9947104,0.8408132,0.9947944,0.48144644,0.9854706,0.9934743,0.9886021,0.99514735,0.95662564,0.99041903,0.95452636,0.93368345,0.99262327,0.95580786,0.9966161,0.9566636,0.9975149,0.9934947,0.9954379,0.99254954,0.9971626,0.99231493,0.99617714,0.98879015,0.9916465,0.9881637,0.9916297,0.9429449,0.9747685,0.97498494,0.99574894,0.98558813,0.9982988,0.9947419,0.99979407,0.95722204,0.9451863,0.9935832,0.13745415,0.9954157,0.4690272,0.9985459,0.99894947,0.9925541,0.89092946,0.99147856,0.9777597,0.9941148,0.9914447,0.99575967,0.8285673,0.99418145,0.99922186,0.99543166,0.981376,0.9919025,0.7852129,0.9893323,0.9882335,0.9946178,0.9682598,0.9966693,0.99004406,0.99051535,0.96712554,0.99247587,0.9780156,0.9959634,0.9930242,0.906988,0.9959426,0.9827897,0.9959154,0.96589994,0.8402352,0.9897585,0.9866999,0.9901274,0.9980391,0.9976338,0.4439266,0.988803,0.9898554,0.9974592,0.9682247,0.99504626,0.99469334,0.9959634,0.98722607,0.99754244,0.99461573,0.96850127
abominablemovie,0.99006444,0.9647691,0.99012536,0.99999994,0.9917399,0.8079512,0.986323,0.98927903,0.9873009,0.9840896,0.98065764,0.90444964,0.98592293,0.9814276,0.9867359,0.97330767,0.9811057,0.98616683,0.981576,0.9869226,0.9771871,0.97716254,0.987911,0.9876139,0.9809207,0.54799885,0.98907346,0.9626894,0.99295884,0.98455244,0.9838939,0.9872725,0.93557626,0.872133,0.72102934,0.54284674,0.9925956,0.998448,0.98981595,0.9917638,0.98086035,0.98875433,0.9628737,0.98940784,0.98692894,0.9663163,0.98884565,0.9901006,0.936434,0.98886263,0.99531895,0.9889429,0.91536176,0.99584794,0.95655733,0.98226225,0.94998944,0.98847336,0.9854142,0.9860359,0.97832686,0.9902852,0.9677301,0.985889,0.9958838,0.995992,0.99453604,0.9905132,0.9655365,0.8945454,0.98648125,0.22144848,0.73904496,0.9881481,0.8548312,0.9920297,0.54178536,0.9749551,0.98164606,0.98238254,0.9823352,0.9630182,0.98021245,0.95399266,0.94386435,0.99635214,0.9705981,0.9870378,0.973532,0.9902467,0.99444175,0.98648125,0.98496896,0.98489493,0.9851759,0.9905641,0.9674445,0.98544323,0.9853107,0.9944857,0.9559934,0.95509714,0.97313017,0.9917959,0.9653605,0.9955675,0.9868736,0.9884348,0.9814191,0.9803519,0.98560977,0.23773937,0.9899852,0.5441613,0.9907002,0.9893441,0.9884556,0.89124894,0.98509526,0.98071307,0.98567003,0.98465335,0.9898214,0.78773856,0.98192775,0.99043673,0.97968906,0.9641287,0.999512,0.8187475,0.984818,0.9981619,0.99000716,0.95122117,0.9907397,0.9823568,0.99734414,0.9623837,0.98784345,0.98328286,0.9873009,0.99449766,0.9311993,0.98139524,0.9683272,0.9908409,0.95681345,0.8648118,0.98694026,0.9916998,0.9855048,0.98929065,0.9948212,0.5186553,0.98726296,0.9798965,0.9873314,0.9646136,0.99476427,0.9967687,0.9873009,0.9842602,0.98654735,0.9873293,0.9809445
adastramovie,0.9954857,0.94243497,0.98627007,0.9917399,0.99999994,0.7707314,0.99409497,0.99443686,0.9928832,0.9768776,0.97705156,0.8501246,0.97940165,0.9948769,0.9946743,0.96052283,0.97861624,0.996601,0.9770546,0.98921925,0.9923142,0.9478564,0.9927869,0.99373776,0.9567824,0.4856764,0.96797895,0.95257604,0.99080724,0.98043495,0.9839742,0.9722305,0.90048015,0.8123924,0.639161,0.4801316,0.9916233,0.98375523,0.9863976,0.9748979,0.97977734,0.98149776,0.944647,0.98747736,0.9949511,0.93775016,0.9923002,0.99764794,0.91371936,0.99030536,0.98817223,0.9930888,0.86387825,0.9785752,0.9159918,0.9878676,0.9181508,0.9945339,0.97831744,0.9909241,0.97605777,0.98460025,0.9725227,0.99229616,0.99095607,0.9861463,0.99428755,0.99173635,0.97696596,0.8447884,0.99165714,0.12995724,0.7080124,0.98813874,0.79944915,0.9870655,0.43759537,0.987211,0.9879919,0.9704087,0.9814122,0.95410085,0.9898005,0.94393426,0.8953672,0.9900636,0.9647451,0.9915765,0.96230525,0.99396825,0.9829082,0.99165714,0.9788298,0.9869428,0.9685859,0.99557906,0.965189,0.9950504,0.989452,0.976982,0.9236594,0.9318573,0.9565332,0.9943611,0.95165944,0.9879443,0.99164116,0.98415196,0.97321254,0.9580119,0.99331874,0.14386046,0.9930146,0.4662745,0.9814351,0.98997974,0.9973358,0.8403073,0.9948455,0.9953246,0.99213576,0.9939627,0.9944879,0.7364117,0.98726267,0.9841175,0.97975105,0.94517887,0.99311125,0.746242,0.99579364,0.9970267,0.9887805,0.9198151,0.9918522,0.99186087,0.99785566,0.9837327,0.9923925,0.9725876,0.9928832,0.98149157,0.889397,0.98078585,0.9605979,0.9919542,0.93808407,0.8085797,0.99481094,0.9956051,0.99000764,0.9802595,0.99032146,0.41312775,0.98082876,0.9892686,0.97970897,0.9776436,0.9964901,0.98617554,0.9928832,0.9636341,0.9885888,0.9945299,0.9503889
adogsjourneymovie,0.82304853,0.9277927,0.85677356,0.8079512,0.7707314,0.9999999,0.80416155,0.8172136,0.8328457,0.88609505,0.8866991,0.8124326,0.8812165,0.79216117,0.8160156,0.91401523,0.86351496,0.7377825,0.88575447,0.78003824,0.78250426,0.823718,0.83198434,0.8305239,0.8199228,0.31494004,0.8335057,0.86054665,0.82179224,0.8451343,0.86913806,0.80851793,0.9455475,0.89106345,0.65184534,0.33523697,0.843745,0.82506573,0.8531993,0.79425275,0.8415116,0.87575454,0.93081033,0.8574159,0.8158358,0.811473,0.8287443,0.79068226,0.69969887,0.847042,0.84440374,0.8188643,0.8905363,0.83578193,0.8825947,0.7503794,0.7054518,0.8267032,0.87988484,0.8271085,0.8802252,0.86337996,0.87820655,0.8328689,0.82755446,0.8136462,0.82354444,0.830317,0.8478739,0.78950167,0.8320423,0.1465762,0.55696577,0.8381368,0.77460307,0.8523027,0.5202832,0.82672656,0.84468436,0.8634585,0.8756155,0.7859335,0.83022434,0.805454,0.8658311,0.8226285,0.75406855,0.83726764,0.7556242,0.8310642,0.8373014,0.8320423,0.8619799,0.85774326,0.8906506,0.8228038,0.89992726,0.8159249,0.81609654,0.8611224,0.79570353,0.94595575,0.85666746,0.81843275,0.9213995,0.8470075,0.83980197,0.8654076,0.7157232,0.7369223,0.82852465,0.16934894,0.83201146,0.40592197,0.86360747,0.84968513,0.80563116,0.8606861,0.81628245,0.74656767,0.83613676,0.8213971,0.82845926,0.9930125,0.84486634,0.8514151,0.86820126,0.9273947,0.8142952,0.7125601,0.8069816,0.7903882,0.8252306,0.9144525,0.83994377,0.8060592,0.7915987,0.75488997,0.818192,0.8020105,0.8328457,0.8476233,0.7603071,0.8774932,0.899296,0.8194056,0.8480575,0.7648873,0.81092495,0.78838366,0.81565666,0.8687434,0.83164865,0.4790995,0.8364102,0.8188648,0.87785435,0.7686921,0.81934243,0.84382766,0.8328457,0.8955687,0.8545295,0.8204965,0.825577
aftermathmovie,0.9949156,0.9580318,0.99096835,0.986323,0.99409497,0.80416155,0.9999999,0.99871534,0.9974747,0.9852733,0.9825578,0.85631895,0.9850373,0.9984563,0.99909264,0.9740271,0.9923514,0.9927041,0.9811838,0.9954858,0.99814826,0.94597375,0.99795425,0.99423486,0.94826716,0.42994073,0.95656496,0.9765374,0.98268116,0.99124736,0.99101496,0.97898865,0.90575767,0.8093255,0.6564417,0.49216476,0.99510455,0.9809348,0.9950069,0.9752025,0.9699474,0.98765767,0.95085883,0.9913975,0.9914798,0.94736975,0.99847794,0.99750024,0.9194912,0.99527967,0.9878844,0.999361,0.87559086,0.9791011,0.9110808,0.98900265,0.91312623,0.9948141,0.98473877,0.9989333,0.9898009,0.9921268,0.9844278,0.997601,0.9939247,0.9753556,0.9930444,0.99836016,0.98744994,0.8641653,0.99859416,0.11224343,0.7413242,0.9975242,0.8256998,0.98341787,0.44072893,0.9940073,0.9961673,0.9852028,0.98939866,0.9715842,0.9966699,0.96707535,0.9007739,0.9934235,0.9745367,0.99757975,0.9701577,0.99645793,0.98821354,0.99859416,0.97414225,0.9942991,0.9699055,0.99572617,0.9817922,0.9965149,0.99819726,0.97641706,0.934553,0.94479847,0.94400567,0.9988115,0.9703358,0.98760223,0.99200916,0.989235,0.9688061,0.9429699,0.99632645,0.12665698,0.990234,0.47619975,0.9833813,0.993878,0.9969733,0.8679791,0.99650735,0.99574465,0.99447215,0.9952018,0.99371773,0.7672585,0.9969607,0.9886148,0.9928455,0.95080686,0.9901421,0.7533468,0.99471366,0.99136513,0.9969755,0.9364435,0.99016505,0.9996977,0.99450624,0.9918592,0.99951917,0.9829343,0.9974747,0.97629815,0.89752096,0.9882988,0.95999295,0.9978254,0.9615471,0.8285075,0.98917645,0.9841357,0.9990567,0.98897046,0.99423724,0.39064518,0.9921194,0.9989259,0.9887866,0.9915253,0.99667275,0.9820908,0.9974747,0.9655543,0.9937965,0.9986516,0.9489056
aftermovie,0.9976436,0.96223724,0.9958858,0.98927903,0.99443686,0.8172136,0.99871534,1.0000001,0.99882674,0.9904975,0.9879723,0.8690908,0.9907617,0.996624,0.99935347,0.9798695,0.99429864,0.9895247,0.9873042,0.9924865,0.99491876,0.95532274,0.99936396,0.9965619,0.9597728,0.4282304,0.96262324,0.9744895,0.98929316,0.9944587,0.9943046,0.97737366,0.92046845,0.83147246,0.6575759,0.4729338,0.9980471,0.98481745,0.9960373,0.97567147,0.978173,0.992395,0.95991343,0.9960497,0.9940443,0.95121694,0.9997199,0.99874806,0.91052717,0.99823475,0.99351716,0.99956375,0.88957626,0.98163366,0.92487544,0.9826437,0.9128257,0.9962613,0.9909443,0.9977537,0.9918856,0.99522144,0.9849447,0.99846435,0.9965951,0.9824643,0.9972897,0.9981271,0.9854925,0.8620685,0.9991014,0.101390004,0.72004837,0.9973169,0.8254029,0.98914546,0.4444739,0.9923556,0.9964663,0.98559874,0.9919728,0.96477836,0.99595207,0.960665,0.9097843,0.99388736,0.96722305,0.9989688,0.96487844,0.9990292,0.9907344,0.9991014,0.98297405,0.99657434,0.9784368,0.9983759,0.9838256,0.99705625,0.9953315,0.98216635,0.9361446,0.95376563,0.9575587,0.9995713,0.9743207,0.9931202,0.99503607,0.9945367,0.9663639,0.94432014,0.9973308,0.11714242,0.99463385,0.46234056,0.99045074,0.9974826,0.9981059,0.87062,0.99696445,0.99240273,0.9962575,0.9960403,0.9968759,0.78229,0.99715775,0.9942757,0.9943754,0.9615084,0.9921012,0.75984126,0.99537903,0.99220574,0.99740386,0.94667965,0.99475867,0.9982522,0.9952199,0.98521143,0.99835217,0.9812084,0.99882674,0.9839692,0.8985429,0.99187523,0.96905094,0.99903893,0.9617111,0.82643306,0.9923451,0.9885579,0.9969519,0.99274707,0.99703217,0.40048823,0.99070644,0.9972514,0.9921025,0.984188,0.9978706,0.9881152,0.99882674,0.97274214,0.99663347,0.99933904,0.956008
ahiddenlifefilm,0.9987717,0.96738446,0.9959634,0.9873009,0.9928832,0.8328457,0.9974747,0.99882674,1.0,0.9927974,0.99273735,0.85820854,0.99334717,0.9967771,0.9994412,0.9834117,0.99403524,0.9857736,0.9918852,0.98790985,0.9942846,0.94831353,0.99987763,0.99890405,0.95451283,0.43019915,0.9644844,0.972303,0.98982215,0.99148196,0.9975021,0.9728349,0.92725205,0.83285487,0.64359975,0.45532095,0.99853474,0.9824002,0.9965304,0.9701323,0.9828571,0.9941989,0.9677477,0.99722457,0.9965838,0.9418175,0.9990149,0.9964074,0.9010781,0.99921614,0.9927965,0.9982556,0.88530034,0.97989243,0.92532957,0.98011184,0.9004299,0.9987148,0.99252504,0.9982099,0.9942978,0.9958038,0.9915945,0.999924,0.99420214,0.98128927,0.9962846,0.99796826,0.99167657,0.8538752,0.9995716,0.099550344,0.7064969,0.9968799,0.8138375,0.9920273,0.43472955,0.9962355,0.99901855,0.98427427,0.9961654,0.95897245,0.9985544,0.95525235,0.9061353,0.9919576,0.9608833,0.99986607,0.9570762,0.9995098,0.9877418,0.9995716,0.98613244,0.9989075,0.98108387,0.9990207,0.9888901,0.9989158,0.99503314,0.9823873,0.92609966,0.9603891,0.9603411,0.99816865,0.97835755,0.9927869,0.9981383,0.99550277,0.95675135,0.9385052,0.9995224,0.11501694,0.9966173,0.44950113,0.99044967,0.99874955,0.9985362,0.8649468,0.99889725,0.9890445,0.99911994,0.99863595,0.99848086,0.7969657,0.9988058,0.99270034,0.99601734,0.967661,0.9908334,0.74598914,0.99750096,0.9907477,0.9948448,0.94498587,0.9967683,0.99711794,0.9931539,0.9846553,0.997712,0.9750524,1.0,0.9839769,0.886717,0.99600124,0.97697806,0.99656063,0.95565486,0.8168588,0.9948509,0.9887873,0.99589056,0.9925494,0.9948257,0.3964196,0.9889947,0.99744034,0.99382854,0.9814923,0.99806774,0.98832965,1.0,0.97625846,0.9990315,0.99972683,0.9500956
alitamovie,0.99095637,0.9870551,0.9980472,0.9840896,0.9768776,0.88609505,0.9852733,0.9904975,0.9927974,1.0000002,0.99798065,0.89543444,0.9996323,0.98025995,0.98895425,0.9976,0.995717,0.96418273,0.9977962,0.97544414,0.9757752,0.96441066,0.99309003,0.99128395,0.96798617,0.43668208,0.9718216,0.97751397,0.987407,0.9929751,0.997944,0.9724822,0.96335244,0.88650197,0.68823916,0.4618992,0.9962162,0.9850375,0.9956953,0.9699344,0.9830866,0.99957883,0.98788935,0.9980518,0.9864629,0.9549972,0.9927162,0.9840826,0.89414537,0.99642015,0.99502546,0.9900658,0.9278615,0.98429155,0.9557973,0.9604684,0.9028035,0.9900412,0.99958396,0.98959875,0.9973409,0.9983103,0.9899438,0.9921234,0.9922407,0.9819688,0.99224055,0.99169105,0.98233664,0.87804264,0.992315,0.13015167,0.70175576,0.99247164,0.8451965,0.9933679,0.49289382,0.9839328,0.99242735,0.98966426,0.99727,0.95320225,0.98830044,0.95340246,0.93831235,0.98858255,0.9489638,0.9938184,0.9491423,0.993555,0.9902626,0.992315,0.9915734,0.99669755,0.99475855,0.9914318,0.99451494,0.98733664,0.9848323,0.9912133,0.93917036,0.9858514,0.9739811,0.9906933,0.9934906,0.9953238,0.9924666,0.99891114,0.9440025,0.93572783,0.9904581,0.14856732,0.9916293,0.47277665,0.9970113,0.99685645,0.9865548,0.9003611,0.9872601,0.9669473,0.9917426,0.9878491,0.99176586,0.8594439,0.9929248,0.9962232,0.9963525,0.98909193,0.98678064,0.78618336,0.9842631,0.9809833,0.9903315,0.9743949,0.99363405,0.9846453,0.98300433,0.95960164,0.9883758,0.97284067,0.9927974,0.9902626,0.90281224,0.99787253,0.98789704,0.99059534,0.9665172,0.8446942,0.9845576,0.9785818,0.9861392,0.99799436,0.99327916,0.45417055,0.9871864,0.98624736,0.99901104,0.9620317,0.99046564,0.991815,0.9927974,0.9914236,0.99655426,0.9901903,0.96495056
angelhasfallen,0.99223995,0.98314255,0.99526656,0.98065764,0.97705156,0.8866991,0.9825578,0.9879723,0.99273735,0.99798065,1.0000001,0.8716798,0.9987869,0.98066646,0.98817223,0.9945584,0.99031496,0.9616763,0.9998522,0.967917,0.97500205,0.9512765,0.9920603,0.99367255,0.9595622,0.43961102,0.9716738,0.9656838,0.98882043,0.9852628,0.9984718,0.961571,0.9622135,0.87771237,0.65222776,0.42562068,0.99456096,0.979306,0.9921011,0.95942736,0.98964304,0.99754745,0.9904004,0.9969715,0.990457,0.936131,0.9898611,0.9819226,0.876252,0.99538654,0.9920771,0.9866003,0.91027004,0.97779506,0.9494281,0.9567335,0.88351107,0.9925089,0.9974204,0.98756516,0.99479187,0.9948187,0.99355525,0.99230367,0.9868955,0.98079586,0.9904752,0.98871964,0.9869127,0.8533575,0.99077356,0.113372065,0.67015064,0.98827434,0.81435645,0.9954757,0.46094817,0.9872103,0.9929675,0.9808737,0.99833894,0.9390376,0.989774,0.9380423,0.9230754,0.9831565,0.9367331,0.99291116,0.93498987,0.9930394,0.9823856,0.99077356,0.99428743,0.9965392,0.9933313,0.9919412,0.994028,0.989508,0.9815276,0.98728573,0.9183771,0.9844112,0.97665507,0.9873229,0.98932385,0.9926892,0.99547786,0.9969138,0.9318931,0.92782193,0.99225307,0.13098606,0.99404174,0.43950048,0.9939669,0.9962911,0.9875995,0.8764074,0.9894795,0.96457857,0.9942323,0.99081534,0.99348783,0.8571205,0.9919268,0.9913457,0.99357134,0.9899959,0.9837515,0.7550642,0.98763335,0.97937673,0.98403156,0.9618399,0.99543554,0.98188597,0.98049355,0.9592746,0.9853513,0.96018714,0.99273735,0.9883404,0.8789717,0.99914414,0.9942916,0.9854974,0.9492743,0.81719136,0.98908657,0.98152834,0.9820996,0.9927905,0.9879867,0.4349358,0.97980154,0.98436767,0.9959642,0.956309,0.98971385,0.99015504,0.99273735,0.98983765,0.9970527,0.98968834,0.9524094
angrybirdsmovie,0.8580425,0.9096011,0.8957273,0.90444964,0.8501246,0.8124326,0.85631895,0.8690908,0.85820854,0.89543444,0.8716798,0.9999999,0.89211214,0.82933074,0.8533305,0.9023422,0.88999116,0.84210294,0.8753074,0.87812334,0.8240201,0.9724766,0.86371523,0.85010284,0.9542255,0.5427607,0.91048366,0.9017009,0.8804789,0.90632725,0.8684307,0.92261004,0.9206722,0.95026606,0.89944834,0.6544878,0.88318104,0.9252769,0.888144,0.9314987,0.8537979,0.897405,0.8885977,0.8848936,0.83989847,0.9710126,0.873234,0.86287564,0.8944012,0.8744018,0.90632546,0.8714767,0.9884816,0.9273498,0.96003306,0.84379286,0.946367,0.8481082,0.8989457,0.859391,0.8774438,0.8972736,0.8297271,0.85367596,0.90462404,0.9051778,0.88599926,0.8747158,0.8061262,0.9502613,0.8619216,0.36363858,0.76002663,0.88012,0.9542823,0.8809302,0.7667266,0.81710994,0.8482763,0.9145266,0.86510247,0.89250016,0.8350978,0.89396846,0.98372704,0.9014396,0.88295,0.86331755,0.90605766,0.8680628,0.923519,0.8619216,0.8828831,0.86582065,0.9161175,0.86193997,0.8615142,0.83867097,0.860008,0.92605937,0.9690712,0.90626884,0.89999115,0.8770717,0.8975944,0.9058513,0.85136074,0.893384,0.9041853,0.9178563,0.84511274,0.38854018,0.8617113,0.68385416,0.91095835,0.875889,0.8474694,0.9631872,0.8378017,0.83126056,0.8466553,0.836388,0.8586295,0.83265007,0.8559173,0.9094724,0.87387836,0.9010146,0.89768815,0.96346295,0.83103853,0.87876046,0.8925443,0.9606322,0.8686027,0.8504844,0.8791129,0.79066384,0.8647486,0.9193369,0.85820854,0.91534257,0.9709498,0.86570543,0.8600023,0.88655144,0.9358359,0.94509125,0.83914185,0.8566887,0.8644718,0.910284,0.903524,0.71104485,0.8983989,0.8454565,0.8974537,0.8254897,0.87132955,0.90825677,0.85820854,0.9188444,0.86571234,0.8551376,0.9694939
annabellemovie,0.99277323,0.98465234,0.9983217,0.98592293,0.97940165,0.8812165,0.9850373,0.9907617,0.99334717,0.9996323,0.9987869,0.89211214,1.0,0.98094714,0.98939437,0.9960595,0.9937066,0.96570534,0.99890816,0.9742298,0.9757908,0.9643535,0.9933921,0.9930269,0.9701062,0.44672078,0.97520465,0.9721936,0.990836,0.9912801,0.9981604,0.9704736,0.963858,0.88758576,0.6793843,0.45242894,0.9967643,0.9860164,0.9948012,0.96933645,0.9876747,0.99959147,0.9886131,0.9987182,0.98922586,0.9515405,0.99253964,0.98527396,0.8905255,0.9968197,0.99621063,0.98971456,0.92451215,0.98436624,0.95733947,0.9605017,0.901589,0.9917595,0.9996555,0.98900783,0.9957264,0.99776345,0.98950493,0.9925455,0.9922849,0.9854331,0.99378926,0.9912431,0.9822185,0.8709278,0.9921432,0.12861302,0.6896536,0.99131423,0.8359526,0.9959142,0.48677745,0.9843862,0.9923047,0.9866667,0.9972974,0.9483979,0.9885275,0.94737554,0.9361313,0.9883244,0.945892,0.9939703,0.9462404,0.9945067,0.9893738,0.9921432,0.99463034,0.9967178,0.9958854,0.9929952,0.99262476,0.98878604,0.98377043,0.992109,0.9349291,0.9846588,0.9786741,0.9907145,0.99064016,0.99654174,0.99434847,0.9992411,0.9439917,0.938304,0.9915676,0.14690946,0.994106,0.4642499,0.99783814,0.9975602,0.9882343,0.89216864,0.98867434,0.9677467,0.9931126,0.9894663,0.99370015,0.8545039,0.9922798,0.9962655,0.9948314,0.98983675,0.98816204,0.7806714,0.98639,0.9830743,0.9891454,0.9709463,0.99580055,0.9840591,0.9845629,0.95906675,0.987813,0.97000194,0.99334717,0.9925565,0.8984012,0.99810773,0.99065024,0.9901247,0.9605629,0.8369262,0.9878469,0.9827819,0.9849947,0.99698186,0.9931714,0.45503768,0.98500204,0.98541284,0.99820805,0.9594589,0.9916631,0.99384826,0.99334717,0.9922145,0.99711597,0.9907456,0.9646832
annamovie,0.995145,0.94843215,0.98651975,0.9814276,0.9948769,0.79216117,0.9984563,0.996624,0.9967771,0.98025995,0.98066646,0.82933074,0.98094714,1.0,0.99860257,0.96690714,0.98641396,0.99265355,0.9791551,0.99030864,0.99937445,0.9306974,0.99654067,0.9951707,0.9368903,0.42153555,0.95091075,0.9651814,0.98158425,0.9838151,0.9891578,0.968191,0.8948663,0.7891842,0.6174904,0.4593513,0.9921073,0.9731966,0.9902578,0.96450424,0.9718506,0.98281306,0.94583815,0.9883457,0.99393266,0.92883474,0.99572486,0.9964124,0.90404546,0.9930286,0.98292685,0.9965014,0.85203284,0.9702915,0.8969566,0.98719114,0.89502573,0.9958633,0.9797258,0.99699837,0.98543936,0.9868632,0.9851389,0.9971992,0.9881583,0.97138196,0.9903546,0.99515986,0.99037725,0.8379471,0.996922,0.085689634,0.71613497,0.9932172,0.7944253,0.98186994,0.40027803,0.996622,0.9958024,0.9754924,0.9876169,0.9600447,0.9976635,0.95424736,0.87990075,0.98747647,0.96523833,0.99610716,0.95865667,0.9951641,0.9795464,0.996922,0.9725055,0.9925451,0.9634509,0.9954098,0.9783694,0.998148,0.99550635,0.9687611,0.9142951,0.9361529,0.94031674,0.99574554,0.96222496,0.9827258,0.9929485,0.9850638,0.9596379,0.9335109,0.99721444,0.09900276,0.99058443,0.44151875,0.9776649,0.9917298,0.99791884,0.84096515,0.9981902,0.99637526,0.99545544,0.997193,0.9940039,0.7507557,0.9954583,0.98247105,0.9889367,0.9446738,0.98576933,0.71912605,0.99744505,0.98914295,0.9913066,0.91974247,0.98969144,0.99838245,0.9919978,0.9947757,0.99703544,0.9718839,0.9967771,0.970831,0.87389684,0.9866454,0.95973176,0.99339116,0.9453249,0.79941064,0.9919844,0.9855459,0.99596405,0.98194546,0.9885164,0.3580492,0.9847099,0.9979547,0.98323524,0.9894426,0.995092,0.97732645,0.9967771,0.9582321,0.992494,0.99814206,0.9338331
apollo11movie,0.9979827,0.9607336,0.9937584,0.9867359,0.9946743,0.8160156,0.99909264,0.99935347,0.9994412,0.98895425,0.98817223,0.8533305,0.98939437,0.99860257,1.0,0.97799563,0.99272674,0.9899084,0.9871366,0.99110025,0.9970159,0.94565874,0.99950963,0.9977086,0.95112497,0.42622605,0.9600723,0.97202575,0.9875782,0.9909748,0.9946858,0.9737899,0.9154616,0.8189645,0.6408578,0.4633156,0.99715227,0.98096734,0.9953209,0.9709532,0.9783153,0.9908485,0.9590305,0.9948262,0.9955834,0.9416987,0.9990836,0.9979263,0.9060891,0.99777263,0.99061674,0.99902236,0.8769748,0.97819674,0.9167087,0.9840533,0.90344524,0.9977703,0.98878306,0.99862194,0.9917202,0.99367446,0.9883645,0.999448,0.99388087,0.97902316,0.9954379,0.99804246,0.9902282,0.85266155,0.9994806,0.09580978,0.71551317,0.9968275,0.81270653,0.9885088,0.4275312,0.99600315,0.9980908,0.9829949,0.9929873,0.96240515,0.9983303,0.9579988,0.89979297,0.99201816,0.9653885,0.9992556,0.9611226,0.99876827,0.9869876,0.9994806,0.98135966,0.99701947,0.9753407,0.9984103,0.9849687,0.9988545,0.9962614,0.9787122,0.9266143,0.95146203,0.95344937,0.998715,0.9730183,0.9904212,0.99622256,0.9926942,0.9615277,0.9392995,0.9988912,0.11069523,0.9947239,0.4520367,0.9871354,0.99692076,0.99894845,0.86046,0.9988359,0.9932727,0.99781793,0.99811196,0.9972578,0.778618,0.99816394,0.99077487,0.9942476,0.9591201,0.9903519,0.7427668,0.9975261,0.99137974,0.9954954,0.9385146,0.994557,0.9988262,0.99417144,0.9890266,0.9986354,0.9770674,0.9994412,0.98040354,0.8874331,0.9925659,0.96956825,0.99724424,0.95558894,0.8156073,0.99374306,0.98817986,0.9972372,0.9901645,0.9943753,0.38552776,0.98921955,0.99851614,0.9908296,0.98600596,0.9978304,0.9854103,0.9994412,0.9701392,0.9970186,0.9999412,0.9475527
arcticdogsmovie,0.9796256,0.9939407,0.99174964,0.97330767,0.96052283,0.91401523,0.9740271,0.9798695,0.9834117,0.9976,0.9945584,0.9023422,0.9960595,0.96690714,0.97799563,0.99999994,0.99220663,0.9462598,0.9941025,0.9640143,0.96223336,0.9606031,0.9838368,0.9807635,0.9609994,0.4272334,0.96517795,0.9792014,0.97562057,0.987534,0.99277616,0.96696913,0.9729838,0.8995951,0.70662814,0.4681671,0.98830277,0.9773466,0.9904056,0.9620698,0.972813,0.99583906,0.99180907,0.99134076,0.9738061,0.9537065,0.9836705,0.970198,0.8872156,0.9886854,0.9872974,0.9803337,0.9397558,0.9789553,0.9591292,0.94626755,0.8941127,0.9793275,0.9961077,0.98105085,0.9951977,0.99370337,0.9867978,0.9828535,0.98377645,0.97063684,0.9815416,0.98351514,0.9758159,0.8877973,0.9835443,0.14583552,0.70682544,0.98574895,0.8586804,0.9854275,0.5167972,0.97434986,0.98490286,0.9887178,0.99321204,0.94896847,0.97904927,0.9523184,0.9456438,0.98052216,0.9400305,0.98523074,0.94066745,0.9836991,0.9845425,0.9835443,0.98436785,0.9903993,0.9930685,0.9802657,0.9950608,0.9755722,0.97612923,0.9871235,0.93894845,0.9936594,0.96753263,0.98070484,0.99837136,0.9878963,0.98284847,0.9934606,0.92886996,0.9231631,0.98020524,0.1651532,0.9808632,0.4863626,0.9915956,0.9891805,0.9735827,0.91627204,0.9755606,0.9497916,0.98208606,0.9765257,0.980916,0.89077544,0.98587984,0.98989916,0.99268544,0.99242526,0.97664315,0.79734695,0.9711482,0.9677492,0.9824908,0.98233855,0.98397785,0.9737489,0.96991485,0.9446352,0.9789758,0.9666903,0.9834117,0.98304486,0.90360636,0.9936817,0.9856082,0.98121196,0.9691823,0.85631937,0.97112167,0.96291035,0.97720397,0.99468076,0.985217,0.4718753,0.98241115,0.97683376,0.99633586,0.9508722,0.9797909,0.9840831,0.9834117,0.99145323,0.98946273,0.97956574,0.9617988
arcticmovie,0.9891472,0.97999364,0.99584675,0.9811057,0.97861624,0.86351496,0.9923514,0.99429864,0.99403524,0.995717,0.99031496,0.88999116,0.9937066,0.98641396,0.99272674,0.99220663,1.0000001,0.9724776,0.9890703,0.9867914,0.9851502,0.9592298,0.9951225,0.98893857,0.95756805,0.40248683,0.9570481,0.9895728,0.9787842,0.997944,0.99511844,0.9793883,0.93947095,0.8547341,0.6942441,0.49011132,0.9952396,0.98151755,0.9977056,0.9735061,0.96792436,0.99540156,0.9710843,0.9948845,0.98256683,0.96150815,0.99639213,0.9880552,0.91065603,0.9959134,0.9906188,0.9954458,0.91649294,0.9818274,0.93500215,0.970847,0.90984845,0.988177,0.9946177,0.9948553,0.99846655,0.9976976,0.98813426,0.99385774,0.9938256,0.9723618,0.99029195,0.9956411,0.9838342,0.8873311,0.99585366,0.116055556,0.7415345,0.99752617,0.85840005,0.9838762,0.48190325,0.9866165,0.9944293,0.99491894,0.99402523,0.9710256,0.9912101,0.97237486,0.92842215,0.99127597,0.96550006,0.9956742,0.96392536,0.9934454,0.99222505,0.99585366,0.9786384,0.99619883,0.98284924,0.9904363,0.99370027,0.9880444,0.9924413,0.9834421,0.9479554,0.9720687,0.95260525,0.99472755,0.99079424,0.99044526,0.9883605,0.99543583,0.9545455,0.9319567,0.990619,0.13345839,0.9861708,0.48732582,0.9910453,0.9949278,0.98760116,0.90586406,0.9880542,0.9773968,0.9899976,0.98732203,0.9888334,0.83255434,0.9964312,0.9947674,0.9990339,0.9725449,0.98507935,0.7858311,0.98387253,0.98042625,0.996633,0.9689732,0.9880231,0.9928098,0.98446226,0.97373307,0.9944863,0.98394036,0.99403524,0.9803366,0.91113746,0.99378365,0.970493,0.99575895,0.97935456,0.854448,0.97936195,0.9719981,0.99420905,0.9975166,0.9949947,0.42168683,0.9941168,0.9937313,0.9970996,0.9797154,0.9905078,0.98387706,0.99403524,0.9790045,0.9947118,0.9930138,0.9602061
artofracingmovie,0.9864977,0.92978996,0.9757365,0.98616683,0.996601,0.7377825,0.9927041,0.9895247,0.9857736,0.96418273,0.9616763,0.84210294,0.96570534,0.99265355,0.9899084,0.9462598,0.9724776,0.99999994,0.9609115,0.99360996,0.9926515,0.93923813,0.98622394,0.98419636,0.9432079,0.48922372,0.9556154,0.9543691,0.97742116,0.975026,0.97271526,0.97587544,0.87256485,0.78077406,0.6530311,0.52548033,0.9833237,0.9777087,0.9809634,0.9766266,0.96040136,0.969935,0.92250675,0.9762184,0.98478997,0.9389732,0.98714656,0.9936754,0.9329097,0.98137933,0.9775828,0.9898945,0.84800076,0.97402334,0.89536846,0.99503756,0.9283219,0.9861473,0.96486443,0.98807865,0.96735096,0.9763237,0.9618347,0.9855681,0.98587066,0.9741281,0.9854301,0.98834884,0.96974283,0.85513437,0.9863865,0.1529509,0.74948573,0.98503983,0.81073004,0.9730313,0.4464056,0.9815222,0.9810999,0.96809065,0.9703619,0.96581596,0.9840884,0.95481676,0.8857259,0.987799,0.977457,0.9847254,0.9738124,0.9858774,0.9790347,0.9863865,0.96025795,0.9777414,0.95161015,0.98715264,0.95422834,0.98822236,0.9897225,0.96615165,0.9289633,0.9112588,0.9324427,0.9905757,0.9396593,0.97720945,0.98053473,0.9723211,0.9821255,0.95928,0.9856653,0.16531265,0.9810833,0.500877,0.96832263,0.97994226,0.99098605,0.8417301,0.98806185,0.99829376,0.98287344,0.9860872,0.9845237,0.70261467,0.9813772,0.974169,0.9723444,0.9222373,0.98817617,0.7514071,0.9884779,0.9934911,0.98674524,0.9053539,0.97975105,0.9904802,0.9949057,0.98844707,0.99052304,0.97749496,0.9857736,0.9678238,0.8978869,0.96835375,0.9376349,0.9885747,0.9408084,0.82069385,0.9838471,0.98518455,0.9898425,0.9719421,0.9848603,0.4086122,0.98102814,0.9870488,0.970247,0.98578674,0.9907463,0.9744736,0.9857736,0.9480912,0.9785409,0.9889455,0.94406724
avengers,0.9921221,0.9823232,0.9954141,0.981576,0.9770546,0.88575447,0.9811838,0.9873042,0.9918852,0.9977962,0.9998522,0.8753074,0.99890816,0.9791551,0.9871366,0.9941025,0.9890703,0.9609115,1.0,0.96654487,0.97303,0.95401686,0.9912305,0.99328214,0.9630602,0.44546536,0.9738066,0.96308553,0.9903669,0.9847493,0.99778354,0.96086854,0.9645897,0.88331217,0.6536137,0.42335784,0.9943301,0.980369,0.9911046,0.9598191,0.99135166,0.99750066,0.99107426,0.9970132,0.99040514,0.93692315,0.98902744,0.98165995,0.87476563,0.99493074,0.99294555,0.9855793,0.9131135,0.97831875,0.95309687,0.95494515,0.8851013,0.9919606,0.9976482,0.98598295,0.9933873,0.99437225,0.9915457,0.9912527,0.98695344,0.98298955,0.9910011,0.98757917,0.9844109,0.8526229,0.98960626,0.11522327,0.6644009,0.9869441,0.8137508,0.9963637,0.46448132,0.98522764,0.99148,0.9795491,0.9973863,0.93630815,0.9881192,0.9348913,0.9253821,0.9827541,0.93454564,0.9919858,0.9336073,0.99270546,0.98241746,0.98960626,0.9958864,0.995633,0.9946394,0.99178714,0.9921829,0.9886281,0.97962284,0.9884054,0.91876316,0.9846822,0.9801729,0.9866187,0.9880389,0.9935261,0.99521875,0.9970531,0.93219805,0.92992145,0.9913517,0.13312489,0.9944499,0.43853664,0.994923,0.9960588,0.987112,0.87571347,0.98855704,0.96326476,0.99352914,0.9899714,0.9934587,0.85723,0.9903707,0.99183124,0.9921084,0.9911741,0.9841615,0.75810313,0.98695207,0.97968775,0.98310566,0.96280503,0.9958311,0.9802581,0.98057246,0.9562749,0.9839326,0.95914197,0.9918852,0.9901454,0.8798717,0.9984254,0.99529535,0.9848653,0.9476381,0.81668717,0.98935163,0.9828127,0.9803579,0.9925105,0.987961,0.44160295,0.9783195,0.98244745,0.995396,0.9530199,0.98938763,0.9914636,0.9918852,0.99087673,0.9964426,0.98876053,0.9546336
beachbummovie,0.98445237,0.95244527,0.9831399,0.9869226,0.98921925,0.78003824,0.9954858,0.9924865,0.98790985,0.97544414,0.967917,0.87812334,0.9742298,0.99030864,0.99110025,0.9640143,0.9867914,0.99360996,0.96654487,0.9999999,0.99160707,0.95533705,0.9894426,0.98222727,0.9510207,0.46560332,0.95561624,0.98085684,0.97295916,0.9887951,0.9789354,0.990307,0.8930264,0.8079547,0.70918155,0.5659935,0.98786044,0.98384434,0.9906592,0.98696893,0.95265603,0.979341,0.93507844,0.9816278,0.97848535,0.9647116,0.99230945,0.9921777,0.950111,0.98601586,0.98244786,0.99487257,0.88531715,0.98365194,0.91149575,0.9939817,0.9428393,0.9837865,0.9748259,0.9932832,0.98053926,0.98641706,0.96839184,0.9877684,0.99272156,0.9713534,0.9863579,0.99432594,0.9719073,0.8966854,0.99086875,0.17463465,0.79345924,0.9940906,0.86242056,0.9725898,0.49825445,0.98107,0.98530424,0.987452,0.9772948,0.9865321,0.9855361,0.98092926,0.91494614,0.99492735,0.9901998,0.98866665,0.98812497,0.9874775,0.99094915,0.99086875,0.95992714,0.98354167,0.9611435,0.986089,0.96886086,0.9854528,0.9958419,0.97480184,0.9572012,0.93235,0.93074083,0.99476975,0.9617777,0.98205,0.97886765,0.97996986,0.98565704,0.9586786,0.98502487,0.18885984,0.97810596,0.5451645,0.97606486,0.98399204,0.9876058,0.89108354,0.985359,0.9937532,0.98206174,0.9830128,0.9825206,0.7493381,0.9876923,0.9832508,0.98416626,0.93561333,0.9898152,0.7957439,0.9828044,0.9903684,0.9962391,0.93672955,0.9785801,0.994156,0.9933424,0.986042,0.9955327,0.99387383,0.98790985,0.9709711,0.9282607,0.9749707,0.93971646,0.9951595,0.9724995,0.8660063,0.9758365,0.9748723,0.99653965,0.9849485,0.9923169,0.43741018,0.9947345,0.99181086,0.98211735,0.99269104,0.99098426,0.9771552,0.98790985,0.95923567,0.98253953,0.9901574,0.9601449
bernadettefilm,0.9913586,0.9436397,0.9825575,0.9771871,0.9923142,0.78250426,0.99814826,0.99491876,0.9942846,0.9757752,0.97500205,0.8240201,0.9757908,0.99937445,0.9970159,0.96223336,0.9851502,0.9926515,0.97303,0.99160707,0.9999999,0.9252628,0.9943074,0.99130785,0.92928547,0.40849033,0.9425687,0.96729547,0.97498965,0.98250324,0.9852818,0.9680959,0.8833272,0.774331,0.6183973,0.47005677,0.9887222,0.96880513,0.9882428,0.96289915,0.9629924,0.9783451,0.9370586,0.9840829,0.98942155,0.9281365,0.994062,0.99460435,0.9080926,0.98982275,0.9780456,0.99550223,0.8448472,0.9665436,0.8861645,0.98847497,0.8946771,0.9922603,0.97483027,0.9962059,0.9831901,0.98374254,0.98211116,0.9949454,0.9856086,0.9643912,0.98633325,0.9938114,0.9886112,0.83960587,0.9953326,0.082442895,0.7305195,0.99230874,0.7974191,0.9752947,0.39584917,0.9950311,0.9938102,0.9748512,0.983752,0.96437204,0.9960251,0.95908624,0.8735478,0.98559237,0.96895117,0.9938536,0.9615291,0.99203205,0.97726727,0.9953326,0.9644429,0.9895147,0.956022,0.99190915,0.9756488,0.995476,0.99570054,0.96291035,0.91470706,0.9285913,0.92888796,0.9942045,0.9588273,0.9777166,0.98845726,0.98067665,0.9603863,0.92912453,0.99437463,0.0952516,0.9853971,0.44734204,0.9722078,0.98796916,0.9952113,0.84108806,0.9955622,0.9971731,0.99191135,0.99409765,0.9898134,0.73959893,0.99399877,0.9786508,0.98719853,0.93573326,0.9821218,0.71666867,0.9943284,0.98587537,0.9906638,0.91478,0.9844792,0.9984875,0.98942846,0.99739313,0.99647474,0.9731816,0.9942846,0.96387076,0.8743104,0.9823687,0.95044905,0.99219555,0.9474521,0.8013667,0.9869243,0.9797259,0.99620205,0.97884184,0.9860187,0.34544393,0.98466146,0.99794614,0.97975755,0.99349344,0.99212706,0.9712111,0.9942846,0.95088583,0.9889013,0.9962002,0.9288523
