movie,21bridgesmovie,47metersdown,abeautifuldaymovie,abominablemovie,adastramovie,adogsjourneymovie,aftermathmovie,aftermovie,ahiddenlifefilm,alitamovie,angelhasfallen,angrybirdsmovie,annabellemovie,annamovie,apollo11movie,arcticdogsmovie,arcticmovie,artofracingmovie,avengers,beachbummovie,bernadettefilm,blackandbluemovie,blackchristmas,blindedbythelightmovie,bombshellmovie,booksmart,breakthroughmovie,brianbanksmovie,brightburnmovie,brittanyrunsmov,captainmarvelofficial,captivestatemovie,catsmovie,charliesangels,childsplaymovie,clarathefilm,coldpursuitmovie,countdown,currentwarmovie,darkwatersmovie,detectivepikachumovie,disneyaladdin,disneyfrozen,disneymaleficent,doctorsleepmovie,dolemiteismyname,dontletgomovie,doramovie,downtonabbey_official,dumbo,escaperoom,everybodyknowsmovie,fastandfuriousmovie,fightingwmyfam,fivefeetapartfilm,fordvferrari,freaksthefilm,geminimanmovie,glassmovie,gloriabellmovie,godzillamovie,goldfinchmovie,goodboysmovie,goodliarmovie,gretafilm,halathemovie,happydeathdaymovie,harrietfilm,hellboymovie,hersmellmovie,highlifemovie,highstrungmovie,honeyboymovie,hotelmumbaifilm,httydragon,hustlemovie,hustlersmovie,isntitromantic,itmovieofficial,jayandsilentbob,johnwickmovie,jojorabbitmovie,jokermovie,judythefilm,jumanjimovie,justmercyfilm,knivesout,lalloronamovie,lastblackmansf,lastchristmasthemovie,latenightmovie,lighthousemovie,lionking,littlethemovie,littlewomenmovie,littlewoodsfilm,longshotmovie,lordsofchaosmovie,lucyintheskyfilm,mamovie2019,marriagestory,meettheaddams,meninblack,midsommarmovie,midwaymovie,missbalamovie,missinglinkfilm,motherlessbklyn,onceinhollywood,onthebasisofsex,overcomermovie,peanutbutterfalcon,petsematarymovie,piercingmovie,playingwithfire,playmobilthemovie,pomsmovie,queenandslim,rambomovie,readyornotfilm,richardjewellfilm,rocketmanmovie,scarystoriesmovie,secretlifeofpets,serenityfilm,shaftmovie,shazammovie,spidermanmovie,spiesindisguise,starwars,stormboymovie,stubermovie,taosdfilm,teenspiritmov,terminator,theaeronautsmov,thebestofenemies,thedeaddontdie,thefarewell,thehighwaymen,thehummingbirdprojectfilm,theintrudermovie,theirishmanfilm,thekitchenmovie,thelegomovie,themustangfilm,thenightingalefilm,theprodigymovie,thesunisalsoastar,theupsidefilm,tolkienmovie,toystory,triplefrontier,uglydolls,uncutgems,underthesilverlake,usmovie,wavesmovie,whatmenwant,wonderparkmovie,wrinklestheclown,xmenmovies,yardiefilm,yesterdaymovie,zombieland
21bridgesmovie,1.0000001,0.96347964,0.9973012,0.9743557,0.978604,0.94774693,0.98705244,0.9922407,0.99218625,0.98487514,0.99636537,0.9622301,0.96950513,0.97508144,0.9804901,0.9836333,0.9574243,0.9841117,0.9889308,0.9765528,0.9838077,0.97175723,0.9892825,0.9900144,0.9766345,0.62843734,0.9570513,0.97380847,0.98919624,0.9787619,0.9900076,0.9676517,0.88362604,0.9727162,0.57986873,0.7017663,0.989729,0.9666636,0.98123854,0.97246444,0.9868315,0.98182327,0.9542384,0.99298424,0.9980374,0.91577584,0.9885726,0.9928408,0.9631618,0.9936801,0.99270487,0.99208647,0.9529317,0.9719198,0.9236558,0.9847441,0.97127306,0.98721164,0.98561794,0.99466556,0.9742325,0.9803156,0.9934525,0.95981264,0.9761045,0.93901086,0.9232752,0.97328264,0.9869755,0.93163663,0.9953194,0.27838436,0.9156443,0.98859155,0.947015,0.93206626,0.64173985,0.96083397,0.9898432,0.95462894,0.9780316,0.9889169,0.9917222,0.96739835,0.96370745,0.97890013,0.97166425,0.9865075,0.9689953,0.9920041,0.96518195,0.9953194,0.9401126,0.95725626,0.9914932,0.99320066,0.991747,0.99310255,0.9801797,0.9477425,0.9177129,0.9816579,0.9644676,0.99791646,0.98001707,0.99339616,0.99171567,0.94874275,0.9281052,0.96758735,0.99467677,0.37073746,0.9816219,0.51265943,0.9804445,0.9926409,0.9984616,0.91496444,0.99596447,0.981014,0.9762498,0.99391377,0.99860466,0.93608606,0.9940567,0.98412496,0.9813389,0.97451943,0.9647287,0.62923115,0.98323834,0.9777817,0.98569715,0.8720221,0.98208684,0.98699504,0.9952791,0.9840616,0.9918251,0.958331,0.99218625,0.981625,0.8775747,0.89166987,0.96638054,0.975573,0.94586486,0.72702503,0.9747739,0.97018236,0.97917867,0.9923971,0.97903925,0.81619424,0.9649056,0.99446416,0.9881184,0.97984856,0.972291,0.9859758,0.99218625,0.98066944,0.9934984,0.99613774,0.9546098
47metersdown,0.96347964,1.0000001,0.96992797,0.94459647,0.9858706,0.9087433,0.9722308,0.9601442,0.9764499,0.9516001,0.973321,0.9106501,0.9339372,0.9710207,0.953357,0.9872368,0.96064436,0.9849191,0.93662304,0.9501455,0.97067046,0.93303895,0.977825,0.97246546,0.9430545,0.5568126,0.90640557,0.9560661,0.970181,0.94580716,0.93310285,0.94126016,0.84338385,0.9349089,0.58801204,0.703654,0.98104733,0.905895,0.9739014,0.9073677,0.94694746,0.9679325,0.89686626,0.960663,0.9662493,0.9547631,0.98009413,0.96147543,0.8963701,0.96797884,0.9668291,0.9691377,0.8640637,0.95452136,0.8098831,0.9726917,0.95924014,0.97627604,0.9590292,0.97344196,0.9541655,0.9311069,0.97049975,0.98495334,0.96416354,0.92790645,0.9600059,0.95968443,0.9630451,0.8979362,0.97455347,0.19787993,0.91343564,0.97557133,0.87619704,0.95646447,0.594414,0.9724677,0.97047645,0.9237521,0.9426494,0.93749154,0.9771873,0.9392611,0.89107174,0.95653296,0.9397729,0.9620392,0.98143584,0.9708508,0.9770619,0.97455347,0.8665667,0.9257777,0.9727959,0.94502336,0.9619285,0.96408564,0.94764036,0.9492262,0.95522916,0.93657964,0.93321943,0.96208256,0.9754273,0.96739286,0.9809994,0.97190064,0.8930687,0.9545556,0.9758923,0.39922374,0.9571945,0.53166133,0.9291298,0.9719429,0.96603847,0.85549766,0.9738512,0.97352076,0.9858182,0.9550318,0.9658254,0.88518727,0.9657416,0.9765221,0.95916516,0.94946545,0.9745967,0.5212543,0.9689766,0.977232,0.9673693,0.85702235,0.9357936,0.9609468,0.94728446,0.95645934,0.9771729,0.97203565,0.9764499,0.95553607,0.9251569,0.93519765,0.96402645,0.96874934,0.9433132,0.7192518,0.9846354,0.8790946,0.98201483,0.9715074,0.97521585,0.7467843,0.9583835,0.9763256,0.95133793,0.9873669,0.9236476,0.9354713,0.9764499,0.9669964,0.9746779,0.9641354,0.9462202
abeautifuldaymovie,0.9973012,0.96992797,1.0,0.96856874,0.9812723,0.93859035,0.9909782,0.99228966,0.99499226,0.9809379,0.9959141,0.9489582,0.96451545,0.9792667,0.9826678,0.9888632,0.9606017,0.9841285,0.98498195,0.9714799,0.98734754,0.9657001,0.9910314,0.99151325,0.97712445,0.6130669,0.9403224,0.9761534,0.9918943,0.9750879,0.97918224,0.95889145,0.8864688,0.9717556,0.5818315,0.69420815,0.9928038,0.952117,0.9774629,0.9575184,0.9864658,0.98218524,0.94667834,0.9908828,0.9985742,0.916842,0.9901867,0.9927627,0.94502354,0.99293095,0.9933846,0.98911244,0.93741965,0.97246695,0.9056528,0.98700154,0.9732423,0.98490417,0.9812695,0.99495995,0.9772595,0.9721578,0.9926144,0.96538824,0.97009426,0.9352876,0.93316495,0.9680541,0.987915,0.91575265,0.9978799,0.28574517,0.9118338,0.99139875,0.9387024,0.9402659,0.63785464,0.96523875,0.991863,0.9462406,0.9688088,0.9822203,0.99504805,0.96478283,0.95343846,0.97603184,0.96737105,0.9873943,0.9699978,0.99184036,0.96303225,0.9978799,0.9224954,0.94622004,0.99390066,0.9907927,0.9865632,0.9940433,0.98168314,0.94558084,0.9173947,0.9742321,0.96468866,0.997309,0.97636557,0.99280477,0.99276906,0.948663,0.9274366,0.9601565,0.99617887,0.37032232,0.97484636,0.51213354,0.9718823,0.99118763,0.9966768,0.90740824,0.99793655,0.98556674,0.9825937,0.9878899,0.9965324,0.9223978,0.99263453,0.98158604,0.9836259,0.96847486,0.96442896,0.6017304,0.9843628,0.9841308,0.9880406,0.8643165,0.9746809,0.98768216,0.99067104,0.98315585,0.99446994,0.95387244,0.99499226,0.98004276,0.8809068,0.8912193,0.966347,0.9714113,0.942779,0.7267525,0.98137796,0.95826083,0.9833458,0.9909387,0.9764273,0.80683756,0.970122,0.9988384,0.9876541,0.98120785,0.962204,0.9774056,0.99499226,0.9765774,0.99701047,0.9961188,0.9516192
abominablemovie,0.9743557,0.94459647,0.96856874,0.9999999,0.97437906,0.9577659,0.9749827,0.96907943,0.979803,0.98346347,0.9698758,0.93944436,0.9704785,0.9791566,0.97637635,0.9460804,0.97969246,0.96529716,0.9535106,0.99029356,0.973995,0.9444058,0.9613655,0.982544,0.9367826,0.57768476,0.933046,0.9661466,0.94423574,0.95073134,0.97432506,0.9781119,0.80120796,0.9114967,0.5599567,0.7065153,0.9723851,0.9733451,0.9895075,0.9771141,0.9527366,0.94289535,0.9195329,0.9597705,0.96887904,0.92750156,0.9670828,0.9671778,0.9535717,0.9607088,0.9505596,0.9915411,0.9217569,0.9569717,0.8789553,0.96313465,0.94399613,0.97622573,0.99012345,0.9835735,0.93210506,0.9854785,0.97305745,0.9650414,0.9846245,0.9520459,0.932743,0.98968136,0.97831935,0.9635976,0.97424567,0.27367204,0.9083278,0.9602091,0.92960465,0.8928177,0.6079291,0.924942,0.9689793,0.9426635,0.965906,0.9726578,0.96438426,0.95791626,0.93190265,0.9690062,0.94036746,0.9813592,0.9698657,0.97957647,0.96399987,0.97424567,0.90749896,0.9574032,0.9534948,0.965164,0.968053,0.98095983,0.95852184,0.9222973,0.93130445,0.9702028,0.90008044,0.9731516,0.96481603,0.95586044,0.9793933,0.9523104,0.84518576,0.9654173,0.9764163,0.38205183,0.98262227,0.518885,0.96126,0.9520059,0.9781467,0.8950642,0.971603,0.9694763,0.95804155,0.98866206,0.97002125,0.9391858,0.9818267,0.9748333,0.9704026,0.9525243,0.9587902,0.60558265,0.9859214,0.95491296,0.97932017,0.9282287,0.97667575,0.96446383,0.9791665,0.9817617,0.9728505,0.97021466,0.979803,0.9417344,0.9133726,0.9242202,0.9456621,0.98911923,0.9500626,0.69449013,0.9729695,0.94760805,0.9742334,0.9716581,0.9744298,0.7855786,0.9333326,0.96492386,0.9754799,0.96763057,0.9829291,0.972422,0.979803,0.9618469,0.96969867,0.9621535,0.898013
adastramovie,0.978604,0.9858706,0.9812723,0.97437906,1.0,0.94300437,0.99027115,0.97582734,0.9910718,0.9831669,0.9839577,0.92331153,0.9512836,0.9902893,0.9741897,0.98342794,0.98023427,0.9934766,0.9512332,0.9757288,0.9849129,0.9430591,0.98784834,0.98924637,0.9529704,0.57214,0.9171702,0.9753443,0.970142,0.9522989,0.9581318,0.9566269,0.8336769,0.9301428,0.5636186,0.68879896,0.99395293,0.9326662,0.99052215,0.93900955,0.9617422,0.97097206,0.926045,0.97151226,0.981402,0.96306443,0.9907768,0.98106533,0.92570907,0.9761632,0.96904624,0.99011624,0.9011229,0.96875834,0.8380053,0.9837065,0.9629654,0.99014753,0.98597556,0.9889194,0.9644524,0.9628866,0.982959,0.98955536,0.9797129,0.9561774,0.96513385,0.98736656,0.98256093,0.92895526,0.98863447,0.22301218,0.91364795,0.98177695,0.90234417,0.9452034,0.5896538,0.9644623,0.9833883,0.9448767,0.95779216,0.9612349,0.9872807,0.9522871,0.90956867,0.9778338,0.94637305,0.98181295,0.9910015,0.98883224,0.9825692,0.98863447,0.8845731,0.9439328,0.979197,0.96258855,0.9764784,0.98476356,0.96907777,0.94746757,0.9639851,0.9589796,0.9325583,0.97930324,0.97941476,0.9718905,0.9942634,0.9775034,0.8836941,0.95869493,0.9914831,0.36921275,0.9790692,0.5068217,0.95399064,0.97259015,0.98392594,0.8722739,0.9873978,0.98964274,0.9909237,0.97976905,0.9778647,0.9139911,0.98692,0.9856354,0.9768226,0.9503705,0.980078,0.55989605,0.9895319,0.98536104,0.985275,0.8960802,0.96622497,0.9734003,0.969996,0.97504157,0.98861,0.988074,0.9910718,0.9546518,0.9399574,0.93983227,0.9653583,0.98747385,0.9488448,0.7021186,0.99421835,0.9158378,0.9972521,0.98265755,0.99116063,0.77914226,0.96481895,0.9846962,0.9718402,0.9926141,0.9575562,0.9586478,0.9910718,0.9726261,0.9831866,0.9747494,0.93143415
adogsjourneymovie,0.94774693,0.9087433,0.93859035,0.9577659,0.94300437,1.0,0.9232598,0.91634935,0.93381286,0.9533822,0.94945294,0.93779117,0.9432923,0.92593867,0.9177949,0.92107236,0.9263082,0.9486309,0.91598475,0.96077657,0.9348261,0.9603688,0.9489031,0.9324918,0.9199828,0.48907387,0.94533885,0.9568101,0.9247087,0.888918,0.9468182,0.9325828,0.80801564,0.9136271,0.4974296,0.6490601,0.9349274,0.9600817,0.9530035,0.9513646,0.9484981,0.9290263,0.9237683,0.9386187,0.93917173,0.89528936,0.9568057,0.936758,0.94111276,0.93635046,0.9335844,0.9586314,0.94725937,0.93185717,0.8896772,0.95441574,0.93906856,0.9425265,0.95561993,0.9476818,0.90975285,0.9745622,0.93879646,0.91013515,0.95230734,0.9800777,0.8596114,0.95068383,0.9298557,0.94762886,0.9365306,0.26819927,0.92230254,0.94710094,0.9354683,0.8489015,0.5931577,0.88072366,0.9359241,0.9624972,0.9609758,0.9508575,0.92460144,0.91400266,0.95569646,0.9389573,0.9120988,0.9425196,0.9519933,0.93094134,0.9490133,0.9365306,0.8941924,0.8978783,0.9334731,0.92389107,0.94642055,0.94952184,0.89496464,0.93526083,0.89891535,0.97291785,0.89541584,0.9408881,0.9506038,0.9401226,0.94073206,0.919794,0.85932773,0.9579555,0.94122815,0.27014473,0.97617286,0.43666896,0.9673796,0.93110275,0.9487999,0.92670286,0.9354378,0.9150501,0.9118235,0.9616541,0.9469193,0.98321784,0.9475234,0.9181688,0.961747,0.94508415,0.9689252,0.55542153,0.94259024,0.9201265,0.9447837,0.86052996,0.9517664,0.9047026,0.96093494,0.94982755,0.9245,0.95229435,0.93381286,0.9313386,0.8513404,0.9033693,0.95096785,0.9502835,0.91860425,0.6530795,0.9292635,0.929887,0.9349605,0.961845,0.94939536,0.7905264,0.89260364,0.9340158,0.9268084,0.9519526,0.946521,0.9676178,0.93381286,0.9374093,0.92212164,0.94514495,0.90747035
aftermathmovie,0.98705244,0.9722308,0.9909782,0.9749827,0.99027115,0.9232598,1.0,0.9937994,0.99748385,0.9867376,0.9875414,0.9253795,0.95180446,0.9903283,0.98944086,0.97991633,0.9748639,0.98379946,0.97202814,0.97487295,0.99164224,0.93514115,0.9820819,0.9955655,0.96360725,0.6306357,0.910939,0.9659383,0.9737364,0.9659413,0.96961683,0.95153975,0.8396471,0.9355795,0.5521846,0.66500044,0.9963289,0.9379853,0.98450667,0.9461958,0.9659566,0.97193944,0.9348238,0.9801871,0.99058217,0.9425984,0.98270977,0.9898253,0.9324674,0.98342246,0.9732136,0.9909562,0.90541154,0.9683257,0.8655259,0.9778132,0.9522174,0.9864448,0.9877519,0.9941964,0.96938646,0.96455723,0.98589796,0.97713053,0.97683555,0.93004334,0.95366293,0.9829811,0.992508,0.91533345,0.99578166,0.2732536,0.88377416,0.9786483,0.9041907,0.9362405,0.5884874,0.95927346,0.987857,0.9359772,0.95440155,0.96792674,0.99232006,0.9540364,0.9166497,0.974923,0.9465831,0.9872966,0.9781592,0.99667895,0.9635463,0.99578166,0.9026531,0.95219827,0.9826066,0.98382366,0.9773885,0.9928149,0.98944986,0.92215157,0.9403357,0.95965314,0.94010234,0.9897184,0.9646863,0.9745555,0.99495816,0.95933354,0.88763183,0.9413144,0.9958809,0.36745995,0.96908075,0.48906556,0.956758,0.97414064,0.99135095,0.86201704,0.9947715,0.9985796,0.99102473,0.9846957,0.98510045,0.89274937,0.9890766,0.9902832,0.9705641,0.94178987,0.9551312,0.61263734,0.9924694,0.98265404,0.98477715,0.8912685,0.9702499,0.9855079,0.9789952,0.98103654,0.99773353,0.96711123,0.99748385,0.9523477,0.92132735,0.90110874,0.9461834,0.9783434,0.9304501,0.69086456,0.98835266,0.94177246,0.99536467,0.9827298,0.98313934,0.79605806,0.96468055,0.9912501,0.9856484,0.9780233,0.9645363,0.96017224,0.99748385,0.96590257,0.99416435,0.9800872,0.91871655
aftermovie,0.9922407,0.9601442,0.99228966,0.96907943,0.97582734,0.91634935,0.9937994,0.99999994,0.992519,0.9844526,0.98964715,0.94691795,0.94639957,0.97559476,0.98421896,0.9750131,0.954641,0.97502476,0.9834356,0.9694232,0.9837681,0.94402534,0.9764898,0.99238575,0.9677313,0.67584014,0.9305205,0.9515307,0.9778686,0.9783975,0.98290616,0.9504409,0.8489681,0.9491845,0.53338075,0.65638155,0.9895484,0.94796,0.97920215,0.95737493,0.96762997,0.9773902,0.94905114,0.9894377,0.9935904,0.9280152,0.97509813,0.99258584,0.9534025,0.99011695,0.9783565,0.9871983,0.92257535,0.96775067,0.8996415,0.9686878,0.94747525,0.984675,0.98339045,0.99101734,0.97155607,0.96630543,0.9846655,0.9589041,0.9752528,0.9137696,0.92564225,0.97520953,0.99179125,0.9194815,0.9927329,0.28744543,0.87083393,0.97412044,0.91160035,0.9224745,0.5827163,0.95266443,0.9839096,0.9412884,0.96447396,0.972042,0.9900894,0.9498386,0.9336112,0.9730246,0.9493461,0.97968906,0.9642442,0.99529886,0.95734227,0.9927329,0.9344742,0.95847803,0.98441637,0.9947629,0.98333454,0.9918553,0.9948413,0.9167595,0.9267608,0.96329755,0.9560712,0.9930204,0.9634376,0.9800449,0.9888379,0.95134103,0.90643615,0.9410689,0.992122,0.3495353,0.96804863,0.47255993,0.9687305,0.9791291,0.9939558,0.86367285,0.9937574,0.99147624,0.9829566,0.98717684,0.9914866,0.8921131,0.98609835,0.9894115,0.9599666,0.94934154,0.94220763,0.6659352,0.9839154,0.96969783,0.9750008,0.8740917,0.97646135,0.9892964,0.9849194,0.97524685,0.9949336,0.95335126,0.992519,0.9595733,0.901154,0.8807319,0.9409269,0.97012705,0.918714,0.6781473,0.9725255,0.96400744,0.9829269,0.9844523,0.97796816,0.80872685,0.9564239,0.98925096,0.983331,0.9684378,0.968416,0.9699722,0.992519,0.9620667,0.9947806,0.9827026,0.92762643
ahiddenlifefilm,0.99218625,0.9764499,0.99499226,0.979803,0.9910718,0.93381286,0.99748385,0.992519,1.0000001,0.98675716,0.9914585,0.9371689,0.96525353,0.99295604,0.9911452,0.98491013,0.9797237,0.9863362,0.9759642,0.98046887,0.9933247,0.95111233,0.9872027,0.99800247,0.967742,0.6053489,0.92659223,0.9767018,0.98075014,0.9738733,0.9756646,0.9669207,0.8548996,0.94850314,0.5896502,0.7052228,0.99705166,0.9506703,0.9876973,0.9574293,0.9749253,0.97282,0.9335457,0.98212117,0.99407226,0.93627083,0.98818266,0.98968107,0.9375881,0.98526406,0.9816036,0.994743,0.9171802,0.96968186,0.8763468,0.9848093,0.9669979,0.989086,0.9900115,0.99751496,0.96928966,0.9729691,0.99390274,0.9821328,0.9792558,0.9377274,0.9562705,0.9823293,0.99100655,0.9257559,0.99821216,0.25809976,0.9089799,0.98471874,0.9251802,0.9433141,0.6231589,0.96502686,0.99101967,0.9396518,0.96462035,0.9762989,0.99454874,0.96971935,0.9300995,0.9806001,0.9604665,0.9929973,0.97928387,0.99684876,0.96952397,0.99821216,0.9094551,0.95851696,0.986578,0.9857715,0.98318475,0.994486,0.9843629,0.9379577,0.93614715,0.968292,0.94380105,0.99318486,0.9759593,0.9818396,0.9979112,0.9604265,0.89753085,0.9580092,0.99734896,0.39732966,0.9765927,0.52890027,0.9619122,0.982574,0.9951288,0.8893682,0.9974136,0.9934688,0.988839,0.98957,0.9898761,0.9118363,0.99518794,0.9909199,0.9819563,0.95930284,0.96548325,0.5911275,0.9944515,0.9871282,0.9930867,0.8983863,0.9750116,0.9888812,0.9852031,0.9864733,0.9978022,0.9675731,1.0000001,0.9668651,0.91114247,0.9129774,0.9591988,0.9842759,0.94987327,0.72555536,0.99263257,0.9462607,0.9931593,0.9859914,0.9831935,0.7987903,0.9683435,0.9952748,0.9902095,0.98345965,0.9701482,0.97002566,1.0000001,0.97791296,0.99687284,0.98684275,0.932319
alitamovie,0.98487514,0.9516001,0.9809379,0.98346347,0.9831669,0.9533822,0.9867376,0.9844526,0.98675716,1.0000002,0.98228884,0.9490479,0.94809955,0.98067784,0.9796254,0.9612014,0.96910596,0.9751004,0.96687657,0.98872215,0.98321235,0.9522224,0.9723422,0.9864793,0.96027917,0.6202598,0.93175566,0.9602359,0.96029353,0.95636344,0.9830264,0.95659494,0.81611556,0.9292462,0.5141895,0.6553777,0.9829068,0.95951265,0.98684305,0.96435446,0.970211,0.9633224,0.94516796,0.9766569,0.9846362,0.94435865,0.97466165,0.9841259,0.95913833,0.9765494,0.9627959,0.99296796,0.9332276,0.96030223,0.8853483,0.96511304,0.9508636,0.98248714,0.99201536,0.98939085,0.96552575,0.98499143,0.9801272,0.96273357,0.98706114,0.94408065,0.922719,0.9906765,0.9874023,0.9548843,0.98404956,0.28445044,0.879802,0.9657086,0.9244784,0.9033331,0.57924825,0.93494153,0.9776295,0.9501914,0.97021586,0.97414476,0.98021483,0.9466602,0.93412304,0.98258483,0.933845,0.98229486,0.97392946,0.9883662,0.9664305,0.98404956,0.92905474,0.9640685,0.969465,0.9821899,0.9829558,0.99262893,0.9799616,0.91513675,0.9456922,0.977857,0.9319327,0.9813721,0.970233,0.96660715,0.9844577,0.96256196,0.87519956,0.9482816,0.98518425,0.3248107,0.98439574,0.4671567,0.9783415,0.96352553,0.99016535,0.8706662,0.98339057,0.9826709,0.97108525,0.99305373,0.9809885,0.92590904,0.9878127,0.98070204,0.96839595,0.9470328,0.95930946,0.6389653,0.99182683,0.9581173,0.9771595,0.9147875,0.9840166,0.9720762,0.98069715,0.9774022,0.9846055,0.9737571,0.98675716,0.9479009,0.9207402,0.91513944,0.9418856,0.9859474,0.93094176,0.6571434,0.97520375,0.9580773,0.98379576,0.9820307,0.9827411,0.81977904,0.9354546,0.97645843,0.97337115,0.971189,0.9827913,0.9789201,0.98675716,0.9567941,0.98169523,0.9727301,0.91265476
angelhasfallen,0.99636537,0.973321,0.9959141,0.9698758,0.9839577,0.94945294,0.9875414,0.98964715,0.9914585,0.98228884,0.9999998,0.9648705,0.96117485,0.97340035,0.9746851,0.98854303,0.95546573,0.9893353,0.979243,0.9721553,0.9836381,0.9695793,0.992543,0.99012387,0.97569615,0.6109125,0.95760787,0.97054607,0.9884332,0.9754419,0.98328257,0.9566233,0.8671919,0.96902233,0.56161654,0.68814117,0.99139076,0.9589496,0.9842135,0.9634485,0.98281956,0.985847,0.95401484,0.9923891,0.99576974,0.9329289,0.9928106,0.99525684,0.9579871,0.993169,0.9907368,0.99025416,0.9442586,0.98118913,0.907119,0.9893667,0.9711174,0.9905368,0.98632455,0.9926012,0.9813804,0.9775386,0.9914005,0.9625575,0.97732073,0.9522099,0.92382073,0.9746732,0.98718077,0.929842,0.9932658,0.2909891,0.91844255,0.9893225,0.93787265,0.9277771,0.6111032,0.9566913,0.98581487,0.96365064,0.98218536,0.9780647,0.9925513,0.96120876,0.9574453,0.9838247,0.96121657,0.98300815,0.9795041,0.9893296,0.97605413,0.9932658,0.9354831,0.9537794,0.99577075,0.98648053,0.9942388,0.9898168,0.97651345,0.95369786,0.93384564,0.9769863,0.968689,0.99589753,0.9829708,0.9927367,0.9917108,0.9608087,0.9282981,0.96508646,0.995312,0.35878783,0.98563,0.49576142,0.9819526,0.99221057,0.9966987,0.9047058,0.99621665,0.98407906,0.98460704,0.9899651,0.9974406,0.92880017,0.9904439,0.9833748,0.9786346,0.97275716,0.97069407,0.6118112,0.9833415,0.9808756,0.98219,0.8693504,0.9818625,0.9841816,0.99232435,0.97928196,0.9899652,0.9676583,0.9914585,0.97884154,0.8939448,0.9017702,0.97034746,0.9728294,0.93949187,0.71012545,0.9775409,0.96142787,0.98499256,0.99597824,0.985879,0.8212648,0.96207106,0.99434507,0.98024046,0.98540354,0.9700786,0.9844022,0.9914585,0.97930324,0.9911282,0.99251205,0.9561264
angrybirdsmovie,0.9622301,0.9106501,0.9489582,0.93944436,0.92331153,0.93779117,0.9253795,0.94691795,0.9371689,0.9490479,0.9648705,1.0,0.9196629,0.9056674,0.9135008,0.93309194,0.8887791,0.93536,0.94520706,0.94070715,0.92238027,0.9739278,0.9427808,0.94351137,0.9411121,0.6063342,0.98961663,0.913111,0.94608676,0.960154,0.97784245,0.9342388,0.81691355,0.94979995,0.5116146,0.6923854,0.930357,0.96242666,0.94952947,0.9659511,0.9506895,0.949501,0.9452324,0.96285254,0.9544136,0.8898097,0.9426149,0.95865244,0.98235726,0.95666236,0.95298415,0.94998163,0.96303123,0.95131636,0.9338929,0.93460786,0.9405594,0.9541556,0.94951576,0.9434578,0.9511599,0.9678019,0.95020264,0.89575505,0.9491226,0.9294332,0.8282326,0.9363018,0.9446161,0.95713085,0.93708724,0.33693653,0.89480895,0.93588907,0.9469841,0.8402676,0.5789843,0.88850206,0.93036973,0.9604649,0.99005055,0.94824225,0.9413149,0.9256162,0.9650083,0.96614414,0.92269075,0.9293271,0.9267601,0.93895906,0.9518867,0.93708724,0.9746334,0.944189,0.9537932,0.95459366,0.9800747,0.94409883,0.92992735,0.92571104,0.8995451,0.9608503,0.9526103,0.95533305,0.96492517,0.95962155,0.93660784,0.9335561,0.91449356,0.9526334,0.942637,0.32888186,0.9734,0.4851111,0.98549694,0.9561326,0.9602015,0.8985929,0.9465364,0.9191983,0.9217955,0.96410584,0.9654525,0.9332513,0.95002985,0.93443084,0.9284018,0.9713989,0.931062,0.65794474,0.93330884,0.90888375,0.9281931,0.844751,0.97361046,0.9459301,0.96597946,0.926349,0.93081796,0.9275964,0.9371689,0.9587755,0.8437788,0.8805459,0.93787307,0.9366607,0.9055906,0.66027904,0.91060984,0.96799093,0.91983306,0.9622225,0.9482985,0.8432248,0.8875448,0.93927664,0.9233892,0.93738526,0.96361655,0.9869806,0.9371689,0.93925935,0.9400697,0.9505188,0.9390797
annabellemovie,0.96950513,0.9339372,0.96451545,0.9704785,0.9512836,0.9432923,0.95180446,0.94639957,0.96525353,0.94809955,0.96117485,0.9196629,0.9999999,0.9638467,0.9688252,0.9481177,0.9644644,0.9537434,0.9595178,0.96485955,0.9629718,0.94011945,0.95876575,0.9604655,0.93593055,0.4940416,0.92945856,0.97498393,0.94834244,0.94448733,0.956257,0.98094517,0.860399,0.9363673,0.69418496,0.7859205,0.95602524,0.9723624,0.9579929,0.9728278,0.966011,0.92033947,0.8771633,0.939397,0.95896065,0.851608,0.963306,0.94597566,0.9204148,0.9437663,0.9612882,0.97190964,0.92616993,0.9382205,0.89511067,0.971382,0.9500562,0.95042074,0.96670794,0.97301,0.91584706,0.9684774,0.9737451,0.944301,0.9498195,0.92963886,0.9187108,0.947207,0.9490968,0.90630984,0.9656686,0.23519762,0.95118713,0.9650081,0.9601025,0.90484226,0.7432658,0.92955273,0.9592878,0.90260917,0.9430244,0.9823042,0.9561161,0.9826968,0.95025575,0.9468642,0.9658486,0.98249894,0.9456305,0.9554165,0.92687744,0.9656686,0.8768056,0.9419233,0.9484793,0.9513549,0.95298433,0.9577507,0.92176855,0.93392736,0.8566546,0.96083444,0.8900024,0.9673062,0.95167637,0.95922923,0.9654916,0.8965872,0.85916066,0.96546614,0.96435505,0.48359,0.9575336,0.6158295,0.9328343,0.96346676,0.96514374,0.9487169,0.9624087,0.93910015,0.93323815,0.96808183,0.9612991,0.9456467,0.97221094,0.95378613,0.9815154,0.9573393,0.9456425,0.50216323,0.96335536,0.9613651,0.97709984,0.8982176,0.94983083,0.9507089,0.9729928,0.98499453,0.9581259,0.9298497,0.96525353,0.95596033,0.82062066,0.8665995,0.94943243,0.95634633,0.9720671,0.81753093,0.95737517,0.9312255,0.9468816,0.9532207,0.9359712,0.75811034,0.94434327,0.9626519,0.98342365,0.95162,0.9578909,0.958619,0.96525353,0.97691405,0.95890737,0.9681804,0.9143936
annamovie,0.97508144,0.9710207,0.9792667,0.9791566,0.9902893,0.92593867,0.9903283,0.97559476,0.99295604,0.98067784,0.97340035,0.9056674,0.9638467,0.99999994,0.99012715,0.9692626,0.99222374,0.97531104,0.9521814,0.97799087,0.9887762,0.9267522,0.97364295,0.99085015,0.941271,0.54287267,0.8940103,0.9738992,0.95885915,0.9541262,0.95429176,0.96740043,0.8215515,0.9157901,0.6054183,0.71564424,0.9883584,0.9373573,0.98371756,0.94567615,0.95833606,0.94587046,0.895995,0.9563634,0.97737694,0.93332046,0.9774189,0.9705916,0.90851253,0.9618648,0.960294,0.9887642,0.8853656,0.9550317,0.8291192,0.97369075,0.9525214,0.9786027,0.9854445,0.99013937,0.94696105,0.96272546,0.9849267,0.9902097,0.9733163,0.9309511,0.96893704,0.98121977,0.9815666,0.9164158,0.9877762,0.21272694,0.90399563,0.97049546,0.9101374,0.9375523,0.62561035,0.9541892,0.9775761,0.9105986,0.9429184,0.965004,0.9838897,0.9665445,0.8990251,0.9713753,0.94402707,0.9915882,0.97473127,0.98702776,0.9600008,0.9877762,0.8669631,0.9521568,0.9654402,0.9647717,0.96414036,0.9847342,0.96947753,0.9236352,0.9344859,0.95091486,0.90457594,0.9764301,0.9642884,0.95978874,0.9906582,0.95483416,0.8506052,0.9476177,0.9864617,0.41076377,0.96664447,0.5462638,0.93734074,0.96291035,0.9811708,0.8728301,0.9844889,0.98502284,0.9811645,0.97704387,0.96984434,0.8997098,0.98790115,0.98415047,0.97947216,0.938608,0.95924306,0.52706707,0.9940774,0.98058134,0.9903853,0.924745,0.9628682,0.9745218,0.96783686,0.9829802,0.9882684,0.96616197,0.99295604,0.9452705,0.9209195,0.9222392,0.9474344,0.9846119,0.9572335,0.7317738,0.9961438,0.9151255,0.99011827,0.9667585,0.97191864,0.7588,0.9593602,0.9815087,0.98355144,0.9754337,0.96252155,0.9516019,0.99295604,0.9667871,0.9854876,0.9681082,0.9024097
apollo11movie,0.9804901,0.953357,0.9826678,0.97637635,0.9741897,0.9177949,0.98944086,0.98421896,0.9911452,0.9796254,0.9746851,0.9135008,0.9688252,0.99012715,0.99999994,0.95995647,0.98278034,0.9645012,0.97278035,0.9806995,0.9941734,0.92138404,0.9623605,0.98645616,0.9552485,0.5919447,0.8977827,0.9613577,0.9552006,0.95638424,0.96692336,0.9603095,0.8218709,0.9213594,0.60159296,0.69323736,0.9829472,0.95545065,0.9743599,0.9568561,0.9643553,0.94035274,0.8998728,0.9596173,0.97917646,0.9060843,0.96550494,0.9701345,0.91851854,0.96320945,0.96033627,0.9870396,0.8954474,0.9431007,0.8682622,0.96731496,0.9393875,0.9663597,0.98571944,0.9918893,0.9426413,0.9696681,0.98386,0.9660639,0.973985,0.9093692,0.9415805,0.9735015,0.9789647,0.90670174,0.9869318,0.25794864,0.88206863,0.9625506,0.9172189,0.91612685,0.6395659,0.9379217,0.9759181,0.90684575,0.9431293,0.9714022,0.9782208,0.96775657,0.91744024,0.9624469,0.93969923,0.9953504,0.9651074,0.98493195,0.93742794,0.9869318,0.8943418,0.9655906,0.9618075,0.9822622,0.96272415,0.98583674,0.97249657,0.8954432,0.90170014,0.9614024,0.90354013,0.97987753,0.94718957,0.958096,0.98474437,0.92674744,0.8493296,0.93232614,0.9831297,0.4225338,0.95752746,0.53055274,0.94236845,0.9620269,0.98416996,0.87233806,0.98391825,0.98267204,0.9685626,0.98157513,0.972856,0.8919152,0.98262274,0.98366034,0.970776,0.9308045,0.9371239,0.58069485,0.99286366,0.96866596,0.98347867,0.9234874,0.96027374,0.97152317,0.9755576,0.99182737,0.989565,0.9463143,0.9911452,0.939007,0.88573796,0.877119,0.9238048,0.9717343,0.937297,0.7255397,0.98094183,0.94230217,0.9807785,0.96698,0.9590954,0.7893987,0.94304615,0.98040175,0.99308515,0.9558832,0.971737,0.9542762,0.9911452,0.96314114,0.9867546,0.9699684,0.8896926
arcticdogsmovie,0.9836333,0.9872368,0.9888632,0.9460804,0.98342794,0.92107236,0.97991633,0.9750131,0.98491013,0.9612014,0.98854303,0.93309194,0.9481177,0.9692626,0.95995647,0.99999994,0.95116085,0.9907478,0.9674558,0.95183253,0.97398025,0.9603986,0.9944225,0.97956127,0.972951,0.59416854,0.93246895,0.97402215,0.99373347,0.9671431,0.95638525,0.9472055,0.9023236,0.9732612,0.6147726,0.72125554,0.9884317,0.9201943,0.9683176,0.92592126,0.97640556,0.9852554,0.934236,0.98149747,0.9873462,0.92776734,0.9921324,0.9827535,0.9215211,0.9865343,0.9916157,0.9745679,0.9167393,0.96647096,0.8709863,0.9875354,0.981307,0.9814798,0.9631998,0.98124456,0.97937536,0.9463029,0.9842171,0.97245455,0.9551252,0.93468356,0.9496718,0.9543793,0.97192055,0.89858127,0.98854303,0.25015357,0.92871356,0.99267066,0.9177925,0.96623003,0.64741194,0.9841868,0.9880176,0.9394813,0.95547384,0.96315217,0.99101496,0.9570446,0.9304713,0.96952003,0.9699683,0.9712819,0.9718525,0.9805089,0.9695516,0.98854303,0.89835644,0.9276028,0.9935706,0.96774155,0.9800635,0.9755105,0.9639019,0.96334624,0.9298853,0.95596534,0.96926916,0.9839169,0.982177,0.9907379,0.9875531,0.9574758,0.94259167,0.96133244,0.98878866,0.40775603,0.9634416,0.54965514,0.9507745,0.99195206,0.98193043,0.89875823,0.98913646,0.97799295,0.9845106,0.968926,0.98519677,0.9097582,0.981971,0.9734285,0.975295,0.96921843,0.9738004,0.5592491,0.96907943,0.99062365,0.98011255,0.83535135,0.9522513,0.9799851,0.9688781,0.96373504,0.98534405,0.9585474,0.98491013,0.9818409,0.88650906,0.90761566,0.97545826,0.9642501,0.94739896,0.7533242,0.980477,0.9189876,0.9795313,0.98275334,0.9754493,0.7918997,0.9787294,0.9928042,0.96904004,0.9888857,0.9337823,0.9568855,0.98491013,0.98036736,0.9862267,0.98946977,0.9714943
arcticmovie,0.9574243,0.96064436,0.9606017,0.97969246,0.98023427,0.9263082,0.9748639,0.954641,0.9797237,0.96910596,0.95546573,0.8887791,0.9644644,0.99222374,0.98278034,0.95116085,1.0,0.9634124,0.93860406,0.9828253,0.982447,0.9128052,0.9548057,0.9752782,0.93275744,0.51672834,0.8798984,0.9697793,0.9341515,0.9313644,0.94040656,0.96688366,0.79601663,0.8919193,0.6328982,0.73594373,0.9719817,0.93951094,0.97645974,0.93798023,0.94651884,0.92073405,0.86848956,0.9329287,0.9559705,0.9235416,0.96148705,0.9476194,0.8943205,0.93983114,0.93861187,0.9807701,0.86844355,0.92972344,0.81412333,0.96163005,0.9430998,0.9594518,0.9775279,0.97937346,0.9204969,0.9608882,0.9692009,0.9835295,0.9710082,0.9282906,0.9696138,0.97684574,0.960421,0.9228572,0.9708781,0.19843769,0.9083541,0.95433664,0.90492636,0.9200741,0.6523515,0.9377396,0.96699864,0.89719176,0.92827255,0.9548571,0.96223515,0.96358126,0.88883543,0.95659155,0.9298052,0.9865968,0.97279835,0.97013766,0.94772404,0.9708781,0.8500466,0.9493787,0.94082433,0.9468319,0.9460512,0.96940446,0.94308287,0.9047355,0.9235369,0.9494101,0.86806124,0.95662886,0.9516569,0.93858325,0.97712356,0.94117326,0.8130136,0.9440708,0.9696487,0.46603334,0.95673454,0.58504075,0.9183028,0.9408446,0.9631844,0.87213284,0.96464425,0.9695195,0.959886,0.9680528,0.94879794,0.9036021,0.9733858,0.9700079,0.97149163,0.92767596,0.9547387,0.5065522,0.988091,0.9658558,0.9829947,0.94321704,0.9425349,0.952102,0.9518641,0.982195,0.9730153,0.9635268,0.9797237,0.92436445,0.9141262,0.9254401,0.9304982,0.9831056,0.96003234,0.7426215,0.9876843,0.8956852,0.97854596,0.95187074,0.9581488,0.7518511,0.9361029,0.9621256,0.9743324,0.9629552,0.958691,0.93645567,0.9797237,0.9601097,0.96679795,0.9502276,0.8784482
artofracingmovie,0.9841117,0.9849191,0.9841285,0.96529716,0.9934766,0.9486309,0.98379946,0.97502476,0.9863362,0.9751004,0.9893353,0.93536,0.9537434,0.97531104,0.9645012,0.9907478,0.9634124,1.0000001,0.9629037,0.96961164,0.9802287,0.9569991,0.9944439,0.9823542,0.96759886,0.6079167,0.9396785,0.9779869,0.9812241,0.9541315,0.96551293,0.9529937,0.86946386,0.95295244,0.57449156,0.69180375,0.99325013,0.9386584,0.9839133,0.9411728,0.9688827,0.98404527,0.94660616,0.9819209,0.9847707,0.9521946,0.9954092,0.9835783,0.9376541,0.98543423,0.98064005,0.98649466,0.9230703,0.96634144,0.87236696,0.9914562,0.97153306,0.98865885,0.98008096,0.98600984,0.9675483,0.96181095,0.9836358,0.97543603,0.9746767,0.95967734,0.9522108,0.97794414,0.974633,0.9240767,0.9884495,0.23340786,0.9276645,0.98952127,0.9095101,0.9541474,0.6092484,0.9722482,0.9882323,0.9622145,0.9652375,0.9652973,0.98462665,0.95266986,0.9305413,0.9715643,0.9622036,0.97591066,0.98952955,0.9860718,0.9815398,0.9884495,0.9063255,0.93833697,0.9878184,0.96688735,0.9810216,0.98069817,0.9624337,0.9620645,0.95091796,0.96866786,0.9529073,0.9831702,0.9822837,0.9830507,0.9932025,0.96726066,0.919284,0.9659942,0.99137557,0.3769771,0.97792363,0.506293,0.96122134,0.98426276,0.98526585,0.894373,0.9881908,0.9835707,0.9846289,0.9810446,0.9850394,0.92852014,0.98434776,0.9823211,0.975897,0.962559,0.98516625,0.5938775,0.9785048,0.98751915,0.98198164,0.86250305,0.96106416,0.97116125,0.9756693,0.9729202,0.986386,0.98389137,0.9863362,0.9672856,0.9118102,0.92445534,0.972887,0.9795862,0.9431565,0.7188486,0.9829872,0.92789185,0.9899929,0.99027103,0.9913764,0.8040757,0.9695114,0.987513,0.9713279,0.9943343,0.95071465,0.9622394,0.9863362,0.9839968,0.9801402,0.9846267,0.9559229
avengers,0.9889308,0.93662304,0.98498195,0.9535106,0.9512332,0.91598475,0.97202814,0.9834356,0.9759642,0.96687657,0.979243,0.94520706,0.9595178,0.9521814,0.97278035,0.9674558,0.93860406,0.9629037,1.0000001,0.9637803,0.97191525,0.95230913,0.9668053,0.96880615,0.98483264,0.6840184,0.9400678,0.95435184,0.9753096,0.96903336,0.98338276,0.9509448,0.8987024,0.97009534,0.6083927,0.7010434,0.9698566,0.95842886,0.9534527,0.9585866,0.98296946,0.96424264,0.9416722,0.97992885,0.9844026,0.87223685,0.9632041,0.9765872,0.95441467,0.98122275,0.98141086,0.9733101,0.94964457,0.9391724,0.9466057,0.9632877,0.95395935,0.9588161,0.96447027,0.98003787,0.96041197,0.9649824,0.9756968,0.9284416,0.9556799,0.89619094,0.9020168,0.94848454,0.96518445,0.90659934,0.98085666,0.29890576,0.8889602,0.97101086,0.9407982,0.9182515,0.6902758,0.9512959,0.98305124,0.9270648,0.95143217,0.98468786,0.97421426,0.9582282,0.96318775,0.954559,0.9662973,0.974581,0.94249815,0.97601235,0.9246015,0.98085666,0.9441225,0.95166904,0.97278386,0.9924511,0.974526,0.97590774,0.96911347,0.90888023,0.871466,0.9753605,0.95211506,0.98515975,0.95218295,0.98002976,0.97199464,0.907423,0.9229306,0.94217455,0.9775594,0.42596024,0.95074,0.53983176,0.9594016,0.9786194,0.98243093,0.9045986,0.9792204,0.9656475,0.9484169,0.9803279,0.98332363,0.91536075,0.97585815,0.9666863,0.9591437,0.9559168,0.9306128,0.6720323,0.96439093,0.95864344,0.9677196,0.849315,0.9551911,0.97392136,0.97979575,0.9759603,0.98025715,0.92495304,0.9759642,0.9653671,0.82866824,0.83681375,0.9312381,0.95163256,0.9245558,0.7420978,0.9472743,0.9701126,0.9547057,0.97306925,0.94994265,0.8270945,0.9482061,0.9790352,0.9842373,0.94975495,0.95751625,0.9656963,0.9759642,0.9672125,0.98036134,0.9867325,0.93895227
beachbummovie,0.9765528,0.9501455,0.9714799,0.99029356,0.9757288,0.96077657,0.97487295,0.9694232,0.98046887,0.98872215,0.9721553,0.94070715,0.96485955,0.97799087,0.9806995,0.95183253,0.9828253,0.96961164,0.9637803,1.0,0.98521847,0.95031774,0.96089154,0.9768424,0.959655,0.5919062,0.93070686,0.96664745,0.9468283,0.9423043,0.9773278,0.9692409,0.8100577,0.9207131,0.56994814,0.6981215,0.973241,0.9758111,0.98456657,0.96773726,0.96697575,0.9447695,0.9205868,0.9610708,0.9708939,0.93007934,0.96643466,0.96419007,0.94906574,0.96236175,0.953242,0.9915948,0.92321074,0.93741894,0.88568324,0.9638244,0.9528049,0.9678775,0.9888049,0.98660135,0.9382918,0.9900581,0.9750325,0.9617611,0.9908164,0.9449938,0.9285636,0.9872304,0.9693279,0.9630441,0.9749849,0.26433685,0.9025614,0.9594012,0.93174803,0.89893013,0.63050497,0.9283013,0.97477776,0.94290644,0.96512824,0.9730251,0.96355355,0.9583077,0.9378902,0.96863765,0.93532515,0.9862148,0.97705436,0.97694796,0.95925546,0.9749849,0.92161345,0.9679812,0.9530897,0.97318333,0.96980685,0.9835736,0.954329,0.9096683,0.9288478,0.98642945,0.9023056,0.96957713,0.96538305,0.95578647,0.978616,0.9473709,0.85107493,0.9585709,0.9742694,0.4019531,0.9795385,0.5264388,0.96440077,0.9537993,0.9798883,0.89231783,0.9711059,0.96908426,0.95304936,0.99131876,0.96951,0.9421395,0.9798114,0.97418046,0.97145104,0.95050734,0.96429396,0.614325,0.99062383,0.95184183,0.97945935,0.9338537,0.96633196,0.95538676,0.975187,0.98764783,0.9762114,0.97153413,0.98046887,0.9410699,0.90324056,0.9215417,0.9361774,0.98986983,0.9461464,0.6963238,0.973417,0.9474115,0.9750349,0.9755232,0.9716258,0.8171872,0.9201988,0.96668506,0.9748671,0.96540225,0.9832103,0.9712469,0.98046887,0.964662,0.9711699,0.9655596,0.902273
bernadettefilm,0.9838077,0.97067046,0.98734754,0.973995,0.9849129,0.9348261,0.99164224,0.9837681,0.9933247,0.98321235,0.9836381,0.92238027,0.9629718,0.9887762,0.9941734,0.97398025,0.982447,0.9802287,0.97191525,0.98521847,0.9999998,0.93666524,0.97436774,0.9863556,0.9695364,0.5944218,0.90919477,0.9690048,0.96541786,0.9498402,0.9675672,0.9522247,0.83175576,0.93359566,0.58221585,0.67630905,0.9903846,0.95317966,0.9796225,0.94758224,0.97202814,0.957467,0.9167106,0.96943724,0.98374486,0.9306267,0.977924,0.9754349,0.92072785,0.97284955,0.9682128,0.9901382,0.9005066,0.9473014,0.86728823,0.9791263,0.9544662,0.9723457,0.9873368,0.9946539,0.95522004,0.9727568,0.98644185,0.97146595,0.98200613,0.93121296,0.9448744,0.977804,0.97925824,0.9142204,0.9902761,0.27453586,0.8937078,0.97271866,0.91371536,0.9289065,0.62175155,0.947278,0.9833123,0.9307695,0.95412177,0.9671861,0.98134476,0.9620738,0.92410433,0.96706736,0.9397431,0.9943139,0.98293215,0.9862808,0.9553397,0.9902761,0.9036124,0.96108425,0.97251093,0.9824727,0.97007746,0.9897168,0.96889657,0.91233945,0.92326987,0.9733667,0.92013824,0.980946,0.9598234,0.96641326,0.99006474,0.9429063,0.8709941,0.9405649,0.9873689,0.4014308,0.96683484,0.50985414,0.953588,0.969675,0.9879356,0.8763706,0.987848,0.9873272,0.9765707,0.9848951,0.9786797,0.9051123,0.9832531,0.9851908,0.9760966,0.9398695,0.9600298,0.5829171,0.99547726,0.9753258,0.9857389,0.9108604,0.9582652,0.9673913,0.9769234,0.991848,0.99260277,0.9633711,0.9933247,0.9469409,0.89859843,0.898513,0.93768364,0.9772388,0.9350749,0.7109302,0.9871453,0.9384892,0.98961043,0.9809248,0.97248733,0.8139503,0.9437023,0.98660225,0.98646486,0.97071195,0.96768606,0.95841,0.9933247,0.97063226,0.98799944,0.9766367,0.90981233
