movie,21bridgesmovie,47metersdown,abeautifuldaymovie,abominablemovie,adastramovie,adogsjourneymovie,aftermathmovie,aftermovie,ahiddenlifefilm,alitamovie,angelhasfallen,angrybirdsmovie,annabellemovie,annamovie,apollo11movie,arcticdogsmovie,arcticmovie,artofracingmovie,avengers,beachbummovie,bernadettefilm,blackandbluemovie,blackchristmas,blindedbythelightmovie,bombshellmovie,booksmart,breakthroughmovie,brianbanksmovie,brightburnmovie,brittanyrunsmov,captainmarvelofficial,captivestatemovie,catsmovie,charliesangels,childsplaymovie,clarathefilm,coldpursuitmovie,countdown,currentwarmovie,darkwatersmovie,detectivepikachumovie,disneyaladdin,disneyfrozen,disneymaleficent,doctorsleepmovie,dolemiteismyname,dontletgomovie,doramovie,downtonabbey_official,dumbo,escaperoom,everybodyknowsmovie,fastandfuriousmovie,fightingwmyfam,fivefeetapartfilm,fordvferrari,freaksthefilm,geminimanmovie,glassmovie,gloriabellmovie,godzillamovie,goldfinchmovie,goodboysmovie,goodliarmovie,gretafilm,halathemovie,happydeathdaymovie,harrietfilm,hellboymovie,hersmellmovie,highlifemovie,highstrungmovie,honeyboymovie,hotelmumbaifilm,httydragon,hustlemovie,hustlersmovie,isntitromantic,itmovieofficial,jayandsilentbob,johnwickmovie,jojorabbitmovie,jokermovie,judythefilm,jumanjimovie,justmercyfilm,knivesout,lalloronamovie,lastblackmansf,lastchristmasthemovie,latenightmovie,lighthousemovie,lionking,littlethemovie,littlewomenmovie,littlewoodsfilm,longshotmovie,lordsofchaosmovie,lucyintheskyfilm,mamovie2019,marriagestory,meettheaddams,meninblack,midsommarmovie,midwaymovie,missbalamovie,missinglinkfilm,motherlessbklyn,onceinhollywood,onthebasisofsex,overcomermovie,peanutbutterfalcon,petsematarymovie,piercingmovie,playingwithfire,playmobilthemovie,pomsmovie,queenandslim,rambomovie,readyornotfilm,richardjewellfilm,rocketmanmovie,scarystoriesmovie,secretlifeofpets,serenityfilm,shaftmovie,shazammovie,spidermanmovie,spiesindisguise,starwars,stormboymovie,stubermovie,taosdfilm,teenspiritmov,terminator,theaeronautsmov,thebestofenemies,thedeaddontdie,thefarewell,thehighwaymen,thehummingbirdprojectfilm,theintrudermovie,theirishmanfilm,thekitchenmovie,thelegomovie,themustangfilm,thenightingalefilm,theprodigymovie,thesunisalsoastar,theupsidefilm,tolkienmovie,toystory,triplefrontier,uglydolls,uncutgems,underthesilverlake,usmovie,wavesmovie,whatmenwant,wonderparkmovie,wrinklestheclown,xmenmovies,yardiefilm,yesterdaymovie,zombieland
21bridgesmovie,1.0,0.9574681,0.9828644,0.95552695,0.9789277,0.8089078,0.9913242,0.9914379,0.99241805,0.93576986,0.991378,0.93297684,0.99487257,0.99274737,0.9859192,0.967366,0.9942189,0.9806823,0.99577177,0.98737794,0.9900433,0.8563571,0.980722,0.9827624,0.9789528,0.3342735,0.800103,0.98903877,0.9682268,0.96871424,0.986546,0.9801904,0.95480996,0.900004,0.63924795,0.64260393,0.9889519,0.98968035,0.9737392,0.96440053,0.9960372,0.9827718,0.93458253,0.9908136,0.9880572,0.9844593,0.98424023,0.99251777,0.97888196,0.99181795,0.9717424,0.98500025,0.94343567,0.9354572,0.91067296,0.95406705,0.9210435,0.9989736,0.99460584,0.99318206,0.9738014,0.99028784,0.9846609,0.98914146,0.9651192,0.96510714,0.9807635,0.970583,0.99509513,0.86681426,0.99273705,0.47018987,0.816615,0.98917717,0.8559059,0.944276,0.38532472,0.99186623,0.9902772,0.9345149,0.9801527,0.9886354,0.9929101,0.9833387,0.913756,0.9811522,0.94567597,0.9940019,0.9816009,0.9892432,0.95644665,0.99273705,0.9629648,0.9857147,0.9818072,0.99153423,0.99019843,0.9918015,0.9941755,0.9225495,0.9838577,0.9872817,0.9087367,0.9932689,0.94146913,0.9695216,0.9941467,0.9757797,0.8676352,0.87982213,0.99423313,0.38227162,0.98991245,0.44280118,0.98330593,0.9898566,0.9988254,0.8947935,0.98902893,0.9888667,0.979779,0.9850477,0.9931489,0.84376216,0.9916895,0.9929094,0.98948723,0.9230522,0.9751131,0.8319018,0.9933401,0.9569274,0.9930494,0.9090612,0.99410135,0.9791987,0.9915906,0.95895696,0.9926746,0.9850602,0.99241805,0.93851817,0.97465974,0.9790252,0.9159912,0.98395544,0.9638527,0.783364,0.98371834,0.9876427,0.98747134,0.96925724,0.9853635,0.85655147,0.9861538,0.99439347,0.98455673,0.98807776,0.98844594,0.9892446,0.99241805,0.9700879,0.9897745,0.9862918,0.94962806
47metersdown,0.9574681,1.0,0.9752978,0.87628967,0.98893553,0.83940065,0.9790363,0.9723658,0.9795493,0.97809243,0.9433775,0.9278586,0.9637519,0.9745884,0.97170126,0.98509383,0.9503614,0.9821811,0.9737785,0.9795658,0.971414,0.8813855,0.97695106,0.97668743,0.94291633,0.48293853,0.84649193,0.94228923,0.9797615,0.98816234,0.95128095,0.9627215,0.9538347,0.96210366,0.61420804,0.609418,0.9767954,0.9266278,0.97274214,0.9380808,0.9489485,0.9663549,0.95666176,0.97022885,0.9631309,0.9634757,0.9739532,0.9630307,0.9552946,0.9686973,0.9743692,0.9772744,0.9428968,0.92051935,0.7849569,0.9863706,0.94722825,0.9610711,0.95968384,0.97997165,0.9118125,0.9536935,0.97929776,0.9569003,0.9695377,0.8860723,0.9569007,0.95067143,0.9663138,0.80201346,0.98101526,0.34544584,0.8730217,0.9789729,0.7762756,0.9108097,0.3232782,0.97012967,0.95078266,0.9161196,0.94500476,0.9445133,0.9629321,0.93759406,0.90057486,0.9611944,0.8852837,0.9769628,0.94551814,0.9785391,0.9377351,0.98101526,0.8852584,0.9533903,0.97253376,0.95919704,0.9467333,0.9763058,0.9765134,0.90094566,0.94963443,0.95812297,0.9246011,0.97420055,0.9572592,0.969483,0.97506297,0.93928605,0.9288613,0.89204955,0.9787655,0.4932707,0.9635588,0.5319357,0.94472575,0.96660984,0.96425235,0.80740553,0.98455566,0.9831272,0.96733344,0.9617696,0.96733767,0.8720657,0.95825124,0.95951205,0.95866925,0.9400309,0.9724871,0.8804368,0.97103053,0.9838857,0.96024346,0.86623764,0.974355,0.9869632,0.92348224,0.97503406,0.9746678,0.96334887,0.9795493,0.9312899,0.9450361,0.9348671,0.95591587,0.9646391,0.9447027,0.6951821,0.95599407,0.94203883,0.9787904,0.96654075,0.9761048,0.7935938,0.9537297,0.97445303,0.9760054,0.94056195,0.95931673,0.96628064,0.9795493,0.9279214,0.97535306,0.9740897,0.93760383
abeautifuldaymovie,0.9828644,0.9752978,1.0000001,0.90148973,0.98479325,0.82989645,0.99478024,0.9842565,0.9946093,0.956762,0.96983546,0.9442535,0.98455775,0.99464834,0.98900545,0.9931972,0.9770739,0.98035586,0.98882186,0.984951,0.9807928,0.8698153,0.9891199,0.99522114,0.9453074,0.38347816,0.81252044,0.9758576,0.99052733,0.9880655,0.9660201,0.968026,0.9575652,0.9400043,0.56915283,0.5852065,0.98604506,0.9503116,0.9936731,0.9662076,0.97621804,0.990249,0.966821,0.9873423,0.9897601,0.9721712,0.9861573,0.98031604,0.9710459,0.9914604,0.98979133,0.99153906,0.9620308,0.9459164,0.83631694,0.97563195,0.9396997,0.9827417,0.9814733,0.98697025,0.95136315,0.9761336,0.9864796,0.9834443,0.9823355,0.92531997,0.98052984,0.97695476,0.9778528,0.78736395,0.99005795,0.36961782,0.85910887,0.9874121,0.78934395,0.9041157,0.30955404,0.9800838,0.9650449,0.95176345,0.9553437,0.96603864,0.98578554,0.95767194,0.9278386,0.9691981,0.8938613,0.99279433,0.96896994,0.9967417,0.9641184,0.99005795,0.913788,0.9786719,0.99688137,0.98546964,0.95766693,0.9803028,0.98954463,0.92744744,0.96029896,0.9627754,0.93524194,0.9897516,0.97210425,0.9889556,0.9856747,0.9625395,0.9222306,0.8497122,0.9899926,0.46302623,0.98714787,0.45676753,0.9835037,0.98055875,0.9875639,0.83713,0.993883,0.98917556,0.97934276,0.9629156,0.99054796,0.8611688,0.98107654,0.9844586,0.9693721,0.95676535,0.98191434,0.89029264,0.9838068,0.96203536,0.9874008,0.8454986,0.98113036,0.9895035,0.9722612,0.9737936,0.98791933,0.9780955,0.9946093,0.94975483,0.9423546,0.9546039,0.951963,0.979545,0.95466566,0.69874,0.97388566,0.9600291,0.99506253,0.9889456,0.98547876,0.79900646,0.9602886,0.98707,0.97620773,0.9617305,0.9772912,0.9779724,0.9946093,0.92808986,0.9874507,0.99013793,0.96921426
abominablemovie,0.95552695,0.87628967,0.90148973,0.99999994,0.90778244,0.75601494,0.9290819,0.93949133,0.92743844,0.8635814,0.9452421,0.8213152,0.9510574,0.92222506,0.93482214,0.88796496,0.93440014,0.9065039,0.9429038,0.9377111,0.9327987,0.8041696,0.91794467,0.9184883,0.9269535,0.3183085,0.7505892,0.94103616,0.8887862,0.88973504,0.9404863,0.9192916,0.8580316,0.8430304,0.72422856,0.7305131,0.9313383,0.96418893,0.88621753,0.90981174,0.9640514,0.91484165,0.84206206,0.9429119,0.9276118,0.9186014,0.9284093,0.94007456,0.9020277,0.9369192,0.8843699,0.9184131,0.89399546,0.90591985,0.94027126,0.8572541,0.8602792,0.95416015,0.9531447,0.93440187,0.9442513,0.9300588,0.9352738,0.91854125,0.9032893,0.9554841,0.94250214,0.9094349,0.9497863,0.9078481,0.937752,0.5927939,0.7705046,0.93153775,0.92986757,0.9539913,0.5077262,0.9430992,0.93753093,0.85798883,0.92964244,0.95627046,0.9396829,0.9756592,0.86966574,0.92951363,0.95514154,0.9344249,0.9129163,0.91434443,0.90713537,0.937752,0.94339395,0.90860975,0.899706,0.95226544,0.9548435,0.9370271,0.9367627,0.9168567,0.9275716,0.933162,0.8250934,0.9370708,0.85534143,0.891736,0.93869805,0.8971904,0.7880562,0.80693156,0.9346953,0.3634249,0.92555547,0.4767061,0.9296716,0.9427106,0.9470334,0.9455807,0.9195074,0.930838,0.91436166,0.928743,0.9194709,0.80403054,0.9371004,0.93552536,0.93708104,0.8242448,0.8929853,0.6694817,0.9326197,0.8823787,0.92244786,0.89256746,0.93747824,0.91144544,0.9590267,0.8753113,0.9460614,0.90852094,0.92743844,0.8713815,0.9162677,0.9200176,0.8552869,0.9283523,0.92599505,0.85602427,0.91538,0.9550651,0.919133,0.89854926,0.90714544,0.882618,0.9308787,0.9421002,0.9223274,0.9361681,0.9148226,0.9476389,0.92743844,0.95082873,0.92115813,0.9259923,0.85454744
adastramovie,0.9789277,0.98893553,0.98479325,0.90778244,1.0,0.8448206,0.9910765,0.9869205,0.99143,0.98305917,0.96741784,0.933282,0.98280185,0.98454463,0.9839668,0.983629,0.9723506,0.9889527,0.9916116,0.991425,0.98571235,0.8870073,0.98603535,0.9875434,0.9565688,0.43987432,0.8465148,0.9639922,0.9826739,0.9945403,0.964978,0.9745259,0.97008145,0.93857604,0.63270354,0.6455078,0.987167,0.952759,0.9775885,0.9557686,0.97432625,0.9723566,0.9556477,0.9793273,0.9785649,0.97941446,0.98704815,0.97825074,0.9651743,0.98054093,0.9829355,0.98288816,0.95198536,0.92744327,0.8376571,0.99271446,0.9522733,0.97802645,0.97529775,0.9909647,0.9465801,0.9683679,0.993547,0.97623855,0.96948886,0.9073195,0.9762286,0.9592005,0.9808399,0.83869624,0.9902395,0.4070652,0.8763728,0.9900155,0.8133585,0.9176054,0.370234,0.988861,0.9784951,0.9206124,0.9648272,0.9733623,0.983299,0.9623587,0.9082886,0.9678455,0.9177212,0.9900392,0.96173364,0.98918146,0.9550498,0.9902395,0.92155397,0.967563,0.9827659,0.9745563,0.96755147,0.98648036,0.9908503,0.9085587,0.9721241,0.97548336,0.9262853,0.98946756,0.96743447,0.97741497,0.99040264,0.9558122,0.9239879,0.9018132,0.99334955,0.4839645,0.9810894,0.5224434,0.9587706,0.9820248,0.9831827,0.84709847,0.993429,0.9912008,0.97781324,0.9740885,0.98351717,0.87609017,0.97304624,0.97513616,0.98108155,0.9492725,0.9855315,0.87716144,0.98602605,0.9897689,0.97625035,0.8834525,0.9853347,0.9964844,0.95571744,0.96968776,0.98651916,0.97878647,0.99143,0.94550216,0.96517575,0.95724744,0.94381064,0.971456,0.96236,0.7344342,0.9735298,0.95455575,0.98894334,0.9690439,0.9832182,0.8112144,0.9723527,0.98320514,0.9884381,0.96445745,0.9768139,0.9781972,0.99143,0.9510467,0.9869257,0.98098594,0.9578264
adogsjourneymovie,0.8089078,0.83940065,0.82989645,0.75601494,0.8448206,1.0,0.84312505,0.8301125,0.83016026,0.8248337,0.8068683,0.68084896,0.82672095,0.8204046,0.8607294,0.8498323,0.8135501,0.812161,0.8363314,0.8609998,0.81424475,0.91678417,0.8498538,0.8277423,0.7782679,0.5071097,0.8881798,0.8610293,0.8880388,0.8451693,0.796236,0.8717626,0.8234026,0.83688915,0.6292336,0.56708866,0.7975721,0.7581337,0.8436133,0.8879712,0.79785144,0.83432186,0.7700384,0.80078775,0.8647472,0.7750645,0.83967614,0.80411726,0.85143864,0.81629264,0.88831973,0.8296316,0.92171556,0.9035242,0.6087291,0.8420351,0.9044495,0.8141783,0.8098177,0.82183015,0.7142784,0.78357536,0.85555077,0.7916216,0.79291844,0.77787125,0.86307037,0.8014199,0.83087397,0.6781086,0.824816,0.41007125,0.9014201,0.8433055,0.7333848,0.83763325,0.4340494,0.8207511,0.80164576,0.90945095,0.8095151,0.86037874,0.79220235,0.8118524,0.9360541,0.75803566,0.8367056,0.83941257,0.7375993,0.81531197,0.8856132,0.824816,0.69419456,0.8174328,0.83294433,0.83206683,0.79363865,0.81713665,0.8432703,0.81480175,0.76399165,0.79776824,0.9558651,0.8513987,0.8701626,0.89638656,0.815788,0.7218567,0.87764007,0.7969872,0.84686565,0.4949023,0.86477345,0.60986394,0.82152796,0.8764752,0.8153985,0.77260643,0.84789884,0.83277166,0.7603795,0.78419715,0.7892239,0.9794565,0.8350029,0.7937843,0.8311314,0.92729187,0.88073903,0.7212265,0.813949,0.861056,0.81851745,0.6611073,0.80415446,0.86710095,0.79221636,0.78662306,0.8414899,0.78651404,0.83016026,0.9316614,0.783985,0.74747217,0.75689006,0.814093,0.887709,0.69947886,0.7509559,0.82076335,0.84498715,0.80345005,0.8503416,0.6689053,0.75393075,0.80561185,0.8497763,0.7648399,0.8317709,0.8665793,0.83016026,0.78686863,0.8164403,0.83907,0.8973739
aftermathmovie,0.9913242,0.9790363,0.99478024,0.9290819,0.9910765,0.84312505,1.0,0.9953684,0.99937755,0.96173733,0.98307323,0.9415742,0.99137825,0.9970865,0.9960897,0.9899516,0.9829497,0.9888616,0.996065,0.9960629,0.9917046,0.8689838,0.99602526,0.9930668,0.96037656,0.36814392,0.8130124,0.9842448,0.98676336,0.9858112,0.98209155,0.9834632,0.96523523,0.93934894,0.5992968,0.6046059,0.99467736,0.964877,0.98942554,0.9764712,0.98917407,0.9908932,0.95729077,0.9942149,0.9953004,0.9800658,0.9959232,0.99227756,0.97303456,0.99556434,0.9866316,0.9952915,0.96286917,0.9489283,0.8602372,0.9747406,0.9374419,0.9919661,0.9931369,0.9947932,0.96171707,0.98472667,0.99561375,0.9864838,0.9843971,0.93957436,0.98699135,0.9818582,0.99203014,0.8235226,0.9976144,0.40650427,0.854793,0.99720615,0.8199331,0.92650414,0.34421307,0.9921774,0.9794501,0.9485788,0.97406787,0.9805828,0.9916314,0.9712169,0.92536235,0.97993505,0.91827106,0.9986727,0.96991616,0.99685806,0.962187,0.9976144,0.933552,0.98420995,0.994244,0.9941144,0.9739353,0.99274343,0.9957103,0.9431529,0.9704751,0.9760206,0.93566513,0.9981929,0.9620993,0.9848178,0.9962428,0.96571535,0.9124868,0.8746185,0.9969867,0.43647546,0.98940665,0.45790765,0.9839203,0.99036056,0.9953151,0.8577688,0.9986427,0.99793184,0.98479974,0.9781028,0.9926856,0.88147306,0.99045736,0.99229246,0.9839421,0.94942826,0.98188806,0.8623039,0.9938321,0.9682596,0.98895293,0.87837696,0.9885348,0.99235535,0.9801962,0.9739662,0.997709,0.98192924,0.99937755,0.9483938,0.95782214,0.9687633,0.94734496,0.9871369,0.96243256,0.72987103,0.9801409,0.9759242,0.9976132,0.9879571,0.9894921,0.83138376,0.97343683,0.992957,0.9907475,0.9747724,0.98596764,0.990062,0.99937755,0.958659,0.9950262,0.9963131,0.9605065
aftermovie,0.9914379,0.9723658,0.9842565,0.93949133,0.9869205,0.8301125,0.9953684,1.0,0.99628687,0.9564462,0.98472255,0.9465668,0.99370396,0.9935883,0.9936336,0.9765337,0.9849021,0.9929563,0.99539554,0.9964393,0.9943315,0.8576139,0.9948707,0.9854398,0.9713881,0.3460327,0.7999923,0.98279977,0.97468907,0.9747741,0.98993963,0.98565495,0.97484314,0.9305741,0.59253,0.60063857,0.9964613,0.97046214,0.9842576,0.9789888,0.9930051,0.97885805,0.9417943,0.9895531,0.99138683,0.9895831,0.9963545,0.99678695,0.9706576,0.9879078,0.9775831,0.9942784,0.9556214,0.9305283,0.8822167,0.9684513,0.92317,0.9907547,0.99389166,0.99652946,0.97241896,0.9903572,0.99371535,0.9918053,0.97817004,0.936783,0.9825839,0.98247516,0.99617237,0.83605087,0.99704474,0.4078949,0.8336284,0.996796,0.8191459,0.92734075,0.33155507,0.9976236,0.9845668,0.93595725,0.9779019,0.97968227,0.9950576,0.9678495,0.9098282,0.99011517,0.9252791,0.9972597,0.9765097,0.99305546,0.9490272,0.99704474,0.94344,0.986001,0.9895911,0.9919863,0.98372865,0.99587387,0.9920648,0.9393922,0.98197776,0.9852918,0.9204491,0.9961872,0.9425102,0.9722831,0.9969028,0.970674,0.8880232,0.89313865,0.99542296,0.4046722,0.9804893,0.43188283,0.9749367,0.98657626,0.99517745,0.8609784,0.99311835,0.99722624,0.9900864,0.98593676,0.99110675,0.8704624,0.9936069,0.9932501,0.9892534,0.9379146,0.9759774,0.831726,0.9976376,0.9612738,0.98716366,0.9023696,0.9887039,0.98421276,0.9820204,0.97857404,0.99612457,0.9882016,0.99628687,0.93517596,0.9651956,0.9816256,0.9390472,0.98891747,0.95921063,0.73241365,0.98787916,0.9807505,0.9940379,0.97804826,0.9891697,0.83638114,0.9814,0.9942697,0.9925648,0.98686326,0.9892686,0.9852188,0.99628687,0.9733778,0.9959611,0.99499995,0.94844925
ahiddenlifefilm,0.99241805,0.9795493,0.9946093,0.92743844,0.99143,0.83016026,0.99937755,0.99628687,0.99999994,0.96107537,0.9825223,0.94790024,0.9919703,0.9983299,0.99497736,0.9883453,0.9859869,0.99165744,0.9968162,0.9954986,0.99210453,0.86096615,0.99525076,0.9930876,0.9654332,0.36062694,0.805171,0.98345613,0.9842283,0.9849937,0.9847936,0.98322785,0.9682171,0.9367086,0.59452075,0.6013369,0.9965471,0.9683291,0.9893667,0.97435033,0.98990315,0.9896088,0.95829564,0.9943687,0.9939212,0.9849583,0.9952476,0.99363637,0.97439533,0.99528766,0.98494005,0.9965219,0.95718485,0.9420238,0.8680464,0.9755685,0.9325786,0.99271965,0.99291676,0.9966489,0.9655669,0.9875962,0.99430335,0.990168,0.9847011,0.93827933,0.98408234,0.9834252,0.9928291,0.82675666,0.9984637,0.40558216,0.8444645,0.99766815,0.8154453,0.922365,0.3383529,0.9931579,0.98151064,0.9433334,0.97389823,0.97792727,0.99394923,0.96923083,0.9179168,0.9846336,0.91623735,0.9987012,0.9761295,0.99819547,0.9558742,0.9984637,0.9356964,0.9857325,0.99491423,0.99299634,0.97667897,0.9938253,0.99550354,0.93690646,0.97656447,0.9800177,0.92872775,0.9976917,0.95858663,0.98175883,0.99751043,0.97190374,0.9047007,0.87796414,0.99732876,0.4221933,0.9880614,0.44746116,0.98092926,0.9878824,0.9964747,0.85314983,0.99853885,0.9984493,0.9892898,0.9815271,0.9956532,0.8696289,0.9917608,0.99340266,0.98550427,0.94445777,0.98140806,0.86166346,0.99616486,0.9681622,0.9915709,0.8855171,0.99083465,0.99077135,0.98014224,0.9788295,0.9972478,0.98702765,0.99999994,0.94179493,0.9629514,0.97334385,0.94807255,0.98977864,0.9585339,0.7280345,0.9848253,0.9768409,0.9973817,0.9872761,0.9913907,0.83556336,0.9782674,0.994938,0.99105704,0.979754,0.98800516,0.987816,0.99999994,0.96084493,0.99707675,0.99633586,0.95774317
alitamovie,0.93576986,0.97809243,0.956762,0.8635814,0.98305917,0.8248337,0.96173733,0.9564462,0.96107537,1.0000001,0.91914463,0.9006886,0.9516901,0.94778377,0.954172,0.9685121,0.91992533,0.95834225,0.9592541,0.96586585,0.9572343,0.8817508,0.964971,0.9624786,0.9024873,0.50023264,0.8520915,0.9113461,0.9626712,0.9833055,0.92046267,0.9267568,0.94378865,0.9458904,0.6195455,0.6604714,0.95840174,0.9009019,0.95396966,0.9161324,0.93659776,0.93684745,0.9619145,0.94874835,0.94109344,0.94969255,0.96669686,0.9405917,0.9145701,0.94736415,0.9569986,0.9539101,0.9364309,0.89006585,0.7761578,0.98647517,0.9523561,0.9344194,0.93528926,0.962631,0.9061061,0.9188806,0.9757755,0.9362927,0.95404065,0.84587663,0.9411125,0.9187975,0.93915904,0.8077174,0.96293056,0.37174293,0.9114075,0.9613247,0.78418773,0.8771359,0.36378053,0.9613683,0.93613803,0.8789409,0.9142296,0.93494564,0.9504345,0.9330851,0.8758974,0.9350975,0.8756109,0.95969677,0.92647344,0.96209204,0.9327761,0.96293056,0.87011915,0.919863,0.9554859,0.9349815,0.91749984,0.9531548,0.95388734,0.885559,0.9344856,0.9291774,0.90334684,0.95897055,0.96599793,0.95070326,0.9584876,0.9013188,0.9546392,0.8587654,0.9606254,0.57608193,0.9388722,0.575791,0.9198105,0.94728655,0.9440386,0.81321996,0.9617802,0.9635117,0.94925463,0.9281097,0.9457192,0.85910237,0.9258127,0.9374908,0.93377954,0.9344788,0.9564999,0.8906342,0.94808984,0.97776604,0.9283515,0.81765443,0.9454355,0.9779545,0.91037977,0.95260346,0.95563537,0.94525373,0.96107537,0.9137644,0.91950554,0.9107877,0.9566473,0.93396044,0.9414156,0.67899716,0.9382083,0.8998599,0.9652138,0.94413096,0.9419197,0.7490064,0.9346802,0.9505665,0.9515882,0.9170258,0.9285317,0.93336,0.96107537,0.90634847,0.949458,0.9466342,0.928511
angelhasfallen,0.991378,0.9433775,0.96983546,0.9452421,0.96741784,0.8068683,0.98307323,0.98472255,0.9825223,0.91914463,0.99999994,0.9423651,0.9820555,0.9835496,0.9724422,0.9507651,0.98234034,0.9760342,0.9828445,0.9757666,0.99151486,0.84029603,0.9722788,0.9644714,0.97460943,0.28392226,0.77889067,0.979963,0.9516936,0.95270187,0.9822453,0.98045313,0.9587544,0.8716473,0.59599674,0.58962464,0.9816367,0.97897977,0.9633327,0.9579544,0.9894771,0.9725134,0.9096177,0.980558,0.9798733,0.9756849,0.9779929,0.9916016,0.96957093,0.9801326,0.95981884,0.97116894,0.9243294,0.91165924,0.888175,0.94136184,0.89470124,0.99062973,0.9930606,0.98154926,0.96745807,0.9906135,0.9728205,0.9808269,0.94916624,0.95958817,0.9701072,0.9597374,0.9910507,0.84283,0.98125213,0.41870058,0.78370965,0.9785109,0.82712936,0.93770564,0.32742047,0.98697144,0.9913129,0.9263608,0.9946605,0.98659456,0.9825646,0.9680296,0.88900614,0.97122526,0.93400806,0.9856374,0.9668788,0.97823924,0.9477549,0.98125213,0.9774358,0.98859096,0.9699415,0.98281145,0.98727506,0.99020445,0.9860662,0.9176927,0.97091526,0.9820287,0.89753145,0.9845656,0.9185205,0.95429397,0.9874506,0.9751665,0.84230727,0.8958919,0.98427933,0.35315937,0.9799844,0.38310453,0.9827997,0.9837328,0.9899068,0.87417465,0.9801515,0.97949994,0.968142,0.9871554,0.9843908,0.8418201,0.9836196,0.9917655,0.9877362,0.9133946,0.96263796,0.82524514,0.9872221,0.9413972,0.9797305,0.9210426,0.98509353,0.96647465,0.9859337,0.93821317,0.98192525,0.9723989,0.9825223,0.9316624,0.96667624,0.9855764,0.8840788,0.9660562,0.9518299,0.74957985,0.98092735,0.98174953,0.9764719,0.95903766,0.974843,0.8269488,0.9823354,0.98118365,0.98458207,0.9839528,0.98798704,0.983915,0.9825223,0.9733663,0.98375046,0.97749263,0.93711996
angrybirdsmovie,0.93297684,0.9278586,0.9442535,0.8213152,0.933282,0.68084896,0.9415742,0.9465668,0.94790024,0.9006886,0.9423651,1.0,0.9282166,0.95304734,0.9211047,0.92345107,0.93096614,0.96517754,0.9316178,0.92391306,0.95556724,0.7367363,0.94006,0.9312379,0.9293219,0.22595724,0.66891885,0.9045722,0.9074221,0.9231217,0.94052,0.9233647,0.9613303,0.85700655,0.37013647,0.39641812,0.9586055,0.90531373,0.9481594,0.90160286,0.9315256,0.92430526,0.9062366,0.93654674,0.92614627,0.96166146,0.94073313,0.95635676,0.9165222,0.9312042,0.9194541,0.9452465,0.8494229,0.80179685,0.79441994,0.932226,0.8134345,0.9304026,0.94222564,0.9445399,0.9396287,0.9651701,0.9222969,0.9634877,0.9343729,0.8478381,0.902659,0.94192535,0.9369273,0.69528157,0.9422591,0.16684239,0.6908633,0.93615323,0.6289252,0.80684495,0.06356261,0.9454743,0.93925977,0.8545846,0.94155246,0.8935167,0.95273626,0.86647576,0.7753992,0.9597655,0.7922693,0.94352293,0.9547282,0.956718,0.86101776,0.9422591,0.91572523,0.95942897,0.95158905,0.92506194,0.92965746,0.9520994,0.93449235,0.84957665,0.9429029,0.94194645,0.819039,0.93219846,0.86839074,0.90034294,0.94766194,0.9763246,0.7975523,0.86556053,0.9360427,0.3235976,0.9121891,0.2243409,0.92587346,0.9067299,0.9405676,0.69864005,0.9420863,0.9445127,0.96798694,0.95662856,0.962421,0.7259275,0.93624043,0.95869845,0.935206,0.8695565,0.91396505,0.8561865,0.9549662,0.89333594,0.9401668,0.8795485,0.9430128,0.9200121,0.9208838,0.9519743,0.928463,0.95874363,0.94790024,0.8417848,0.9153283,0.9694734,0.89034927,0.92977124,0.8575872,0.5305228,0.97727704,0.90898037,0.94173056,0.9424069,0.9417462,0.7085867,0.9512978,0.9435845,0.9417476,0.9533046,0.9513461,0.9068518,0.94790024,0.9069086,0.9591727,0.9434049,0.882982
annabellemovie,0.99487257,0.9637519,0.98455775,0.9510574,0.98280185,0.82672095,0.99137825,0.99370396,0.9919703,0.9516901,0.9820555,0.9282166,0.99999994,0.99007034,0.98923206,0.97211564,0.98831546,0.98135114,0.99680966,0.9912775,0.9898278,0.8857691,0.9857452,0.987867,0.9712356,0.39032042,0.8319968,0.9840776,0.97755545,0.9768069,0.9785317,0.9740046,0.9616393,0.92125374,0.64114165,0.6607444,0.9877359,0.97815996,0.9816904,0.9684198,0.9920603,0.9764774,0.9405734,0.9860869,0.9875629,0.9872577,0.98784727,0.9883887,0.9769844,0.98647434,0.9797042,0.987462,0.9632121,0.93650854,0.8954981,0.9646607,0.9421024,0.9922267,0.9889635,0.99492526,0.97075844,0.9838693,0.99091697,0.98990923,0.96671146,0.9484906,0.9851049,0.9676568,0.99112976,0.8555711,0.993851,0.44920048,0.8532198,0.9889351,0.8499401,0.94398373,0.37380308,0.99488544,0.9831893,0.93863314,0.9675413,0.9866169,0.9943075,0.98161095,0.92750263,0.9807556,0.94636357,0.9959535,0.98180914,0.99102604,0.96860844,0.993851,0.94800067,0.98031616,0.9862315,0.9889498,0.9853362,0.9893949,0.9931404,0.9235245,0.9835599,0.9838538,0.9189189,0.9933178,0.95452243,0.97742486,0.99061257,0.9643713,0.8936211,0.8812249,0.99515384,0.44478115,0.98700875,0.48392197,0.9808615,0.9906879,0.99483585,0.90078545,0.9878158,0.9892331,0.9799579,0.9770969,0.9881984,0.8535912,0.9880972,0.98764074,0.9841991,0.9423864,0.9820136,0.83785295,0.9901621,0.9634266,0.9883919,0.8910269,0.9904424,0.9855407,0.987298,0.9685142,0.9921558,0.9865128,0.9919703,0.9502938,0.96537906,0.97136045,0.93162125,0.9814519,0.9766891,0.77282053,0.98199344,0.97888976,0.99222094,0.96730185,0.98530984,0.82568103,0.978986,0.99558634,0.9802962,0.9822655,0.98304266,0.9834999,0.9919703,0.95845264,0.98599625,0.9865867,0.9601111
annamovie,0.99274737,0.9745884,0.99464834,0.92222506,0.98454463,0.8204046,0.9970865,0.9935883,0.9983299,0.94778377,0.9835496,0.95304734,0.99007034,1.0,0.9915916,0.98565006,0.98902285,0.989362,0.9938095,0.9905012,0.9904048,0.85301256,0.99184513,0.9894568,0.9696091,0.33670363,0.79411274,0.9858175,0.9821176,0.9784374,0.9867473,0.98323184,0.96640927,0.927606,0.58015096,0.57988244,0.9940171,0.9707418,0.9908876,0.97300076,0.98771614,0.99237615,0.95656204,0.99374783,0.9938861,0.9846453,0.99104273,0.99372786,0.9802075,0.9952754,0.98422605,0.9964366,0.95213026,0.93899065,0.87001264,0.9680436,0.9242222,0.9938275,0.9927789,0.99514604,0.9624304,0.9911409,0.98730516,0.9918494,0.98223096,0.9461445,0.9783408,0.98404413,0.9924376,0.8186792,0.99646544,0.39741084,0.82628995,0.99475664,0.8066398,0.9214121,0.31858337,0.98909897,0.9796597,0.950133,0.9737469,0.97448087,0.99168074,0.9644737,0.9176559,0.9856422,0.9121316,0.99725676,0.98082566,0.9978823,0.95274645,0.99646544,0.9368404,0.99122614,0.9953631,0.99169576,0.9767685,0.99269027,0.9933555,0.93065166,0.976153,0.9800739,0.928104,0.9955209,0.9534573,0.98069054,0.99487853,0.9769697,0.8920699,0.87384886,0.9948788,0.3913789,0.9886207,0.419198,0.98471946,0.9862817,0.9964782,0.84860784,0.9964574,0.99536824,0.9876729,0.9820042,0.99714166,0.85795164,0.9938008,0.9951276,0.98310906,0.94153297,0.97991824,0.86473376,0.9954562,0.9601585,0.9952693,0.88498855,0.9909777,0.98486567,0.9813307,0.9792822,0.9946984,0.98874706,0.9983299,0.9397786,0.9633749,0.9757391,0.9404093,0.9912778,0.9545351,0.72288877,0.98545206,0.9811512,0.9960551,0.9868679,0.9934261,0.8353948,0.97887903,0.99539673,0.98781073,0.98165864,0.9905796,0.98633,0.9983299,0.95721275,0.9964094,0.99592674,0.9579343
apollo11movie,0.9859192,0.97170126,0.98900545,0.93482214,0.9839668,0.8607294,0.9960897,0.9936336,0.99497736,0.954172,0.9724422,0.9211047,0.98923206,0.9915916,1.0,0.98716396,0.9790133,0.98195946,0.99314976,0.997212,0.9814295,0.8692173,0.9960847,0.9910878,0.9508672,0.3714939,0.81092954,0.98709995,0.9857321,0.9779499,0.9803278,0.98216957,0.9564907,0.9497828,0.60364807,0.60761005,0.9893185,0.95760566,0.9859305,0.9871894,0.98653203,0.9860402,0.948112,0.9892162,0.996437,0.97136176,0.9941369,0.9867844,0.9666212,0.99097216,0.9836976,0.9953457,0.9742066,0.9631788,0.864958,0.96468544,0.9372614,0.9867406,0.9885515,0.9895978,0.95848143,0.9773541,0.99501127,0.98121065,0.98423004,0.9356136,0.99055755,0.9867271,0.9888915,0.8195388,0.99388015,0.4275424,0.86442137,0.9962075,0.82789034,0.9240927,0.36613002,0.98685646,0.968058,0.9542748,0.9615345,0.97586495,0.9874672,0.968384,0.93965507,0.97644925,0.91860616,0.99451494,0.9595954,0.99012953,0.9578794,0.99388015,0.9137181,0.97546375,0.9912321,0.9956878,0.9673523,0.9847291,0.99014145,0.95706916,0.9630436,0.9683698,0.9431538,0.99561584,0.95672446,0.9847516,0.9902971,0.9513613,0.91352934,0.86018795,0.9926969,0.43446058,0.98415476,0.4683611,0.9761335,0.9870212,0.99077123,0.86193144,0.9938568,0.99530095,0.98015183,0.9674123,0.983736,0.9009345,0.9915189,0.984559,0.9790699,0.9505423,0.9764224,0.83022827,0.98913234,0.95875096,0.9851806,0.86417204,0.97929645,0.98722464,0.9783607,0.9734736,0.9971899,0.97479254,0.99497736,0.9473077,0.9459963,0.957613,0.95096993,0.9902106,0.9601723,0.7388674,0.96917367,0.97573906,0.9942511,0.98542887,0.9863534,0.84548014,0.95973057,0.98844224,0.9856115,0.968483,0.97924024,0.9886451,0.99497736,0.9562229,0.9901809,0.996825,0.95747
arcticdogsmovie,0.967366,0.98509383,0.9931972,0.88796496,0.983629,0.8498323,0.9899516,0.9765337,0.9883453,0.9685121,0.9507651,0.92345107,0.97211564,0.98565006,0.98716396,1.0,0.9573964,0.9727338,0.97946507,0.9841391,0.97064394,0.8724749,0.9892479,0.9894236,0.92542356,0.41863322,0.8215444,0.9628608,0.992743,0.98843706,0.9567079,0.9616992,0.94349486,0.9654088,0.581377,0.58774453,0.97943985,0.9297778,0.98862267,0.96171665,0.9624425,0.9884391,0.9769292,0.98381436,0.9834785,0.9562117,0.98465323,0.9692127,0.95590305,0.9868029,0.9858054,0.9888077,0.96674746,0.9551854,0.80256987,0.97558725,0.9484254,0.97072583,0.97122246,0.9799705,0.92540693,0.95734715,0.98610085,0.963918,0.98860824,0.90987873,0.972307,0.97136927,0.9681722,0.7795092,0.9859093,0.36975166,0.8860617,0.9856031,0.78953177,0.9012773,0.33120108,0.9694314,0.94560593,0.95099604,0.93896353,0.95298225,0.9706571,0.95026636,0.9323955,0.95983166,0.8800605,0.9850722,0.94813645,0.9884997,0.9563864,0.9859093,0.8816184,0.9616842,0.98963165,0.97808444,0.93738484,0.9723241,0.9795459,0.93879586,0.939927,0.9442107,0.9473275,0.9845192,0.97671586,0.98733205,0.97811085,0.9358057,0.94857675,0.83286506,0.9817296,0.489768,0.97596985,0.4953571,0.9708866,0.9742368,0.97519934,0.8217075,0.9898677,0.9869909,0.96930516,0.94753635,0.9759825,0.8882727,0.9697821,0.97189224,0.9532701,0.95620084,0.9736117,0.8915643,0.97282785,0.9651006,0.9718171,0.8187284,0.9683914,0.9887291,0.9512858,0.9740229,0.98504645,0.962415,0.9883453,0.94330174,0.9254479,0.9313464,0.97010094,0.9764013,0.94894606,0.68786496,0.9542124,0.94908607,0.99091154,0.9902574,0.97657275,0.8041439,0.9429855,0.97816306,0.97062033,0.93973225,0.9609328,0.972871,0.9883453,0.9186438,0.97849923,0.9864359,0.9575333
arcticmovie,0.9942189,0.9503614,0.9770739,0.93440014,0.9723506,0.8135501,0.9829497,0.9849021,0.9859869,0.91992533,0.98234034,0.93096614,0.98831546,0.98902285,0.9790133,0.9573964,0.99999994,0.97850215,0.9909815,0.9802319,0.9797077,0.85576475,0.9716647,0.9748913,0.985629,0.32549584,0.800667,0.990798,0.96449614,0.96003,0.9834666,0.98288256,0.96102506,0.88413554,0.6293703,0.62220436,0.9794259,0.9862951,0.9709533,0.9653194,0.9851179,0.974822,0.92146814,0.97708416,0.98431295,0.9839436,0.97286713,0.98479414,0.9887417,0.98113275,0.9728467,0.9807099,0.9375058,0.9274196,0.91047984,0.9513035,0.91570127,0.9926737,0.9829055,0.9883139,0.9632305,0.9882585,0.97317344,0.9906999,0.9498434,0.95685387,0.97107166,0.966549,0.99035573,0.85977334,0.9843568,0.47102046,0.7999108,0.9831914,0.83539075,0.9312113,0.3778754,0.983576,0.98756623,0.9386166,0.9733181,0.9803884,0.98628455,0.9662077,0.91543365,0.97561145,0.9421712,0.98726594,0.98310375,0.98352766,0.94475806,0.9843568,0.9488097,0.9873987,0.9788667,0.9811976,0.9887081,0.9839873,0.9888861,0.8949567,0.9875915,0.9904704,0.91324586,0.98673314,0.9339542,0.96797305,0.98644614,0.9788106,0.84822273,0.8949377,0.99023664,0.33863285,0.98901176,0.427121,0.9699745,0.9833818,0.99329627,0.8795743,0.98388076,0.9806695,0.9740973,0.98301953,0.9905962,0.8386408,0.99236643,0.9838524,0.9901999,0.92693657,0.97917724,0.8272417,0.9906989,0.95424426,0.99755317,0.9109318,0.9905938,0.97140247,0.9824329,0.95965314,0.98342353,0.9892439,0.9859869,0.9392377,0.98174024,0.9772233,0.8954916,0.9830586,0.9569831,0.78515184,0.9799749,0.9860685,0.9807898,0.95572203,0.99107367,0.8563257,0.98297226,0.98809975,0.9813464,0.9896291,0.9931512,0.98250073,0.9859869,0.9636817,0.98700505,0.9802477,0.9569424
artofracingmovie,0.9806823,0.9821811,0.98035586,0.9065039,0.9889527,0.812161,0.9888616,0.9929563,0.99165744,0.95834225,0.9760342,0.96517754,0.98135114,0.989362,0.98195946,0.9727338,0.97850215,0.9999999,0.98789525,0.987907,0.9901315,0.8464607,0.98649734,0.981008,0.97297275,0.36756387,0.79442656,0.9662116,0.96858805,0.9771465,0.98112386,0.9824549,0.98290265,0.9291475,0.5612211,0.565278,0.9945513,0.95694286,0.97949076,0.9624745,0.97797203,0.9684236,0.93553466,0.9795861,0.9785497,0.990138,0.9865567,0.9900404,0.96811783,0.97702587,0.9731366,0.98821753,0.9341348,0.905568,0.8497319,0.97869194,0.9119808,0.98005325,0.9830425,0.99201393,0.9622226,0.98858464,0.98427844,0.98924387,0.9706113,0.90805256,0.9705266,0.9761203,0.98843837,0.81083566,0.99065286,0.34195906,0.8127876,0.98997915,0.7701928,0.90610474,0.27611226,0.9913324,0.9815572,0.91542065,0.9773162,0.96247995,0.9892175,0.9441501,0.8820943,0.98748565,0.89888656,0.9900086,0.97305983,0.989999,0.9306964,0.99065286,0.9342279,0.9825338,0.9845567,0.97801644,0.9793663,0.993436,0.98840886,0.91152215,0.9813715,0.98735994,0.9046996,0.98613477,0.9321857,0.96329623,0.99237776,0.9803189,0.87612146,0.9181197,0.9905701,0.40285122,0.97179174,0.4198082,0.95878875,0.973553,0.98556346,0.81503963,0.99150753,0.9933292,0.99190646,0.99081564,0.9895264,0.8500795,0.9842884,0.9850768,0.9881317,0.9309439,0.9739487,0.84497523,0.99501175,0.9673499,0.98203045,0.9173482,0.9889605,0.9818215,0.9600874,0.9819691,0.9853268,0.9880701,0.99165744,0.92301184,0.9680681,0.9815677,0.93420315,0.9799996,0.9404523,0.6934343,0.99038404,0.96652484,0.98613364,0.9719267,0.98965085,0.8120497,0.98155195,0.9878119,0.99331236,0.9826447,0.9881643,0.97587055,0.99165744,0.9643549,0.99619615,0.98835766,0.9395666
avengers,0.99577177,0.9737785,0.98882186,0.9429038,0.9916116,0.8363314,0.996065,0.99539554,0.9968162,0.9592541,0.9828445,0.9316178,0.99680966,0.9938095,0.99314976,0.97946507,0.9909815,0.98789525,1.0000001,0.9958283,0.9904121,0.8792425,0.989221,0.99170667,0.9724229,0.388881,0.8283803,0.9863057,0.98155147,0.9839723,0.9818784,0.9825728,0.9653629,0.9265352,0.64211065,0.65214455,0.9921235,0.9775456,0.98180324,0.97141266,0.99205536,0.98208535,0.9461819,0.98950016,0.9910042,0.9865785,0.99071324,0.99017,0.97846544,0.9910786,0.98331463,0.99076515,0.95980823,0.9433669,0.88802683,0.97403103,0.9428195,0.99429524,0.99025595,0.9970606,0.9682924,0.9846715,0.99470323,0.9896532,0.97223544,0.94411653,0.9874829,0.97354203,0.9937665,0.8574102,0.99663043,0.4526681,0.853833,0.995039,0.84515154,0.9375307,0.38744056,0.99534297,0.98721427,0.9378852,0.97343355,0.98685265,0.9947017,0.9795927,0.9252583,0.9804571,0.9408439,0.9976148,0.9775148,0.99379915,0.96276146,0.99663043,0.9432516,0.9812971,0.9886044,0.99106014,0.98485845,0.99226487,0.9974916,0.925362,0.98386353,0.9863776,0.92548066,0.9970044,0.9585056,0.98071957,0.99612814,0.9686724,0.8988288,0.8895996,0.99914753,0.4335733,0.9913441,0.487267,0.9766447,0.99183357,0.99704564,0.8838914,0.9952986,0.99478346,0.9838159,0.98195213,0.9924906,0.86814696,0.9907279,0.98838735,0.9904446,0.9435721,0.9856934,0.84576446,0.9947438,0.9738728,0.9919469,0.89682674,0.9936162,0.99158657,0.9828213,0.97068715,0.99583745,0.9875103,0.9968162,0.94964707,0.9723244,0.9716464,0.9353954,0.9859516,0.97059876,0.7713195,0.98232824,0.9791193,0.9938537,0.97364724,0.99043053,0.84334373,0.9811892,0.994977,0.98951524,0.982494,0.9875896,0.9895412,0.9968162,0.96478146,0.9928148,0.9904494,0.96133345
beachbummovie,0.98737794,0.9795658,0.984951,0.9377111,0.991425,0.8609998,0.9960629,0.9964393,0.9954986,0.96586585,0.9757666,0.92391306,0.9912775,0.9905012,0.997212,0.9841391,0.9802319,0.987907,0.9958283,1.0,0.9880167,0.8789157,0.99556345,0.98822665,0.96185076,0.39188612,0.8277649,0.98326933,0.9838503,0.98201805,0.9827071,0.9861019,0.96549463,0.94595826,0.6301484,0.6319273,0.99175847,0.9635099,0.98266983,0.9808308,0.9875102,0.9815271,0.9475887,0.9884066,0.9926373,0.9793863,0.9957258,0.98908305,0.9696713,0.98863643,0.9830887,0.9933773,0.9686658,0.95110834,0.8676875,0.9736241,0.9438387,0.98803437,0.988579,0.99454486,0.9573641,0.9783806,0.9979703,0.9817349,0.97932404,0.93404275,0.9868409,0.9782575,0.9926895,0.84418464,0.996356,0.43844426,0.86782664,0.9981584,0.83778465,0.9347525,0.3819182,0.9930979,0.97754997,0.9438584,0.96940416,0.98132306,0.98840433,0.97250295,0.93034965,0.9796239,0.93173736,0.9959222,0.9637874,0.99016327,0.95726705,0.996356,0.9246249,0.9763389,0.9876545,0.9913584,0.9754409,0.99111074,0.9926242,0.9444883,0.9723835,0.9776473,0.93921775,0.997255,0.9568271,0.9811479,0.9943463,0.9539362,0.9129733,0.8866935,0.99608046,0.43826678,0.9842061,0.4895333,0.9708556,0.9903482,0.991633,0.8696527,0.99507815,0.99731374,0.98146325,0.97639143,0.9845085,0.8992486,0.98986953,0.9848114,0.98532385,0.94848484,0.98092383,0.8355346,0.9924069,0.9723942,0.98364043,0.8847373,0.9851846,0.9912179,0.9740364,0.974712,0.99763393,0.9798418,0.9954986,0.9474431,0.96071875,0.9640608,0.94653183,0.9880777,0.9671745,0.75377655,0.9737807,0.9770271,0.99427354,0.97791284,0.9882869,0.8464209,0.97086287,0.9906348,0.99189407,0.97377694,0.98273414,0.98952186,0.9954986,0.9670983,0.99173915,0.99394727,0.9552555
bernadettefilm,0.9900433,0.971414,0.9807928,0.9327987,0.98571235,0.81424475,0.9917046,0.9943315,0.99210453,0.9572343,0.99151486,0.95556724,0.9898278,0.9904048,0.9814295,0.97064394,0.9797077,0.9901315,0.9904121,0.9880167,0.99999994,0.8613443,0.98724705,0.9774249,0.97437525,0.3456603,0.8071719,0.97308636,0.96892804,0.97441524,0.98384386,0.98012125,0.97535044,0.9107141,0.5963263,0.6034725,0.9927902,0.97182447,0.9799726,0.9603762,0.9889928,0.976704,0.9421023,0.9873437,0.98296136,0.9898039,0.9914972,0.9953654,0.97098666,0.98486096,0.9736689,0.9848063,0.94053054,0.91015416,0.8690374,0.9693245,0.9213637,0.9895265,0.9925773,0.9943199,0.96516913,0.98956615,0.9875877,0.98716724,0.9682128,0.940239,0.97171056,0.96507555,0.993048,0.8401542,0.9933196,0.38967633,0.82431996,0.9894783,0.8155803,0.934246,0.31343207,0.9967836,0.9898618,0.927192,0.98632175,0.9823592,0.9899677,0.9683079,0.8933416,0.9842073,0.92700887,0.99462664,0.97797525,0.99100304,0.9535635,0.9933196,0.9619734,0.9883214,0.9832154,0.98296225,0.98444784,0.9980208,0.9904418,0.9202395,0.97996515,0.98508316,0.9100629,0.99214876,0.9424018,0.96587384,0.9948741,0.9733193,0.88364017,0.90383077,0.99233997,0.4119842,0.9795691,0.42714044,0.97996724,0.98675406,0.9921545,0.86324394,0.98939776,0.99149954,0.9827182,0.98916125,0.9901813,0.8499362,0.984058,0.99434376,0.9861151,0.9323363,0.97500587,0.8591107,0.99344456,0.96436995,0.98103064,0.90998447,0.99052465,0.9825103,0.978052,0.96713454,0.989566,0.985472,0.99210453,0.93542427,0.9695509,0.9851259,0.9238226,0.9753807,0.9621503,0.7265238,0.9894045,0.975885,0.9903299,0.9706339,0.9832782,0.81086636,0.98811924,0.99146366,0.99017894,0.9843445,0.98814154,0.9811714,0.99210453,0.97011644,0.99086446,0.9858071,0.9457244
