movie,21bridgesmovie,47metersdown,abeautifuldaymovie,abominablemovie,adastramovie,adogsjourneymovie,aftermathmovie,aftermovie,ahiddenlifefilm,alitamovie,angelhasfallen,angrybirdsmovie,annabellemovie,annamovie,apollo11movie,arcticdogsmovie,arcticmovie,artofracingmovie,avengers,beachbummovie,bernadettefilm,blackandbluemovie,blackchristmas,blindedbythelightmovie,bombshellmovie,booksmart,breakthroughmovie,brianbanksmovie,brightburnmovie,brittanyrunsmov,captainmarvelofficial,captivestatemovie,catsmovie,charliesangels,childsplaymovie,clarathefilm,coldpursuitmovie,countdown,currentwarmovie,darkwatersmovie,detectivepikachumovie,disneyaladdin,disneyfrozen,disneymaleficent,doctorsleepmovie,dolemiteismyname,dontletgomovie,doramovie,downtonabbey_official,dumbo,escaperoom,everybodyknowsmovie,fastandfuriousmovie,fightingwmyfam,fivefeetapartfilm,fordvferrari,freaksthefilm,geminimanmovie,glassmovie,gloriabellmovie,godzillamovie,goldfinchmovie,goodboysmovie,goodliarmovie,gretafilm,halathemovie,happydeathdaymovie,harrietfilm,hellboymovie,hersmellmovie,highlifemovie,highstrungmovie,honeyboymovie,hotelmumbaifilm,httydragon,hustlemovie,hustlersmovie,isntitromantic,itmovieofficial,jayandsilentbob,johnwickmovie,jojorabbitmovie,jokermovie,judythefilm,jumanjimovie,justmercyfilm,knivesout,lalloronamovie,lastblackmansf,lastchristmasthemovie,latenightmovie,lighthousemovie,lionking,littlethemovie,littlewomenmovie,littlewoodsfilm,longshotmovie,lordsofchaosmovie,lucyintheskyfilm,mamovie2019,marriagestory,meettheaddams,meninblack,midsommarmovie,midwaymovie,missbalamovie,missinglinkfilm,motherlessbklyn,onceinhollywood,onthebasisofsex,overcomermovie,peanutbutterfalcon,petsematarymovie,piercingmovie,playingwithfire,playmobilthemovie,pomsmovie,queenandslim,rambomovie,readyornotfilm,richardjewellfilm,rocketmanmovie,scarystoriesmovie,secretlifeofpets,serenityfilm,shaftmovie,shazammovie,spidermanmovie,spiesindisguise,starwars,stormboymovie,stubermovie,taosdfilm,teenspiritmov,terminator,theaeronautsmov,thebestofenemies,thedeaddontdie,thefarewell,thehighwaymen,thehummingbirdprojectfilm,theintrudermovie,theirishmanfilm,thekitchenmovie,thelegomovie,themustangfilm,thenightingalefilm,theprodigymovie,thesunisalsoastar,theupsidefilm,tolkienmovie,toystory,triplefrontier,uglydolls,uncutgems,underthesilverlake,usmovie,wavesmovie,whatmenwant,wonderparkmovie,wrinklestheclown,xmenmovies,yardiefilm,yesterdaymovie,zombieland
21bridgesmovie,0.9999998,0.94972587,0.9771075,0.9584804,0.97465485,0.9389467,0.98892653,0.98100275,0.9926674,0.96016675,0.9671157,0.84488827,0.9771767,0.9829091,0.9852388,0.9580139,0.9773658,0.9731953,0.99163926,0.96931213,0.96713346,0.8779421,0.9859712,0.9894474,0.96001744,0.4466852,0.84935254,0.95816815,0.95707893,0.98029244,0.9761211,0.96369296,0.9338932,0.9016823,0.78712034,0.8797096,0.98550034,0.9527733,0.983618,0.94147956,0.9387878,0.96605635,0.96381944,0.9684413,0.97619975,0.9581389,0.98111373,0.9837384,0.96558875,0.97558606,0.9449848,0.97511107,0.9308217,0.95569515,0.93882895,0.96320117,0.95072895,0.97933507,0.98289853,0.9886798,0.964394,0.9753453,0.9606416,0.9771012,0.9571821,0.922716,0.9726136,0.96045846,0.9837755,0.94727117,0.9909372,0.9434421,0.92438656,0.98524326,0.93412566,0.9579062,0.8235199,0.9750746,0.98134595,0.9226969,0.9315577,0.9587422,0.9843695,0.9562559,0.8643239,0.9382649,0.94887966,0.99164283,0.95365816,0.9876496,0.97954607,0.9909372,0.9464692,0.9470254,0.94928294,0.9770428,0.96880025,0.9657001,0.985851,0.9159632,0.96416515,0.93739635,0.904637,0.9815645,0.9661284,0.94369984,0.99209124,0.9085137,0.89861333,0.8896301,0.98374236,0.4621078,0.9627508,0.8148816,0.9418407,0.97516024,0.9974289,0.92748135,0.9932463,0.9837218,0.9708412,0.9812015,0.9910126,0.9181281,0.98958725,0.9826133,0.9763504,0.85153526,0.9372622,0.8376388,0.9729102,0.9626521,0.9616556,0.8683187,0.9806228,0.97423697,0.983276,0.963124,0.9814183,0.9695146,0.9926674,0.9180586,0.9264373,0.8846527,0.91124856,0.9627601,0.95435023,0.8768603,0.9500722,0.9597205,0.9824685,0.9740032,0.98387784,0.87839407,0.95048434,0.9864697,0.9843899,0.97588265,0.97396106,0.9389146,0.9926674,0.97619975,0.9870642,0.9887412,0.9271329
47metersdown,0.94972587,1.0000001,0.95023686,0.9566444,0.9697016,0.9029519,0.9577819,0.95077026,0.9538282,0.939818,0.9334067,0.87792987,0.9435309,0.94169754,0.93573946,0.96773505,0.9456254,0.94885725,0.9558741,0.9394903,0.9051729,0.91434395,0.9250193,0.9454132,0.95216393,0.52153563,0.8781407,0.9126223,0.9447298,0.933513,0.9403121,0.9576378,0.8718538,0.8985305,0.814453,0.79416144,0.9364548,0.93044555,0.92801905,0.94307,0.92032623,0.9119732,0.91937083,0.92223126,0.94083405,0.91812,0.9204853,0.96057546,0.91325384,0.9291357,0.94123614,0.94491875,0.8960594,0.8985913,0.8661764,0.96735585,0.92509496,0.9302347,0.9347032,0.9586778,0.9353592,0.93091226,0.93960327,0.94243896,0.9230791,0.85868275,0.93521416,0.939712,0.9537148,0.84608454,0.9560352,0.89994,0.8738005,0.9529558,0.8545182,0.9273235,0.7789479,0.9313616,0.93884933,0.9056246,0.88461936,0.9272091,0.95187664,0.90875065,0.8742355,0.9318486,0.9258755,0.9411809,0.92939794,0.9628947,0.9225611,0.9560352,0.927616,0.9115372,0.90913576,0.9433147,0.9436271,0.9320862,0.9575327,0.838133,0.89430666,0.930491,0.9163109,0.9429115,0.93077576,0.9381968,0.9411357,0.8931831,0.91417366,0.8967522,0.95307505,0.5380799,0.9178273,0.8362958,0.8964835,0.93534034,0.95439214,0.83168644,0.94559,0.9500328,0.9301672,0.93809247,0.9457301,0.9026746,0.95795786,0.9298402,0.9315277,0.8786597,0.898887,0.79392135,0.9292639,0.94486004,0.93906516,0.8461974,0.92534506,0.9333588,0.91848123,0.94258374,0.9634499,0.9206546,0.9538282,0.9218297,0.8718006,0.85098696,0.8945267,0.93035775,0.9107669,0.879219,0.9330836,0.9195168,0.9577411,0.9424323,0.9319237,0.9046518,0.93869776,0.9517587,0.9151627,0.9373471,0.92431664,0.8951116,0.9538282,0.92974293,0.94809705,0.93125033,0.883864
abeautifuldaymovie,0.9771075,0.95023686,1.0,0.9507461,0.9813976,0.9051324,0.9754466,0.9870444,0.98465466,0.9318707,0.96719265,0.85634047,0.9328115,0.9771896,0.9830147,0.96733725,0.9594092,0.9757388,0.9738571,0.960612,0.9568559,0.90895605,0.9662519,0.9674047,0.93777734,0.5386247,0.89821315,0.9308391,0.988871,0.9838645,0.9723647,0.97017217,0.9088133,0.89900607,0.75600743,0.8398285,0.9688005,0.92203546,0.9708006,0.9534121,0.96510637,0.93286264,0.9612614,0.93728936,0.97688997,0.9337414,0.9592256,0.9795204,0.9617293,0.94917095,0.97957957,0.9904318,0.8809252,0.93255126,0.889701,0.9704103,0.96452296,0.9589189,0.9615324,0.9768055,0.96029985,0.9396329,0.95886004,0.9764035,0.9805283,0.9207379,0.95039386,0.9852866,0.9847453,0.898636,0.97975653,0.9388166,0.95848066,0.9762402,0.90044624,0.9447546,0.7257983,0.9537059,0.9524891,0.91527784,0.8929296,0.9034365,0.9815841,0.9562668,0.86630064,0.96120447,0.9216632,0.9665397,0.9537664,0.980167,0.9758664,0.97975653,0.9303072,0.9611758,0.96256506,0.97588855,0.95495975,0.9489168,0.9708923,0.84629196,0.93488777,0.9232002,0.9317043,0.97630423,0.93921894,0.977035,0.97811484,0.8958286,0.9467327,0.91308767,0.97794217,0.5546124,0.9592195,0.8093162,0.92360055,0.97177577,0.97982746,0.9026797,0.9792596,0.97065693,0.9765438,0.9694067,0.98244697,0.88963133,0.9824674,0.98218334,0.92978543,0.91047055,0.9305712,0.78702414,0.96707016,0.95123476,0.95506823,0.8934364,0.9659752,0.9789342,0.9582841,0.9777855,0.97650534,0.950592,0.98465466,0.9532896,0.89457905,0.8833168,0.9442824,0.9844328,0.95883334,0.82658404,0.94917303,0.9479575,0.9683092,0.9887089,0.97536576,0.9054818,0.9640555,0.9789318,0.95937127,0.9656564,0.969022,0.9392071,0.98465466,0.9688759,0.9808891,0.9708129,0.9419589
abominablemovie,0.9584804,0.9566444,0.9507461,0.9999998,0.96429497,0.9429907,0.95864093,0.95422,0.95368147,0.9521758,0.9508324,0.9360863,0.9525469,0.9568586,0.94460773,0.9680461,0.96460783,0.9614846,0.94473606,0.93543106,0.9186939,0.926597,0.9408818,0.9389251,0.95889914,0.45658618,0.8843655,0.9419643,0.94522244,0.9375966,0.9285608,0.97280794,0.9060019,0.92990464,0.86622137,0.89047956,0.93548,0.95399475,0.93865556,0.9844474,0.91389054,0.9229656,0.9418802,0.92253864,0.96809715,0.9660122,0.9424146,0.9608739,0.9477402,0.9297169,0.9486153,0.94977677,0.9013787,0.94283116,0.9036031,0.93792695,0.9601957,0.9563555,0.9531091,0.96042746,0.92175585,0.9526706,0.94517535,0.96968734,0.93276775,0.910119,0.92181194,0.93825704,0.94721866,0.864888,0.9541587,0.9106799,0.8941596,0.94426465,0.9252568,0.9143328,0.8238854,0.95044065,0.9600229,0.92535406,0.9190725,0.94389534,0.9517573,0.9518394,0.9240047,0.90272015,0.9277739,0.9478058,0.9547233,0.9552766,0.938745,0.9541587,0.95131004,0.94278234,0.9358524,0.9755405,0.94194955,0.919331,0.95048684,0.8791628,0.93290657,0.9647002,0.923978,0.9711877,0.9603493,0.9507812,0.9408763,0.938612,0.89895123,0.93740404,0.969221,0.47013992,0.96791834,0.8655007,0.9626045,0.9623075,0.96564496,0.8977968,0.9518305,0.9537891,0.9275465,0.9468368,0.950167,0.94348603,0.95777935,0.92815787,0.93208814,0.87133795,0.934865,0.8233358,0.9206187,0.93564063,0.95805293,0.8863369,0.95245075,0.92491585,0.94088423,0.9360544,0.9582502,0.96500486,0.95368147,0.9442633,0.9454809,0.9020862,0.87613666,0.94203365,0.9262091,0.89684796,0.9565375,0.9657422,0.96492994,0.9519655,0.9400613,0.8997808,0.9472715,0.95104533,0.9370645,0.96945995,0.9645548,0.9669743,0.95368147,0.9591701,0.9440268,0.9513581,0.93912756
adastramovie,0.97465485,0.9697016,0.9813976,0.96429497,1.0000002,0.92361754,0.97549504,0.9789878,0.9804026,0.9390536,0.96915436,0.8774885,0.95617354,0.97513384,0.9798292,0.9709505,0.97585917,0.9793417,0.97205836,0.97013104,0.95108473,0.9119553,0.9567414,0.96099687,0.95608735,0.52556074,0.9124306,0.9480827,0.97931224,0.9723921,0.9711732,0.9740816,0.9308603,0.9155264,0.77499425,0.8485419,0.9599897,0.9329488,0.95132524,0.9563227,0.9618939,0.9353452,0.9594382,0.94074595,0.9679142,0.9366937,0.9520776,0.9835188,0.94356495,0.95207,0.9764246,0.9817278,0.89785576,0.9238549,0.90912396,0.9819675,0.9697522,0.9595349,0.97007406,0.9711548,0.9622034,0.95272785,0.9415544,0.9787949,0.96841407,0.9233923,0.94709677,0.9792348,0.97628975,0.88082427,0.9752249,0.937008,0.93599147,0.97940516,0.9039021,0.9433008,0.7773184,0.962544,0.9618194,0.943517,0.8908551,0.93186736,0.9845652,0.9560257,0.88188577,0.9603345,0.91628826,0.9732712,0.94968987,0.97771084,0.9616601,0.9752249,0.95421654,0.9593695,0.949522,0.9771002,0.95490426,0.94285554,0.9776588,0.85668355,0.9303489,0.9337691,0.94425684,0.96646476,0.95037174,0.97171324,0.9689434,0.91948515,0.9408808,0.9208738,0.98070127,0.5401281,0.95950687,0.81752235,0.92695576,0.96851766,0.9776919,0.90106064,0.9710605,0.97683614,0.9700532,0.96922874,0.9763482,0.92728144,0.98050684,0.9693993,0.9323614,0.8995083,0.9319798,0.83486557,0.95922124,0.973201,0.9643167,0.8977006,0.9687292,0.9668785,0.9543279,0.9719677,0.977689,0.9555076,0.9804026,0.955714,0.9034479,0.89046776,0.9418575,0.9691834,0.95221215,0.84723365,0.9579321,0.9448668,0.9674418,0.9806808,0.9741538,0.9204585,0.95640564,0.97038835,0.9509157,0.9673771,0.9682258,0.94273823,0.9804026,0.964302,0.9786656,0.9634772,0.94315517
adogsjourneymovie,0.9389467,0.9029519,0.9051324,0.9429907,0.92361754,1.0,0.93665105,0.8976146,0.92727,0.8843536,0.9133676,0.8878126,0.956662,0.91507214,0.9272511,0.9124533,0.95770097,0.92416775,0.9324291,0.92395836,0.9199207,0.87528265,0.93879163,0.9309267,0.9458288,0.38546735,0.807497,0.94420934,0.89784235,0.8992438,0.9002027,0.8976865,0.90554285,0.8962481,0.85342884,0.92265147,0.93320626,0.90729886,0.9242097,0.91012985,0.88642526,0.9410512,0.9232318,0.9214859,0.9085732,0.9715545,0.9469782,0.9174703,0.89748937,0.9260934,0.9037941,0.89502656,0.9262613,0.9289015,0.8660396,0.8931076,0.9300047,0.94901556,0.926796,0.92596185,0.9349247,0.9559929,0.8816385,0.9200584,0.87250084,0.9189115,0.897574,0.8658565,0.91854876,0.8446194,0.9241576,0.90438294,0.8632001,0.93162787,0.92631453,0.8918384,0.87376624,0.9249789,0.942426,0.9200666,0.91994333,0.94926196,0.9331861,0.9210586,0.89472735,0.8766955,0.89989847,0.9369226,0.9255007,0.9281363,0.91174215,0.9241576,0.91771483,0.8802735,0.9211735,0.92902094,0.9073495,0.88048935,0.9396786,0.87645245,0.9616663,0.9410735,0.8569149,0.92951906,0.9191248,0.906494,0.91977084,0.9317781,0.85819024,0.89426017,0.9338862,0.39732203,0.90044844,0.7889287,0.9506593,0.9267812,0.94349205,0.90118015,0.9324517,0.9402493,0.9056335,0.92045337,0.9252577,0.97811764,0.90736645,0.90387434,0.9059041,0.8167502,0.926517,0.8387025,0.913571,0.9269907,0.9338682,0.82743096,0.93526095,0.8848748,0.9243131,0.88043225,0.91910845,0.96254206,0.92727,0.8680833,0.95798904,0.9018969,0.8689387,0.87447685,0.8702932,0.88331926,0.926537,0.92699623,0.944315,0.908462,0.9297105,0.8567227,0.88632286,0.9259416,0.93101436,0.9383165,0.91260195,0.92201984,0.92727,0.9328199,0.9086135,0.94256127,0.88477606
aftermathmovie,0.98892653,0.9577819,0.9754466,0.95864093,0.97549504,0.93665105,0.9999998,0.982066,0.99480724,0.9636567,0.9667087,0.86169755,0.97399807,0.985044,0.9863393,0.96346843,0.9743146,0.980508,0.98371,0.98024493,0.9742086,0.89584434,0.98899937,0.9865602,0.96308,0.4579831,0.85199356,0.96010506,0.9603851,0.9819704,0.97850573,0.96845996,0.9395807,0.9069978,0.8110292,0.87659067,0.98857003,0.958838,0.9779177,0.9428173,0.93285805,0.9712405,0.96394473,0.9819259,0.97758913,0.9519098,0.9849101,0.9901049,0.9600416,0.98626757,0.9503197,0.9774492,0.93168426,0.9592309,0.92410135,0.9666695,0.9584635,0.9795485,0.9857896,0.98705727,0.9606461,0.9744299,0.95977473,0.9703542,0.9616289,0.9207311,0.97808063,0.966193,0.9874452,0.91663855,0.9910963,0.94306576,0.933068,0.98784006,0.93585473,0.960919,0.80950665,0.9777565,0.98977995,0.92962706,0.9262677,0.9580328,0.984608,0.96078885,0.87659603,0.9433506,0.9499076,0.9883105,0.9537441,0.9901112,0.9826604,0.9910963,0.9491996,0.9461039,0.94186294,0.9765405,0.97326535,0.9752579,0.9924929,0.91233224,0.9583176,0.9460741,0.9240759,0.98109764,0.97121286,0.94969356,0.9926051,0.9134089,0.9049889,0.88469326,0.99199224,0.47332633,0.95942575,0.8401268,0.9355924,0.9761195,0.9926103,0.9313461,0.9941238,0.9960956,0.9787663,0.98230827,0.99102604,0.9188887,0.98795843,0.9758358,0.9678711,0.8629175,0.945676,0.8321661,0.9802803,0.965971,0.96702385,0.89808786,0.97808534,0.9732954,0.9724079,0.9648979,0.9867526,0.9674311,0.99480724,0.9182405,0.9264974,0.8901795,0.91420525,0.9660075,0.9601662,0.89021295,0.958689,0.9547946,0.9891296,0.97852254,0.9860734,0.87838423,0.95384526,0.9818706,0.976528,0.98128045,0.9712549,0.93667835,0.99480724,0.98167396,0.9885851,0.9891478,0.9214194
aftermovie,0.98100275,0.95077026,0.9870444,0.95422,0.9789878,0.8976146,0.982066,1.0,0.9884678,0.9569625,0.9694764,0.84525335,0.9476681,0.9854341,0.9820932,0.96908045,0.9603264,0.9703533,0.979356,0.9698035,0.9591361,0.8933579,0.9714975,0.97165513,0.9461641,0.5160778,0.88639855,0.93222535,0.9735563,0.98607916,0.98103726,0.9833991,0.9210769,0.89204246,0.76031077,0.8409944,0.9693905,0.94577515,0.97323257,0.9513593,0.9501144,0.9458286,0.95766485,0.9571701,0.9846098,0.9322713,0.9626724,0.98691356,0.96862704,0.9662248,0.961603,0.9917336,0.8935714,0.9421805,0.92950094,0.9667404,0.95225495,0.9687201,0.97510755,0.9879689,0.95132434,0.94406307,0.9647584,0.9767396,0.9849126,0.9072648,0.97048193,0.9872738,0.98422277,0.9113079,0.98895997,0.93322736,0.94221926,0.9743729,0.90869963,0.95038235,0.7565003,0.9623282,0.9661275,0.9108466,0.9072528,0.92194486,0.97847056,0.95600563,0.8579702,0.94874763,0.929335,0.9764188,0.94803095,0.98398614,0.97762,0.98895997,0.94268864,0.9568291,0.9387702,0.98190844,0.97075766,0.96740997,0.9762986,0.8751912,0.939093,0.92909133,0.9281308,0.98048735,0.95668846,0.95997024,0.984754,0.88613236,0.92352575,0.8923713,0.98081875,0.5320179,0.9694346,0.82068783,0.91954017,0.97372013,0.9827198,0.9164946,0.98485315,0.97650146,0.97379833,0.976314,0.9847661,0.88146216,0.991452,0.9787143,0.9473857,0.8918067,0.93602943,0.8227824,0.9628667,0.9565408,0.9530778,0.8897902,0.9722532,0.98062766,0.96046805,0.9826949,0.98762435,0.95367724,0.9884678,0.9407724,0.90305126,0.8624576,0.9199389,0.9882131,0.96068245,0.8417112,0.93661845,0.9390939,0.96854067,0.9821498,0.9789705,0.9036211,0.96644694,0.9815682,0.9600185,0.97593504,0.9805894,0.93652123,0.9884678,0.97883767,0.9879757,0.97513855,0.9308154
ahiddenlifefilm,0.9926674,0.9538282,0.98465466,0.95368147,0.9804026,0.92727,0.99480724,0.9884678,0.99999994,0.9615189,0.97199106,0.8435824,0.97056574,0.9904096,0.99240875,0.96243596,0.978316,0.9820934,0.98869145,0.98385286,0.97515666,0.8812951,0.9899268,0.9919252,0.95511824,0.46805564,0.86170685,0.9588431,0.9681791,0.98970246,0.9882289,0.9703811,0.93733656,0.9080908,0.783558,0.8653928,0.99219036,0.9531557,0.9819643,0.93945014,0.9455543,0.96708703,0.96105033,0.9761383,0.98201394,0.94514054,0.9834563,0.9921613,0.96314174,0.9838946,0.9550393,0.9869516,0.9217931,0.95038563,0.9253597,0.97576106,0.9587292,0.97852224,0.9875459,0.99057096,0.9697164,0.9713194,0.9628457,0.9760705,0.97178584,0.91560286,0.980555,0.9779053,0.99449736,0.93054116,0.9965155,0.95767224,0.93858373,0.99212027,0.9298477,0.96295166,0.7929368,0.97936463,0.9815145,0.91835535,0.92146635,0.9498717,0.98902005,0.96372855,0.8593672,0.9528496,0.9478298,0.9917995,0.94875693,0.9937729,0.9823123,0.9965155,0.9417731,0.95426804,0.9496259,0.9769999,0.97566915,0.9811503,0.99024475,0.9079879,0.9598642,0.9344574,0.9173466,0.9831384,0.96682197,0.951932,0.9966635,0.9030468,0.90805995,0.8854635,0.9917612,0.48397192,0.96250194,0.8226752,0.9300128,0.9806773,0.9957313,0.9291618,0.9973229,0.9910698,0.9835498,0.986086,0.9943132,0.9069166,0.9937816,0.9878669,0.96730703,0.86373156,0.94030213,0.8228187,0.9836677,0.96731794,0.9705017,0.89701676,0.9791822,0.9846374,0.97573024,0.9752502,0.9896732,0.96698725,0.99999994,0.9219038,0.91789496,0.8795943,0.92407745,0.97666323,0.96370655,0.86923254,0.95240515,0.9533966,0.9798204,0.9834773,0.98840404,0.8862996,0.95508456,0.9879373,0.9835473,0.9798728,0.9742221,0.9386201,0.99999994,0.97998106,0.99567777,0.9916208,0.9251223
alitamovie,0.96016675,0.939818,0.9318707,0.9521758,0.9390536,0.8843536,0.9636567,0.9569625,0.9615189,1.0000001,0.94944566,0.85799253,0.95480144,0.9703151,0.93747616,0.9551964,0.94010067,0.9568374,0.9495075,0.9446972,0.9271293,0.85186625,0.947494,0.95656323,0.94151694,0.380613,0.7997658,0.9290773,0.9039383,0.94104147,0.94771475,0.9566364,0.9077086,0.8943964,0.7990304,0.82236034,0.9502954,0.9717768,0.9429908,0.93618226,0.8738167,0.9410453,0.91126835,0.9588981,0.9629331,0.9237696,0.9398785,0.95983124,0.94944024,0.9577155,0.8994201,0.94695115,0.9242366,0.9375414,0.9244973,0.945202,0.9132837,0.94780463,0.961539,0.9645907,0.9036051,0.94049984,0.96094304,0.9543865,0.93012327,0.8563562,0.9453489,0.9360611,0.9524548,0.9159516,0.96376085,0.912209,0.8662004,0.94515216,0.90307057,0.913409,0.7916958,0.95791376,0.9643713,0.87332165,0.9385445,0.95005304,0.9408692,0.92875975,0.8638848,0.8913345,0.9465333,0.95520455,0.9120043,0.96725726,0.93612814,0.96376085,0.93566024,0.9170424,0.8929586,0.9505339,0.97382987,0.9659887,0.9515125,0.9190048,0.92426264,0.93551564,0.8724245,0.96446264,0.97239614,0.8988675,0.95509166,0.88804674,0.83082783,0.8610178,0.96409625,0.39446297,0.9495919,0.8367138,0.90454483,0.9553802,0.9642982,0.89887834,0.9630165,0.9540909,0.9269763,0.9476254,0.95309645,0.87867546,0.9658573,0.9296251,0.9586951,0.8087451,0.91953236,0.81567526,0.9352768,0.9328579,0.9374319,0.8793945,0.9349749,0.93157196,0.9413746,0.94376254,0.9613648,0.933557,0.9615189,0.87971,0.91086113,0.85403365,0.82901496,0.9347626,0.91950357,0.88395137,0.93060535,0.9352,0.9552824,0.9381531,0.94176877,0.84143645,0.9337363,0.94333524,0.9466196,0.9585962,0.9480052,0.912479,0.9615189,0.9491263,0.9520531,0.9580516,0.88477373
angelhasfallen,0.9671157,0.9334067,0.96719265,0.9508324,0.96915436,0.9133676,0.9667087,0.9694764,0.97199106,0.94944566,1.0,0.88218683,0.9535017,0.9856865,0.9682069,0.9690904,0.9610556,0.987332,0.9564292,0.9569213,0.96056104,0.904931,0.9631645,0.9527944,0.9641117,0.4916076,0.8722829,0.9452253,0.95949143,0.95837164,0.96705467,0.9731554,0.94615525,0.9396239,0.76367944,0.8361434,0.962557,0.9319747,0.9539309,0.9527007,0.9500583,0.9454412,0.95432884,0.95219505,0.9717265,0.94229263,0.9611741,0.96117514,0.94705737,0.960073,0.9674974,0.97111356,0.91347146,0.94561553,0.91078806,0.9626737,0.96282756,0.9580016,0.9637018,0.9649574,0.9635788,0.9501736,0.9527123,0.980995,0.95938486,0.9239285,0.9340792,0.962896,0.9752944,0.8742185,0.9702024,0.93291396,0.9337943,0.96951056,0.9153028,0.92494,0.75301385,0.96881104,0.95531046,0.9261443,0.9416385,0.9308647,0.97556895,0.950699,0.9117021,0.9590342,0.92199534,0.96225524,0.95378584,0.973778,0.9522074,0.9702024,0.9569293,0.9397947,0.96325547,0.98108083,0.9726837,0.9345289,0.9635257,0.8943001,0.9494109,0.9475814,0.9301379,0.9799882,0.9697835,0.966253,0.96152216,0.94190896,0.92034143,0.90997946,0.9788046,0.5037682,0.97364706,0.760767,0.9377688,0.98744845,0.9718948,0.9239445,0.96446264,0.9664862,0.960522,0.96404594,0.9690692,0.9125979,0.9655944,0.95272297,0.9251441,0.8885725,0.9302692,0.85747427,0.9674939,0.9493617,0.9627517,0.930609,0.97210073,0.94273245,0.9430179,0.9694859,0.9771421,0.9475545,0.97199106,0.93616104,0.9343135,0.921557,0.9205795,0.95902854,0.94080883,0.8252699,0.967896,0.96300316,0.9640746,0.980926,0.9632365,0.88688666,0.9533808,0.96084225,0.96313596,0.96793294,0.9661785,0.9574709,0.97199106,0.9721097,0.9610318,0.97437,0.9474957
angrybirdsmovie,0.84488827,0.87792987,0.85634047,0.9360863,0.8774885,0.8878126,0.86169755,0.84525335,0.8435824,0.85799253,0.88218683,1.0000001,0.86908716,0.86816806,0.843905,0.90966254,0.8815034,0.8958069,0.8330552,0.8292379,0.83556646,0.9282533,0.83254117,0.81563073,0.89375746,0.4261723,0.8235671,0.8795203,0.8664109,0.8140273,0.81940836,0.9025293,0.84506786,0.8921281,0.8300534,0.8162664,0.8276162,0.85645473,0.82984006,0.9441723,0.842476,0.8398587,0.86940026,0.8264246,0.86886495,0.9123565,0.84138334,0.85821587,0.8537615,0.83351743,0.90130687,0.8522305,0.8412692,0.85678005,0.7957371,0.845355,0.9052705,0.86036587,0.84158844,0.8409681,0.8315872,0.86550033,0.82108647,0.8966608,0.84578055,0.86794,0.7827764,0.8390797,0.83611643,0.69567156,0.8359221,0.8140239,0.81650436,0.8489919,0.8422281,0.7816136,0.73653924,0.85202754,0.8673789,0.9080871,0.8562747,0.85621893,0.8679434,0.8834357,0.948616,0.8296122,0.82192314,0.83942497,0.8980088,0.8481714,0.8321924,0.8359221,0.9066494,0.8771862,0.8813737,0.9088589,0.8390529,0.7849077,0.86064845,0.7642059,0.8499276,0.93570495,0.88278824,0.88254607,0.8867058,0.906325,0.8207945,0.9471075,0.8535101,0.9410052,0.8893486,0.4349766,0.8926907,0.7758512,0.9073712,0.86640656,0.8584225,0.8421435,0.8365726,0.8712208,0.8386005,0.84196126,0.84139,0.93156224,0.8370111,0.8131879,0.7866717,0.85880315,0.87007004,0.8012456,0.82888436,0.84447145,0.888008,0.859255,0.85756487,0.78334254,0.8224653,0.8536935,0.85648334,0.87640774,0.8435824,0.9081569,0.9073131,0.92812747,0.827092,0.8415283,0.81735,0.80221146,0.924714,0.8997824,0.89683616,0.8789032,0.8377332,0.8295986,0.86981446,0.8308573,0.8278325,0.8896288,0.8741191,0.91438234,0.8435824,0.8731282,0.826376,0.8470153,0.8932872
annabellemovie,0.9771767,0.9435309,0.9328115,0.9525469,0.95617354,0.956662,0.97399807,0.9476681,0.97056574,0.95480144,0.9535017,0.86908716,1.0,0.9652095,0.9598265,0.94252557,0.98253196,0.9595784,0.97206557,0.96267176,0.9456762,0.8662435,0.97178435,0.97113013,0.965075,0.38407794,0.8180106,0.971867,0.91411066,0.94130224,0.9598708,0.9474394,0.9526053,0.91649115,0.8185177,0.872174,0.97013193,0.9554261,0.9482881,0.9212959,0.9065818,0.97306955,0.9402547,0.9723363,0.9497581,0.959146,0.97355914,0.96460605,0.92926383,0.9767831,0.9150008,0.9435946,0.95968676,0.9407462,0.9389971,0.94111764,0.92919654,0.9682267,0.97294426,0.96510434,0.9566596,0.98030335,0.9242204,0.95978886,0.9224532,0.9018786,0.95717853,0.9241873,0.9565317,0.905769,0.9698417,0.92996067,0.86946267,0.97528213,0.9278609,0.9357233,0.8720107,0.9636419,0.9759666,0.9241405,0.93956596,0.98415315,0.9674253,0.93057215,0.88746125,0.91740924,0.94607925,0.9822879,0.94132525,0.96716183,0.94234866,0.9698417,0.94961566,0.9141443,0.9258738,0.95907736,0.95876396,0.9473456,0.97850007,0.93882596,0.96293485,0.94810957,0.8880924,0.9590767,0.9699824,0.9156538,0.96671474,0.9305042,0.85611737,0.8793164,0.97310114,0.3978347,0.9406956,0.79523426,0.93674755,0.95221955,0.97789854,0.9234951,0.96976125,0.9767857,0.9477096,0.9671107,0.9629816,0.9503078,0.9616658,0.9486307,0.96405804,0.81269443,0.9304291,0.8793261,0.9512322,0.9601664,0.96823585,0.86264324,0.9615374,0.9306142,0.95411575,0.9392823,0.9668082,0.9617775,0.97056574,0.87997735,0.9402174,0.8921354,0.8812438,0.92218715,0.9149504,0.9011297,0.946105,0.9406341,0.9699849,0.94562536,0.96143395,0.8464072,0.91724944,0.9586891,0.97103816,0.96634346,0.94452775,0.93098235,0.97056574,0.9571734,0.9609834,0.9753154,0.9003035
annamovie,0.9829091,0.94169754,0.9771896,0.9568586,0.97513384,0.91507214,0.985044,0.9854341,0.9904096,0.9703151,0.9856865,0.86816806,0.9652095,1.0,0.98757315,0.96619976,0.97016114,0.98589456,0.9716094,0.97654533,0.9733359,0.8835649,0.97918373,0.9751999,0.95315605,0.46206054,0.8565575,0.96097463,0.96122825,0.97903824,0.98244476,0.97679865,0.9479773,0.9177514,0.77334195,0.8596351,0.98095703,0.9487776,0.9709913,0.94855785,0.94220746,0.9632728,0.9635328,0.9742972,0.98524994,0.9444515,0.9730139,0.98285604,0.964363,0.9805111,0.9568415,0.9862412,0.9143887,0.95378214,0.92899454,0.9684715,0.96487296,0.97258955,0.9831035,0.9781663,0.9625175,0.9666662,0.9589726,0.9864216,0.97618496,0.923402,0.9619779,0.97796494,0.985287,0.9141608,0.9862261,0.943392,0.93753034,0.9854456,0.9312056,0.93775105,0.7699861,0.97640324,0.97581685,0.92674416,0.9298426,0.93972015,0.9839357,0.96953166,0.8775199,0.94893134,0.93324685,0.98339254,0.95159364,0.98488504,0.976321,0.9862261,0.9523863,0.95859724,0.95266837,0.985469,0.9765795,0.9680504,0.978764,0.90911865,0.95700926,0.9434451,0.9197923,0.9844467,0.9763122,0.9544772,0.9857132,0.92281723,0.905888,0.898473,0.99159485,0.47600317,0.9790206,0.8075067,0.93256646,0.9844647,0.9878855,0.94200814,0.98700076,0.98550564,0.9758689,0.98159546,0.9843346,0.90721554,0.9861923,0.97681814,0.95087636,0.86687666,0.9351637,0.8468038,0.98002416,0.9555473,0.96718436,0.92526376,0.979533,0.96828556,0.966242,0.9752824,0.98532426,0.95920193,0.9904096,0.9266156,0.9299246,0.9005448,0.91594756,0.97531754,0.9624057,0.85030293,0.9620314,0.96188504,0.9752225,0.9867478,0.97991097,0.877402,0.95636725,0.9724339,0.97521394,0.97724473,0.9804663,0.9494727,0.9904096,0.98243934,0.98577607,0.9854316,0.93870056
apollo11movie,0.9852388,0.93573946,0.9830147,0.94460773,0.9798292,0.9272511,0.9863393,0.9820932,0.99240875,0.93747616,0.9682069,0.843905,0.9598265,0.98757315,0.99999994,0.945937,0.9770722,0.9749266,0.97654253,0.9810799,0.9810097,0.8701438,0.9815405,0.9788963,0.93997866,0.46518934,0.8585209,0.9612484,0.971288,0.98607916,0.97952443,0.9614705,0.9363589,0.8996262,0.77264893,0.88153297,0.98491764,0.92694235,0.9705578,0.93575776,0.9481849,0.9572305,0.9681444,0.9642223,0.97522825,0.937292,0.9752153,0.9826809,0.95516914,0.9731029,0.9580534,0.98497695,0.89457464,0.93945307,0.91665494,0.9619687,0.9678324,0.97254694,0.9839414,0.97413415,0.9702746,0.96894366,0.9395163,0.9738796,0.9739694,0.9389928,0.9675917,0.9749922,0.98674035,0.91488177,0.98417056,0.9472498,0.9472258,0.99040246,0.9339407,0.95136994,0.7902003,0.9724621,0.9745131,0.9360881,0.9015439,0.93102354,0.98970187,0.97265226,0.85068274,0.94578594,0.9180183,0.9890927,0.94503355,0.9797335,0.98543024,0.98417056,0.93826884,0.9617028,0.9536339,0.9796263,0.9521789,0.9607045,0.98479444,0.8879408,0.95217764,0.9212611,0.9141413,0.9709538,0.9531021,0.95359755,0.9906464,0.90544045,0.91653174,0.8919739,0.9873635,0.48076123,0.9650526,0.81683517,0.9310546,0.973186,0.9884628,0.93924737,0.9895294,0.9889074,0.98434544,0.9848484,0.98765874,0.9106493,0.9850762,0.989537,0.9478969,0.8588573,0.9248351,0.83399636,0.9839166,0.95561177,0.9643291,0.9013852,0.9830645,0.98054373,0.9781523,0.9672268,0.9777093,0.9613434,0.99240875,0.9236297,0.9113987,0.89164215,0.9399759,0.975878,0.973024,0.8517058,0.95196533,0.9521646,0.972139,0.98535764,0.9875275,0.8803157,0.9410666,0.978979,0.9741476,0.9713818,0.97924954,0.9393335,0.99240875,0.9797425,0.9916557,0.9819702,0.9387665
arcticdogsmovie,0.9580139,0.96773505,0.96733725,0.9680461,0.9709505,0.9124533,0.96346843,0.96908045,0.96243596,0.9551964,0.9690904,0.90966254,0.94252557,0.96619976,0.945937,1.0,0.94967943,0.9725471,0.95922554,0.9386872,0.9254041,0.9404319,0.942416,0.9413643,0.97075516,0.531079,0.89874434,0.9274621,0.96013,0.9438081,0.95560586,0.97694063,0.90926933,0.9222039,0.78910995,0.80785877,0.94717366,0.93921983,0.95335054,0.9635944,0.94904804,0.9367712,0.94681674,0.9404124,0.96667296,0.9536445,0.9422108,0.9645816,0.9387909,0.94572675,0.9686619,0.96542174,0.92371947,0.9507154,0.89062583,0.9638941,0.9561434,0.9550711,0.94769335,0.9686541,0.9404161,0.930854,0.958854,0.97120005,0.95296246,0.90179455,0.92731357,0.9586377,0.95949787,0.86386126,0.9634425,0.92214596,0.92404723,0.9503875,0.8910594,0.9007939,0.7501157,0.9365344,0.9498518,0.9192574,0.9319666,0.9198217,0.95810425,0.92996395,0.92786556,0.95837873,0.9377383,0.946324,0.96959406,0.9687035,0.93576,0.9634425,0.9697391,0.93280107,0.9493438,0.9730555,0.9722087,0.9309658,0.9535353,0.8651595,0.93699014,0.9647938,0.9384978,0.97562015,0.95964456,0.9711371,0.9496023,0.9382755,0.93515456,0.9180648,0.9672162,0.5449258,0.95432454,0.8050395,0.9375105,0.96137196,0.9638369,0.88792664,0.95719486,0.95622975,0.93976146,0.94686407,0.9629104,0.9168633,0.9588666,0.9368189,0.92241275,0.92220336,0.9511008,0.8351421,0.9398816,0.9523341,0.9545537,0.9023302,0.945115,0.9294534,0.928125,0.9669916,0.97061163,0.9367553,0.96243596,0.94952327,0.9238317,0.910147,0.90382767,0.9548946,0.9225338,0.8491546,0.9616054,0.9428349,0.9747316,0.9703351,0.94620115,0.91342694,0.9803056,0.9475772,0.9334809,0.9698826,0.94798034,0.9395935,0.96243596,0.9659537,0.9507369,0.9571479,0.9279743
arcticmovie,0.9773658,0.9456254,0.9594092,0.96460783,0.97585917,0.95770097,0.9743146,0.9603264,0.978316,0.94010067,0.9610556,0.8815034,0.98253196,0.97016114,0.9770722,0.94967943,0.9999999,0.97100425,0.9695294,0.9682441,0.95458764,0.88052505,0.9722709,0.9684533,0.9567019,0.41499114,0.8704809,0.98227435,0.9525125,0.9593799,0.96452045,0.95468575,0.9412639,0.94214946,0.829388,0.8907745,0.9718194,0.9457525,0.9504476,0.944211,0.9317465,0.95877594,0.94533664,0.95479286,0.9633632,0.9525847,0.9741034,0.9770849,0.9314662,0.9640525,0.94987077,0.9646117,0.92991096,0.9274746,0.9169069,0.953923,0.95982796,0.96881855,0.9827933,0.96598536,0.96615875,0.9772968,0.9275966,0.9672129,0.94807595,0.9230995,0.9512912,0.94835925,0.9690841,0.8992262,0.97226596,0.9502299,0.9086712,0.98186713,0.943663,0.9401944,0.85143,0.96913785,0.9709416,0.9352694,0.92216736,0.9582103,0.9765498,0.9574637,0.8921056,0.9309934,0.9365641,0.9840866,0.9474753,0.9690456,0.95354635,0.97226596,0.9535618,0.9501235,0.9539524,0.97024286,0.94895375,0.9458783,0.9768116,0.91442025,0.95387566,0.9438505,0.91705436,0.96541184,0.95998466,0.94682175,0.9713171,0.9335499,0.8943119,0.90066653,0.9815586,0.42990142,0.9598162,0.8330675,0.9542625,0.9655609,0.9824894,0.9297873,0.97419643,0.9784866,0.9607565,0.97830254,0.9741943,0.95452785,0.97042125,0.97074974,0.95084554,0.83835447,0.93663085,0.84576684,0.960889,0.9607946,0.9879301,0.89556754,0.96494687,0.9507241,0.9678456,0.95614374,0.9682127,0.9652696,0.978316,0.91562486,0.9288509,0.9022552,0.91437936,0.9485157,0.9463227,0.89351666,0.95884866,0.9535218,0.9653367,0.9666252,0.96548855,0.8807537,0.92211986,0.9696247,0.97254187,0.97329557,0.9657209,0.95842344,0.978316,0.9685752,0.97150296,0.97643065,0.9376667
artofracingmovie,0.9731953,0.94885725,0.9757388,0.9614846,0.9793417,0.92416775,0.980508,0.9703533,0.9820934,0.9568374,0.987332,0.8958069,0.9595784,0.98589456,0.9749266,0.9725471,0.97100425,1.0000002,0.963431,0.967553,0.9680857,0.91674536,0.9730276,0.9634919,0.9641232,0.4818865,0.8777233,0.95882666,0.9692527,0.9709697,0.970305,0.9726577,0.94752705,0.93995273,0.78828543,0.8532708,0.97211635,0.9507932,0.9596582,0.95807827,0.9470722,0.95100087,0.95110005,0.959393,0.9730832,0.9452128,0.96982515,0.9774368,0.9531976,0.9676126,0.9745372,0.9776171,0.9209029,0.9441216,0.89982235,0.9780753,0.96895856,0.96311903,0.97170067,0.9712039,0.95844144,0.95944864,0.9547528,0.9817029,0.96441674,0.921641,0.94315964,0.9703067,0.97981524,0.8794822,0.97735167,0.9404733,0.9410186,0.97932154,0.9258999,0.9419698,0.7606817,0.9804449,0.968436,0.92897844,0.92942417,0.944009,0.9835201,0.96329457,0.9117977,0.9560812,0.9305102,0.96851796,0.9518328,0.9819994,0.96274745,0.97735167,0.95341754,0.952539,0.96260846,0.9792763,0.97214305,0.95160246,0.9761529,0.8943385,0.9488068,0.9559224,0.93878084,0.98436624,0.97288567,0.97207737,0.96958274,0.9425068,0.917857,0.9149863,0.991461,0.49448797,0.966825,0.7980289,0.93741375,0.98633707,0.9803176,0.93237495,0.97475064,0.9798847,0.97510266,0.9697615,0.97574043,0.92701507,0.9747211,0.9621889,0.9318825,0.8940812,0.94370145,0.8267757,0.97474164,0.9620047,0.974774,0.9389377,0.968023,0.9547353,0.95107675,0.97239256,0.9813406,0.96042156,0.9820934,0.94277024,0.93360627,0.92132854,0.925576,0.96415865,0.94562054,0.8478135,0.9778989,0.96577144,0.97315705,0.9838059,0.97363216,0.8839066,0.95608187,0.9684077,0.9733308,0.97717035,0.9670264,0.95852685,0.9820934,0.97294044,0.96958166,0.98100936,0.9463693
avengers,0.99163926,0.9558741,0.9738571,0.94473606,0.97205836,0.9324291,0.98371,0.979356,0.98869145,0.9495075,0.9564292,0.8330552,0.97206557,0.9716094,0.97654253,0.95922554,0.9695294,0.963431,0.99999994,0.9675205,0.9611783,0.88464403,0.97880805,0.9873113,0.9600726,0.4777973,0.84922284,0.94096714,0.9543279,0.9711714,0.9816529,0.9623785,0.9235258,0.88255304,0.75736356,0.85316414,0.9801747,0.9408896,0.982933,0.92687726,0.9415842,0.9657769,0.9565075,0.96589094,0.9612711,0.9546236,0.9717854,0.9795718,0.96316606,0.97350836,0.94238675,0.9726495,0.9381169,0.9454073,0.9355699,0.96404475,0.9394554,0.9740776,0.9702374,0.98679775,0.9618811,0.9575603,0.9475041,0.96517134,0.9563472,0.91100174,0.9706993,0.9607217,0.97891104,0.92968845,0.9878373,0.9468002,0.92112494,0.9802378,0.91130894,0.9543229,0.804072,0.9617948,0.9721681,0.91636646,0.9219691,0.951961,0.9797986,0.9402976,0.8525858,0.94863605,0.9465319,0.9879348,0.94851696,0.98452556,0.970796,0.9878373,0.94138736,0.9380857,0.93736506,0.966298,0.9673998,0.96176136,0.986154,0.89261156,0.9629105,0.9289732,0.89830005,0.9699343,0.9534849,0.94002056,0.9858361,0.89449835,0.9035297,0.8885208,0.97192115,0.49397534,0.9418792,0.79220533,0.92296606,0.9596954,0.9875096,0.912128,0.9870903,0.9785744,0.96669537,0.9726522,0.9865389,0.9092802,0.98160136,0.97703046,0.9663519,0.87124354,0.93999475,0.84106266,0.9657914,0.96754307,0.9495373,0.84594756,0.9731852,0.96872044,0.96561193,0.97041523,0.97879654,0.9595585,0.98869145,0.91822875,0.91706043,0.8702916,0.92219436,0.9607216,0.9348397,0.8565658,0.9363601,0.9348827,0.97772384,0.96816736,0.9799909,0.88811475,0.95173687,0.9826105,0.97176975,0.9726558,0.9596384,0.91912025,0.98869145,0.9658548,0.98303074,0.9799229,0.9052632
beachbummovie,0.96931213,0.9394903,0.960612,0.93543106,0.97013104,0.92395836,0.98024493,0.9698035,0.98385286,0.9446972,0.9569213,0.8292379,0.96267176,0.97654533,0.9810799,0.9386872,0.9682441,0.967553,0.9675205,1.0,0.96744573,0.8510975,0.9756861,0.9743532,0.9375251,0.4401595,0.83236015,0.9399463,0.9423888,0.9746643,0.977699,0.9526726,0.9444624,0.8850406,0.7718377,0.8514464,0.9743096,0.93729764,0.9513621,0.9187793,0.915737,0.9555248,0.9382357,0.9721395,0.9554845,0.9215646,0.96576244,0.9708974,0.94791037,0.9771686,0.93520504,0.97122586,0.90526074,0.9239941,0.9184376,0.9618068,0.94412374,0.95707333,0.9783768,0.974757,0.961203,0.9496891,0.9320109,0.96264714,0.955901,0.899605,0.9705901,0.9613366,0.9805946,0.8962322,0.9823754,0.94501024,0.9063925,0.98222715,0.905023,0.96272135,0.7949957,0.9745914,0.965091,0.91087276,0.9054855,0.94585377,0.97862184,0.9469683,0.8420202,0.9371727,0.90674305,0.97785646,0.912777,0.9822295,0.9640386,0.9823754,0.92083544,0.93155843,0.91152257,0.9596934,0.9642093,0.97246563,0.98213905,0.88346004,0.94545156,0.9111391,0.88966334,0.960491,0.94232744,0.9305268,0.9793786,0.88354653,0.88205206,0.88267213,0.9804476,0.45496705,0.9334076,0.81092256,0.8940903,0.9639429,0.97387636,0.92123413,0.9799922,0.98260856,0.98051333,0.96980727,0.9717063,0.9052479,0.979256,0.96618104,0.93657225,0.83593637,0.9160661,0.83186895,0.9662781,0.9666193,0.9530152,0.88722694,0.9633845,0.9750668,0.9559241,0.95652795,0.9810329,0.95856786,0.98385286,0.8893121,0.9015396,0.85593164,0.91273636,0.9498618,0.93436617,0.85265684,0.9282891,0.91715944,0.9568562,0.9611093,0.98432964,0.86217725,0.9157077,0.9738163,0.96798986,0.9643347,0.9531307,0.90968573,0.98385286,0.96007764,0.9795186,0.9763612,0.8915393
bernadettefilm,0.96713346,0.9051729,0.9568559,0.9186939,0.95108473,0.9199207,0.9742086,0.9591361,0.97515666,0.9271293,0.96056104,0.83556646,0.9456762,0.9733359,0.9810097,0.9254041,0.95458764,0.9680857,0.9611783,0.96744573,1.0,0.8677246,0.97213435,0.9611542,0.9369509,0.44738206,0.81151044,0.9506498,0.94813126,0.96282,0.9632449,0.9378556,0.9308749,0.8868379,0.7650365,0.88037276,0.9757246,0.9092735,0.9597722,0.9113681,0.91640955,0.95379996,0.9402048,0.9644256,0.9434477,0.9315392,0.96217126,0.95866644,0.9492755,0.9685397,0.9401835,0.9602019,0.90406185,0.9403751,0.906621,0.94113606,0.9513755,0.9585951,0.9713529,0.9562747,0.9493297,0.95510876,0.9131297,0.9501458,0.94846183,0.9413635,0.9517858,0.94325787,0.9666594,0.89220136,0.9660345,0.93518806,0.94626975,0.97261417,0.9419877,0.9434344,0.7842422,0.9759417,0.9710166,0.92995244,0.9238324,0.9280928,0.97103554,0.9683262,0.8539951,0.92553693,0.8835483,0.97535414,0.9212487,0.9627786,0.97746116,0.9660345,0.9265549,0.94173515,0.9376717,0.96571285,0.9452165,0.9417329,0.9693944,0.8900776,0.95190305,0.92658466,0.89504737,0.95634913,0.94271016,0.9351449,0.9724281,0.90667266,0.8923606,0.8652733,0.97358716,0.46132338,0.9416348,0.7906532,0.91772133,0.96591574,0.9712873,0.95899796,0.97619015,0.97854,0.96674025,0.96282524,0.9691792,0.900832,0.95976436,0.96388614,0.9279449,0.85158706,0.91155046,0.8412514,0.98579794,0.93091387,0.9440221,0.8985981,0.9704598,0.9552868,0.9685945,0.9538803,0.9613184,0.94441646,0.97515666,0.9056004,0.91791797,0.90827656,0.9301499,0.9494195,0.94861263,0.8334905,0.9535283,0.9374734,0.95910513,0.9675116,0.9738468,0.84789,0.9134505,0.9614384,0.9656067,0.9613277,0.9667403,0.9170135,0.97515666,0.974446,0.9673274,0.9715904,0.9162121
