movie,21bridgesmovie,47metersdown,abeautifuldaymovie,abominablemovie,adastramovie,adogsjourneymovie,aftermathmovie,aftermovie,ahiddenlifefilm,alitamovie,angelhasfallen,angrybirdsmovie,annabellemovie,annamovie,apollo11movie,arcticdogsmovie,arcticmovie,artofracingmovie,avengers,beachbummovie,bernadettefilm,blackandbluemovie,blackchristmas,blindedbythelightmovie,bombshellmovie,booksmart,breakthroughmovie,brianbanksmovie,brightburnmovie,brittanyrunsmov,captainmarvelofficial,captivestatemovie,catsmovie,charliesangels,childsplaymovie,clarathefilm,coldpursuitmovie,countdown,currentwarmovie,darkwatersmovie,detectivepikachumovie,disneyaladdin,disneyfrozen,disneymaleficent,doctorsleepmovie,dolemiteismyname,dontletgomovie,doramovie,downtonabbey_official,dumbo,escaperoom,everybodyknowsmovie,fastandfuriousmovie,fightingwmyfam,fivefeetapartfilm,fordvferrari,freaksthefilm,geminimanmovie,glassmovie,gloriabellmovie,godzillamovie,goldfinchmovie,goodboysmovie,goodliarmovie,gretafilm,halathemovie,happydeathdaymovie,harrietfilm,hellboymovie,hersmellmovie,highlifemovie,highstrungmovie,honeyboymovie,hotelmumbaifilm,httydragon,hustlemovie,hustlersmovie,isntitromantic,itmovieofficial,jayandsilentbob,johnwickmovie,jojorabbitmovie,jokermovie,judythefilm,jumanjimovie,justmercyfilm,knivesout,lalloronamovie,lastblackmansf,lastchristmasthemovie,latenightmovie,lighthousemovie,lionking,littlethemovie,littlewomenmovie,littlewoodsfilm,longshotmovie,lordsofchaosmovie,lucyintheskyfilm,mamovie2019,marriagestory,meettheaddams,meninblack,midsommarmovie,midwaymovie,missbalamovie,missinglinkfilm,motherlessbklyn,onceinhollywood,onthebasisofsex,overcomermovie,peanutbutterfalcon,petsematarymovie,piercingmovie,playingwithfire,playmobilthemovie,pomsmovie,queenandslim,rambomovie,readyornotfilm,richardjewellfilm,rocketmanmovie,scarystoriesmovie,secretlifeofpets,serenityfilm,shaftmovie,shazammovie,spidermanmovie,spiesindisguise,starwars,stormboymovie,stubermovie,taosdfilm,teenspiritmov,terminator,theaeronautsmov,thebestofenemies,thedeaddontdie,thefarewell,thehighwaymen,thehummingbirdprojectfilm,theintrudermovie,theirishmanfilm,thekitchenmovie,thelegomovie,themustangfilm,thenightingalefilm,theprodigymovie,thesunisalsoastar,theupsidefilm,tolkienmovie,toystory,triplefrontier,uglydolls,uncutgems,underthesilverlake,usmovie,wavesmovie,whatmenwant,wonderparkmovie,wrinklestheclown,xmenmovies,yardiefilm,yesterdaymovie,zombieland
21bridgesmovie,1.0,0.9854256,0.9957595,0.93845505,0.98802483,0.9017496,0.9995256,0.99825644,0.994822,0.9835155,0.96577084,0.8718761,0.99254614,0.9969012,0.99437577,0.9793972,0.99391,0.984382,0.9974527,0.96490574,0.9947599,0.97384065,0.99084467,0.99405414,0.97366214,0.61656153,0.9466478,0.98156416,0.9859292,0.9687877,0.99885243,0.98520744,0.89771366,0.81895214,0.5901791,0.59508026,0.9983339,0.9422605,0.98440516,0.9681281,0.9917988,0.9958028,0.8862981,0.9918987,0.9987167,0.981602,0.9879313,0.99065304,0.9750508,0.9930117,0.9725549,0.9924334,0.9341768,0.954142,0.9147124,0.9820689,0.9019938,0.9994414,0.99592376,0.99470913,0.99241555,0.9974391,0.9739947,0.9959536,0.9846435,0.9506179,0.9504332,0.9826213,0.9748279,0.81116605,0.9991722,0.6298493,0.94546956,0.9977056,0.68873805,0.99966556,0.5677895,0.9934285,0.9989208,0.94196135,0.9127561,0.97265244,0.9985367,0.9262831,0.88225013,0.9897725,0.9041622,0.99756175,0.9704358,0.9958881,0.9593991,0.9991722,0.9111727,0.9639946,0.95997506,0.992979,0.97772074,0.9928124,0.99686766,0.9153874,0.96280146,0.98947746,0.87954843,0.99937487,0.9902103,0.96783537,0.994531,0.8992455,0.944692,0.932228,0.9964386,0.55785704,0.9957631,0.58424705,0.9810037,0.9953872,0.9998535,0.7373459,0.9938479,0.9991198,0.99919045,0.99422604,0.99588215,0.90681195,0.990014,0.99918985,0.9959765,0.8721543,0.9652958,0.65886635,0.9960788,0.9766875,0.99351555,0.82375395,0.993197,0.9758712,0.9819211,0.9622735,0.9994519,0.97161627,0.994822,0.9695476,0.8959679,0.87451893,0.9548811,0.9717896,0.9592475,0.6874424,0.9530765,0.9864318,0.9948913,0.9909253,0.9967585,0.933762,0.98115635,0.99677,0.9815253,0.9902304,0.9946842,0.99458075,0.994822,0.9228414,0.9921526,0.9868573,0.9028178
47metersdown,0.9854256,0.99999994,0.9927352,0.929219,0.9575275,0.95995194,0.98845786,0.97975993,0.96355563,0.99978095,0.92121214,0.935052,0.9770956,0.9701802,0.9622205,0.9805758,0.9727341,0.9585267,0.97850007,0.9073565,0.983326,0.9902947,0.9672921,0.9616874,0.9799904,0.5771922,0.9593586,0.99656534,0.99129707,0.9467708,0.9779098,0.9526392,0.9375563,0.89238757,0.5482995,0.55285287,0.9836573,0.9332626,0.9796938,0.9250168,0.993992,0.98334855,0.90671134,0.9609594,0.9889141,0.9455543,0.9664881,0.96392584,0.96963626,0.9597758,0.9917328,0.9663228,0.96596295,0.97483844,0.9526836,0.9591375,0.9238962,0.9898641,0.9930322,0.9731852,0.9716043,0.9883721,0.9887502,0.9908351,0.9537371,0.9748721,0.92829776,0.9490576,0.9319664,0.76979667,0.98071694,0.6419896,0.96689284,0.9889544,0.6489917,0.9832573,0.52749866,0.96387,0.9897645,0.9841262,0.8777547,0.98343617,0.9876444,0.8878238,0.9439247,0.96492285,0.8673138,0.97405654,0.9804296,0.9661489,0.96789664,0.98071694,0.9567157,0.92959136,0.98692155,0.964361,0.9607036,0.961402,0.99426574,0.89880615,0.94842726,0.97649443,0.93548536,0.99004155,0.9965459,0.99083287,0.96588314,0.8899771,0.98432285,0.9098808,0.96885264,0.51827097,0.99470866,0.5427884,0.9991876,0.97598517,0.9831059,0.7010881,0.9704753,0.98909837,0.9861686,0.97412014,0.9839732,0.93040216,0.9555774,0.97969186,0.98664224,0.9309514,0.9701774,0.75561416,0.9684503,0.9757988,0.97911435,0.86491525,0.99797904,0.9322855,0.9504258,0.9199654,0.98626536,0.92930514,0.96355563,0.9933086,0.874819,0.8540727,0.9397255,0.93047756,0.9596548,0.6442441,0.9240538,0.98817116,0.9895766,0.9647397,0.98977757,0.86899936,0.97856355,0.98043895,0.95220876,0.9894447,0.99283594,0.9973854,0.96355563,0.9625731,0.96801543,0.95670646,0.94166553
abeautifuldaymovie,0.9957595,0.9927352,1.0,0.9235216,0.97491086,0.9326528,0.99736714,0.9892413,0.98329926,0.99108654,0.9472999,0.9064671,0.9857385,0.9894451,0.9820915,0.98006135,0.9920843,0.9773843,0.9953343,0.9402834,0.9970342,0.9902898,0.97890973,0.9840177,0.9893399,0.6426727,0.9468781,0.99324554,0.99578047,0.9731173,0.9904604,0.96610373,0.93349165,0.8666607,0.5533936,0.5579893,0.9957102,0.9362484,0.99146706,0.9455859,0.99253803,0.9965228,0.91322565,0.98272985,0.99851775,0.9736329,0.9765556,0.9762564,0.97368103,0.9827202,0.989103,0.9813454,0.9591374,0.9629732,0.9479749,0.9799197,0.91207814,0.99724567,0.9979232,0.986657,0.99249864,0.99725825,0.9904191,0.9918818,0.9725128,0.97450745,0.9360782,0.9680291,0.96622235,0.7796606,0.9935203,0.66987205,0.9532261,0.9991182,0.6518718,0.9937663,0.53239954,0.9794215,0.99482054,0.9574614,0.897934,0.9751877,0.99341804,0.9015109,0.9150215,0.985173,0.88155186,0.9895949,0.97832054,0.98643315,0.97515607,0.9935203,0.94465655,0.966259,0.9809845,0.98117816,0.9854186,0.98339003,0.9971216,0.8974332,0.95469546,0.99476767,0.9181603,0.9963717,0.9984643,0.9861347,0.98176235,0.88399106,0.95645416,0.910776,0.98487306,0.52308613,0.99938595,0.5478313,0.9890652,0.99051696,0.99415416,0.70697355,0.9828355,0.99574876,0.994476,0.9822752,0.9980255,0.9155161,0.974583,0.99399316,0.99312985,0.9124791,0.98320705,0.71986073,0.98872656,0.9860968,0.9949817,0.8675449,0.99520713,0.9684248,0.9700266,0.93939877,0.9947141,0.9614042,0.98329926,0.98650193,0.88327044,0.84716153,0.947529,0.9489407,0.95137936,0.6519101,0.929132,0.9862158,0.993439,0.9868653,0.9915595,0.904953,0.9854744,0.9937476,0.97127473,0.9968448,0.99993616,0.9984806,0.98329926,0.9531726,0.99030036,0.97451735,0.938464
abominablemovie,0.93845505,0.929219,0.9235216,1.0000001,0.9649277,0.8421594,0.93071926,0.9514768,0.9393792,0.93378997,0.9601727,0.8460034,0.9708644,0.9338789,0.9304984,0.9755463,0.89754134,0.9608191,0.929526,0.9012881,0.9016113,0.8822215,0.9710364,0.93146294,0.89301646,0.37736058,0.98614097,0.8985818,0.8891584,0.9141285,0.9376461,0.9613678,0.7638373,0.7171756,0.8074261,0.81413144,0.9456887,0.9887686,0.8686742,0.967275,0.9603411,0.9041077,0.6930108,0.9014598,0.92416865,0.9351774,0.97693396,0.9668984,0.9786446,0.9146141,0.882683,0.96339583,0.892626,0.964427,0.81595147,0.94685715,0.95728,0.94293797,0.9164626,0.9101014,0.89628476,0.91511256,0.87883335,0.9593592,0.9657973,0.8742956,0.99296343,0.9672332,0.91445994,0.947016,0.92732924,0.4168507,0.9690646,0.9197274,0.88282365,0.9358431,0.7767948,0.95323455,0.9418517,0.9162688,0.96817183,0.97509724,0.9543104,0.98434263,0.8534559,0.88338447,0.9796089,0.9480495,0.95970136,0.9281592,0.8188644,0.92732924,0.81851995,0.86974365,0.88499784,0.95778733,0.8831174,0.9413434,0.9280724,0.9963794,0.9892073,0.89357334,0.80662066,0.94448656,0.91696054,0.88197196,0.95243466,0.99353427,0.9230344,0.99675035,0.9414858,0.7632061,0.9216321,0.7993105,0.9368317,0.95392215,0.94164884,0.9102257,0.9648759,0.9334131,0.9512336,0.96443784,0.91027266,0.96345556,0.9526068,0.9273336,0.9609084,0.77812994,0.84901655,0.5033946,0.9182319,0.93337435,0.89482516,0.6349497,0.94382674,0.8830865,0.96609706,0.9728395,0.9339639,0.9320845,0.9393792,0.88699853,0.978147,0.9846472,0.98661005,0.96654314,0.9952287,0.8774405,0.9887955,0.900478,0.91456985,0.8886038,0.95552015,0.93322545,0.86291033,0.90848935,0.9663896,0.8931058,0.9203839,0.9342149,0.9393792,0.85370195,0.8953665,0.9656692,0.800735
adastramovie,0.98802483,0.9575275,0.97491086,0.9649277,0.99999994,0.84951377,0.98285365,0.99256533,0.99524146,0.95695734,0.993783,0.83160305,0.99602836,0.9929562,0.99156976,0.9805127,0.9751202,0.9962624,0.98824114,0.9762699,0.9714292,0.93595624,0.99878216,0.99354035,0.9488638,0.57326716,0.95493215,0.9452494,0.95129013,0.9722255,0.98982584,0.9945369,0.83461577,0.747064,0.69390607,0.6996687,0.9912568,0.9685484,0.9490119,0.99396616,0.98067755,0.972906,0.80983204,0.97918296,0.97990143,0.99248236,0.998002,0.99808514,0.9837259,0.986557,0.933014,0.99944574,0.90906316,0.9492152,0.8661195,0.989888,0.9153015,0.98649526,0.97040176,0.976747,0.9747263,0.9747542,0.9361522,0.9859193,0.9994202,0.9171852,0.9810596,0.9994855,0.98558646,0.88519835,0.98543,0.56094253,0.9446162,0.9776509,0.781245,0.98723316,0.6675814,0.9968823,0.98402965,0.9075074,0.9598048,0.96903855,0.9898031,0.9706183,0.8408786,0.9681814,0.9556814,0.9959651,0.96581084,0.9913037,0.9078861,0.98543,0.85845494,0.96070874,0.922701,0.99919903,0.9625324,0.9964665,0.974281,0.9543068,0.98420316,0.9684875,0.8291419,0.9863133,0.963331,0.9277335,0.9972501,0.93893635,0.91157734,0.9671197,0.9937338,0.6559032,0.9719319,0.6869315,0.9553559,0.99559516,0.99018997,0.8226534,0.998488,0.98194224,0.9911094,0.99494237,0.9760088,0.918218,0.99799114,0.98669606,0.9912131,0.8116263,0.92858756,0.5525938,0.9868853,0.9694373,0.96998584,0.7421021,0.9732356,0.9746833,0.99863243,0.99186265,0.98425055,0.989367,0.99524146,0.9291972,0.94308645,0.9222486,0.9796864,0.99399376,0.9715005,0.7822842,0.9803707,0.95248765,0.96877134,0.9725962,0.985689,0.97466314,0.9408925,0.97615165,0.99771416,0.95871854,0.97263056,0.9731708,0.99524146,0.882901,0.97582287,0.99984837,0.8536903
adogsjourneymovie,0.9017496,0.95995194,0.9326528,0.8421594,0.84951377,1.0,0.910663,0.88553125,0.8551487,0.9620232,0.7958515,0.9899221,0.8914192,0.8719513,0.85114133,0.92286265,0.8867025,0.86551046,0.8954142,0.75690836,0.91208863,0.9668461,0.86647564,0.85481596,0.9487863,0.54318947,0.9142166,0.9632802,0.9464625,0.8764311,0.8820075,0.8319811,0.96849847,0.9767268,0.429908,0.4334782,0.9037322,0.8618355,0.92115337,0.793211,0.93429965,0.90850586,0.90347075,0.8547611,0.9153237,0.84196395,0.8690555,0.8559411,0.9042637,0.8506814,0.97060084,0.86450785,0.97556734,0.94889355,0.9791768,0.8765909,0.9077286,0.913983,0.9282606,0.8760009,0.88953936,0.91482556,0.9637809,0.91627204,0.84781593,0.9735239,0.83107275,0.8370031,0.82173145,0.64215857,0.89091593,0.6717151,0.9409641,0.91894835,0.5242166,0.8950079,0.4135986,0.8532154,0.91057634,0.9839237,0.77383953,0.9369094,0.90630305,0.7620772,0.99345315,0.87056404,0.74943686,0.87811047,0.9425779,0.8617279,0.9347201,0.89091593,0.98964083,0.84392786,0.98157084,0.8589361,0.8966872,0.8572779,0.92715275,0.803738,0.8664951,0.90996754,0.9888217,0.91293514,0.9508946,0.97628677,0.85799664,0.8071414,0.9754207,0.80188316,0.8628983,0.40636343,0.9347066,0.4255869,0.9642792,0.8895127,0.8954066,0.58647007,0.8706523,0.91001207,0.9037675,0.8747454,0.9126545,0.9126305,0.83921504,0.8900125,0.9115321,0.9883933,0.93998724,0.88712865,0.86870927,0.93031365,0.9039182,0.9122535,0.9410732,0.8212178,0.8449286,0.78931546,0.90236557,0.81819427,0.8551487,0.9769094,0.7877168,0.7432216,0.8595475,0.79880756,0.8895308,0.5193218,0.8032082,0.9225719,0.91658276,0.87069356,0.91137576,0.7122184,0.91634804,0.89600164,0.8514252,0.9338776,0.9354005,0.9417368,0.8551487,0.9865185,0.87992156,0.85061234,0.9737458
aftermathmovie,0.9995256,0.98845786,0.99736714,0.93071926,0.98285365,0.910663,1.0,0.99639064,0.991756,0.9863323,0.95752984,0.878996,0.9892268,0.9948447,0.9918272,0.9769723,0.9948034,0.97961766,0.9966427,0.9592032,0.9966909,0.9792225,0.9864371,0.99124914,0.9767242,0.6244128,0.943002,0.98635304,0.99031305,0.9662487,0.99761117,0.9801273,0.9088707,0.8325364,0.568414,0.5731344,0.99711055,0.93511486,0.9887618,0.9600005,0.9914862,0.9975583,0.899283,0.99128336,0.9996901,0.97697204,0.9831901,0.9861824,0.97119576,0.99123204,0.9782315,0.9882413,0.937938,0.9533216,0.92313904,0.97832334,0.89818674,0.99926054,0.9982048,0.9950609,0.993241,0.9990915,0.97936976,0.9951464,0.9790539,0.9557373,0.9419997,0.97651917,0.9702045,0.7944109,0.99892443,0.6429526,0.94388825,0.9989987,0.6686963,0.9991692,0.54685,0.9896753,0.9989593,0.9467197,0.9015302,0.9711742,0.99743825,0.9148727,0.88942444,0.990994,0.8916831,0.9950562,0.9694805,0.99382305,0.96716297,0.99892443,0.920331,0.9625282,0.96555686,0.9888824,0.9786216,0.9893197,0.99852234,0.90534955,0.9563366,0.9912057,0.888687,0.9991627,0.9931257,0.9737265,0.9909809,0.8892712,0.9489763,0.922641,0.99390656,0.5372839,0.9978497,0.5627007,0.9836956,0.99276227,0.9988861,0.71885663,0.9900677,0.9996048,0.99800533,0.991066,0.9971988,0.9032357,0.98539525,0.9987544,0.9943325,0.88318276,0.9706019,0.67963856,0.994949,0.97628915,0.9954371,0.83883107,0.9945024,0.97340715,0.9760156,0.953482,0.99950874,0.965676,0.991756,0.9753916,0.88488346,0.86244476,0.9478891,0.96426624,0.9543825,0.66708565,0.9446197,0.9900586,0.99706346,0.9916105,0.9960614,0.92271626,0.9861939,0.9978931,0.97581327,0.9938612,0.99656737,0.996259,0.991756,0.9295487,0.992623,0.98156,0.91151553
aftermovie,0.99825644,0.97975993,0.9892413,0.9514768,0.99256533,0.88553125,0.99639064,0.99999994,0.9962955,0.97825825,0.973288,0.8559306,0.9947758,0.9958368,0.99570954,0.9797532,0.9878336,0.98555565,0.9935497,0.97133774,0.98731786,0.9604752,0.9955594,0.99404854,0.9604349,0.58207786,0.9510958,0.97155935,0.97523886,0.9613631,0.99906754,0.9932144,0.87200063,0.79113054,0.6228337,0.6280061,0.9961251,0.94883007,0.97325474,0.9786191,0.9905097,0.9893153,0.8604324,0.98976874,0.99413425,0.9809307,0.99305487,0.9963331,0.9764638,0.99209577,0.95951015,0.99579245,0.92013556,0.9522434,0.8925679,0.9797985,0.9021813,0.99724287,0.9903646,0.99319905,0.98520255,0.99243593,0.9602537,0.99660313,0.98879194,0.934341,0.9606251,0.98824465,0.9729938,0.8357417,0.99727505,0.5935512,0.9451301,0.99201345,0.7203112,0.99862677,0.5992053,0.99756354,0.9979134,0.93584055,0.92270476,0.97319865,0.9987836,0.9422459,0.86711276,0.9844249,0.9200016,0.99797785,0.9667569,0.99546915,0.9426144,0.99727505,0.89003015,0.95414424,0.94585264,0.99614704,0.9662372,0.99321,0.9930853,0.9307312,0.9689023,0.9798281,0.857461,0.9978031,0.98207337,0.95433146,0.9978708,0.9144587,0.9408923,0.94815874,0.9983421,0.5887233,0.9897104,0.6165735,0.9759772,0.9947892,0.9990047,0.7639623,0.9974416,0.9970363,0.9987402,0.99868256,0.9889421,0.9081166,0.9947119,0.99690366,0.99553347,0.8479754,0.94831634,0.6216612,0.9939381,0.9689475,0.9859316,0.78971803,0.9902693,0.97123384,0.98604804,0.97375536,0.9979126,0.972126,0.9962955,0.95716417,0.90763825,0.8970891,0.9607573,0.98238385,0.9672829,0.7175832,0.9681158,0.98230624,0.9911795,0.9853607,0.9976337,0.9459531,0.97176695,0.99243087,0.98489225,0.9809136,0.98752683,0.98959786,0.9962955,0.9045415,0.98576623,0.9910687,0.8790627
ahiddenlifefilm,0.994822,0.96355563,0.98329926,0.9393792,0.99524146,0.8551487,0.991756,0.9962955,1.0,0.96114635,0.98294854,0.8254971,0.9909634,0.99897826,0.9993609,0.9696187,0.9903683,0.9892648,0.99475056,0.98498553,0.98572785,0.94891775,0.99403703,0.9995001,0.95594096,0.61905634,0.93335545,0.9577204,0.9668272,0.96998185,0.9973224,0.9931084,0.8571937,0.7617169,0.62528366,0.63047636,0.9941142,0.94265723,0.9698664,0.98435676,0.97904146,0.9873703,0.8524593,0.99429417,0.9898836,0.99099296,0.99058735,0.99528897,0.9698736,0.9977106,0.9460766,0.99656093,0.90482605,0.93422323,0.87781686,0.98466015,0.88554835,0.9917247,0.9825739,0.9917217,0.9888636,0.98752546,0.9498526,0.98688376,0.99258906,0.9229507,0.957904,0.9922999,0.9873864,0.8378934,0.9954776,0.6032178,0.92614233,0.9880985,0.7197295,0.9953004,0.60156226,0.9985328,0.99071085,0.9063507,0.929678,0.95756876,0.99236524,0.9445039,0.83631015,0.9875022,0.9231849,0.99864805,0.95532763,0.9993012,0.9355967,0.9954776,0.87004876,0.9696373,0.9303523,0.9981153,0.9727771,0.9986267,0.9840191,0.9224302,0.96457255,0.9815424,0.8342514,0.9915566,0.9722071,0.93948615,0.99901813,0.9031614,0.91061556,0.94108075,0.999316,0.591039,0.9818465,0.6189988,0.9579446,0.9948598,0.9961751,0.7646203,0.99624836,0.99082595,0.994094,0.9944044,0.98773706,0.88923323,0.99831206,0.9961963,0.9898092,0.8235793,0.9458962,0.5853172,0.99754566,0.9658996,0.9858385,0.7794042,0.97746843,0.9863665,0.9905304,0.97894,0.9930354,0.9853861,1.0,0.9408379,0.9066775,0.88580376,0.95772094,0.98646486,0.9525249,0.72042286,0.96337676,0.9695033,0.9826714,0.9898694,0.98836976,0.9633682,0.96483785,0.9906841,0.9889805,0.9746255,0.981424,0.9793821,1.0,0.8868731,0.9904581,0.99409616,0.86544067
alitamovie,0.9835155,0.99978095,0.99108654,0.93378997,0.95695734,0.9620232,0.9863323,0.97825825,0.96114635,0.99999994,0.92101926,0.9395449,0.9773785,0.96774524,0.95920503,0.98281384,0.96882635,0.95855856,0.9763552,0.90284646,0.98010993,0.9887627,0.9671117,0.9589683,0.9789693,0.5660692,0.9642657,0.9951086,0.9887293,0.9459789,0.975554,0.9514124,0.93532175,0.89342284,0.5592299,0.5638741,0.9824515,0.9377843,0.9755824,0.92473966,0.9945666,0.9800639,0.8997248,0.9566074,0.9866337,0.9439742,0.96692055,0.96323097,0.9720656,0.9560419,0.9903406,0.96563363,0.96840787,0.97886735,0.9524036,0.9589422,0.9307189,0.9885107,0.9907189,0.9693971,0.9678973,0.9856152,0.98698103,0.9905645,0.9535143,0.97502905,0.9316576,0.9487793,0.9293809,0.7767457,0.97799325,0.6343551,0.97162706,0.9866261,0.6587406,0.9810266,0.5380144,0.9621753,0.98819274,0.986745,0.8816564,0.9863188,0.98675203,0.8909193,0.94807065,0.9600796,0.8716582,0.97244006,0.98300517,0.96319693,0.9631576,0.97799325,0.95689684,0.9260189,0.98692846,0.96319914,0.9578335,0.9594377,0.99244785,0.90416294,0.9514999,0.9733747,0.93740743,0.9887114,0.995299,0.98988354,0.9642026,0.8964491,0.9868101,0.9138639,0.9665074,0.52860284,0.9929006,0.55360895,0.99981004,0.97520196,0.98124003,0.7103082,0.9698262,0.9870552,0.98506653,0.97335994,0.98120975,0.93720174,0.953863,0.97700226,0.9865472,0.9317418,0.9671326,0.7544418,0.9650966,0.9764197,0.97544557,0.8598904,0.9975952,0.9278005,0.9504011,0.92035633,0.9840739,0.92785096,0.96114635,0.9924447,0.88067275,0.86018103,0.9431749,0.9299237,0.9634714,0.6538348,0.9259985,0.98525864,0.9868482,0.9601916,0.98909414,0.8678463,0.97404003,0.97696716,0.9524064,0.9864929,0.9911664,0.9964898,0.96114635,0.9638784,0.9640477,0.9563305,0.9413913
angelhasfallen,0.96577084,0.92121214,0.9472999,0.9601727,0.993783,0.7958515,0.95752984,0.973288,0.98294854,0.92101926,1.0,0.7856444,0.98232746,0.97829586,0.9773046,0.96331733,0.95225656,0.9912509,0.97017044,0.9741592,0.9443412,0.89737797,0.9882359,0.9817582,0.9212857,0.5615462,0.9384713,0.9057962,0.9152446,0.96627665,0.9696599,0.9847577,0.7830456,0.68552715,0.7431473,0.74931884,0.97275007,0.96760696,0.914736,0.99647593,0.95558876,0.9457009,0.75307983,0.96001214,0.9537637,0.9899848,0.98832005,0.9872068,0.9724926,0.9714062,0.892571,0.98958206,0.8774897,0.9258597,0.8224528,0.9836864,0.9040073,0.96288186,0.9389097,0.9516417,0.95329773,0.94606936,0.89816964,0.9617274,0.99553823,0.88241744,0.9832879,0.99668485,0.98519325,0.91482294,0.96282005,0.52221406,0.9231248,0.9511612,0.8211847,0.9645838,0.7149545,0.98471546,0.95824194,0.86228544,0.97680056,0.94667214,0.967855,0.9823828,0.79375714,0.9437068,0.9725974,0.981364,0.94559264,0.9764033,0.86380196,0.96282005,0.8098685,0.9541263,0.8832126,0.9893866,0.94504595,0.98716307,0.9436389,0.9585983,0.9808467,0.94481283,0.78128296,0.96217895,0.93080825,0.8865244,0.9848739,0.94270045,0.86627537,0.9690722,0.9782476,0.70244765,0.9415682,0.7356778,0.9195741,0.9821202,0.96940917,0.85915095,0.98626524,0.9554076,0.9704591,0.9788016,0.9510819,0.904482,0.98963296,0.9654029,0.97219884,0.757617,0.8955222,0.47134238,0.96944565,0.95197046,0.943453,0.6839299,0.9424984,0.96787065,0.9962731,0.9963042,0.95936275,0.99231046,0.98294854,0.88693047,0.9566312,0.9296107,0.97913235,0.9934938,0.9577315,0.8254481,0.9785384,0.91350055,0.93619597,0.95076734,0.9609863,0.9914379,0.9017657,0.9499231,0.9950491,0.9251138,0.9443723,0.943082,0.98294854,0.8423416,0.9554768,0.9944974,0.8107053
angrybirdsmovie,0.8718761,0.935052,0.9064671,0.8460034,0.83160305,0.9899221,0.878996,0.8559306,0.8254971,0.9395449,0.7856444,1.0000001,0.87609845,0.84359473,0.81656057,0.91923714,0.8497557,0.8563621,0.8698878,0.71586746,0.87795955,0.9420601,0.84753877,0.8255203,0.93493545,0.5112305,0.9222884,0.93406254,0.9138444,0.8724683,0.8485048,0.80316234,0.9458122,0.9695539,0.490222,0.4937498,0.88144267,0.87623924,0.88106495,0.7760506,0.9168649,0.8726747,0.8484857,0.8128729,0.8839463,0.8272167,0.853957,0.83243734,0.90483284,0.8139353,0.94490594,0.84468263,0.9809762,0.954557,0.9695303,0.86953133,0.93669736,0.88706154,0.8940196,0.8324119,0.85628605,0.8792411,0.938464,0.89192533,0.83421516,0.96549046,0.83617336,0.8220126,0.8039197,0.6714961,0.8560546,0.64490694,0.95033526,0.88842046,0.56976163,0.8620221,0.4731222,0.8246477,0.8792565,0.9704679,0.79344714,0.93320817,0.8803211,0.7653893,0.99942607,0.82588387,0.7643119,0.8528906,0.94389415,0.8292615,0.8908624,0.8560546,0.97795874,0.82573724,0.96644604,0.8365246,0.87679327,0.83385664,0.89429635,0.8161156,0.87086797,0.88170165,0.98952854,0.88498926,0.9256162,0.9533109,0.8303548,0.82611793,0.95818657,0.80343276,0.8307613,0.4653497,0.90496594,0.4857881,0.94407827,0.8714395,0.8657519,0.63231796,0.8490506,0.8766437,0.87833387,0.8485317,0.88220567,0.93825704,0.8126121,0.8568048,0.89339054,0.98042446,0.9146329,0.8655587,0.8341204,0.926872,0.86763734,0.8786273,0.9157709,0.79074395,0.83367574,0.77638876,0.86861557,0.8067349,0.8254971,0.9522659,0.81453747,0.75349367,0.86855894,0.777635,0.8884076,0.5681315,0.7906912,0.87748486,0.87672627,0.82999504,0.88387084,0.6981653,0.8680349,0.8570496,0.8422499,0.8989717,0.90942335,0.9163829,0.8254971,0.98387325,0.8448421,0.8349258,0.96670276
annabellemovie,0.99254614,0.9770956,0.9857385,0.9708644,0.99602836,0.8914192,0.9892268,0.9947758,0.9909634,0.9773785,0.98232746,0.87609845,0.9999999,0.99126124,0.98673356,0.9931819,0.9764407,0.99509877,0.9908052,0.9576021,0.9778816,0.95701665,0.9983243,0.9888345,0.9650348,0.56323045,0.9729453,0.9652693,0.96646625,0.9736939,0.9908492,0.9889207,0.86771816,0.79675007,0.6785073,0.68414205,0.99592316,0.9754699,0.9589305,0.9828482,0.99383956,0.9787304,0.8322127,0.97506857,0.98704016,0.9861543,0.9986295,0.9958251,0.9930053,0.98130524,0.9553885,0.9978112,0.9381585,0.9718725,0.89847285,0.99053025,0.93827814,0.9936498,0.9810264,0.9773424,0.9763995,0.98218906,0.95637506,0.9950968,0.9953343,0.94255507,0.9808909,0.99386555,0.9757543,0.87284404,0.98787266,0.5774089,0.96748203,0.98542774,0.7679468,0.99068654,0.6527668,0.9932416,0.99118334,0.940817,0.95300895,0.98647064,0.99608564,0.9613278,0.88457793,0.9673451,0.94721144,0.9958493,0.983306,0.98791456,0.9245955,0.98787266,0.8944637,0.9557271,0.9491955,0.9962579,0.96663344,0.9923307,0.98493904,0.9562286,0.988465,0.9744212,0.870394,0.9935113,0.97899526,0.95208806,0.99417627,0.9445267,0.943344,0.9660266,0.9912442,0.6413478,0.9836335,0.6716875,0.97675,0.9977867,0.99353445,0.8121731,0.99819595,0.98870766,0.99639577,0.9961261,0.98227566,0.941933,0.9918328,0.9886837,0.9984965,0.85421854,0.9439863,0.6125722,0.9846707,0.9817466,0.97488225,0.7754344,0.98768836,0.96445084,0.9942709,0.9810894,0.9893598,0.97971386,0.9909634,0.95382184,0.9431141,0.9210154,0.9835818,0.9837302,0.98290664,0.76742244,0.97590727,0.96496075,0.9778615,0.97120947,0.9938397,0.9520718,0.95149654,0.9797614,0.994567,0.9706563,0.98410195,0.98681986,0.9909634,0.9160698,0.97569245,0.9961186,0.8865428
annamovie,0.9969012,0.9701802,0.9894451,0.9338789,0.9929562,0.8719513,0.9948447,0.9958368,0.99897826,0.96774524,0.97829586,0.84359473,0.99126124,1.0000001,0.99805963,0.97282505,0.9944793,0.9900458,0.9982941,0.97830915,0.99149084,0.9607499,0.99197465,0.99942267,0.96781474,0.63979876,0.9351287,0.9669686,0.9757791,0.9769963,0.9974923,0.98767334,0.8784494,0.7870099,0.607101,0.61214274,0.9969848,0.9421749,0.97806007,0.9773595,0.98255074,0.99233174,0.8705684,0.99488825,0.9940256,0.99204993,0.9886111,0.99210423,0.9722561,0.9977026,0.95778614,0.9952053,0.9197989,0.9405555,0.8974962,0.98803216,0.8918808,0.9945818,0.98756444,0.9923381,0.9939882,0.9917116,0.96180457,0.9882495,0.99080974,0.9381726,0.95368266,0.9892877,0.9886068,0.824045,0.9971109,0.62838995,0.9316852,0.993092,0.70190823,0.9966015,0.58406943,0.9958983,0.9925095,0.9154335,0.92569065,0.96116525,0.99357414,0.9352985,0.8535611,0.9903999,0.9148237,0.9990718,0.96201545,0.9994497,0.9479633,0.9971109,0.88934547,0.9766216,0.9438638,0.996578,0.98178065,0.9987122,0.98793435,0.91543263,0.9635202,0.9890512,0.8554591,0.9939426,0.9800041,0.9518788,0.99703026,0.8970368,0.9177704,0.9327215,0.9980614,0.5738522,0.98756284,0.6009989,0.9646376,0.9966503,0.9975474,0.7505028,0.99478173,0.9931608,0.9956846,0.9922498,0.9933816,0.8947171,0.9951397,0.9981374,0.9920673,0.84575355,0.95941174,0.6166133,0.9988255,0.9743903,0.99138266,0.8053023,0.9817117,0.9885961,0.9888744,0.97158134,0.9948033,0.98547566,0.99897826,0.9524246,0.9027376,0.8734783,0.95704645,0.9792538,0.95065343,0.7035636,0.9543942,0.97306097,0.98592275,0.9930989,0.98927665,0.95407945,0.9714308,0.99379236,0.9880892,0.9821781,0.98807263,0.9848854,0.99897826,0.9045736,0.99472225,0.9921904,0.8863696
apollo11movie,0.99437577,0.9622205,0.9820915,0.9304984,0.99156976,0.85114133,0.9918272,0.99570954,0.9993609,0.95920503,0.9773046,0.81656057,0.98673356,0.99805963,0.99999994,0.9626165,0.99182206,0.9834351,0.9931957,0.98726773,0.9865391,0.9477782,0.99065953,0.9987888,0.9518847,0.6234199,0.92360973,0.9576063,0.9674965,0.9630927,0.9977486,0.9922221,0.85649407,0.7579205,0.60448396,0.6095039,0.9917193,0.9311045,0.9724163,0.98046434,0.9755555,0.98859257,0.860088,0.9969118,0.9899178,0.9865885,0.9862473,0.9930592,0.96175116,0.9989485,0.94519955,0.993402,0.8962998,0.92519945,0.8735264,0.9783819,0.8708767,0.9905622,0.983442,0.994821,0.9893909,0.9886739,0.9488423,0.9850723,0.9878289,0.9177557,0.94854355,0.9878741,0.9837975,0.8230064,0.99630505,0.60694844,0.9162086,0.9879453,0.7015357,0.9956398,0.5815516,0.99759644,0.99067914,0.9026172,0.9167627,0.95071197,0.990919,0.93559045,0.8283055,0.9909574,0.9114641,0.99691224,0.9472445,0.9994244,0.9395149,0.99630505,0.8663585,0.9664212,0.92691004,0.9956066,0.97005033,0.99640214,0.98449546,0.91143006,0.95542234,0.98089635,0.82769656,0.9906528,0.9709054,0.937978,0.99785167,0.8906378,0.90778595,0.932701,0.99933064,0.5713784,0.98156947,0.5984081,0.95544386,0.9913337,0.9956429,0.74605554,0.9935565,0.9913341,0.99249434,0.9929185,0.98757285,0.87538594,0.9968475,0.9965923,0.98637134,0.81938994,0.94493926,0.5871042,0.99826056,0.9589785,0.9871976,0.7822803,0.97605777,0.9860924,0.9851787,0.9739875,0.99360716,0.9801432,0.9993609,0.9397376,0.8921069,0.8755424,0.9474286,0.9835964,0.9449144,0.7014054,0.95844096,0.9732773,0.9849586,0.9922749,0.98735374,0.9587558,0.9695384,0.992646,0.98312116,0.9757855,0.98018956,0.97798955,0.9993609,0.88065493,0.9914234,0.98986423,0.8606022
arcticdogsmovie,0.9793972,0.9805758,0.98006135,0.9755463,0.9805127,0.92286265,0.9769723,0.9797532,0.9696187,0.98281384,0.96331733,0.91923714,0.9931819,0.97282505,0.9626165,1.0,0.956725,0.98604363,0.97758114,0.917618,0.96431834,0.9615161,0.98575497,0.9671375,0.9697337,0.53281593,0.9906314,0.9669596,0.96186006,0.9690057,0.97280836,0.9671373,0.8843036,0.83658606,0.6898754,0.69560456,0.9863105,0.9854146,0.9458294,0.961223,0.994746,0.9638512,0.82386416,0.9481291,0.9755634,0.9694493,0.9888837,0.97951436,0.9985164,0.9556603,0.9607798,0.983601,0.9641815,0.99251497,0.9203895,0.98394305,0.97008973,0.9843579,0.97158384,0.9542359,0.95862,0.96907836,0.95979637,0.9891367,0.98163825,0.95868397,0.9799769,0.978163,0.9542153,0.87257147,0.9704506,0.57417667,0.9901396,0.9748813,0.7750289,0.9751474,0.6637036,0.97319114,0.97999,0.9629291,0.95234144,0.99791455,0.98654205,0.95124733,0.92515165,0.9421152,0.94322115,0.9804581,0.9967944,0.9660292,0.9160959,0.9704506,0.91909045,0.9382181,0.9633268,0.9795986,0.95700115,0.9738686,0.976271,0.9611143,0.9911927,0.9628695,0.90575504,0.98384255,0.97833043,0.9606136,0.9750349,0.95600206,0.96240276,0.9630774,0.97053635,0.6520933,0.97723246,0.6829413,0.9841821,0.9877965,0.97940433,0.8215954,0.9844972,0.9761396,0.9860831,0.98183614,0.9702222,0.97301054,0.97027814,0.9715394,0.993423,0.8868529,0.9425245,0.6554963,0.96284926,0.98775685,0.9588342,0.7870321,0.9861812,0.93661714,0.9813756,0.9617988,0.97504896,0.96138626,0.9696187,0.96192694,0.9525024,0.92254496,0.98806185,0.9611168,0.9902317,0.77433646,0.9632012,0.95255464,0.96452785,0.947222,0.9854712,0.9209698,0.93548375,0.96146935,0.9837365,0.96195364,0.979104,0.9843641,0.9696187,0.9421656,0.9553972,0.9818229,0.9100549
arcticmovie,0.99391,0.9727341,0.9920843,0.89754134,0.9751202,0.8867025,0.9948034,0.9878336,0.9903683,0.96882635,0.95225656,0.8497557,0.9764407,0.9944793,0.99182206,0.956725,0.9999999,0.9730876,0.99584854,0.9667455,0.9983072,0.9737613,0.97489727,0.99252325,0.97481835,0.6871926,0.9098143,0.97731966,0.9877209,0.9695934,0.99307656,0.9701341,0.9100462,0.8184472,0.5233863,0.5277328,0.9911613,0.90946746,0.9932238,0.9506553,0.97479486,0.99856573,0.9157406,0.9967009,0.99587816,0.9792968,0.9694647,0.97558504,0.9523819,0.99535614,0.97103655,0.98008317,0.92185944,0.9252297,0.9179734,0.97493994,0.86417645,0.9912605,0.99262965,0.9948328,0.9993753,0.99612474,0.97541165,0.98042446,0.9715469,0.9484156,0.9192308,0.9685339,0.9783489,0.76044846,0.9962987,0.6804914,0.91282284,0.996123,0.623985,0.99395967,0.50353056,0.9834493,0.98967236,0.91638964,0.8845418,0.94575626,0.98650813,0.89314735,0.8601809,0.9982671,0.8680743,0.99041754,0.9498571,0.9947275,0.973804,0.9962987,0.9101158,0.9779898,0.9545631,0.9826746,0.98726207,0.9886962,0.99003136,0.87194055,0.9352106,0.9960638,0.8732253,0.9902846,0.9852281,0.96488833,0.98526114,0.8515865,0.91713774,0.89263386,0.9902939,0.4947222,0.99137497,0.5181256,0.96457535,0.9864411,0.9931011,0.6783983,0.9803617,0.9926042,0.9891007,0.97906166,0.9977951,0.8671208,0.9807113,0.9969963,0.98249984,0.87060827,0.97664976,0.6721523,0.99751264,0.968757,0.9991484,0.85429215,0.9798995,0.9877436,0.9685665,0.94180566,0.9934383,0.96932656,0.9903683,0.96475166,0.85745585,0.82183135,0.9269891,0.9543303,0.92358106,0.62580776,0.9209943,0.98174256,0.9909393,0.9993022,0.9824309,0.92254895,0.9882642,0.998286,0.968019,0.9927742,0.99157447,0.9856194,0.9903683,0.9167823,0.9995861,0.97382045,0.9080625
artofracingmovie,0.984382,0.9585267,0.9773843,0.9608191,0.9962624,0.86551046,0.97961766,0.98555565,0.9892648,0.95855856,0.9912509,0.8563621,0.99509877,0.9900458,0.9834351,0.98604363,0.9730876,1.0000001,0.9892402,0.9609432,0.9716048,0.94503343,0.9939565,0.9893779,0.9636566,0.6005804,0.96071005,0.948764,0.9545449,0.9872753,0.98273975,0.98197913,0.85584104,0.77525413,0.69427556,0.70004123,0.99173427,0.97640705,0.94979936,0.9848552,0.9813926,0.97131824,0.81688267,0.97115886,0.9782663,0.99612594,0.9944219,0.9902381,0.9905112,0.9798479,0.9411333,0.99581623,0.9320463,0.96018696,0.8900213,0.99810696,0.93471116,0.9844358,0.96798754,0.96668136,0.97564214,0.9714993,0.9454838,0.98174196,0.9981635,0.9367238,0.9814762,0.9961365,0.98937774,0.8819383,0.97979933,0.5888402,0.95558196,0.97753525,0.7771948,0.98145884,0.66793686,0.9884616,0.97856134,0.9124085,0.9679294,0.9736782,0.98565376,0.96483606,0.8630316,0.9618646,0.95529056,0.992778,0.97740084,0.9859163,0.91187274,0.97979933,0.87981147,0.9722765,0.9364483,0.9946965,0.9740555,0.9946152,0.97061926,0.95207584,0.9882589,0.973884,0.85654116,0.98307776,0.9673422,0.9373699,0.99007446,0.9394204,0.9123679,0.959571,0.9858913,0.65625244,0.9720835,0.6872972,0.9576609,0.99664,0.9858294,0.82421327,0.9935979,0.9766994,0.9881056,0.98672175,0.97744757,0.9347665,0.9901862,0.98233795,0.9914366,0.8368727,0.9419103,0.58079344,0.9821928,0.9838193,0.96945834,0.7663241,0.97178656,0.97546476,0.9985375,0.98362255,0.97844315,0.99363333,0.9892648,0.93680346,0.95182717,0.91120285,0.9861887,0.98276883,0.96990836,0.78149986,0.9676228,0.94298625,0.9618373,0.96850955,0.9798813,0.9663003,0.9357031,0.9710226,0.99928725,0.95982724,0.97580546,0.9740285,0.9892648,0.9059978,0.975186,0.9974962,0.8804117
avengers,0.9974527,0.97850007,0.9953343,0.929526,0.98824114,0.8954142,0.9966427,0.9935497,0.99475056,0.9763552,0.97017044,0.8698878,0.9908052,0.9982941,0.9931957,0.97758114,0.99584854,0.9892402,1.0000001,0.9651335,0.99565715,0.9742306,0.9881791,0.9959943,0.98083174,0.6544677,0.94036156,0.9775943,0.9848908,0.9828165,0.99532425,0.97911984,0.9034558,0.82025003,0.5894649,0.5943601,0.9986953,0.94322574,0.9849331,0.9667755,0.9869684,0.99552965,0.8886503,0.9915591,0.9969817,0.9900815,0.9853343,0.98663896,0.9757295,0.9938333,0.9713948,0.9917588,0.939543,0.95089227,0.92154306,0.99012965,0.9035393,0.9965829,0.99192196,0.9899696,0.9965654,0.9945561,0.97518516,0.98944974,0.9867643,0.95662105,0.9492329,0.98369515,0.9858693,0.80939096,0.99653673,0.6531362,0.94153637,0.99702054,0.6843118,0.9960381,0.5671024,0.9903752,0.9933031,0.9296642,0.9207906,0.96732616,0.9939087,0.9241674,0.87868017,0.9897765,0.9052714,0.9973202,0.971313,0.9963525,0.9600085,0.99653673,0.91373533,0.98026836,0.96060014,0.99254304,0.9891837,0.99586505,0.9913754,0.90927726,0.9629245,0.9950281,0.88343304,0.99546427,0.988531,0.9666977,0.99227655,0.89284754,0.9296809,0.9240708,0.9938793,0.5571819,0.99306136,0.58354,0.9736678,0.997041,0.99719876,0.7369267,0.991433,0.99425906,0.9961825,0.9883477,0.99758774,0.9055746,0.98867255,0.99783427,0.99400073,0.874471,0.97318864,0.65699816,0.99692184,0.9839695,0.9948953,0.8341474,0.9866815,0.9860469,0.9850068,0.9609628,0.9949946,0.9820631,0.99475056,0.9664688,0.8997624,0.86162615,0.95696723,0.9684478,0.9505806,0.6866819,0.9436825,0.9759421,0.9880447,0.99286777,0.98966295,0.9390537,0.9765484,0.99462825,0.985303,0.989164,0.9945797,0.9908416,0.99475056,0.9273243,0.9960139,0.98799574,0.9118267
beachbummovie,0.96490574,0.9073565,0.9402834,0.9012881,0.9762699,0.75690836,0.9592032,0.97133774,0.98498553,0.90284646,0.9741592,0.71586746,0.9576021,0.97830915,0.98726773,0.917618,0.9667455,0.9609432,0.9651335,1.0,0.9524445,0.8875212,0.9701108,0.9843847,0.89739543,0.61321175,0.87106395,0.90097106,0.918493,0.9323063,0.97518,0.9828976,0.77391326,0.6483103,0.6169208,0.6220441,0.9605868,0.8956589,0.93262595,0.9792132,0.9310708,0.95614547,0.79974025,0.9828434,0.9554494,0.972276,0.9636336,0.97649103,0.92185766,0.9862716,0.8832426,0.9741813,0.8193146,0.86290485,0.79101473,0.9513004,0.806471,0.9563453,0.94372225,0.9739671,0.96268827,0.95430744,0.8897984,0.9486429,0.9718972,0.84736556,0.9269814,0.97524613,0.9750808,0.82620734,0.97083896,0.55406606,0.8538836,0.9518888,0.70980924,0.9686611,0.5935167,0.98326045,0.9577425,0.8255779,0.90388435,0.8986391,0.9589874,0.93158877,0.72959375,0.9709444,0.90478396,0.974828,0.8924326,0.9832924,0.8880745,0.97083896,0.7790829,0.9470524,0.8566755,0.9787402,0.935866,0.98033804,0.94524556,0.8886141,0.9250174,0.9457858,0.7306708,0.95681864,0.92091733,0.8724314,0.9821059,0.86142176,0.83471125,0.9161714,0.98275954,0.5831342,0.93921626,0.61072004,0.89736795,0.96409607,0.9683491,0.7464517,0.97262865,0.958864,0.96168417,0.9708593,0.9533343,0.81076574,0.9864045,0.9713784,0.9513385,0.7210384,0.8921582,0.46434817,0.97991246,0.91102237,0.9558385,0.69951487,0.93015075,0.9788699,0.96933997,0.97208196,0.96398777,0.97119397,0.98498553,0.87450147,0.868686,0.86221784,0.9169206,0.98165023,0.90535426,0.71095914,0.94853574,0.93341696,0.9493928,0.97231406,0.9531192,0.9763549,0.93093705,0.9650605,0.9647347,0.93265384,0.9371009,0.9323923,0.98498553,0.7971745,0.9681824,0.9737029,0.7764923
bernadettefilm,0.9947599,0.983326,0.9970342,0.9016113,0.9714292,0.91208863,0.9966909,0.98731786,0.98572785,0.98010993,0.9443412,0.87795955,0.9778816,0.99149084,0.9865391,0.96431834,0.9983072,0.9716048,0.99565715,0.9524445,0.99999994,0.9851239,0.9733794,0.98759663,0.9837156,0.6778033,0.92158115,0.9878448,0.994959,0.9698772,0.991545,0.9648527,0.9288908,0.8486783,0.5176463,0.5219451,0.99253136,0.914617,0.9966836,0.94262254,0.98185885,0.9997843,0.9259137,0.99137,0.99823344,0.9741702,0.968868,0.97268295,0.95809424,0.9896304,0.9831882,0.9777344,0.9400602,0.9396487,0.93717915,0.9746412,0.8802098,0.9939409,0.9970076,0.9924056,0.998093,0.9984146,0.98620313,0.98460656,0.96802425,0.9634171,0.9194294,0.9639936,0.97079575,0.7547005,0.9955379,0.6880791,0.9276283,0.9989058,0.61877507,0.9939691,0.49800837,0.9793404,0.9921264,0.9363607,0.8813794,0.95637286,0.98874885,0.88760084,0.88766485,0.99477726,0.86372,0.98864776,0.9607029,0.99044216,0.981224,0.9955379,0.93154764,0.9733012,0.96991724,0.9793425,0.98819387,0.98448116,0.9945532,0.87401915,0.93807596,0.997715,0.8986853,0.99294835,0.9932611,0.97844356,0.981546,0.85637504,0.9359666,0.8921831,0.9866541,0.4892966,0.99668473,0.5124433,0.9766141,0.9865247,0.9932388,0.6748621,0.97876704,0.99466753,0.9907243,0.9781569,0.9995949,0.88345486,0.97513336,0.99603313,0.98581326,0.8963678,0.98430306,0.70784235,0.9938082,0.9759384,0.9997265,0.8724673,0.9872873,0.979136,0.965005,0.934262,0.9944419,0.9623118,0.98572785,0.9784083,0.859085,0.8219707,0.929887,0.946609,0.93070793,0.6197567,0.917565,0.9867023,0.99406374,0.995688,0.985784,0.90746725,0.9917261,0.9979706,0.96532995,0.99785763,0.99692965,0.9924445,0.98572785,0.93700117,0.997074,0.970404,0.9276998
