movie,21bridgesmovie,47metersdown,abeautifuldaymovie,abominablemovie,adastramovie,adogsjourneymovie,aftermathmovie,aftermovie,ahiddenlifefilm,alitamovie,angelhasfallen,angrybirdsmovie,annabellemovie,annamovie,apollo11movie,arcticdogsmovie,arcticmovie,artofracingmovie,avengers,beachbummovie,bernadettefilm,blackandbluemovie,blackchristmas,blindedbythelightmovie,bombshellmovie,booksmart,breakthroughmovie,brianbanksmovie,brightburnmovie,brittanyrunsmov,captainmarvelofficial,captivestatemovie,catsmovie,charliesangels,childsplaymovie,clarathefilm,coldpursuitmovie,countdown,currentwarmovie,darkwatersmovie,detectivepikachumovie,disneyaladdin,disneyfrozen,disneymaleficent,doctorsleepmovie,dolemiteismyname,dontletgomovie,doramovie,downtonabbey_official,dumbo,escaperoom,everybodyknowsmovie,fastandfuriousmovie,fightingwmyfam,fivefeetapartfilm,fordvferrari,freaksthefilm,geminimanmovie,glassmovie,gloriabellmovie,godzillamovie,goldfinchmovie,goodboysmovie,goodliarmovie,gretafilm,halathemovie,happydeathdaymovie,harrietfilm,hellboymovie,hersmellmovie,highlifemovie,highstrungmovie,honeyboymovie,hotelmumbaifilm,httydragon,hustlemovie,hustlersmovie,isntitromantic,itmovieofficial,jayandsilentbob,johnwickmovie,jojorabbitmovie,jokermovie,judythefilm,jumanjimovie,justmercyfilm,knivesout,lalloronamovie,lastblackmansf,lastchristmasthemovie,latenightmovie,lighthousemovie,lionking,littlethemovie,littlewomenmovie,littlewoodsfilm,longshotmovie,lordsofchaosmovie,lucyintheskyfilm,mamovie2019,marriagestory,meettheaddams,meninblack,midsommarmovie,midwaymovie,missbalamovie,missinglinkfilm,motherlessbklyn,onceinhollywood,onthebasisofsex,overcomermovie,peanutbutterfalcon,petsematarymovie,piercingmovie,playingwithfire,playmobilthemovie,pomsmovie,queenandslim,rambomovie,readyornotfilm,richardjewellfilm,rocketmanmovie,scarystoriesmovie,secretlifeofpets,serenityfilm,shaftmovie,shazammovie,spidermanmovie,spiesindisguise,starwars,stormboymovie,stubermovie,taosdfilm,teenspiritmov,terminator,theaeronautsmov,thebestofenemies,thedeaddontdie,thefarewell,thehighwaymen,thehummingbirdprojectfilm,theintrudermovie,theirishmanfilm,thekitchenmovie,thelegomovie,themustangfilm,thenightingalefilm,theprodigymovie,thesunisalsoastar,theupsidefilm,tolkienmovie,toystory,triplefrontier,uglydolls,uncutgems,underthesilverlake,usmovie,wavesmovie,whatmenwant,wonderparkmovie,wrinklestheclown,xmenmovies,yardiefilm,yesterdaymovie,zombieland
21bridgesmovie,1.0000001,0.97160417,0.9883556,0.92088205,0.98504287,0.9178888,0.987012,0.98404276,0.9889215,0.95183754,0.9449148,0.8466339,0.9544674,0.99336225,0.97941786,0.9825751,0.9685038,0.9649113,0.9890867,0.9706516,0.9742957,0.9452697,0.9873375,0.9744867,0.8922358,0.31718385,0.8910682,0.94015694,0.98369867,0.9753761,0.97527057,0.97150856,0.86810356,0.8443564,0.57241946,0.52627033,0.9879788,0.94297737,0.9825463,0.9425325,0.92733157,0.97181135,0.8578595,0.95874405,0.9676434,0.9545414,0.984818,0.9850654,0.91461945,0.97507936,0.9747855,0.98674226,0.89279723,0.8908186,0.81900615,0.9718131,0.90990716,0.98049664,0.9689329,0.98234105,0.9401465,0.9486395,0.91554236,0.9719497,0.9545841,0.8760713,0.95450366,0.9737481,0.9675996,0.86786336,0.98604226,0.23679192,0.80660325,0.97256935,0.79329944,0.8745696,0.4925361,0.964218,0.9586194,0.96891505,0.91317767,0.9133121,0.9871,0.9432836,0.8732149,0.9560465,0.9211618,0.9864831,0.90131783,0.9867247,0.97592896,0.98604226,0.8945332,0.9544301,0.9668817,0.97749746,0.9828689,0.98560894,0.96742094,0.82751983,0.96804166,0.9567198,0.9273291,0.9691513,0.9162651,0.97041976,0.9934074,0.95332617,0.87800384,0.8328383,0.9840516,0.4113442,0.97252154,0.47777736,0.9620689,0.98633754,0.997356,0.871423,0.98446405,0.98152184,0.98850495,0.9754739,0.9874496,0.82655066,0.9818164,0.9845714,0.9640116,0.93969613,0.9551438,0.67176384,0.9831457,0.9499507,0.976901,0.7266535,0.9786746,0.9794018,0.9790817,0.9539353,0.97404397,0.9514356,0.9889215,0.9547274,0.93583125,0.92905796,0.9534914,0.98424715,0.89672655,0.73505896,0.9602783,0.9489594,0.9761075,0.968635,0.97355396,0.8637928,0.9299167,0.97245866,0.95793784,0.9745081,0.9714092,0.9694667,0.9889215,0.9638868,0.9806726,0.9870441,0.90954936
47metersdown,0.97160417,1.0000001,0.9853336,0.90748787,0.9744877,0.91318774,0.96273226,0.9446655,0.9559886,0.93805546,0.91088057,0.861638,0.95580924,0.96558195,0.9453369,0.98556894,0.9295809,0.94971454,0.965682,0.9246311,0.9576924,0.9722612,0.9706773,0.93179905,0.87619966,0.33215433,0.87778,0.89855,0.9821094,0.92712784,0.95677775,0.9598639,0.91797984,0.8742085,0.60619646,0.55585176,0.9544065,0.94152415,0.97096384,0.9125771,0.9354005,0.9448982,0.80165434,0.9108876,0.9396394,0.9230468,0.9654109,0.9611273,0.92358,0.9270202,0.9848689,0.9573596,0.931557,0.9246981,0.81693846,0.960647,0.9297173,0.9694954,0.92820704,0.9583403,0.93964356,0.92445755,0.8967475,0.964538,0.928507,0.84847707,0.9302885,0.949529,0.9331575,0.85432035,0.96188015,0.26164863,0.7875299,0.9279977,0.81108665,0.8621198,0.52266055,0.94359434,0.9326763,0.97630745,0.902084,0.9437691,0.9666465,0.9232569,0.9209318,0.9058321,0.93289644,0.9677638,0.908371,0.9442859,0.95378643,0.96188015,0.86611694,0.9521507,0.9839277,0.9622604,0.9453674,0.94096065,0.96393526,0.86348754,0.9554762,0.9184231,0.9529811,0.96693325,0.9367037,0.9849608,0.965947,0.96849096,0.9133799,0.7864361,0.9538099,0.418492,0.9641331,0.51071143,0.95375603,0.9532319,0.9705396,0.87716967,0.9444225,0.95571613,0.9720211,0.9478356,0.95527595,0.81493205,0.9520291,0.9667128,0.975379,0.96372336,0.96883833,0.61381286,0.9545969,0.97064656,0.95013833,0.70687574,0.95429343,0.93831575,0.95053273,0.923031,0.9486178,0.9268179,0.9559886,0.97513646,0.9295766,0.9230716,0.93296134,0.95123327,0.90093124,0.76296735,0.96337545,0.95847887,0.9741024,0.9509447,0.94124544,0.83980113,0.92413116,0.94665504,0.933001,0.9564391,0.94734293,0.9572986,0.9559886,0.9745543,0.9632159,0.9670718,0.9558163
abeautifuldaymovie,0.9883556,0.9853336,1.0000001,0.9220376,0.98706466,0.9305173,0.9884312,0.9714345,0.9855038,0.95658,0.9549159,0.8751335,0.97116506,0.9884791,0.974594,0.9919012,0.9624361,0.97755855,0.98387706,0.96122646,0.9830108,0.95494014,0.9909215,0.9663709,0.9066454,0.34965336,0.9267413,0.94482446,0.98670614,0.96136427,0.9818772,0.978936,0.92095375,0.8407294,0.5710422,0.53258544,0.9841424,0.93523425,0.9775278,0.930948,0.96161956,0.97728944,0.8714892,0.9563148,0.97491014,0.9494864,0.9851504,0.9855421,0.9266318,0.96846116,0.98063034,0.9874024,0.909363,0.9053992,0.83027935,0.97556865,0.92952675,0.989138,0.9668856,0.97069615,0.96352345,0.95541877,0.9340654,0.98423326,0.96524346,0.8882947,0.95577157,0.974983,0.96739054,0.8693998,0.98176175,0.27184486,0.80742604,0.97066265,0.800013,0.8795004,0.49778923,0.9718013,0.96600866,0.97810334,0.93559235,0.94505113,0.9889307,0.9298035,0.88526696,0.95005995,0.9321067,0.98985374,0.8959822,0.9750527,0.97302514,0.98176175,0.913892,0.9658298,0.9786171,0.98934865,0.9732803,0.9670844,0.9817482,0.8783671,0.9716832,0.9547527,0.9519447,0.9685324,0.93243605,0.9775846,0.98988247,0.9729756,0.91259664,0.83557993,0.98456484,0.40031275,0.97855926,0.48117077,0.97308075,0.9784798,0.9880231,0.88624346,0.9793413,0.9822311,0.9864772,0.9817036,0.9832459,0.85452944,0.9758406,0.98413205,0.9761025,0.94512737,0.9613924,0.7043304,0.97579956,0.95795316,0.98398757,0.7638604,0.9729769,0.97096527,0.9715771,0.9628415,0.9746984,0.9602995,0.9855038,0.977507,0.942683,0.9470797,0.95435,0.9763724,0.8871844,0.72314453,0.9746494,0.94551474,0.98523706,0.9818365,0.9748438,0.8335046,0.9430662,0.97047424,0.95833164,0.975059,0.9757047,0.9740375,0.9855038,0.97840804,0.9919844,0.98789775,0.93176526
abominablemovie,0.92088205,0.90748787,0.9220376,0.9999999,0.9016171,0.84561396,0.9164351,0.88081086,0.9133807,0.84464437,0.93481857,0.7954894,0.9419816,0.90555423,0.897328,0.907897,0.89832604,0.9057949,0.90245295,0.8881671,0.90460455,0.90628463,0.92784834,0.88702196,0.92660195,0.51159,0.8418716,0.9165016,0.9234152,0.90810317,0.9066615,0.95010954,0.86933815,0.7917836,0.64745694,0.6757817,0.9163911,0.9316146,0.9265479,0.8949188,0.92706585,0.9160605,0.83823234,0.9042263,0.9285401,0.91948366,0.9358703,0.9105804,0.95319504,0.8995805,0.90436,0.9339627,0.8574198,0.88296515,0.8903226,0.8892239,0.89806026,0.9224152,0.9360977,0.909224,0.939279,0.941533,0.9536551,0.9185346,0.9339671,0.9094235,0.9333381,0.95261425,0.93089527,0.9463667,0.91789466,0.45584854,0.8768939,0.92357934,0.91314244,0.8979298,0.64359075,0.9057413,0.9323993,0.9017418,0.9161242,0.92500746,0.9324655,0.92188895,0.84100384,0.89698493,0.957074,0.9292806,0.90209055,0.8964278,0.9522576,0.91789466,0.93536615,0.92952776,0.93038476,0.9331523,0.9405044,0.91158646,0.9402224,0.884435,0.94718194,0.9428711,0.87839913,0.93058085,0.84022194,0.90673727,0.9200359,0.9454841,0.93396086,0.8385577,0.9116047,0.48522633,0.93626666,0.5739359,0.9541741,0.9253373,0.9252049,0.950252,0.907779,0.91193664,0.92897856,0.9174861,0.92534876,0.7683777,0.91581184,0.90953624,0.9445405,0.87164843,0.9090923,0.63216275,0.89532316,0.8789712,0.9218458,0.8045528,0.9329805,0.92505264,0.9083938,0.94855684,0.9208647,0.9148237,0.9133807,0.8989853,0.967778,0.9438906,0.92798793,0.9400507,0.92963266,0.7729247,0.9476153,0.89710844,0.914197,0.93721646,0.9314463,0.8746854,0.9686284,0.9289913,0.922298,0.92218506,0.91866684,0.95317787,0.9133807,0.920372,0.9081927,0.92324924,0.8654413
adastramovie,0.98504287,0.9744877,0.98706466,0.9016171,1.0000001,0.92865026,0.9902479,0.9840836,0.99045676,0.96873564,0.93625546,0.8283295,0.95042104,0.9922095,0.9813238,0.9902818,0.9711775,0.97844017,0.97773045,0.9741295,0.984665,0.9287854,0.9904116,0.981477,0.9065095,0.31369507,0.9117523,0.9369055,0.9763845,0.96559364,0.97790635,0.95994765,0.8818941,0.8126457,0.60587555,0.5554718,0.98920614,0.93292344,0.9796082,0.9452183,0.9475911,0.97591984,0.8558157,0.95326847,0.9766052,0.965932,0.9887842,0.9923604,0.9114655,0.9721958,0.9649313,0.98579824,0.89065444,0.90934724,0.8069174,0.98722875,0.9182614,0.9829715,0.96784216,0.9885333,0.9421585,0.954756,0.91883934,0.9713625,0.95956826,0.8782454,0.9612197,0.96868026,0.9698575,0.8683877,0.9920324,0.24511546,0.82959205,0.9666757,0.8005476,0.86778194,0.51004845,0.9664184,0.96729845,0.9723337,0.91607916,0.92345095,0.99071306,0.94566035,0.8732062,0.95249,0.92941266,0.980854,0.9155074,0.9868136,0.9657505,0.9920324,0.8921295,0.9684183,0.97019964,0.9777864,0.9683515,0.9802956,0.9720353,0.8426142,0.978851,0.95735204,0.9128088,0.978066,0.92544353,0.96626836,0.989033,0.9453407,0.88741744,0.82883185,0.98620373,0.42530558,0.97509426,0.51011866,0.95822066,0.97957736,0.98957115,0.87757397,0.9833449,0.98322606,0.9840741,0.9770726,0.9830802,0.85601467,0.97967213,0.9827936,0.96237385,0.91538376,0.9639185,0.68962526,0.99066985,0.9706432,0.9777329,0.7412473,0.9784494,0.97824,0.9700098,0.9553652,0.9825427,0.9738636,0.99045676,0.9490668,0.9340843,0.9234483,0.9597509,0.9770887,0.90035546,0.74597687,0.961915,0.9556298,0.97963125,0.96661854,0.9757615,0.8367208,0.93241656,0.98186064,0.9673936,0.9847146,0.9805464,0.9726403,0.99045676,0.97519,0.9880923,0.9936998,0.8960244
adogsjourneymovie,0.9178888,0.91318774,0.9305173,0.84561396,0.92865026,0.9999999,0.9218874,0.90186906,0.9197852,0.9292919,0.8973813,0.7899657,0.9345573,0.9265622,0.8963137,0.93568325,0.9221203,0.9383883,0.9214231,0.8864227,0.92173064,0.877578,0.9304953,0.9101463,0.85090405,0.27589577,0.92307806,0.90465146,0.90860045,0.8688686,0.9111489,0.8963365,0.87706834,0.7140783,0.46553496,0.4321855,0.9159661,0.86184245,0.895021,0.87637043,0.9249549,0.92821133,0.80578136,0.90564966,0.91537863,0.89149094,0.9227904,0.9292955,0.85465616,0.91533387,0.9082871,0.92830646,0.8569145,0.85449874,0.7909927,0.92142683,0.85653895,0.9383337,0.9065182,0.89684165,0.9062488,0.89732444,0.8728811,0.9296009,0.91239566,0.839817,0.8570751,0.91498584,0.906692,0.80637425,0.9159612,0.23495032,0.7387607,0.90154237,0.7093374,0.75790304,0.43120378,0.8962653,0.8953899,0.93269587,0.8895635,0.89057434,0.92735064,0.83630806,0.8376149,0.86723787,0.8458788,0.92960095,0.8353139,0.9078822,0.9035477,0.9159612,0.85818106,0.89434433,0.9109916,0.92936957,0.88794065,0.91319615,0.91044956,0.8173028,0.91163623,0.88945246,0.88440615,0.90809923,0.93326867,0.9097875,0.9222496,0.9237031,0.8425755,0.7369589,0.9238588,0.33580264,0.9358628,0.38065046,0.9243817,0.8995754,0.91106254,0.8175618,0.91721094,0.9189166,0.9387022,0.93388313,0.91705364,0.9461487,0.9000659,0.91298336,0.9154706,0.8837797,0.8939692,0.6936359,0.9065926,0.8800052,0.92566043,0.7250295,0.925634,0.89419883,0.8919258,0.91345334,0.91750264,0.93553627,0.9197852,0.9192803,0.8664766,0.9060319,0.92404664,0.8983821,0.82104415,0.6233564,0.93324906,0.8855883,0.90096706,0.9358544,0.93530077,0.76782566,0.8573093,0.9034317,0.88593227,0.9159994,0.9357616,0.9232691,0.9197852,0.90590876,0.93244666,0.9323482,0.8757726
aftermathmovie,0.987012,0.96273226,0.9884312,0.9164351,0.9902479,0.9218874,1.0,0.98267835,0.99703884,0.9631034,0.9551962,0.85143787,0.963787,0.99482626,0.98447835,0.9870059,0.972495,0.9744846,0.9788635,0.9792147,0.98548037,0.93117964,0.99402875,0.9882449,0.91210735,0.34670904,0.9240783,0.9519039,0.9818462,0.97718334,0.98563266,0.96715516,0.8807056,0.80545825,0.5879949,0.5526404,0.99323815,0.9328026,0.9811602,0.9440166,0.9529147,0.9789678,0.8807757,0.9698357,0.9870818,0.9653802,0.99024993,0.99126333,0.9141316,0.98474586,0.9659218,0.9939066,0.88975054,0.90289974,0.8310254,0.978785,0.91090584,0.9857839,0.97821546,0.98472756,0.95111704,0.9591802,0.9383817,0.9798774,0.9710671,0.88669133,0.97804093,0.9758699,0.9809199,0.8777095,0.99387366,0.27499172,0.83615893,0.98704886,0.7993059,0.8841399,0.50889266,0.97331595,0.9731722,0.9653782,0.9291809,0.92877316,0.99400955,0.949003,0.86289823,0.96842754,0.9258227,0.9916675,0.9098903,0.98947114,0.9693914,0.99387366,0.91632664,0.96830285,0.96065325,0.98239595,0.97932583,0.98144674,0.98006004,0.8510861,0.97377425,0.96414363,0.92174286,0.97118324,0.92425525,0.963774,0.997255,0.9542504,0.8963729,0.84438056,0.99605846,0.42210406,0.9803658,0.4951328,0.96961266,0.9844438,0.9920244,0.8859636,0.9901264,0.99716324,0.9868101,0.9882272,0.9930171,0.8597045,0.99340695,0.9836598,0.9623011,0.9178407,0.948951,0.70917934,0.98460203,0.9484097,0.9829136,0.7604642,0.9828685,0.9851088,0.97420585,0.97255224,0.99189246,0.97506773,0.99703884,0.9568635,0.94080275,0.9468831,0.9693257,0.9893126,0.88988453,0.73149455,0.9716371,0.93449587,0.9867871,0.976215,0.9874792,0.8408761,0.9423552,0.9872318,0.9717321,0.97814316,0.98615927,0.9749629,0.99703884,0.97420365,0.9913538,0.99419713,0.8931053
aftermovie,0.98404276,0.9446655,0.9714345,0.88081086,0.9840836,0.90186906,0.98267835,0.99999994,0.990738,0.9579086,0.9444751,0.7967019,0.924416,0.99141276,0.9897184,0.96711075,0.9810116,0.9655331,0.97083175,0.9862415,0.9804337,0.89965147,0.9812132,0.9886465,0.9050215,0.34030667,0.8946323,0.94941574,0.9576501,0.9784928,0.9690451,0.9556138,0.8502671,0.79775435,0.57698745,0.5353245,0.98963755,0.90869224,0.97182155,0.92303324,0.9193787,0.96844053,0.88107026,0.9613005,0.9739576,0.95438635,0.9788934,0.98303276,0.9010836,0.97902465,0.9432564,0.98183554,0.84461534,0.8557831,0.79203594,0.9731987,0.890682,0.96563405,0.97089607,0.98191017,0.9243422,0.9520256,0.910482,0.9565939,0.95497376,0.8880446,0.95113504,0.96117043,0.97394097,0.86127305,0.98600346,0.2561528,0.8180868,0.9781969,0.76990944,0.88439274,0.48359454,0.9695791,0.9649444,0.9492689,0.9087366,0.8919093,0.9814215,0.936681,0.8272136,0.96823585,0.90539193,0.9720268,0.8792727,0.99419934,0.9646705,0.98600346,0.89214164,0.9604353,0.935822,0.9639912,0.9761409,0.989316,0.9588497,0.8149279,0.9594152,0.960536,0.88435954,0.94975024,0.8891981,0.9400445,0.9856904,0.9100775,0.85166264,0.86606556,0.9849643,0.41672993,0.9591385,0.49261007,0.9370535,0.98882496,0.98808515,0.8521616,0.99034107,0.9762988,0.9697311,0.97603124,0.9833797,0.8435891,0.9765892,0.9805517,0.9333689,0.8914273,0.94646114,0.7195614,0.9918338,0.94495445,0.97718126,0.75239086,0.9612368,0.98558444,0.968131,0.95122653,0.97464293,0.9570373,0.990738,0.92514104,0.9151865,0.9022161,0.9391839,0.97570264,0.86808234,0.71222603,0.93381554,0.9365109,0.96573496,0.95377266,0.97439426,0.83859223,0.9150106,0.97243327,0.97386104,0.97585404,0.9767335,0.96219164,0.990738,0.95365906,0.9796015,0.9858961,0.8573226
ahiddenlifefilm,0.9889215,0.9559886,0.9855038,0.9133807,0.99045676,0.9197852,0.99703884,0.990738,1.0,0.9629013,0.95975095,0.8310004,0.95273876,0.9966545,0.992472,0.98238534,0.9808484,0.9778525,0.9812924,0.98912096,0.98741937,0.9172929,0.99332744,0.993377,0.9161091,0.35781714,0.9209639,0.95847106,0.9744398,0.9823678,0.9884467,0.9693733,0.87163824,0.80020726,0.5827478,0.54676974,0.99720955,0.92600936,0.9795126,0.9415051,0.94906104,0.9826199,0.8962803,0.9757065,0.9892573,0.96908736,0.9911487,0.9921717,0.9137705,0.9894954,0.956328,0.9957849,0.8672423,0.8850117,0.8182905,0.9791667,0.9078311,0.98232126,0.98625135,0.98635626,0.9469485,0.9636863,0.93913877,0.977096,0.9733281,0.8951007,0.97248375,0.9785676,0.98453265,0.87704885,0.9948789,0.2731862,0.83549726,0.9899809,0.7944925,0.89055204,0.49722826,0.9749817,0.97689784,0.9593285,0.92845714,0.91746104,0.99411255,0.94668627,0.8443648,0.97799546,0.9231232,0.9871095,0.90039265,0.9961199,0.97136706,0.9948789,0.9180972,0.9681249,0.95293945,0.9820688,0.984761,0.98968923,0.9769498,0.8435269,0.9747739,0.97129023,0.90855026,0.9664975,0.90839154,0.95364726,0.99667937,0.9411748,0.8828636,0.8652785,0.9974458,0.41496077,0.97444564,0.49077472,0.9625416,0.9901344,0.99381065,0.88014984,0.99607265,0.991979,0.98347163,0.9889345,0.99393165,0.8597858,0.9906909,0.9860868,0.9549852,0.90306896,0.94669294,0.7343425,0.98940754,0.94757324,0.9875611,0.77301365,0.9788509,0.99071157,0.9773221,0.9730311,0.9895007,0.9753706,1.0,0.94470906,0.9377252,0.9337763,0.9619922,0.9884852,0.884809,0.72063094,0.9616672,0.933653,0.9806093,0.97443306,0.989072,0.84071416,0.9412345,0.98625857,0.9774065,0.98281837,0.9853792,0.9748727,1.0,0.96909994,0.99174297,0.99501354,0.8756618
alitamovie,0.95183754,0.93805546,0.95658,0.84464437,0.96873564,0.9292919,0.9631034,0.9579086,0.9629013,1.0000001,0.9047756,0.7974545,0.93414795,0.9674829,0.9482039,0.9689509,0.9276474,0.9297684,0.96280766,0.94408846,0.95496684,0.91087615,0.95749664,0.9610913,0.8334595,0.23244362,0.8911045,0.8960357,0.9502572,0.9396971,0.9550737,0.9094209,0.84038717,0.80700827,0.5223645,0.45420575,0.9475365,0.91256046,0.9559141,0.9372757,0.9045848,0.93407744,0.8140012,0.920929,0.9377325,0.95268345,0.95931214,0.96000636,0.8488229,0.9444356,0.93969715,0.9550014,0.9027898,0.9020273,0.80125844,0.9557816,0.8592552,0.9455949,0.92848843,0.9627422,0.8966887,0.89439315,0.8640337,0.9368415,0.93554574,0.8025394,0.92047673,0.9143568,0.9303413,0.79854506,0.9654612,0.17271958,0.7663405,0.93536234,0.7223911,0.79645216,0.4416944,0.94770294,0.91702086,0.94752455,0.8967077,0.9073393,0.95768106,0.89759415,0.8712019,0.9234761,0.87777656,0.96107805,0.8920817,0.96065664,0.9251948,0.9654612,0.8292886,0.93946594,0.9152963,0.94527173,0.9332384,0.95083815,0.93405867,0.79185796,0.9440472,0.9192775,0.89639866,0.9462071,0.9601444,0.9410762,0.9600208,0.91291255,0.81023943,0.7476054,0.95874524,0.38768157,0.9507792,0.43473315,0.9253735,0.94618094,0.9549771,0.80567056,0.9609637,0.9571037,0.94408953,0.94790834,0.95593727,0.86963814,0.9566961,0.9619587,0.9311417,0.89738315,0.9345467,0.6672219,0.9667752,0.92577523,0.94372237,0.6852659,0.9461353,0.94272894,0.92017657,0.9178767,0.96263605,0.9506283,0.9629013,0.9401013,0.8856659,0.9092372,0.9257726,0.93840265,0.8220703,0.69251174,0.94500077,0.8807141,0.95509934,0.93538934,0.95661,0.76983976,0.88236904,0.9622611,0.92703056,0.9574713,0.95122105,0.93568027,0.9629013,0.9382363,0.95701617,0.9609461,0.8833186
angelhasfallen,0.9449148,0.91088057,0.9549159,0.93481857,0.93625546,0.8973813,0.9551962,0.9444751,0.95975095,0.9047756,0.9999999,0.81946707,0.9454172,0.95556724,0.95588434,0.9343963,0.9569285,0.9538104,0.9371873,0.9515967,0.95855135,0.8781897,0.95627385,0.95043254,0.943661,0.46768326,0.93419635,0.978319,0.93107516,0.95871943,0.9502848,0.97336864,0.89623624,0.72577864,0.51847255,0.53960353,0.96053463,0.8686925,0.9398104,0.89937997,0.9601712,0.95982933,0.9315622,0.95531595,0.9759346,0.931182,0.95283014,0.9582154,0.9381458,0.954682,0.9061493,0.9719804,0.80374366,0.8159858,0.84843856,0.9325217,0.8763442,0.9541003,0.9739611,0.92365026,0.9483275,0.96918994,0.96334356,0.95659095,0.9759047,0.95177287,0.9468023,0.9706519,0.980165,0.90803385,0.9469987,0.37934175,0.8303323,0.97616136,0.79846656,0.9187313,0.49432823,0.96835434,0.9723055,0.9196158,0.974657,0.92067575,0.9677137,0.8968447,0.7753767,0.95161563,0.9140685,0.9601944,0.8305018,0.9500307,0.97095287,0.9469987,0.95977783,0.9650849,0.9090546,0.9708203,0.9614847,0.95010144,0.9666789,0.888714,0.95053595,0.9655566,0.89218616,0.91681725,0.8574427,0.8998953,0.95328933,0.9355972,0.89993083,0.8943029,0.96235573,0.37038535,0.9531437,0.44918942,0.9517405,0.967927,0.9473997,0.8852998,0.9687198,0.9452243,0.94426256,0.97444767,0.9614623,0.87924254,0.94454837,0.9509814,0.9291231,0.85685986,0.9107011,0.78412163,0.94193196,0.8865139,0.97173715,0.8528221,0.929704,0.9667878,0.9287632,0.9789854,0.953586,0.958051,0.95975095,0.9288002,0.9490554,0.9516046,0.94152904,0.9614489,0.8428996,0.63580614,0.9467665,0.88207287,0.9438106,0.96491116,0.9677324,0.799215,0.9497489,0.95032233,0.958985,0.9498662,0.9619174,0.9590343,0.95975095,0.9299062,0.96083707,0.95451516,0.83704704
angrybirdsmovie,0.8466339,0.861638,0.8751335,0.7954894,0.8283295,0.7899657,0.85143787,0.7967019,0.8310004,0.7974545,0.81946707,1.0000001,0.8429651,0.8401627,0.8055522,0.863166,0.80385834,0.8289194,0.84367543,0.7982479,0.8198561,0.8868347,0.84552014,0.8108293,0.74199235,0.20850523,0.83664197,0.7841434,0.868873,0.8209962,0.8340258,0.84738487,0.7949887,0.79943126,0.38094127,0.37102646,0.8284515,0.7507597,0.83383566,0.8251597,0.8098381,0.8163699,0.73011804,0.7827111,0.808369,0.77265745,0.8277208,0.84762067,0.7777355,0.8066352,0.8908428,0.8390473,0.8221891,0.76386905,0.6463574,0.8393957,0.86265683,0.86526614,0.7870259,0.7939868,0.830623,0.8112443,0.7761936,0.83987033,0.8175227,0.7293047,0.83228546,0.8024574,0.80542284,0.74507827,0.8078195,0.16979325,0.6320239,0.8321399,0.6495798,0.7454807,0.3506623,0.82777905,0.7883815,0.84968007,0.8246381,0.8024594,0.8431548,0.7585008,0.7691387,0.813224,0.73877203,0.8590526,0.7081764,0.8124622,0.85471904,0.8078195,0.77572024,0.79794693,0.864691,0.8473821,0.8283479,0.7823509,0.84883225,0.7820797,0.8033304,0.78575474,0.92396677,0.80988246,0.83228815,0.88314736,0.83817214,0.87612015,0.8012307,0.6449233,0.838755,0.3131341,0.84134656,0.31985936,0.84004134,0.79577476,0.8327728,0.7163662,0.82057303,0.85883313,0.8475207,0.8348144,0.8089831,0.7505837,0.8471046,0.80624133,0.833576,0.8592029,0.7883892,0.5275787,0.82008815,0.7705124,0.8524801,0.57756513,0.82013005,0.8040231,0.8294,0.8238633,0.81638896,0.8124258,0.8310004,0.87310535,0.8092959,0.85695654,0.83029836,0.8274256,0.7271441,0.53719485,0.83991826,0.7990907,0.8573223,0.8425562,0.7987432,0.6334321,0.7764906,0.80021447,0.78317416,0.7766487,0.8299329,0.8248261,0.8310004,0.8066154,0.8499997,0.8305336,0.9005438
annabellemovie,0.9544674,0.95580924,0.97116506,0.9419816,0.95042104,0.9345573,0.963787,0.924416,0.95273876,0.93414795,0.9454172,0.8429651,0.9999999,0.9557642,0.9314841,0.965827,0.93228924,0.94333214,0.94610256,0.9197256,0.9497121,0.9463356,0.96653694,0.930897,0.9022866,0.3659279,0.9247879,0.9375831,0.9679755,0.92354107,0.9442689,0.9518581,0.91985744,0.7930269,0.58244866,0.5654446,0.9468103,0.9435174,0.9485355,0.9075974,0.9617744,0.9539844,0.83813107,0.9379032,0.95461524,0.9365424,0.96202433,0.9516568,0.9144301,0.94385093,0.95939475,0.96264213,0.9301206,0.9284391,0.901402,0.937119,0.8937686,0.97324806,0.94127035,0.94074726,0.9549298,0.93606424,0.93499166,0.97436476,0.947826,0.87672484,0.9364258,0.95894736,0.94924283,0.882031,0.95775926,0.35216326,0.8091184,0.9494254,0.82699555,0.85537946,0.5574058,0.9451951,0.9453652,0.96203125,0.931948,0.9603648,0.9661542,0.9183724,0.90449613,0.90598136,0.9305391,0.9827744,0.9145796,0.9355108,0.9495591,0.95775926,0.9197895,0.94812316,0.9585637,0.971585,0.9389552,0.9341675,0.96034443,0.88431114,0.95366627,0.9321027,0.94831026,0.9575884,0.9426203,0.95954186,0.9636314,0.9875161,0.92691904,0.78529227,0.9582223,0.42380998,0.9781695,0.5000882,0.9822757,0.9462962,0.9545714,0.9112864,0.9448398,0.96150637,0.973552,0.96609193,0.96788794,0.85699844,0.9545726,0.9543924,0.9805046,0.9339902,0.94142574,0.658859,0.9311793,0.91974807,0.951926,0.76975507,0.9663726,0.9382681,0.9340118,0.95524836,0.9651735,0.9470113,0.95273876,0.9751632,0.9392115,0.97882974,0.96141624,0.9537633,0.8925557,0.7398272,0.9913802,0.91008794,0.9627749,0.9733795,0.9707736,0.8476535,0.94280016,0.9595796,0.9274575,0.9480201,0.961134,0.96252316,0.95273876,0.9623921,0.9587154,0.95935285,0.9248079
annamovie,0.99336225,0.96558195,0.9884791,0.90555423,0.9922095,0.9265622,0.99482626,0.99141276,0.9966545,0.9674829,0.95556724,0.8401627,0.9557642,1.0000001,0.9898376,0.9871949,0.97857726,0.9746644,0.98339397,0.98415476,0.9856462,0.93212783,0.9924951,0.99075603,0.9048785,0.31887615,0.91951156,0.95030946,0.98084366,0.9800981,0.98385,0.96811306,0.8723975,0.81112,0.5737791,0.5276461,0.99345887,0.9265334,0.9826027,0.9437917,0.9409963,0.9792034,0.8771281,0.9659964,0.9813391,0.9641153,0.9888336,0.9929184,0.9095845,0.9837641,0.96747184,0.9924868,0.88058484,0.8887327,0.81369203,0.9829113,0.9054838,0.9849481,0.9757579,0.98688567,0.940128,0.9575123,0.92397547,0.97937155,0.9659016,0.88257414,0.9640764,0.973848,0.9786056,0.8658425,0.9935562,0.24134162,0.8163387,0.98234177,0.7848168,0.8842954,0.48839864,0.97608024,0.96823233,0.9688186,0.92784494,0.91847783,0.99416226,0.9459765,0.8590269,0.9676848,0.91490936,0.98938155,0.90003866,0.9947093,0.97462267,0.9935562,0.90130824,0.9669548,0.9577582,0.9816034,0.98014206,0.9878375,0.973353,0.83616096,0.9712254,0.9622449,0.9227093,0.96906227,0.9216026,0.9642644,0.9953984,0.9474425,0.87755513,0.8436957,0.9942271,0.4115363,0.97840196,0.47963732,0.961642,0.9888675,0.9949487,0.8688443,0.99371433,0.98880553,0.9863279,0.98661476,0.9919237,0.86106735,0.99008167,0.98867774,0.9586755,0.9195709,0.9547387,0.7053483,0.9898824,0.95358944,0.98201156,0.7447711,0.97836465,0.98544914,0.9773069,0.96326613,0.9861245,0.97082275,0.9966545,0.9570525,0.93253434,0.9335503,0.9622523,0.985839,0.8831872,0.72040915,0.9634806,0.942341,0.9835448,0.97054243,0.9833609,0.8365644,0.93054044,0.9828641,0.9686995,0.9804968,0.9839767,0.9725774,0.9966545,0.9679956,0.9883711,0.9923916,0.89226645
apollo11movie,0.97941786,0.9453369,0.974594,0.897328,0.9813238,0.8963137,0.98447835,0.9897184,0.992472,0.9482039,0.95588434,0.8055522,0.9314841,0.9898376,1.0000001,0.9684616,0.9792659,0.9699926,0.96538764,0.9951812,0.98228186,0.8974222,0.98595154,0.98699266,0.9115142,0.37055328,0.9162698,0.9583632,0.95539284,0.9772477,0.9840002,0.95849717,0.86210704,0.7765049,0.5647189,0.5293474,0.9918565,0.9003794,0.97197306,0.9143877,0.9357277,0.9833928,0.911712,0.9737388,0.9832925,0.96052265,0.98411113,0.9841021,0.90878415,0.9873123,0.9374442,0.9879134,0.8335015,0.8511072,0.78418076,0.9665288,0.8888808,0.97420275,0.9848117,0.97837085,0.93797064,0.9660603,0.9322556,0.97380763,0.968626,0.89583164,0.9541269,0.9726597,0.9742674,0.86070174,0.9854045,0.26465812,0.8082847,0.983086,0.7804841,0.9110844,0.46481425,0.9772268,0.97803104,0.9415399,0.9238015,0.89655143,0.98850226,0.93338484,0.80588967,0.9844336,0.90715,0.97521573,0.8743151,0.99265766,0.9655282,0.9854045,0.91759217,0.9584571,0.9337841,0.97684747,0.9811118,0.9822764,0.97079617,0.83612674,0.96086025,0.9695898,0.88616186,0.94462377,0.8731644,0.9340598,0.9840818,0.9234432,0.867853,0.88921344,0.989023,0.38434333,0.9647515,0.46903542,0.95137197,0.98888355,0.98664504,0.8670716,0.99339,0.9784454,0.97276676,0.9840197,0.9861604,0.847488,0.9812457,0.9810529,0.93774116,0.8747235,0.9362968,0.75973713,0.9789371,0.9359018,0.98246366,0.7872864,0.96572125,0.98216933,0.9808293,0.963434,0.97396445,0.9587205,0.992472,0.9316548,0.9217247,0.91615766,0.9399826,0.9790647,0.86129606,0.69039094,0.9456194,0.9272142,0.9729638,0.96638817,0.9804636,0.80845827,0.92868763,0.97688276,0.97490406,0.9729485,0.9758003,0.969895,0.992472,0.9536487,0.98359925,0.98579395,0.8486807
arcticdogsmovie,0.9825751,0.98556894,0.9919012,0.907897,0.9902818,0.93568325,0.9870059,0.96711075,0.98238534,0.9689509,0.9343963,0.863166,0.965827,0.9871949,0.9684616,1.0,0.9546991,0.9699851,0.9819216,0.959223,0.9718537,0.9588474,0.987527,0.97065043,0.89181215,0.3158734,0.9138691,0.92098683,0.9898725,0.9530942,0.981879,0.9629428,0.8960004,0.847582,0.6009967,0.54997355,0.97548884,0.93816143,0.9800929,0.9433413,0.9494655,0.9636211,0.8367634,0.9372762,0.9670933,0.9541641,0.9825999,0.98122543,0.91367286,0.9576544,0.98455936,0.9818548,0.9195724,0.9280323,0.82021403,0.9828149,0.93187964,0.98227304,0.9548534,0.9804923,0.94301236,0.94169295,0.9166502,0.97704273,0.9520838,0.8534926,0.9574689,0.9622162,0.9621116,0.8641389,0.9854833,0.25318655,0.811262,0.95893747,0.8021952,0.8623819,0.5191364,0.9600929,0.9493695,0.97610843,0.9235526,0.94404525,0.98590505,0.941732,0.9048361,0.94074494,0.9264413,0.98334044,0.91994417,0.97370523,0.9640689,0.9854833,0.88257223,0.96421003,0.9770755,0.9745339,0.9645848,0.9663424,0.97451603,0.8576173,0.9674974,0.9443802,0.94975966,0.9801395,0.950954,0.984241,0.9864105,0.96516466,0.90307957,0.8006547,0.9812665,0.44381326,0.9784166,0.50938755,0.96164936,0.9676368,0.9835948,0.876563,0.9725413,0.9802419,0.9833764,0.97108656,0.9769446,0.858651,0.98107874,0.98006153,0.9754968,0.94373333,0.9646165,0.6571781,0.975002,0.9680629,0.9700156,0.71912384,0.9715978,0.9614286,0.96192366,0.9510606,0.9785735,0.9637042,0.98238534,0.9742188,0.9314996,0.93995416,0.9622369,0.9719634,0.89906126,0.74957985,0.9751041,0.9475277,0.98612046,0.96499455,0.968981,0.8325327,0.9359257,0.9730672,0.9524993,0.97422826,0.970989,0.9688846,0.98238534,0.97647417,0.9815733,0.98408,0.9325847
arcticmovie,0.9685038,0.9295809,0.9624361,0.89832604,0.9711775,0.9221203,0.972495,0.9810116,0.9808484,0.9276474,0.9569285,0.80385834,0.93228924,0.97857726,0.9792659,0.9546991,0.9999998,0.9776589,0.9489284,0.978027,0.9735261,0.8790414,0.9773436,0.9800939,0.93843096,0.4143208,0.93409276,0.9750444,0.9380597,0.9581937,0.9558161,0.95883507,0.8707895,0.7479844,0.57696474,0.5742015,0.9852176,0.8774601,0.9442103,0.89741105,0.9395164,0.97517335,0.9176528,0.9683824,0.9763452,0.93279004,0.9706931,0.97360533,0.913506,0.9782939,0.926641,0.9784328,0.80930865,0.8288242,0.7819556,0.9627064,0.90302974,0.9671145,0.9729405,0.95626503,0.9433703,0.97242963,0.9318973,0.9631296,0.95587224,0.9291995,0.944307,0.9695195,0.97629094,0.9004,0.9695181,0.35377458,0.82629496,0.97849053,0.79542637,0.9104859,0.5221118,0.9545294,0.9663028,0.9336101,0.91790974,0.8837455,0.9767919,0.92494375,0.7941765,0.9686968,0.89363563,0.9647326,0.8561869,0.9808201,0.96641743,0.9695181,0.9291208,0.9476454,0.9384434,0.9625329,0.9636974,0.98032916,0.9628049,0.84562415,0.9492887,0.9552565,0.8856615,0.93424624,0.86289364,0.92408377,0.9732268,0.9155956,0.88016766,0.89091146,0.9821301,0.42336237,0.95367885,0.5050374,0.9379302,0.97296345,0.97324634,0.87889755,0.98254323,0.9685835,0.9733082,0.9784543,0.9705861,0.88707983,0.96218073,0.95357704,0.9233412,0.8634589,0.9245493,0.7643781,0.97170144,0.9266352,0.98441744,0.81662077,0.9544373,0.97319263,0.96955025,0.9629556,0.96249634,0.9643133,0.9808484,0.91238075,0.91364294,0.9069296,0.9427775,0.9625588,0.8720564,0.683042,0.93051153,0.9409578,0.9433247,0.964937,0.97606087,0.83947957,0.9139987,0.9559571,0.9798605,0.95619905,0.9804085,0.9680564,0.9808484,0.9426213,0.97616255,0.98101723,0.8450392
artofracingmovie,0.9649113,0.94971454,0.97755855,0.9057949,0.97844017,0.9383883,0.9744846,0.9655331,0.9778525,0.9297684,0.9538104,0.8289194,0.94333214,0.9746644,0.9699926,0.9699851,0.9776589,0.9999999,0.953287,0.9617124,0.9830567,0.9022644,0.98400116,0.9701276,0.94982255,0.4017448,0.9499096,0.95420516,0.9532085,0.93820095,0.9719712,0.96973157,0.9204319,0.77387786,0.6071421,0.5774947,0.9816408,0.89719206,0.9502218,0.90460825,0.97522,0.9845,0.90379244,0.9605857,0.98389477,0.94604003,0.9778401,0.9794023,0.92927206,0.967394,0.9427132,0.98303443,0.8447319,0.8712191,0.80787784,0.9777522,0.9410052,0.9823911,0.97289944,0.9558167,0.965347,0.9786781,0.9563753,0.96955055,0.9692663,0.92384654,0.94369555,0.9775596,0.97368765,0.8848295,0.97185516,0.32216585,0.84990835,0.97110415,0.81731194,0.8825232,0.53261083,0.9601014,0.9734224,0.9615501,0.9378078,0.92887384,0.97966504,0.9226396,0.83622557,0.95104384,0.9235954,0.9617638,0.8739703,0.96694106,0.9597317,0.97185516,0.9372181,0.95939416,0.9605998,0.9788813,0.9633957,0.95916307,0.97185844,0.89904076,0.9678856,0.9677,0.9044412,0.9517509,0.8904206,0.94241875,0.97436935,0.9373403,0.92086065,0.8859507,0.9757153,0.4389517,0.9661225,0.5236571,0.9588972,0.9661406,0.968777,0.9029874,0.9717566,0.9684568,0.9695992,0.98154366,0.9688499,0.8935581,0.9572016,0.966862,0.9494583,0.88955057,0.94962084,0.7707204,0.9668443,0.9473314,0.9835329,0.8147044,0.96388984,0.9661523,0.96501327,0.9749054,0.9666399,0.97783905,0.9778525,0.9366555,0.93502045,0.9210744,0.95777357,0.96322834,0.8899929,0.71406096,0.9481543,0.953169,0.9609093,0.97467583,0.97207224,0.8283932,0.94287956,0.9547018,0.96372044,0.97087073,0.9834723,0.97375935,0.9778525,0.9661479,0.9877218,0.983438,0.8790667
avengers,0.9890867,0.965682,0.98387706,0.90245295,0.97773045,0.9214231,0.9788635,0.97083175,0.9812924,0.96280766,0.9371873,0.84367543,0.94610256,0.98339397,0.96538764,0.9819216,0.9489284,0.953287,0.9999998,0.9580477,0.96348166,0.9329843,0.9732679,0.9650031,0.86070776,0.30153993,0.8790759,0.92314494,0.9774084,0.9691318,0.9777313,0.9640369,0.86050636,0.8519946,0.52502424,0.4761637,0.9749862,0.93372643,0.97415763,0.9495072,0.92238355,0.95620036,0.84948355,0.94762105,0.955082,0.94687635,0.9711174,0.97652495,0.897515,0.9629105,0.9647257,0.97882545,0.88753283,0.88409555,0.81293833,0.9618613,0.8960813,0.9662432,0.959788,0.970265,0.9267231,0.9206742,0.8976222,0.95936143,0.947685,0.85274726,0.9465041,0.9604166,0.9586418,0.8429413,0.9759108,0.20835534,0.78084475,0.9586302,0.7551014,0.83811563,0.44835678,0.95302886,0.9404417,0.9574254,0.9110889,0.9104056,0.9755079,0.9150864,0.8694643,0.9437161,0.9107185,0.9758878,0.8835,0.9770473,0.9558747,0.9759108,0.8714538,0.94764084,0.9520443,0.9692433,0.97209483,0.9771702,0.9598237,0.8106732,0.9601411,0.9397922,0.92316645,0.9621533,0.92875344,0.95870626,0.98611605,0.94378847,0.8531167,0.8033616,0.97558296,0.37475768,0.95406026,0.43291003,0.94296515,0.97443205,0.9845462,0.83547604,0.97823066,0.9695295,0.972788,0.9631056,0.97633934,0.8256075,0.9677824,0.9787817,0.95409834,0.93491423,0.9421592,0.680266,0.9769179,0.9415944,0.9701856,0.71224916,0.9595541,0.96900994,0.95615417,0.94084895,0.96520925,0.9448562,0.9812924,0.949674,0.9267075,0.9179563,0.93969285,0.97015274,0.86562085,0.7008205,0.9515389,0.914622,0.96589833,0.95838404,0.9621341,0.84422123,0.9195642,0.9608495,0.94444406,0.9694103,0.95265454,0.9495827,0.9812924,0.9555992,0.9752787,0.9765021,0.90527976
beachbummovie,0.9706516,0.9246311,0.96122646,0.8881671,0.9741295,0.8864227,0.9792147,0.9862415,0.98912096,0.94408846,0.9515967,0.7982479,0.9197256,0.98415476,0.9951812,0.959223,0.978027,0.9617124,0.9580477,0.9999999,0.96863985,0.87692404,0.97736216,0.9895102,0.9062884,0.34438533,0.910708,0.9528687,0.9444801,0.97669655,0.97637236,0.9458388,0.8268284,0.75475776,0.5656362,0.53122747,0.9868371,0.8844339,0.96065825,0.91856027,0.92363,0.972794,0.904331,0.96368283,0.9792261,0.961197,0.9768086,0.978521,0.88730675,0.9822968,0.9239174,0.98202974,0.8097005,0.84039164,0.7673845,0.9656355,0.88194823,0.9639522,0.9802499,0.9754362,0.91569,0.9598375,0.92258114,0.9591949,0.95754397,0.8851063,0.95409554,0.959719,0.97546285,0.8630374,0.981556,0.25503233,0.8119284,0.9818553,0.7720468,0.8980805,0.46068984,0.9672043,0.9718355,0.9258417,0.91491765,0.87724173,0.9823178,0.9330784,0.78578436,0.9840206,0.8934874,0.9678568,0.8707883,0.9927758,0.96005666,0.981556,0.906514,0.9500535,0.91979927,0.9640731,0.9743361,0.9821641,0.95608646,0.81482756,0.95219576,0.9669712,0.87480056,0.9403836,0.8586653,0.92131895,0.97679335,0.9046379,0.84683084,0.8768191,0.9864408,0.39897928,0.9541523,0.47493988,0.93670976,0.9795403,0.97795755,0.8545272,0.98940647,0.9722869,0.9643453,0.9760248,0.98001873,0.84505606,0.98008007,0.96838963,0.92700845,0.84953564,0.9181947,0.7499164,0.9766413,0.9220779,0.97760975,0.76862127,0.9559573,0.9795197,0.9668745,0.9582491,0.97427076,0.9595413,0.98912096,0.90915483,0.90815526,0.90892565,0.94172,0.9741885,0.85974514,0.6822227,0.9333872,0.91213554,0.9612032,0.95195967,0.9752196,0.80002904,0.9210015,0.97596145,0.9693982,0.96721464,0.96852815,0.9576833,0.98912096,0.93798107,0.9744994,0.97734344,0.8232398
bernadettefilm,0.9742957,0.9576924,0.9830108,0.90460455,0.984665,0.92173064,0.98548037,0.9804337,0.98741937,0.95496684,0.95855135,0.8198561,0.9497121,0.9856462,0.98228186,0.9718537,0.9735261,0.9830567,0.96348166,0.96863985,1.0000002,0.9132621,0.9889336,0.97883433,0.93029225,0.39167666,0.9339945,0.95938957,0.96253437,0.962897,0.9786518,0.97011894,0.9154928,0.79231244,0.5876025,0.55375606,0.98813915,0.919514,0.9713204,0.9137001,0.96266794,0.98575956,0.9079311,0.97555965,0.9859616,0.9575133,0.98626465,0.9861475,0.9302203,0.9802121,0.9461837,0.9876194,0.869973,0.879301,0.82933927,0.97169137,0.9075062,0.982237,0.97741425,0.9684756,0.9641426,0.96775454,0.9478113,0.974293,0.9819402,0.91849905,0.95783544,0.9777998,0.9740784,0.86956906,0.9818454,0.2900405,0.8434572,0.9793788,0.804678,0.89484257,0.5131995,0.9789833,0.9788677,0.96624225,0.93965983,0.9343891,0.9856352,0.927995,0.84683275,0.96489775,0.9303183,0.97599024,0.8835625,0.9781112,0.9620812,0.9818454,0.9290396,0.9731695,0.9497575,0.9850233,0.97353595,0.9692015,0.97902066,0.88135564,0.9765026,0.9668118,0.89958566,0.951723,0.9080714,0.9452608,0.9842509,0.9399628,0.8997125,0.88546973,0.9833255,0.40745535,0.97361374,0.49763235,0.96497816,0.9853224,0.98154724,0.8925984,0.98567253,0.98206806,0.96989894,0.9886234,0.98301446,0.8736776,0.9695466,0.9844515,0.94812363,0.90287375,0.9600541,0.7713048,0.9814204,0.94976133,0.98249245,0.8107934,0.9732259,0.9822271,0.971004,0.9737943,0.97655016,0.974725,0.98741937,0.95106554,0.9453474,0.9282435,0.9495924,0.9757673,0.86910975,0.7200786,0.9562223,0.9394957,0.9762569,0.9775572,0.98285735,0.82755667,0.9370096,0.9720221,0.9758402,0.978841,0.98885727,0.97709733,0.98741937,0.9771798,0.991844,0.992274,0.88279873
