movie,21bridgesmovie,47metersdown,abeautifuldaymovie,abominablemovie,adastramovie,adogsjourneymovie,aftermathmovie,aftermovie,ahiddenlifefilm,alitamovie,angelhasfallen,angrybirdsmovie,annabellemovie,annamovie,apollo11movie,arcticdogsmovie,arcticmovie,artofracingmovie,avengers,beachbummovie,bernadettefilm,blackandbluemovie,blackchristmas,blindedbythelightmovie,bombshellmovie,booksmart,breakthroughmovie,brianbanksmovie,brightburnmovie,brittanyrunsmov,captainmarvelofficial,captivestatemovie,catsmovie,charliesangels,childsplaymovie,clarathefilm,coldpursuitmovie,countdown,currentwarmovie,darkwatersmovie,detectivepikachumovie,disneyaladdin,disneyfrozen,disneymaleficent,doctorsleepmovie,dolemiteismyname,dontletgomovie,doramovie,downtonabbey_official,dumbo,escaperoom,everybodyknowsmovie,fastandfuriousmovie,fightingwmyfam,fivefeetapartfilm,fordvferrari,freaksthefilm,geminimanmovie,glassmovie,gloriabellmovie,godzillamovie,goldfinchmovie,goodboysmovie,goodliarmovie,gretafilm,halathemovie,happydeathdaymovie,harrietfilm,hellboymovie,hersmellmovie,highlifemovie,highstrungmovie,honeyboymovie,hotelmumbaifilm,httydragon,hustlemovie,hustlersmovie,isntitromantic,itmovieofficial,jayandsilentbob,johnwickmovie,jojorabbitmovie,jokermovie,judythefilm,jumanjimovie,justmercyfilm,knivesout,lalloronamovie,lastblackmansf,lastchristmasthemovie,latenightmovie,lighthousemovie,lionking,littlethemovie,littlewomenmovie,littlewoodsfilm,longshotmovie,lordsofchaosmovie,lucyintheskyfilm,mamovie2019,marriagestory,meettheaddams,meninblack,midsommarmovie,midwaymovie,missbalamovie,missinglinkfilm,motherlessbklyn,onceinhollywood,onthebasisofsex,overcomermovie,peanutbutterfalcon,petsematarymovie,piercingmovie,playingwithfire,playmobilthemovie,pomsmovie,queenandslim,rambomovie,readyornotfilm,richardjewellfilm,rocketmanmovie,scarystoriesmovie,secretlifeofpets,serenityfilm,shaftmovie,shazammovie,spidermanmovie,spiesindisguise,starwars,stormboymovie,stubermovie,taosdfilm,teenspiritmov,terminator,theaeronautsmov,thebestofenemies,thedeaddontdie,thefarewell,thehighwaymen,thehummingbirdprojectfilm,theintrudermovie,theirishmanfilm,thekitchenmovie,thelegomovie,themustangfilm,thenightingalefilm,theprodigymovie,thesunisalsoastar,theupsidefilm,tolkienmovie,toystory,triplefrontier,uglydolls,uncutgems,underthesilverlake,usmovie,wavesmovie,whatmenwant,wonderparkmovie,wrinklestheclown,xmenmovies,yardiefilm,yesterdaymovie,zombieland
21bridgesmovie,1.0,0.9517759,0.99001914,0.8923049,0.97950387,0.8983962,0.99107414,0.9811331,0.9945475,0.9716112,0.92518866,0.8456227,0.96570474,0.9827978,0.9907942,0.9753998,0.96018755,0.9804381,0.9854422,0.97498006,0.95450085,0.91543263,0.9829422,0.99335796,0.9592667,0.78519505,0.9046141,0.946359,0.9899867,0.96458113,0.96463424,0.9861434,0.9107024,0.9040454,0.67707837,0.44221386,0.9841532,0.92824674,0.9743765,0.92734504,0.95865136,0.95959574,0.87128085,0.9683286,0.989586,0.9143352,0.98234963,0.9632253,0.88373154,0.9752426,0.9809264,0.9888649,0.93018985,0.9050122,0.82371217,0.96898985,0.9615701,0.9793406,0.9826124,0.98620325,0.97430784,0.96620286,0.9642974,0.9601481,0.97235256,0.87620324,0.95057476,0.9709104,0.9614778,0.7721232,0.9943118,0.25576502,0.8643206,0.99071056,0.697803,0.9341686,0.35514686,0.9473627,0.9749724,0.9201776,0.8940192,0.92843467,0.98653114,0.9601208,0.8679395,0.9614494,0.91686666,0.9886293,0.9020286,0.98980206,0.9334648,0.9943118,0.94703126,0.96189153,0.9548324,0.9806732,0.955079,0.984726,0.97808385,0.84127903,0.8954896,0.927436,0.9590955,0.9739674,0.9239724,0.97406656,0.9929498,0.94085085,0.93502486,0.94099313,0.99432063,0.28065842,0.95916706,0.3686209,0.9317497,0.9766582,0.99769443,0.843672,0.99374723,0.98992354,0.97217643,0.98348624,0.9865945,0.8963108,0.96460855,0.9795621,0.96381724,0.9366231,0.97502524,0.48326722,0.9721487,0.97269034,0.9728266,0.81723684,0.983671,0.96431595,0.9766587,0.97010624,0.9938445,0.958982,0.9945475,0.9538564,0.8963566,0.9161616,0.9193396,0.98219144,0.85223097,0.78440726,0.96528673,0.9491061,0.96372885,0.9530759,0.97514665,0.8620238,0.9448861,0.9821204,0.97585094,0.96979374,0.9621869,0.95934314,0.9945475,0.95319176,0.9899249,0.9848973,0.9412264
47metersdown,0.9517759,1.0000002,0.93983346,0.90699387,0.9224282,0.8075313,0.95304346,0.9318724,0.9570798,0.92004806,0.9449507,0.80060244,0.9162327,0.9476269,0.94155395,0.9657802,0.96035343,0.91924417,0.93560207,0.94551456,0.95421237,0.8813529,0.94174224,0.940118,0.9685584,0.7900744,0.83647454,0.91721606,0.94963056,0.94147485,0.9414343,0.9456411,0.8048029,0.84105545,0.61209774,0.49915054,0.9741697,0.88119376,0.9640827,0.96222913,0.89947075,0.9541238,0.87451595,0.9684678,0.9408332,0.95598274,0.9430476,0.9211357,0.8840016,0.9650522,0.9237096,0.9593827,0.9239604,0.8300183,0.76533467,0.91059345,0.93484455,0.9139122,0.9558496,0.9618607,0.8868108,0.9447932,0.93359697,0.9068823,0.945339,0.9190174,0.94721675,0.9599082,0.9301044,0.84061456,0.9572418,0.22348343,0.8445719,0.9198955,0.7228599,0.89851135,0.31107098,0.86934376,0.92191935,0.9105517,0.92862403,0.89049125,0.92957217,0.9340927,0.78797174,0.95907265,0.888878,0.9689936,0.8785363,0.9542327,0.92606884,0.9572418,0.91026115,0.959592,0.9204309,0.95100784,0.93864256,0.9593826,0.9370534,0.8489545,0.9396227,0.9439779,0.9014796,0.9458157,0.9118774,0.9049317,0.94656575,0.89415324,0.928931,0.93473685,0.9456271,0.24406815,0.8886574,0.3943472,0.88430107,0.90832394,0.94956577,0.8233579,0.9606109,0.9532559,0.92828065,0.9248929,0.9503788,0.7969836,0.96581185,0.9409086,0.95112646,0.864242,0.937484,0.5143863,0.97259015,0.9265373,0.9608762,0.8590266,0.9124219,0.9530565,0.964984,0.9207008,0.9567556,0.9486879,0.9570798,0.92931,0.92693925,0.8669751,0.85662913,0.9538081,0.8591104,0.70028764,0.90775615,0.9012303,0.95437485,0.90959746,0.95798033,0.7878145,0.952765,0.9726145,0.94474113,0.96715164,0.9072518,0.8916237,0.9570798,0.88212585,0.94559115,0.93563086,0.86436445
abeautifuldaymovie,0.99001914,0.93983346,0.9999999,0.8959372,0.9824578,0.881067,0.98706573,0.98578733,0.9896675,0.9745435,0.9210412,0.828204,0.9582562,0.977914,0.9907954,0.95560145,0.9560619,0.97448134,0.9803389,0.9733688,0.9435908,0.9335653,0.97764117,0.98421127,0.94357646,0.77128273,0.92018175,0.9433954,0.99390966,0.9637411,0.9559934,0.9790478,0.909003,0.90727437,0.66907793,0.45011583,0.97930235,0.90815264,0.96564066,0.90315574,0.94699043,0.9419401,0.8720497,0.9538267,0.9884668,0.8953497,0.9776997,0.9682815,0.84736466,0.9637766,0.9899674,0.9787947,0.938829,0.92694455,0.7998853,0.9746465,0.9561856,0.9657042,0.9809769,0.97241503,0.97840285,0.9601525,0.95951164,0.94427127,0.96699846,0.8727646,0.9283063,0.96090996,0.9484963,0.7529588,0.9844462,0.27934104,0.8803637,0.9876815,0.71628374,0.9408592,0.39070326,0.95154417,0.9745573,0.9107708,0.87593865,0.93819946,0.98304373,0.9652999,0.84699565,0.9542649,0.9125036,0.98117375,0.8932138,0.98404336,0.931278,0.9844462,0.94298387,0.94826937,0.9625427,0.9694863,0.94724244,0.98094934,0.98145115,0.83238995,0.87465113,0.920483,0.9602674,0.95930606,0.92316884,0.98416287,0.98947334,0.9213347,0.9364831,0.9398168,0.98782724,0.30875102,0.9520982,0.37864876,0.91602975,0.9752448,0.98787045,0.8507506,0.98635304,0.98787916,0.96232337,0.97590876,0.9858007,0.8757717,0.95056874,0.96139693,0.95406175,0.95448595,0.9756972,0.49101955,0.967236,0.97241044,0.97076094,0.81017834,0.9748504,0.9581591,0.96822965,0.95665365,0.9796531,0.9449201,0.9896675,0.9576835,0.8754603,0.89355993,0.92725724,0.97710377,0.8415714,0.7739515,0.95698005,0.9110883,0.95347625,0.95492566,0.9638484,0.87208897,0.93439585,0.96957725,0.960178,0.94954264,0.96012574,0.94133735,0.9896675,0.9618324,0.98785555,0.9759749,0.9522634
abominablemovie,0.8923049,0.90699387,0.8959372,1.0000001,0.9270148,0.7769676,0.90308434,0.90045947,0.9107499,0.9018504,0.9207552,0.7897338,0.8756749,0.9258449,0.894516,0.8979268,0.92964965,0.9196631,0.910086,0.9132571,0.9399377,0.86548996,0.9201558,0.87803,0.8949643,0.8701544,0.8541816,0.9354869,0.9000445,0.9372776,0.90252686,0.926255,0.81209356,0.88826966,0.6624202,0.65874076,0.9238205,0.85805863,0.91145843,0.88097334,0.8761851,0.92664343,0.93187594,0.9292925,0.9039786,0.9056955,0.9166153,0.92041314,0.90065515,0.9360906,0.8913042,0.92408454,0.8877057,0.8047338,0.722435,0.87998176,0.94072956,0.9045063,0.9364315,0.89517295,0.89619565,0.9477627,0.91020274,0.8823157,0.9318249,0.87283784,0.8679085,0.90592104,0.8994685,0.82599455,0.91324496,0.3743421,0.86830705,0.8847267,0.8827296,0.92572,0.4733315,0.898217,0.91282874,0.9189402,0.89004606,0.9143943,0.898854,0.9366391,0.7622532,0.93896234,0.9133522,0.8951011,0.9285103,0.9149928,0.94964075,0.91324496,0.9094954,0.90003115,0.8938348,0.9347915,0.91855043,0.9301655,0.90733224,0.9199351,0.921619,0.95447636,0.8796683,0.9118583,0.94926167,0.8776693,0.91387624,0.884792,0.8707926,0.9063107,0.9166974,0.40049747,0.9125472,0.58619887,0.89159817,0.90579396,0.8787128,0.92032886,0.9020557,0.8959606,0.8956026,0.90630674,0.8958697,0.7887561,0.8924327,0.912625,0.9153893,0.8597775,0.9190765,0.6679151,0.9275704,0.9051039,0.92631704,0.88838553,0.9011049,0.92829716,0.888505,0.893301,0.90625346,0.92243785,0.9107499,0.9049869,0.91165626,0.8692444,0.86558264,0.92203856,0.9370784,0.7335341,0.8642741,0.82936007,0.89060724,0.9318032,0.9254462,0.81573606,0.9218121,0.90957546,0.91544956,0.92474747,0.9045612,0.8971138,0.9107499,0.8894443,0.91031706,0.90733165,0.8371163
adastramovie,0.97950387,0.9224282,0.9824578,0.9270148,1.0000001,0.8870072,0.9788555,0.976595,0.987032,0.97132313,0.93520296,0.83782923,0.9418885,0.99226356,0.9804482,0.95716727,0.96823955,0.9872787,0.98576444,0.9632049,0.95947826,0.9286627,0.9901,0.9745333,0.9475145,0.84215015,0.92719537,0.96938527,0.9834001,0.9695413,0.95963746,0.97995573,0.91299105,0.9447179,0.66753465,0.48461258,0.97276187,0.89112467,0.9607613,0.9055107,0.94509405,0.96039134,0.9095028,0.96264565,0.98771673,0.9084898,0.9876226,0.9804772,0.87976986,0.97484124,0.97862875,0.97932523,0.9313708,0.9024857,0.7630641,0.96909356,0.9692468,0.9838608,0.9810334,0.9691619,0.986161,0.9722235,0.9699318,0.9576211,0.9813432,0.8761469,0.91155744,0.9596457,0.96123385,0.7821151,0.9864988,0.28252828,0.88645357,0.98630005,0.75964636,0.95245016,0.401149,0.97292215,0.9770101,0.9249411,0.8912164,0.9469528,0.9851062,0.9635485,0.8376566,0.9593427,0.93147296,0.9671695,0.931522,0.9880303,0.9467483,0.9864988,0.9639903,0.94508624,0.9571503,0.9732207,0.95708215,0.986555,0.9784615,0.88640624,0.9033411,0.94573855,0.9505132,0.96933734,0.9443584,0.9739652,0.99205565,0.94594175,0.91838354,0.95733947,0.9905313,0.3163683,0.96811104,0.42012203,0.95461845,0.98162115,0.9718159,0.8866394,0.98208266,0.9719892,0.9686708,0.98058146,0.97022533,0.8904203,0.9419173,0.9647031,0.9510014,0.9442188,0.9825028,0.5433978,0.96964777,0.97162014,0.9749185,0.83673763,0.9803355,0.9619481,0.94766676,0.95839286,0.9816572,0.9502513,0.987032,0.96124804,0.9097474,0.9287354,0.9502171,0.9712859,0.8794146,0.77258325,0.9530422,0.89853865,0.94498855,0.97175217,0.96908844,0.88243604,0.9517492,0.9728656,0.9773693,0.9637122,0.96750087,0.9652373,0.987032,0.9589513,0.98449266,0.98865443,0.92846733
adogsjourneymovie,0.8983962,0.8075313,0.881067,0.7769676,0.8870072,0.99999994,0.9107933,0.90183574,0.8926518,0.87191635,0.82961375,0.79937226,0.943214,0.90045446,0.9004439,0.898654,0.86161125,0.9158905,0.89212,0.8459403,0.85983557,0.84439284,0.8963007,0.90683603,0.8362584,0.7536157,0.8987185,0.8852656,0.8855434,0.8580985,0.8707459,0.89938015,0.9582665,0.8767514,0.7815868,0.4458229,0.8747026,0.87730765,0.8608926,0.804684,0.9546461,0.8964322,0.82432944,0.89307505,0.913549,0.77500093,0.90401316,0.845533,0.78308606,0.8985371,0.8963133,0.8770451,0.85127234,0.88214386,0.80719876,0.88428766,0.8889297,0.9066502,0.8672155,0.85705584,0.9115542,0.87905353,0.8781175,0.94061524,0.8716728,0.7947425,0.8706698,0.81763077,0.8842976,0.68245363,0.8946893,0.33967933,0.7887667,0.9135459,0.6339736,0.86833316,0.3917389,0.9327628,0.9266687,0.9052852,0.8013474,0.9045411,0.9246406,0.86994326,0.87559325,0.82455426,0.8947584,0.90152377,0.85762787,0.90251243,0.88631177,0.8946893,0.8803692,0.90234643,0.8886501,0.87920934,0.8680255,0.8651355,0.8883204,0.8008282,0.7544371,0.82870543,0.9373225,0.88981986,0.8629379,0.88965183,0.89463437,0.907242,0.84430283,0.84220594,0.900664,0.3474578,0.93924814,0.42834672,0.881844,0.9311118,0.89973956,0.8174716,0.897885,0.91047245,0.9343076,0.9039646,0.87815857,0.9762201,0.85114616,0.891216,0.9071286,0.8663498,0.89184725,0.46873736,0.861813,0.89810264,0.878999,0.7330489,0.9105466,0.8594143,0.8893414,0.859522,0.8993485,0.84039414,0.8926518,0.89292544,0.7447098,0.93871635,0.9042074,0.8582818,0.78664994,0.8444258,0.931035,0.89240587,0.897656,0.8930613,0.8510522,0.7689802,0.86506265,0.8798075,0.8854923,0.87632,0.92327124,0.9238054,0.8926518,0.91683125,0.8972175,0.90126425,0.9047173
aftermathmovie,0.99107414,0.95304346,0.98706573,0.90308434,0.9788555,0.9107933,0.9999999,0.9760415,0.9928665,0.9669608,0.9493527,0.8595624,0.9690068,0.9872049,0.9891041,0.97765565,0.97381,0.9738507,0.9801783,0.97177124,0.96038884,0.9136368,0.98047304,0.9913063,0.95790136,0.8079088,0.9100573,0.95761544,0.9849419,0.9643711,0.967632,0.9860343,0.91699773,0.92087835,0.69123983,0.5019554,0.98900914,0.91349775,0.979717,0.93687946,0.9597048,0.96776044,0.8936175,0.98012763,0.989979,0.92607176,0.9805513,0.95517975,0.86850077,0.9844085,0.98018646,0.9841723,0.9369816,0.9100429,0.8170657,0.97233844,0.969594,0.97283655,0.97742724,0.98009735,0.97168803,0.96318376,0.9688207,0.96577454,0.97259766,0.9046984,0.9614661,0.9556564,0.9717293,0.8080138,0.9912563,0.28849825,0.8789288,0.98572296,0.73168665,0.9421848,0.38281316,0.9539725,0.9791467,0.9379952,0.91985136,0.95463634,0.98601323,0.961016,0.86801183,0.9686547,0.92842346,0.991376,0.91354984,0.9899233,0.94790584,0.9912563,0.9545528,0.9708546,0.9650648,0.9787068,0.9718734,0.98036456,0.9888035,0.864199,0.90906745,0.9398612,0.9696245,0.9718218,0.94089925,0.9682464,0.9908749,0.9457991,0.93313646,0.93885636,0.9884256,0.31179965,0.9664176,0.4249909,0.92599744,0.9840438,0.99008936,0.8670207,0.99378383,0.9964225,0.9751171,0.9827989,0.98641914,0.90260524,0.97284204,0.97014475,0.9705942,0.9396812,0.9833608,0.51864904,0.9771616,0.980358,0.9832887,0.8603593,0.9818384,0.96792716,0.98722297,0.95854104,0.99228704,0.9646118,0.9928665,0.96228904,0.89902455,0.9310183,0.92800194,0.97848445,0.8761563,0.7846876,0.9688496,0.9310553,0.9845261,0.9650172,0.9800768,0.8409972,0.9596015,0.98237246,0.96893203,0.9695571,0.9642499,0.9618288,0.9928665,0.95868134,0.98665506,0.97902775,0.94532543
aftermovie,0.9811331,0.9318724,0.98578733,0.90045947,0.976595,0.90183574,0.9760415,1.0000001,0.9836315,0.96784264,0.9137571,0.7911538,0.95516205,0.9748618,0.98722285,0.9592746,0.94158894,0.97531474,0.9825274,0.96579427,0.9615225,0.93277454,0.9661408,0.97481996,0.93964416,0.7827246,0.92415625,0.93328327,0.98533773,0.95318043,0.9552513,0.9721341,0.90243345,0.9138895,0.682089,0.4779836,0.9708844,0.8994852,0.96152633,0.89127797,0.943445,0.9468742,0.8909786,0.95329547,0.9913018,0.87857956,0.9660202,0.97145855,0.8604818,0.96383923,0.9776538,0.97671974,0.92892456,0.917853,0.77041346,0.95031494,0.957674,0.96811473,0.97266495,0.9534644,0.97473097,0.9640934,0.9463154,0.9408262,0.9615267,0.8868529,0.9105549,0.9574617,0.9418719,0.74353147,0.9765938,0.29383817,0.8834877,0.9852233,0.7253402,0.9427974,0.40513825,0.95586866,0.9770548,0.9360396,0.87015706,0.9353673,0.9819279,0.9649746,0.83263373,0.946692,0.92129284,0.973457,0.9112242,0.9828298,0.93390673,0.9765938,0.93937224,0.9536706,0.9533593,0.97535306,0.93594223,0.9709646,0.96318954,0.8422943,0.8623975,0.91731167,0.95432615,0.9520035,0.9332032,0.97335184,0.98515666,0.91758627,0.9233486,0.93599576,0.9850186,0.32214302,0.9656011,0.41948265,0.94165736,0.9743288,0.97818184,0.84764004,0.9799825,0.97998506,0.9657082,0.9708265,0.9655799,0.884308,0.9413612,0.95555305,0.95171547,0.9325136,0.9697456,0.51876396,0.9732001,0.9518278,0.95592463,0.81091315,0.9709481,0.9453162,0.9574017,0.9438734,0.97074264,0.9310218,0.9836315,0.95185983,0.86638474,0.9038203,0.9239633,0.9725652,0.8611875,0.7718437,0.9420075,0.90532404,0.94764787,0.9519743,0.9488385,0.89485174,0.92911696,0.9638023,0.95359266,0.94572383,0.9776235,0.9555093,0.9836315,0.9583684,0.9882313,0.97241175,0.9415299
ahiddenlifefilm,0.9945475,0.9570798,0.9896675,0.9107499,0.987032,0.8926518,0.9928665,0.9836315,0.9999999,0.97717947,0.9457641,0.837292,0.95860916,0.9932369,0.99499476,0.9782809,0.974664,0.98063344,0.98842454,0.9780045,0.9666416,0.91437864,0.98956716,0.9917549,0.96642816,0.8059367,0.9035903,0.9531746,0.9914653,0.9731682,0.9767486,0.98720294,0.9010533,0.91694546,0.6666475,0.47182184,0.99076384,0.90841144,0.980827,0.9419827,0.9552417,0.9682188,0.88370544,0.97666526,0.9924443,0.92625064,0.98776865,0.97300893,0.88060904,0.98423177,0.9792289,0.9933951,0.9362424,0.8982118,0.7921559,0.97500736,0.9691569,0.98187387,0.98752886,0.98827493,0.97563875,0.97024345,0.96617913,0.95910406,0.9807401,0.9054027,0.95166343,0.97889954,0.97169846,0.800522,0.9968086,0.26217926,0.8827662,0.99054515,0.730715,0.94824845,0.36329547,0.95374054,0.978149,0.9273739,0.9146253,0.93692327,0.9895041,0.96083736,0.83986956,0.97001565,0.9263123,0.9896768,0.91101396,0.9970506,0.94676673,0.9968086,0.96017385,0.96990687,0.9530165,0.98584574,0.96467465,0.9905311,0.98354816,0.86825716,0.91228724,0.93935794,0.95736337,0.9742148,0.9388233,0.97005486,0.99709326,0.9428828,0.9306107,0.95772904,0.99675167,0.2907933,0.9608532,0.39402032,0.9424222,0.9793027,0.9931267,0.859672,0.99819595,0.9890337,0.9793525,0.98924464,0.99011296,0.8871239,0.97489166,0.9791025,0.9630335,0.92939556,0.97997487,0.5130843,0.98306215,0.9764586,0.9850833,0.84495276,0.98108447,0.97306216,0.9771921,0.96932817,0.99393564,0.96591353,0.9999999,0.95775694,0.91204333,0.9246892,0.92911226,0.9853412,0.86419094,0.7646884,0.96198934,0.9253205,0.96657526,0.9589294,0.9843501,0.868684,0.9548852,0.9878276,0.9811913,0.9726286,0.9589219,0.95864975,0.9999999,0.9509551,0.9930136,0.992273,0.9314282
alitamovie,0.9716112,0.92004806,0.9745435,0.9018504,0.97132313,0.87191635,0.9669608,0.96784264,0.97717947,1.0,0.9078843,0.7584401,0.92784816,0.965409,0.9754458,0.9410883,0.95091766,0.97052085,0.97597367,0.970313,0.93957436,0.88384235,0.9672866,0.9637862,0.924721,0.74286205,0.8969012,0.91397464,0.96520084,0.9547567,0.95653635,0.96293694,0.88659805,0.86250204,0.6644215,0.4566141,0.9725901,0.8793006,0.939021,0.89575493,0.9283,0.9388257,0.8705984,0.94687223,0.96629703,0.89118904,0.9682226,0.9568175,0.8696918,0.96076447,0.9478108,0.97109133,0.92110527,0.8796236,0.7453258,0.9669924,0.94915247,0.97308683,0.9785957,0.9586238,0.95817196,0.9456276,0.91260546,0.9245404,0.9632533,0.8830385,0.9246108,0.9560759,0.9366485,0.77901953,0.96786934,0.27519718,0.88786864,0.9649668,0.73275393,0.9566959,0.36335292,0.94258267,0.952567,0.9011886,0.8783099,0.9205195,0.9600535,0.9355876,0.7917985,0.9457867,0.90279454,0.954681,0.8753445,0.9670393,0.9390787,0.96786934,0.91336244,0.93550515,0.9175213,0.963906,0.9265167,0.9724235,0.96273255,0.8404425,0.8765509,0.9091434,0.92722654,0.9347786,0.94719225,0.94004494,0.9765873,0.89480543,0.9242366,0.9129732,0.98112863,0.30642587,0.9462321,0.3882144,0.9159762,0.9624744,0.9661048,0.8393767,0.9727757,0.96360236,0.95808583,0.97586876,0.9706126,0.8611175,0.9442289,0.96626395,0.9202813,0.89844173,0.9451956,0.54652435,0.95363015,0.949475,0.95401263,0.8073495,0.9727465,0.9639787,0.94297475,0.94076663,0.9612395,0.94715184,0.97717947,0.9176261,0.85436,0.888295,0.8875508,0.9647681,0.8431679,0.73445696,0.92501956,0.88618815,0.9266093,0.94715816,0.9473805,0.88110435,0.9133456,0.9497263,0.9532543,0.93276376,0.9348207,0.93447345,0.97717947,0.9441555,0.97110105,0.97274065,0.89610445
angelhasfallen,0.92518866,0.9449507,0.9210412,0.9207552,0.93520296,0.82961375,0.9493527,0.9137571,0.9457641,0.9078843,0.99999994,0.8445196,0.89938056,0.9556786,0.9344852,0.94569117,0.9685639,0.9078712,0.9165733,0.9352778,0.93761814,0.89174646,0.9384254,0.91888934,0.95226157,0.871029,0.8621394,0.9501316,0.9366825,0.95387405,0.91449445,0.944879,0.82931536,0.89590645,0.6758545,0.61574703,0.9599558,0.83164716,0.94635874,0.9529355,0.9018242,0.9598081,0.9165361,0.9726506,0.9314988,0.96644264,0.9379697,0.9259377,0.8547716,0.9674803,0.91353154,0.9403585,0.9522938,0.8672623,0.7253668,0.92292947,0.9574726,0.9108238,0.9267553,0.942232,0.9012659,0.9207552,0.9333037,0.9126363,0.94121665,0.94177353,0.9240616,0.9280997,0.97202367,0.882087,0.94623846,0.3198397,0.901532,0.91255593,0.82520366,0.89372677,0.42775667,0.8894539,0.92615974,0.9359611,0.96813583,0.9354242,0.9248382,0.9316886,0.7668146,0.937156,0.93780893,0.9538688,0.89316845,0.9528542,0.94801724,0.94623846,0.9313229,0.9457686,0.93671894,0.9345844,0.98167247,0.9379278,0.9264211,0.9212993,0.96272564,0.96680784,0.8993347,0.96036863,0.92829597,0.9000856,0.945356,0.8993911,0.9112346,0.9315029,0.93207115,0.35633445,0.8986126,0.52048314,0.8808455,0.93815506,0.91982675,0.90458226,0.9442851,0.94489276,0.9342689,0.9298435,0.93675584,0.824364,0.9335554,0.91823834,0.94838524,0.88164616,0.9423541,0.5905043,0.9466256,0.946533,0.9689702,0.9285467,0.9147794,0.9573116,0.94740736,0.9059513,0.94976443,0.9672539,0.9457641,0.94606125,0.94005,0.89686424,0.90546966,0.9357359,0.9173964,0.7373651,0.91234523,0.8441262,0.95493853,0.91764283,0.9615171,0.80739594,0.9810742,0.9634897,0.9423989,0.95040494,0.9029203,0.8981356,0.9457641,0.90406615,0.9201796,0.9308714,0.86199415
angrybirdsmovie,0.8456227,0.80060244,0.828204,0.7897338,0.83782923,0.79937226,0.8595624,0.7911538,0.837292,0.7584401,0.8445196,0.99999994,0.88107425,0.85563725,0.8307266,0.839308,0.8342611,0.8266708,0.7974677,0.8221649,0.780827,0.82290864,0.84896684,0.84032196,0.8349154,0.7986888,0.80556184,0.8985879,0.84641916,0.8386016,0.78627586,0.85936904,0.8509915,0.88652885,0.76108533,0.5379263,0.81825185,0.8773211,0.8380408,0.8129742,0.8772955,0.8358789,0.7446719,0.84415996,0.8307765,0.8143265,0.8469633,0.80241185,0.77685004,0.83339363,0.8686422,0.82577705,0.82403266,0.85053986,0.89672047,0.8448513,0.85930675,0.8027881,0.80182666,0.85122275,0.8505014,0.81600237,0.90763897,0.87368447,0.81471145,0.7131525,0.83810216,0.77422166,0.8743778,0.72673744,0.85449857,0.42691594,0.77020913,0.83908254,0.71196324,0.76748705,0.5166292,0.8283525,0.8527183,0.79875785,0.8206681,0.86959255,0.85560983,0.8476243,0.91799873,0.82113206,0.8730648,0.85976326,0.83419955,0.8514305,0.81460655,0.85449857,0.88227594,0.83584636,0.87489057,0.83431107,0.8928567,0.82011485,0.8507455,0.8192149,0.79673696,0.83204496,0.866547,0.8890407,0.7618696,0.8688512,0.84441966,0.875872,0.80679977,0.8133869,0.82670474,0.4358215,0.82500947,0.50619376,0.7626173,0.8640528,0.84722304,0.8722177,0.8323804,0.8502725,0.8388614,0.83625114,0.8470366,0.83932227,0.8042725,0.8352602,0.899077,0.88562757,0.85473925,0.38127494,0.7994746,0.88640076,0.8703673,0.755509,0.82947236,0.8138573,0.85585034,0.8439503,0.87114525,0.85585016,0.837292,0.89296514,0.8495705,0.8379468,0.8654859,0.8207374,0.8080982,0.8868933,0.8952469,0.8568591,0.85209984,0.8093257,0.8691823,0.70712125,0.8656755,0.84984314,0.8416436,0.8512487,0.81825167,0.82652956,0.837292,0.8482939,0.81073153,0.83110386,0.88013786
annabellemovie,0.96570474,0.9162327,0.9582562,0.8756749,0.9418885,0.943214,0.9690068,0.95516205,0.95860916,0.92784816,0.89938056,0.88107425,0.99999994,0.95348203,0.9649727,0.95922756,0.93640715,0.9549278,0.9499243,0.9292297,0.92460454,0.9048769,0.95243245,0.96064585,0.90834266,0.7844079,0.91852987,0.9490972,0.9595148,0.933572,0.9337017,0.9727791,0.9561684,0.91623265,0.77876145,0.49084434,0.9488229,0.9610875,0.93296564,0.88458955,0.9805409,0.94359684,0.863283,0.94564044,0.96678835,0.85905236,0.9579115,0.9290749,0.8565581,0.95052207,0.96847403,0.9519971,0.9104424,0.92923874,0.88833565,0.9472501,0.94134796,0.94550693,0.9472913,0.93678886,0.9603249,0.94966954,0.9499805,0.9769612,0.94211435,0.8589007,0.93291444,0.9069969,0.9284946,0.7314964,0.9582588,0.3503103,0.8646533,0.9640988,0.70656663,0.92291915,0.43969378,0.9479616,0.9752462,0.93203264,0.8583975,0.95094043,0.97784156,0.94565266,0.9317736,0.91438854,0.94040906,0.96969754,0.9180813,0.9625547,0.93387455,0.9582588,0.9417355,0.95111173,0.951276,0.95303565,0.9350921,0.9359746,0.952646,0.8374354,0.8373201,0.9052913,0.96782804,0.9503933,0.9021424,0.9606964,0.95812654,0.9548646,0.92322135,0.90151286,0.9594527,0.36581433,0.9600472,0.4480504,0.9007831,0.9645435,0.9681525,0.867606,0.9557268,0.9697294,0.97475076,0.9576779,0.9600896,0.94018203,0.92451864,0.9459602,0.96532,0.9446064,0.95527405,0.49244982,0.9345799,0.95522404,0.95270616,0.7985188,0.960955,0.9311239,0.9602335,0.9241638,0.9628693,0.913482,0.95860916,0.9639411,0.8403113,0.94211394,0.93531334,0.93491775,0.8388222,0.8763074,0.9841072,0.95334244,0.94739264,0.93955725,0.9328638,0.82837737,0.9217477,0.9473988,0.93458337,0.94188154,0.9607349,0.9375987,0.95860916,0.96701676,0.96051586,0.9470107,0.96115375
annamovie,0.9827978,0.9476269,0.977914,0.9258449,0.99226356,0.90045446,0.9872049,0.9748618,0.9932369,0.965409,0.9556786,0.85563725,0.95348203,1.0,0.98316646,0.97768825,0.98051655,0.9833176,0.9841477,0.96599853,0.9711856,0.92118824,0.9921271,0.980561,0.96859664,0.8519971,0.91706276,0.97139573,0.9838142,0.9728318,0.97295105,0.9826807,0.90711236,0.9426768,0.6825693,0.5067809,0.98418194,0.89888203,0.9752216,0.9393303,0.95570195,0.97820234,0.90653515,0.98145354,0.98935646,0.93389547,0.9905313,0.9712628,0.8884646,0.9886358,0.97391886,0.98524445,0.93977433,0.89591485,0.7814884,0.971146,0.9753249,0.9809001,0.98026174,0.9806343,0.97493964,0.9724026,0.9761954,0.96621644,0.9820498,0.906999,0.94049144,0.9660244,0.97427034,0.81842107,0.9930914,0.28099674,0.89120704,0.983741,0.76329285,0.94800586,0.38835305,0.9646099,0.97785896,0.93867385,0.92131305,0.9503118,0.9882881,0.9626785,0.84428227,0.9698751,0.9410381,0.982411,0.93448275,0.9964955,0.955196,0.9930914,0.9722307,0.9690148,0.9586527,0.9796903,0.9710586,0.98836964,0.9816467,0.90164125,0.92580605,0.9551779,0.95680803,0.97891676,0.9475888,0.96561104,0.99338895,0.95414305,0.92533225,0.9660322,0.99140567,0.31105998,0.96619093,0.4358452,0.9567221,0.9805071,0.9788165,0.8904328,0.9914441,0.97989833,0.9795697,0.98395085,0.97684515,0.89869165,0.9654635,0.9720904,0.9676661,0.92897785,0.9841763,0.5447255,0.98203784,0.9769004,0.9873346,0.8609289,0.97535646,0.9706043,0.9663778,0.9600461,0.99110556,0.9636209,0.9932369,0.9654577,0.9298074,0.94357246,0.9473527,0.97468245,0.88805383,0.7788553,0.9605875,0.9126738,0.965282,0.9653448,0.98320955,0.8639014,0.9677728,0.9879835,0.98431176,0.97922665,0.962977,0.9667708,0.9932369,0.9488102,0.9849795,0.9925172,0.9230389
apollo11movie,0.9907942,0.94155395,0.9907954,0.894516,0.9804482,0.9004439,0.9891041,0.98722285,0.99499476,0.9754458,0.9344852,0.8307266,0.9649727,0.98316646,1.0000001,0.97029376,0.9601185,0.9737676,0.98228484,0.97518647,0.9551791,0.9189377,0.9793251,0.9887197,0.94618535,0.7878859,0.9037065,0.9439368,0.99124247,0.9648022,0.9643201,0.9861144,0.91172004,0.91639715,0.67785686,0.46344593,0.9816849,0.9081306,0.97081375,0.920364,0.9574228,0.9540548,0.8712561,0.96395963,0.99136674,0.8999484,0.9777898,0.9723597,0.8587316,0.972111,0.9823052,0.9873313,0.9317407,0.91706306,0.79391766,0.97177595,0.9598728,0.9747671,0.97979766,0.97454745,0.97996944,0.96379477,0.9569995,0.9551165,0.972712,0.89544797,0.937647,0.9686538,0.96767354,0.773283,0.98803383,0.27845478,0.88580143,0.9921001,0.716129,0.9488669,0.3867887,0.95781577,0.98315567,0.92554337,0.89795583,0.94120127,0.98895466,0.95785505,0.845169,0.95073515,0.92934227,0.9854984,0.90211356,0.9917998,0.9414358,0.98803383,0.9521994,0.96310383,0.9524648,0.9815803,0.9590201,0.97781616,0.9752293,0.84811175,0.88244355,0.9233292,0.95714116,0.9634731,0.9273145,0.97548807,0.9927787,0.9370086,0.9288663,0.9441698,0.9910707,0.30930385,0.9616462,0.39055982,0.930662,0.98238283,0.9900389,0.85015535,0.9911007,0.986898,0.98000455,0.98705924,0.98814565,0.89363146,0.9602734,0.97066563,0.9570316,0.93956447,0.9740265,0.49191457,0.9706807,0.96966773,0.9774805,0.83278084,0.9810295,0.9609849,0.9700678,0.96303314,0.9852156,0.95390135,0.99499476,0.96024054,0.8844027,0.9203037,0.9324079,0.9775255,0.8483009,0.7779593,0.9643632,0.9170153,0.95932204,0.9531512,0.9700822,0.87701297,0.940288,0.97539306,0.9676577,0.9549357,0.96116877,0.9530542,0.99499476,0.96413463,0.9904764,0.98327154,0.944084
arcticdogsmovie,0.9753998,0.9657802,0.95560145,0.8979268,0.95716727,0.898654,0.97765565,0.9592746,0.9782809,0.9410883,0.94569117,0.839308,0.95922756,0.97768825,0.97029376,1.0,0.9664362,0.96012986,0.9714683,0.95265126,0.97455585,0.90122694,0.9663075,0.969177,0.9682913,0.83557975,0.88471574,0.9502908,0.96549314,0.9463096,0.96515155,0.9760056,0.8864382,0.91290575,0.679031,0.51194334,0.97710675,0.90845835,0.9714266,0.95345944,0.9447452,0.9838589,0.895063,0.9849008,0.97577757,0.9401222,0.96823615,0.9468094,0.89914787,0.9841069,0.95052004,0.97946936,0.92242616,0.8709766,0.7923678,0.9339856,0.95591885,0.96472174,0.96711254,0.96817505,0.939265,0.9668734,0.96025133,0.9629565,0.9749654,0.9220568,0.95394945,0.95687,0.96002996,0.82582456,0.9772419,0.2526319,0.86602676,0.96467775,0.71322906,0.9178553,0.34599143,0.93156517,0.9625439,0.94448227,0.92194563,0.92610866,0.9739743,0.9502848,0.8591767,0.96099794,0.9250536,0.9837153,0.93303174,0.9811971,0.9396888,0.9772419,0.9471075,0.97855175,0.9416662,0.9739146,0.96007854,0.96756697,0.9578542,0.86648166,0.9261001,0.95208067,0.9321202,0.96650547,0.92455226,0.9403764,0.9750621,0.9608786,0.92561704,0.9337008,0.97485185,0.27558684,0.949518,0.4207847,0.9425553,0.9533823,0.97193277,0.8485266,0.9794575,0.9737539,0.9713751,0.96044433,0.958266,0.90198463,0.96826094,0.9643858,0.9609435,0.90205294,0.9688111,0.51983416,0.9760121,0.9486516,0.9721112,0.87195706,0.96317005,0.9560624,0.9664217,0.9423183,0.98277515,0.9534004,0.9782809,0.95791173,0.92336607,0.94825035,0.91254586,0.9617224,0.8799012,0.77328265,0.95607996,0.941859,0.975386,0.9402182,0.9672155,0.82925284,0.9620052,0.98214203,0.9677246,0.98301095,0.9588851,0.9558424,0.9782809,0.9339206,0.9722404,0.9682061,0.9008785
arcticmovie,0.96018755,0.96035343,0.9560619,0.92964965,0.96823955,0.86161125,0.97381,0.94158894,0.974664,0.95091766,0.9685639,0.8342611,0.93640715,0.98051655,0.9601185,0.9664362,0.9999999,0.9486869,0.96524906,0.9437182,0.9605514,0.8832347,0.9771052,0.95823044,0.9547221,0.8376494,0.8865009,0.9683168,0.9597367,0.9654732,0.9624201,0.973422,0.8767341,0.9080082,0.6530006,0.50522476,0.9818731,0.88075054,0.9530838,0.9479097,0.93136626,0.97139674,0.92332083,0.9771324,0.96643275,0.9426749,0.97837055,0.9573056,0.88220936,0.98485243,0.9468595,0.97092515,0.9310288,0.8612967,0.75618017,0.9564555,0.95702875,0.96086603,0.97180283,0.9708995,0.9411481,0.9594364,0.95478386,0.9599905,0.9783822,0.92704266,0.941426,0.95257664,0.9543939,0.83053565,0.976595,0.26025298,0.884739,0.9520119,0.76559263,0.9458329,0.3674746,0.9317503,0.9560334,0.92884886,0.931733,0.9434392,0.9655562,0.93579227,0.81637794,0.9591699,0.9293157,0.96910226,0.9282066,0.9773876,0.9560406,0.976595,0.9565653,0.9538985,0.9405243,0.9594346,0.96370757,0.9727294,0.96968347,0.9029072,0.94107956,0.96580875,0.92356527,0.9654924,0.95219237,0.9284675,0.9724666,0.94330364,0.91838646,0.94934106,0.96944225,0.29080334,0.93611646,0.43038097,0.9264019,0.9533431,0.957426,0.8746552,0.97390956,0.96333474,0.9710161,0.966153,0.9699876,0.8533198,0.96021324,0.94591635,0.9494038,0.90233916,0.96825045,0.6028333,0.9760871,0.959621,0.98640996,0.87524253,0.95638496,0.9781679,0.96578526,0.9284799,0.97597426,0.95118535,0.974664,0.9560753,0.91861683,0.9352899,0.9290459,0.95348567,0.8742678,0.739178,0.95068634,0.8920445,0.95670664,0.96335757,0.97091454,0.822074,0.97093636,0.98003775,0.9634417,0.9752071,0.9362497,0.92777073,0.974664,0.9297754,0.96468496,0.96747977,0.88842505
artofracingmovie,0.9804381,0.91924417,0.97448134,0.9196631,0.9872787,0.9158905,0.9738507,0.97531474,0.98063344,0.97052085,0.9078712,0.8266708,0.9549278,0.9833176,0.9737676,0.96012986,0.9486869,1.0000002,0.982171,0.9587149,0.9587395,0.9212604,0.98563397,0.9713541,0.93855906,0.834514,0.9269078,0.9572785,0.97605723,0.9634505,0.96113586,0.9748122,0.93014675,0.9256187,0.6938777,0.48093683,0.96953535,0.9161667,0.95784336,0.89801985,0.95792323,0.9639959,0.8894894,0.9621199,0.9817909,0.8998989,0.9858215,0.96093667,0.8989451,0.9720491,0.9701793,0.9738338,0.9232253,0.89378875,0.7946921,0.96433204,0.9628894,0.98458487,0.98168,0.95925736,0.9800507,0.977493,0.9570678,0.9598538,0.97057146,0.86175853,0.9223842,0.9519643,0.9481142,0.7754962,0.97965866,0.2852233,0.87291116,0.98243487,0.74272317,0.94530535,0.37744546,0.97309244,0.97610384,0.93254256,0.8728571,0.93711454,0.9816795,0.96237004,0.8548356,0.9551408,0.92280954,0.9648843,0.9219688,0.97930074,0.9546684,0.97965866,0.9434402,0.951432,0.9491107,0.9725938,0.93771315,0.98076147,0.9689403,0.8712229,0.88994795,0.9302409,0.9663202,0.96069,0.93488157,0.96639305,0.98218405,0.948092,0.92915213,0.94695276,0.98886913,0.30959463,0.9741369,0.41250503,0.94827133,0.9765777,0.97243327,0.88150394,0.97726834,0.970718,0.9665522,0.97299135,0.9621947,0.92283887,0.9422576,0.9778222,0.95548534,0.9315731,0.9721122,0.5166799,0.9597193,0.9643294,0.95897514,0.81410915,0.9795309,0.9582845,0.9430334,0.9566218,0.97464263,0.9462459,0.98063344,0.9463332,0.8925084,0.9323993,0.9276229,0.9671356,0.87214327,0.7944549,0.95174795,0.9300614,0.94344044,0.9652222,0.9569639,0.86178887,0.93436474,0.967491,0.9780305,0.9650527,0.96823335,0.9707339,0.98063344,0.9505835,0.983134,0.9866969,0.9266537
avengers,0.9854422,0.93560207,0.9803389,0.910086,0.98576444,0.89212,0.9801783,0.9825274,0.98842454,0.97597367,0.9165733,0.7974677,0.9499243,0.9841477,0.98228484,0.9714683,0.96524906,0.982171,0.9999999,0.96126735,0.97128737,0.8942423,0.98185164,0.98014694,0.94530046,0.79359597,0.9005339,0.9467169,0.97455436,0.95592713,0.9808512,0.9802458,0.8977961,0.91200316,0.64684653,0.46813765,0.97726357,0.90375453,0.95983076,0.9107029,0.93799794,0.96095735,0.90563965,0.9631379,0.9898584,0.89504564,0.97985476,0.9726039,0.8969319,0.97734725,0.9677836,0.9877873,0.9052101,0.87184626,0.7697653,0.9585547,0.95290637,0.99075955,0.9858059,0.9690995,0.9759287,0.97084486,0.9494206,0.95982516,0.9829817,0.8903566,0.931143,0.9649654,0.9432806,0.7648031,0.9853286,0.24389008,0.8665268,0.9877565,0.71645075,0.95881677,0.34899494,0.96025085,0.97275203,0.9199881,0.881788,0.9268042,0.9859419,0.9474256,0.83639073,0.9647185,0.9081814,0.9690467,0.93277913,0.9862436,0.93505496,0.9853286,0.95363605,0.9527617,0.9318915,0.98335105,0.93938565,0.98068136,0.977659,0.86364484,0.88689476,0.9320154,0.94170356,0.9523966,0.9470696,0.9575959,0.9890074,0.9446608,0.90355927,0.93506575,0.99444366,0.26944193,0.97068787,0.39809424,0.96066827,0.971552,0.98154974,0.8406848,0.98625,0.9746535,0.9732948,0.9841635,0.9730517,0.88445675,0.9585075,0.969511,0.9360365,0.911778,0.97116697,0.56354725,0.98041373,0.9509973,0.96595544,0.82596946,0.9858083,0.9615505,0.95966625,0.95194644,0.9823073,0.93647677,0.98842454,0.9430389,0.8810316,0.9340123,0.9205517,0.976979,0.86449987,0.74380165,0.9478073,0.9202457,0.9473203,0.97222364,0.962709,0.8740001,0.93187416,0.9689779,0.9674158,0.96391064,0.97090596,0.9648471,0.98842454,0.9480998,0.99151015,0.9852079,0.9164773
beachbummovie,0.97498006,0.94551456,0.9733688,0.9132571,0.9632049,0.8459403,0.97177124,0.96579427,0.9780045,0.970313,0.9352778,0.8221649,0.9292297,0.96599853,0.97518647,0.95265126,0.9437182,0.9587149,0.96126735,0.99999994,0.9453184,0.9211724,0.95993215,0.962428,0.9544313,0.7722429,0.888037,0.9195753,0.974729,0.96702987,0.9465497,0.966017,0.85870236,0.87527764,0.7013649,0.55492437,0.97443557,0.89522964,0.972736,0.9311677,0.92429465,0.94725066,0.86168,0.9606382,0.96321803,0.9266673,0.95839006,0.95284706,0.89627635,0.9609161,0.9552444,0.97621095,0.9442089,0.9008191,0.79591465,0.95745564,0.9620731,0.9497311,0.96865,0.9697805,0.9470414,0.9449509,0.93820256,0.91150355,0.9567218,0.89714855,0.94208336,0.96802783,0.9626662,0.83962655,0.97170514,0.3763848,0.9148033,0.95965695,0.79289263,0.9319942,0.4567536,0.9193695,0.9483182,0.90555567,0.92412394,0.9225994,0.955082,0.96498746,0.8126581,0.966326,0.92154455,0.96782845,0.8859384,0.9713742,0.9427111,0.97170514,0.9231178,0.95956385,0.9353141,0.97117925,0.9569302,0.97192174,0.96528006,0.866836,0.9051392,0.9284714,0.9301448,0.9522069,0.9242683,0.9525074,0.9759547,0.8930264,0.93511987,0.9252212,0.9750982,0.40670332,0.92702633,0.48140535,0.9018473,0.9617131,0.9693666,0.8761059,0.9731489,0.97181684,0.94366455,0.96367013,0.97216517,0.8433026,0.95741993,0.9711278,0.9457684,0.91148883,0.9521321,0.513653,0.9613234,0.95710784,0.9638805,0.8446251,0.9549547,0.9654728,0.9601014,0.959603,0.96894956,0.97743094,0.9780045,0.9385428,0.9043258,0.8672421,0.88394225,0.9830396,0.8887659,0.7703893,0.9219457,0.8967499,0.949972,0.92368543,0.9685453,0.891944,0.9353675,0.9626685,0.95575446,0.9448626,0.9290974,0.928254,0.9780045,0.9305547,0.96421033,0.96483064,0.90591335
bernadettefilm,0.95450085,0.95421237,0.9435908,0.9399377,0.95947826,0.85983557,0.96038884,0.9615225,0.9666416,0.93957436,0.93761814,0.780827,0.92460454,0.9711856,0.9551791,0.97455585,0.9605514,0.9587395,0.97128737,0.9453184,0.99999994,0.88506675,0.9540917,0.9469933,0.94421774,0.8616872,0.8743451,0.94092524,0.9494297,0.938267,0.9630787,0.96236044,0.8491433,0.915362,0.62790924,0.55866474,0.9729283,0.86795974,0.9663116,0.9294358,0.9073598,0.97705376,0.9230684,0.9740486,0.9706437,0.9286195,0.95255107,0.9536868,0.9051479,0.97957706,0.93374544,0.9700757,0.8962693,0.8310755,0.72648007,0.9181023,0.9494041,0.9647613,0.9654664,0.9412644,0.93364966,0.97442365,0.9416831,0.9382128,0.9711979,0.9354531,0.91736895,0.9523471,0.93516105,0.8244482,0.96181905,0.23563555,0.874215,0.951794,0.7560751,0.9354014,0.34172443,0.92936087,0.9515606,0.95694476,0.9097548,0.924833,0.95823044,0.9461009,0.8042329,0.9697371,0.9099723,0.95720047,0.9446161,0.9683855,0.94830304,0.96181905,0.92743045,0.95851725,0.93059844,0.9746716,0.94130176,0.964582,0.9496388,0.87731403,0.92724496,0.95195806,0.91877514,0.9398948,0.9423009,0.92003596,0.9655386,0.93342006,0.9088585,0.932591,0.967694,0.2657408,0.956969,0.46671578,0.95541966,0.9426282,0.94626975,0.8450587,0.96526873,0.9542753,0.9512335,0.95055366,0.9392516,0.8501996,0.9605037,0.9450929,0.9373134,0.877868,0.96848714,0.58009094,0.9874279,0.92484224,0.9543099,0.8919319,0.9571106,0.9468002,0.9436573,0.9171083,0.96064997,0.93824625,0.9666416,0.9328708,0.9158479,0.928164,0.8919261,0.954386,0.90724075,0.7119137,0.9119114,0.89352494,0.95934945,0.9515375,0.9555324,0.8223865,0.9459399,0.9677017,0.95141417,0.96918947,0.96024984,0.95839477,0.9666416,0.9141553,0.97250575,0.95665056,0.8688127
