movie,21bridgesmovie,47metersdown,abeautifuldaymovie,abominablemovie,adastramovie,adogsjourneymovie,aftermathmovie,aftermovie,ahiddenlifefilm,alitamovie,angelhasfallen,angrybirdsmovie,annabellemovie,annamovie,apollo11movie,arcticdogsmovie,arcticmovie,artofracingmovie,avengers,beachbummovie,bernadettefilm,blackandbluemovie,blackchristmas,blindedbythelightmovie,bombshellmovie,booksmart,breakthroughmovie,brianbanksmovie,brightburnmovie,brittanyrunsmov,captainmarvelofficial,captivestatemovie,catsmovie,charliesangels,childsplaymovie,clarathefilm,coldpursuitmovie,countdown,currentwarmovie,darkwatersmovie,detectivepikachumovie,disneyaladdin,disneyfrozen,disneymaleficent,doctorsleepmovie,dolemiteismyname,dontletgomovie,doramovie,downtonabbey_official,dumbo,escaperoom,everybodyknowsmovie,fastandfuriousmovie,fightingwmyfam,fivefeetapartfilm,fordvferrari,freaksthefilm,geminimanmovie,glassmovie,gloriabellmovie,godzillamovie,goldfinchmovie,goodboysmovie,goodliarmovie,gretafilm,halathemovie,happydeathdaymovie,harrietfilm,hellboymovie,hersmellmovie,highlifemovie,highstrungmovie,honeyboymovie,hotelmumbaifilm,httydragon,hustlemovie,hustlersmovie,isntitromantic,itmovieofficial,jayandsilentbob,johnwickmovie,jojorabbitmovie,jokermovie,judythefilm,jumanjimovie,justmercyfilm,knivesout,lalloronamovie,lastblackmansf,lastchristmasthemovie,latenightmovie,lighthousemovie,lionking,littlethemovie,littlewomenmovie,littlewoodsfilm,longshotmovie,lordsofchaosmovie,lucyintheskyfilm,mamovie2019,marriagestory,meettheaddams,meninblack,midsommarmovie,midwaymovie,missbalamovie,missinglinkfilm,motherlessbklyn,onceinhollywood,onthebasisofsex,overcomermovie,peanutbutterfalcon,petsematarymovie,piercingmovie,playingwithfire,playmobilthemovie,pomsmovie,queenandslim,rambomovie,readyornotfilm,richardjewellfilm,rocketmanmovie,scarystoriesmovie,secretlifeofpets,serenityfilm,shaftmovie,shazammovie,spidermanmovie,spiesindisguise,starwars,stormboymovie,stubermovie,taosdfilm,teenspiritmov,terminator,theaeronautsmov,thebestofenemies,thedeaddontdie,thefarewell,thehighwaymen,thehummingbirdprojectfilm,theintrudermovie,theirishmanfilm,thekitchenmovie,thelegomovie,themustangfilm,thenightingalefilm,theprodigymovie,thesunisalsoastar,theupsidefilm,tolkienmovie,toystory,triplefrontier,uglydolls,uncutgems,underthesilverlake,usmovie,wavesmovie,whatmenwant,wonderparkmovie,wrinklestheclown,xmenmovies,yardiefilm,yesterdaymovie,zombieland
21bridgesmovie,0.99999994,0.93647456,0.95463955,0.96248215,0.9793938,0.936789,0.9508498,0.97394663,0.9816515,0.9234915,0.9644213,0.9771727,0.95970064,0.9720603,0.97097516,0.9697869,0.966524,0.9801495,0.9884485,0.9494364,0.95435107,0.96959245,0.9667751,0.96424633,0.9767636,0.74741393,0.90933615,0.9376023,0.9659551,0.95514643,0.95255184,0.9676077,0.943784,0.95187205,0.91175365,0.89655995,0.9896126,0.9671211,0.97607887,0.9577982,0.96576965,0.9751778,0.9803617,0.9700182,0.9726933,0.9775744,0.95838255,0.9391947,0.9571355,0.9684623,0.9674212,0.97236073,0.95346105,0.9718381,0.95883614,0.9387958,0.9802886,0.9683719,0.9632819,0.97580683,0.95267296,0.94274294,0.96535975,0.9622652,0.9402381,0.95185584,0.9793714,0.9714523,0.94604784,0.9296003,0.975858,0.9432421,0.90645033,0.9594686,0.93141466,0.92122537,0.9228592,0.95205754,0.9538568,0.8928849,0.9502345,0.96858567,0.9727873,0.9293657,0.97281563,0.9261369,0.94799864,0.95759976,0.9753208,0.9432683,0.9590448,0.975858,0.9752628,0.92530537,0.9757998,0.97432786,0.9534054,0.96385163,0.9213599,0.96596783,0.977077,0.9333126,0.95343155,0.97246766,0.9676732,0.9714726,0.97676915,0.9811427,0.91555864,0.950569,0.9606688,0.52315265,0.9741057,0.79889137,0.97260576,0.9738688,0.992594,0.92512035,0.9760734,0.9437799,0.9683394,0.9733987,0.96835864,0.93987775,0.9748676,0.96663105,0.9401795,0.9278613,0.9612762,0.9331234,0.9470924,0.9739065,0.9718498,0.9484345,0.96106976,0.9402487,0.9696373,0.9524976,0.9760392,0.9567973,0.9816515,0.9570173,0.9700068,0.97779006,0.96048844,0.9470237,0.9478381,0.9405711,0.9571488,0.9543731,0.94824815,0.9527497,0.96730745,0.9149196,0.9682521,0.95778877,0.967721,0.97061545,0.937885,0.9603087,0.9816515,0.9653615,0.97859067,0.98337424,0.96273136
47metersdown,0.93647456,1.0,0.9411495,0.899346,0.9491213,0.90834194,0.9502866,0.9482251,0.9606052,0.91142195,0.9462147,0.93630034,0.9418682,0.93578786,0.9267503,0.9711617,0.93134373,0.95105594,0.953878,0.92551565,0.9486706,0.92291,0.933182,0.95372605,0.9435515,0.72816753,0.89749396,0.9484745,0.93918383,0.9028922,0.92643,0.954334,0.9440578,0.9171074,0.9018075,0.8776149,0.96106184,0.9189947,0.9462802,0.93514293,0.89349407,0.9391655,0.92335355,0.94799423,0.9405079,0.9542827,0.934625,0.9086997,0.9552847,0.9502036,0.9408798,0.96179,0.9343615,0.92367196,0.91140175,0.9467748,0.94197303,0.9302675,0.9171935,0.9417254,0.9413257,0.87471974,0.95537466,0.9417833,0.9465071,0.91514695,0.910526,0.95605457,0.9145025,0.95404637,0.94960535,0.9495965,0.85546476,0.96248305,0.88772583,0.9098231,0.88999426,0.92164433,0.9029221,0.8964467,0.94780797,0.9378262,0.95830566,0.94382876,0.95465016,0.92803675,0.89702106,0.95400006,0.9367913,0.96343243,0.92218536,0.94960535,0.9293444,0.87938684,0.94788,0.9554633,0.9369634,0.93923604,0.96467096,0.89778703,0.95392126,0.91360277,0.91982263,0.93768054,0.9400151,0.9450687,0.9545878,0.95086974,0.9441885,0.9291074,0.9265666,0.5403399,0.9329132,0.7927453,0.9261362,0.949028,0.93613887,0.9208295,0.96101236,0.94800663,0.9335694,0.9368895,0.9285734,0.87541705,0.95239675,0.9286936,0.9296181,0.87147194,0.9415868,0.88454765,0.9517982,0.94778347,0.9404729,0.89896953,0.9205301,0.8797619,0.9147066,0.9672327,0.9627935,0.9569576,0.9606052,0.9215973,0.9415605,0.93933874,0.88745576,0.94879925,0.9395188,0.93550766,0.9545219,0.8645646,0.93762004,0.9360156,0.9236597,0.91754174,0.92157143,0.94983363,0.96134734,0.9325173,0.8921038,0.9309303,0.9606052,0.9399787,0.9504791,0.96015966,0.94829446
abeautifuldaymovie,0.95463955,0.9411495,1.0,0.95345694,0.95793504,0.9510322,0.9596646,0.9774493,0.9776731,0.9291161,0.9590067,0.9764951,0.95912945,0.9709818,0.9634906,0.96804285,0.95376337,0.963422,0.9561234,0.94047195,0.97099555,0.9687509,0.98158574,0.9635208,0.97370905,0.77254874,0.9456854,0.9307489,0.981043,0.96337444,0.9568219,0.95878994,0.9398598,0.95569867,0.87428004,0.8412062,0.96038496,0.93456686,0.975428,0.92823184,0.94938564,0.95531386,0.9515873,0.9560725,0.9495136,0.9466037,0.98126954,0.9489934,0.9175666,0.95133,0.98511446,0.9689747,0.9439375,0.9274617,0.9471679,0.9281019,0.94936264,0.96241975,0.9606101,0.9542037,0.9620462,0.9604109,0.9660875,0.97758245,0.9568443,0.94776994,0.94912624,0.9691054,0.9583597,0.9230834,0.9673711,0.959008,0.8895185,0.9413369,0.9230513,0.94631743,0.89713806,0.94335634,0.9640876,0.92414063,0.9506597,0.93132854,0.98227805,0.91244054,0.9580887,0.9478654,0.93511677,0.96695167,0.9502837,0.9463005,0.9729342,0.9673711,0.95996237,0.9423536,0.96647495,0.9515062,0.9453078,0.9657107,0.9313112,0.95332855,0.9504074,0.95495284,0.94705236,0.94085795,0.9689965,0.98438454,0.9718927,0.970085,0.94046897,0.9176384,0.9620955,0.5648024,0.96125823,0.7484415,0.96193767,0.95068395,0.96373624,0.93077964,0.97530496,0.956033,0.9798694,0.962027,0.95799106,0.9335967,0.97382224,0.95664316,0.9464067,0.9623193,0.9663234,0.85346836,0.9676126,0.9558474,0.95988846,0.91473854,0.95386696,0.95453036,0.96469927,0.9671064,0.9625863,0.9485967,0.9776731,0.9710397,0.92970127,0.96249443,0.9503108,0.94207674,0.91221666,0.92443436,0.96026313,0.9414392,0.9557611,0.9649888,0.96340644,0.91354674,0.9572737,0.96598494,0.9562683,0.96339405,0.94742775,0.9505126,0.9776731,0.9591137,0.9792334,0.9723669,0.97207826
abominablemovie,0.96248215,0.899346,0.95345694,0.9999999,0.9497094,0.95235085,0.9518355,0.9686343,0.97488815,0.93051225,0.97396046,0.96806264,0.9777688,0.9839219,0.96320736,0.9479346,0.9573218,0.9702197,0.9672895,0.9351486,0.9560469,0.9786532,0.97813976,0.9620715,0.9631327,0.71724933,0.9408117,0.9270386,0.9765359,0.9531183,0.9729733,0.96133953,0.92968154,0.96243507,0.90752774,0.88342917,0.9621804,0.98104286,0.9664273,0.94703734,0.9685481,0.96486294,0.95745295,0.94970673,0.95268875,0.9600257,0.9758368,0.9513051,0.90679944,0.95240295,0.9718679,0.95503163,0.967075,0.9547204,0.9697443,0.9240471,0.9500024,0.96354926,0.9890533,0.96575797,0.97079796,0.96622294,0.95995486,0.97282773,0.9340696,0.94825214,0.96559674,0.94785804,0.9689458,0.9123659,0.9714349,0.9335913,0.89494187,0.9475558,0.96216553,0.9381153,0.8872625,0.95469093,0.9752401,0.9318917,0.9507239,0.9661288,0.9701858,0.92649084,0.9601356,0.9510438,0.97341734,0.96287596,0.9540937,0.93450373,0.95840806,0.9714349,0.98413646,0.9338325,0.9668493,0.9537406,0.9724083,0.9526857,0.9056842,0.98055863,0.95315576,0.93326974,0.95745176,0.9631206,0.95979977,0.9739978,0.9637917,0.97878647,0.88695467,0.92847806,0.9653399,0.5307248,0.97164416,0.7779014,0.9712416,0.9755165,0.9761303,0.94518507,0.9630295,0.948771,0.98014814,0.9702459,0.9718928,0.9578325,0.96818346,0.9768253,0.9579516,0.9674863,0.9626312,0.90723705,0.9505729,0.94336027,0.96210444,0.91717595,0.97674257,0.944546,0.98063874,0.9308547,0.9593464,0.9330559,0.97488815,0.97442645,0.94799775,0.9705376,0.962027,0.938167,0.9254196,0.9401992,0.9594306,0.95102185,0.9545838,0.93154836,0.9778882,0.8741635,0.95844764,0.95345706,0.9506419,0.96711767,0.95894223,0.9710676,0.97488815,0.96472836,0.9738655,0.97235215,0.95716655
adastramovie,0.9793938,0.9491213,0.95793504,0.9497094,0.9999999,0.93630964,0.9541654,0.965927,0.9788306,0.9355299,0.9576009,0.9631463,0.9565027,0.960859,0.95001864,0.97727436,0.9727494,0.9813813,0.9697274,0.9455543,0.95357126,0.9566901,0.9658407,0.9596569,0.9706302,0.7581332,0.9312193,0.95196426,0.96491826,0.9596791,0.9548608,0.9635429,0.9312752,0.93016124,0.9324299,0.92251307,0.97435755,0.9527932,0.9761044,0.946883,0.9317194,0.9722384,0.9609786,0.97560567,0.97669315,0.9843187,0.9580459,0.94612426,0.9501458,0.972656,0.9611743,0.96749663,0.9534414,0.9633178,0.96372694,0.97055256,0.97167116,0.9485945,0.9539274,0.9713142,0.950121,0.9376737,0.9744627,0.9583424,0.94777125,0.9347706,0.97014564,0.9644009,0.9509242,0.93129647,0.969649,0.94612527,0.92101735,0.9582105,0.92687404,0.93275,0.9187209,0.9318164,0.9461888,0.9028166,0.9433274,0.96560544,0.9645241,0.944529,0.9574321,0.9123858,0.9496112,0.95389324,0.97135377,0.9610535,0.9623941,0.969649,0.96472675,0.92285985,0.9577238,0.95449126,0.9551565,0.96461135,0.92307377,0.9551876,0.97731066,0.94091636,0.9587078,0.9646279,0.95945203,0.96437967,0.9679944,0.9678145,0.93808603,0.9634965,0.97047114,0.5550358,0.9592732,0.84230196,0.95274085,0.9641426,0.98304105,0.94028336,0.9715131,0.9507793,0.97331786,0.9525803,0.96569496,0.9214915,0.972676,0.9558499,0.9484166,0.9077659,0.9608096,0.91749614,0.9560759,0.9758162,0.9732304,0.926055,0.93924165,0.95187783,0.95702416,0.9562522,0.9746221,0.97545946,0.9788306,0.9519774,0.9666444,0.9573198,0.92575383,0.9457203,0.95053816,0.945879,0.95422786,0.9474462,0.95784324,0.94701546,0.96510345,0.90864426,0.95282257,0.96010983,0.9643389,0.9686183,0.93291175,0.9368327,0.9788306,0.95335174,0.97402525,0.98415965,0.9596063
adogsjourneymovie,0.936789,0.90834194,0.9510322,0.95235085,0.93630964,1.0000001,0.96773636,0.95451784,0.9661168,0.9312409,0.96251535,0.9546504,0.9693161,0.97263193,0.95205295,0.95276374,0.95632225,0.95359254,0.9575136,0.94545275,0.9665406,0.97059137,0.9764477,0.95309544,0.9541478,0.7419942,0.970932,0.9469835,0.96384305,0.9434795,0.97242945,0.93706614,0.959822,0.9534666,0.8449211,0.8127187,0.9456966,0.93725544,0.9632193,0.920448,0.9619351,0.9494646,0.93994063,0.93835855,0.94558114,0.92485404,0.9791875,0.9318374,0.9000897,0.93414956,0.9672249,0.953532,0.9568888,0.9224745,0.9565149,0.92582256,0.94282305,0.964528,0.9698817,0.944003,0.9619124,0.96318895,0.9578901,0.977842,0.94848263,0.9684963,0.92910045,0.945472,0.96037745,0.88491553,0.9562624,0.92234266,0.86826456,0.9470541,0.9396694,0.9557383,0.8652841,0.9679117,0.9702342,0.9640359,0.9341672,0.95495474,0.95808274,0.88793486,0.95503724,0.94674224,0.9568716,0.9679648,0.92172253,0.9529814,0.9607957,0.9562624,0.9563162,0.9367727,0.96314174,0.94003785,0.95922476,0.9458489,0.9248148,0.9515623,0.91920537,0.95478064,0.97687984,0.946921,0.9607404,0.965534,0.96563613,0.9453875,0.90460163,0.90718544,0.96695656,0.53574383,0.9617316,0.75650346,0.96166474,0.9577163,0.9472141,0.91578233,0.94776183,0.96893805,0.95382243,0.9538737,0.9649831,0.9656796,0.9534245,0.96302426,0.96687174,0.95795816,0.96718144,0.9021998,0.9341993,0.95135283,0.96153504,0.8952155,0.963097,0.9445954,0.95980734,0.9482919,0.9445303,0.9071643,0.9661168,0.9654592,0.9069009,0.94473016,0.93750787,0.94505167,0.90186405,0.90416527,0.9351606,0.94475347,0.97754586,0.92507875,0.9653841,0.88687855,0.9293108,0.9324599,0.94763845,0.9363411,0.9635115,0.9626063,0.9661168,0.975529,0.9517155,0.9607923,0.9637088
aftermathmovie,0.9508498,0.9502866,0.9596646,0.9518355,0.9541654,0.96773636,1.0,0.96248066,0.984983,0.9354172,0.9699203,0.9549938,0.9798348,0.97030056,0.9678055,0.9677188,0.9525088,0.96301717,0.96763307,0.94668835,0.96484023,0.9668555,0.9769536,0.9795747,0.9720383,0.7220086,0.9542903,0.96881276,0.97999656,0.9315782,0.96143836,0.9732033,0.9572106,0.9559072,0.8873231,0.88363266,0.96802694,0.9453939,0.97351843,0.93769604,0.94276106,0.9798574,0.9629725,0.9739514,0.9565174,0.9674583,0.9793075,0.96587884,0.9432914,0.9783137,0.9700349,0.98129994,0.9795044,0.9364836,0.9534554,0.93956536,0.96624905,0.9822405,0.95629525,0.95674205,0.96606827,0.9413173,0.9796221,0.9744426,0.9746456,0.97242576,0.9337046,0.97571504,0.9769373,0.94547164,0.9736983,0.94527674,0.8454986,0.97873104,0.9197543,0.9476453,0.9048867,0.9554931,0.955041,0.960609,0.97106683,0.97773904,0.9776393,0.9366601,0.9739387,0.95510936,0.9448882,0.9831192,0.9539626,0.9733524,0.9469363,0.9736983,0.9757458,0.9134069,0.9597605,0.9822003,0.98273534,0.9496448,0.9746971,0.9400974,0.9668866,0.9697327,0.95866174,0.9542683,0.9689054,0.9684679,0.97256577,0.9711745,0.9362724,0.9501372,0.9683032,0.5264364,0.97092664,0.7783019,0.95250225,0.9631426,0.96007854,0.93301034,0.97335017,0.99677795,0.9514519,0.96987826,0.96411896,0.9223808,0.9667294,0.96053475,0.97356415,0.9371368,0.98485,0.91572744,0.9617984,0.96200186,0.9730406,0.91223073,0.97189975,0.91557837,0.96039397,0.9684403,0.97634387,0.9589382,0.984983,0.96555126,0.96068275,0.95921034,0.95459217,0.9756616,0.9590064,0.93457115,0.9827915,0.91632545,0.9915211,0.9709871,0.97299016,0.9053214,0.94753134,0.9725056,0.9643389,0.9530911,0.9421961,0.96802664,0.984983,0.96370995,0.9638983,0.98276687,0.975308
aftermovie,0.97394663,0.9482251,0.9774493,0.9686343,0.965927,0.95451784,0.96248066,0.9999999,0.9894286,0.9622371,0.983483,0.9794857,0.97237015,0.98483235,0.96531004,0.9841433,0.97159,0.9823633,0.97999847,0.93873394,0.9635769,0.98665047,0.9852901,0.9723348,0.97727275,0.7802663,0.95483834,0.95329446,0.99169123,0.96762246,0.97373587,0.9736163,0.9715899,0.9742664,0.91746753,0.8878538,0.98182464,0.96935993,0.98633796,0.9695943,0.9585282,0.9710312,0.9586911,0.9654962,0.9758398,0.96760947,0.9785854,0.9370928,0.9499138,0.9628513,0.99162704,0.98565346,0.97123885,0.95959586,0.95152265,0.9526015,0.9625873,0.9706903,0.976259,0.9803457,0.97674066,0.94313574,0.9835905,0.98638886,0.9672663,0.9642976,0.962498,0.9792672,0.9600578,0.94511884,0.98583555,0.9683515,0.9094783,0.9673425,0.95597804,0.962651,0.92773813,0.9567841,0.95732766,0.94372195,0.9761019,0.9666965,0.9853377,0.94551605,0.976714,0.9589689,0.96438926,0.97684836,0.9748853,0.96203643,0.96463805,0.98583555,0.9709451,0.9523298,0.9836163,0.966355,0.966804,0.967683,0.94631475,0.97506577,0.96440434,0.95325464,0.9705574,0.97361135,0.974174,0.99271655,0.97469,0.98373294,0.93333536,0.9400258,0.97816825,0.58644104,0.9840374,0.80587524,0.9731446,0.9824646,0.98024994,0.9698867,0.98839915,0.9620162,0.9857895,0.9803392,0.9711924,0.9382705,0.98574805,0.9832853,0.97165495,0.9616722,0.97150546,0.9188961,0.9577826,0.9682909,0.9719946,0.9473493,0.97752476,0.9501145,0.9776763,0.97533333,0.9799261,0.95108986,0.9894286,0.98789805,0.9539183,0.9736244,0.9607281,0.96580535,0.9461773,0.9494809,0.9642746,0.9362908,0.9637182,0.93945676,0.9689707,0.8969827,0.97250366,0.96988124,0.9741063,0.971659,0.9728554,0.9716031,0.9894286,0.9807111,0.9918862,0.98131996,0.98567486
ahiddenlifefilm,0.9816515,0.9606052,0.9776731,0.97488815,0.9788306,0.9661168,0.984983,0.9894286,1.0000001,0.9577941,0.9866057,0.98233104,0.9868208,0.9895908,0.9830913,0.98755264,0.9790502,0.986718,0.9893356,0.96662545,0.98001975,0.9843862,0.9890502,0.9899765,0.9901211,0.7584385,0.9550599,0.97106916,0.99128824,0.9668567,0.9789325,0.9887025,0.9658291,0.9714245,0.91121405,0.90430707,0.9913701,0.9757522,0.98950166,0.9710651,0.96567965,0.9887139,0.9780699,0.9833065,0.98258716,0.9832516,0.9878912,0.9668006,0.95342344,0.9844571,0.9869157,0.99136734,0.98482054,0.968318,0.96820045,0.96295524,0.97703743,0.98511046,0.9807323,0.9860661,0.9813518,0.9565841,0.98941845,0.988533,0.97133225,0.9692097,0.9691223,0.9881096,0.97996026,0.95262235,0.99344456,0.9708418,0.9060931,0.9824837,0.94399476,0.96184367,0.91876,0.97003055,0.97231555,0.9517291,0.97786343,0.9823605,0.9895431,0.95619553,0.9870931,0.96594465,0.9673194,0.9885562,0.97895855,0.97885185,0.9714941,0.99344456,0.9878259,0.94908863,0.98376626,0.98333454,0.9839483,0.98068714,0.95763546,0.96614605,0.9795012,0.9639114,0.9727638,0.9821012,0.98440504,0.9880746,0.9868778,0.9887398,0.94954914,0.9630143,0.9844718,0.55342823,0.9891442,0.79759806,0.9761016,0.98782,0.98985505,0.9576994,0.9927571,0.98312014,0.9825338,0.98437256,0.98400885,0.9475516,0.989425,0.98389304,0.975516,0.9508934,0.9872481,0.92559636,0.97904617,0.9795381,0.9874797,0.9416395,0.98307216,0.9533239,0.98437154,0.97920483,0.991987,0.967683,1.0000001,0.98356056,0.970629,0.97875386,0.9647636,0.9742542,0.9577318,0.9468891,0.9814512,0.9489904,0.98113906,0.96644086,0.9842955,0.9284017,0.97833437,0.98508555,0.98380876,0.9809453,0.9678745,0.9776554,1.0000001,0.9830639,0.98899055,0.9944984,0.985389
alitamovie,0.9234915,0.91142195,0.9291161,0.93051225,0.9355299,0.9312409,0.9354172,0.9622371,0.9577941,1.0000001,0.96054715,0.92836344,0.952032,0.9429275,0.92236125,0.95892894,0.95572674,0.9379875,0.94352305,0.92875475,0.9257113,0.952691,0.95445454,0.94356936,0.9525119,0.7808287,0.95163536,0.95638484,0.959101,0.9497643,0.96531767,0.95135486,0.94983405,0.9470042,0.86543155,0.8899106,0.93991935,0.9501343,0.9602829,0.93753994,0.9139211,0.9495023,0.9256859,0.94886345,0.9627504,0.937141,0.95143527,0.9184977,0.9052742,0.9441412,0.9520203,0.94751114,0.9728423,0.9150707,0.91805303,0.9616882,0.91977316,0.93333095,0.9497942,0.9642049,0.96596485,0.9037638,0.96080357,0.9577711,0.9367369,0.9167481,0.93492246,0.9348931,0.9585036,0.9292648,0.96119094,0.94184935,0.91196626,0.9455305,0.9155637,0.96108454,0.87048143,0.9183574,0.9211068,0.947696,0.9624155,0.9460029,0.9374879,0.93192846,0.94686776,0.9406934,0.9572298,0.95042986,0.94230485,0.9544174,0.9401849,0.96119094,0.9337126,0.95597494,0.9339742,0.9229904,0.955416,0.9557388,0.9204202,0.92350024,0.922521,0.9344198,0.9587977,0.9429422,0.95273125,0.95260334,0.9196162,0.9310033,0.93782806,0.91633505,0.96245027,0.6496577,0.9684348,0.8446493,0.9168154,0.9511371,0.945498,0.97354656,0.9624448,0.9375857,0.9550413,0.9275644,0.9459606,0.8939134,0.9387505,0.9626019,0.94761527,0.9172723,0.94552827,0.903878,0.9430694,0.93511,0.9477219,0.8977256,0.94591045,0.93525445,0.9472505,0.94440466,0.95387715,0.9078007,0.9577941,0.96945125,0.91276646,0.91530454,0.9005987,0.93668824,0.9104281,0.8877227,0.9192679,0.8990974,0.9482363,0.8848922,0.92796654,0.87146366,0.9565407,0.95286626,0.9349968,0.9335332,0.96979755,0.92550594,0.9577941,0.95994043,0.95413893,0.9430458,0.95456856
angelhasfallen,0.9644213,0.9462147,0.9590067,0.97396046,0.9576009,0.96251535,0.9699203,0.983483,0.9866057,0.96054715,1.0000001,0.97283375,0.98924994,0.99036264,0.9685479,0.97301006,0.96813834,0.97454,0.9842704,0.94460404,0.9676959,0.97948474,0.9802976,0.97607213,0.97749203,0.7376936,0.9531373,0.96234226,0.9836448,0.9519421,0.97679335,0.9727937,0.9641835,0.972704,0.9097885,0.8931515,0.97825336,0.9757527,0.979162,0.9621539,0.9598332,0.9743594,0.958078,0.9644632,0.969432,0.9698778,0.97640103,0.94393116,0.9321371,0.9652728,0.97995937,0.9766644,0.98057616,0.9567669,0.96714777,0.9582723,0.9638599,0.97027683,0.9768971,0.9816213,0.9838009,0.9448006,0.9794734,0.99112177,0.9556134,0.9674618,0.9591397,0.96652585,0.9704987,0.9479409,0.98476726,0.9587892,0.90382993,0.9781545,0.95474744,0.94985205,0.8992461,0.96364796,0.96695256,0.95070374,0.9773154,0.9751792,0.981614,0.9475546,0.9853459,0.957025,0.9777046,0.9775071,0.95893794,0.9709303,0.95977575,0.98476726,0.974686,0.94383025,0.9769981,0.9677707,0.9822555,0.96294445,0.9529846,0.96892536,0.9665688,0.9458086,0.96730494,0.97664905,0.9793467,0.98181236,0.9699148,0.984481,0.92914134,0.9494133,0.97274506,0.5568685,0.98065376,0.80287546,0.9699958,0.98369116,0.9727012,0.9639622,0.980222,0.96947527,0.97857666,0.97476625,0.9756743,0.94289774,0.97407246,0.9812168,0.978791,0.95119137,0.9773202,0.93425715,0.9636357,0.9642599,0.97448397,0.9309833,0.98062766,0.9347988,0.9718177,0.9650128,0.9810817,0.9467737,0.9866057,0.98272073,0.96001554,0.9727519,0.95215863,0.9612998,0.94473326,0.9538965,0.96713424,0.9249826,0.97177523,0.9315176,0.97855616,0.88955766,0.9659223,0.96214676,0.9680479,0.9667002,0.97254676,0.971417,0.9866057,0.9768443,0.9799318,0.97571915,0.977133
angrybirdsmovie,0.9771727,0.93630034,0.9764951,0.96806264,0.9631463,0.9546504,0.9549938,0.9794857,0.98233104,0.92836344,0.97283375,1.0,0.9617957,0.9839721,0.9724837,0.9675512,0.9733229,0.97519726,0.97714466,0.9555852,0.9714749,0.980494,0.9804362,0.97267425,0.9720576,0.74964166,0.92189765,0.9387986,0.9769238,0.9711349,0.9595085,0.96663857,0.9391983,0.9746671,0.8870848,0.85130614,0.9803065,0.9560306,0.9741134,0.9509382,0.9756666,0.96571654,0.9777031,0.9576159,0.96307015,0.95616907,0.9767685,0.93579006,0.917915,0.9530505,0.98580474,0.9704966,0.9526008,0.9490496,0.9625582,0.93273795,0.9683701,0.96936995,0.9700792,0.9740449,0.9564537,0.95245546,0.9656277,0.9784487,0.9370096,0.9630542,0.97498417,0.972005,0.9512516,0.92523164,0.9803395,0.96059394,0.91513705,0.95196164,0.94018984,0.9314775,0.88619477,0.9647727,0.96809375,0.9126346,0.9458108,0.94781035,0.9839408,0.90971375,0.9715858,0.93947184,0.9531745,0.9623842,0.9571629,0.9473012,0.9756235,0.9803395,0.9686573,0.94370806,0.98620176,0.9605475,0.9520824,0.9695388,0.92316896,0.96822995,0.9595117,0.9243248,0.9500529,0.9716861,0.97718847,0.98748076,0.9827112,0.979106,0.92695314,0.92900056,0.95746833,0.56139094,0.9706856,0.75770295,0.97830594,0.9645881,0.97829044,0.93155,0.97293484,0.95326006,0.97990745,0.9724133,0.97067565,0.9622708,0.9746267,0.9644763,0.9491563,0.95184106,0.9622928,0.9011603,0.96175754,0.95845234,0.9801632,0.9524293,0.96563995,0.9567949,0.973995,0.95964473,0.97104347,0.95087004,0.98233104,0.9753967,0.94453424,0.9819435,0.9681692,0.9416009,0.9189463,0.9371765,0.9523934,0.95504546,0.94938105,0.9511499,0.9759282,0.9057077,0.96518886,0.9617252,0.97661734,0.9796749,0.9592415,0.9602556,0.98233104,0.9657503,0.9772644,0.9757969,0.97541416
annabellemovie,0.95970064,0.9418682,0.95912945,0.9777688,0.9565027,0.9693161,0.9798348,0.97237015,0.9868208,0.952032,0.98924994,0.9617957,0.9999999,0.98637617,0.97354376,0.9636029,0.9628094,0.97567755,0.9802795,0.9555397,0.97660905,0.97789603,0.9784568,0.9786899,0.97925407,0.7018976,0.96444404,0.95928484,0.97946715,0.94304234,0.9834439,0.96967405,0.95527995,0.9579536,0.8976697,0.8971083,0.9702772,0.9732047,0.9742513,0.94887567,0.9586953,0.9794392,0.95863616,0.9680537,0.9618796,0.97087413,0.9795504,0.9706531,0.9257549,0.9735423,0.97236264,0.969142,0.98309135,0.94958764,0.9662912,0.9554512,0.96517265,0.9783206,0.98170775,0.9681264,0.9906531,0.96048945,0.9726395,0.98644125,0.9520878,0.96686697,0.95513743,0.9588595,0.9830902,0.93301845,0.97624457,0.9508821,0.8827709,0.97640264,0.9493707,0.9466839,0.8870505,0.96958,0.98029387,0.9597,0.9720549,0.9791913,0.9804644,0.95162696,0.9798697,0.970598,0.9757462,0.9900816,0.9505735,0.97421056,0.95848495,0.97624457,0.9837112,0.93089414,0.96686107,0.97117114,0.99117553,0.96206546,0.9503687,0.9607365,0.9618,0.9580061,0.9711718,0.9651846,0.97625357,0.97365093,0.9706045,0.98133653,0.9284588,0.9463063,0.97655153,0.5290896,0.9793925,0.7862738,0.97368026,0.9843483,0.97261417,0.9484965,0.97593623,0.97938645,0.97483534,0.97629356,0.9745753,0.9485945,0.97179186,0.97987556,0.97532076,0.9553201,0.98530895,0.9248332,0.97001,0.965581,0.972184,0.9035055,0.9828278,0.9344093,0.9704711,0.95988435,0.97441226,0.9448356,0.9868208,0.9780619,0.9557275,0.96954745,0.9483117,0.9535805,0.93624765,0.939592,0.9772754,0.9299092,0.97680765,0.9492036,0.97930074,0.9072869,0.96180433,0.9614226,0.9573186,0.955141,0.9594076,0.9781747,0.9868208,0.9755166,0.97692406,0.97937906,0.9706677
annamovie,0.9720603,0.93578786,0.9709818,0.9839219,0.960859,0.97263193,0.97030056,0.98483235,0.9895908,0.9429275,0.99036264,0.9839721,0.98637617,0.9999998,0.97786766,0.9697311,0.97212476,0.9773697,0.98476887,0.95621765,0.97906893,0.98525333,0.987094,0.9788103,0.981824,0.7574644,0.95521617,0.95364636,0.9860576,0.96481365,0.97853,0.9738344,0.95618874,0.9734252,0.9001564,0.87159145,0.98099166,0.97830784,0.9799226,0.9640385,0.9752549,0.9744493,0.96597207,0.9621815,0.97178006,0.96578217,0.9850284,0.94836795,0.92532104,0.9619185,0.98586994,0.9777411,0.974516,0.9647183,0.97965825,0.9465127,0.9649048,0.97654676,0.98575664,0.9817548,0.9792828,0.9683057,0.9804592,0.9942518,0.9564399,0.97286737,0.9629262,0.9736333,0.97019315,0.9337187,0.987395,0.95111835,0.91015273,0.9700182,0.9609037,0.95464635,0.89938015,0.9740881,0.98296076,0.95211565,0.9633495,0.9704475,0.982728,0.9361651,0.9827026,0.95717025,0.97141194,0.97985286,0.96281517,0.9641401,0.97349846,0.987395,0.98084766,0.9525156,0.98618674,0.96581715,0.9763626,0.97103155,0.9367681,0.97790855,0.96345794,0.952392,0.96725994,0.9805337,0.9818123,0.9860848,0.9811472,0.98473924,0.92233545,0.95029974,0.9797435,0.5329641,0.9815252,0.76112634,0.9817853,0.98539585,0.9816735,0.9510797,0.9779264,0.97127736,0.9821563,0.9812003,0.98851544,0.96533066,0.98241115,0.9854266,0.9770011,0.9628614,0.9793853,0.92367065,0.96684813,0.96542007,0.97928303,0.938679,0.9837691,0.95406806,0.985927,0.96330094,0.97856086,0.9444465,0.9895908,0.98207253,0.95604205,0.97824365,0.9660038,0.96096313,0.93376684,0.9468245,0.96645445,0.95592743,0.9719399,0.94303226,0.9903972,0.9039566,0.96978724,0.9645361,0.97293854,0.97581655,0.9751868,0.9776466,0.9895908,0.98087186,0.9790618,0.9809165,0.97872525
apollo11movie,0.97097516,0.9267503,0.9634906,0.96320736,0.95001864,0.95205295,0.9678055,0.96531004,0.9830913,0.92236125,0.9685479,0.9724837,0.97354376,0.97786766,1.0,0.9533152,0.9481483,0.9622354,0.9739056,0.972129,0.9718358,0.9620736,0.9688003,0.9793341,0.9854665,0.7353704,0.92615485,0.9321294,0.9663277,0.94687444,0.96258557,0.9694535,0.9360211,0.94522,0.8666595,0.8603595,0.9759931,0.9555976,0.96527445,0.95442796,0.9646562,0.9700285,0.96745694,0.9620413,0.9518757,0.9543055,0.97178537,0.9667088,0.9131859,0.9646539,0.9622599,0.96776783,0.9595802,0.95766556,0.9524702,0.92408097,0.95605576,0.97600174,0.9665567,0.9611929,0.95946884,0.96601784,0.95494676,0.9695363,0.93852913,0.95174277,0.9642749,0.97203356,0.973106,0.9112132,0.9767061,0.9622818,0.8757584,0.95544773,0.9103148,0.9371709,0.88551414,0.9620071,0.9726684,0.9272134,0.94672596,0.9577034,0.9682915,0.91727006,0.96934205,0.962652,0.9481606,0.97252315,0.95734924,0.9493574,0.95685273,0.9767061,0.9814109,0.94344157,0.9648977,0.9717747,0.9625622,0.9711979,0.9235572,0.9426289,0.9527064,0.94512445,0.94238365,0.96527195,0.9770882,0.9640945,0.98134625,0.9711583,0.91769123,0.93807834,0.96536356,0.4872081,0.97042304,0.7250165,0.9656473,0.97305244,0.9781224,0.9059237,0.97079635,0.9628785,0.95737606,0.97355926,0.9663676,0.94191337,0.97471577,0.9725508,0.9458429,0.9392398,0.97071975,0.88415354,0.96801496,0.95625824,0.96813184,0.9053301,0.97408634,0.93885463,0.9726181,0.9435165,0.97414666,0.9318419,0.9830913,0.96223414,0.94470125,0.9602864,0.96141756,0.94947255,0.9262999,0.91329473,0.96549386,0.9551824,0.960199,0.96124136,0.976569,0.94313693,0.97070426,0.9680169,0.9712416,0.96765167,0.9523813,0.9658068,0.9830913,0.96192086,0.9685325,0.9754406,0.9554554
arcticdogsmovie,0.9697869,0.9711617,0.96804285,0.9479346,0.97727436,0.95276374,0.9677188,0.9841433,0.98755264,0.95892894,0.97301006,0.9675512,0.9636029,0.9697311,0.9533152,0.99999994,0.9739761,0.974139,0.97998166,0.9451736,0.9635828,0.9659451,0.9786968,0.9671413,0.97506493,0.77075493,0.9453762,0.9726499,0.97884065,0.95924205,0.9670713,0.97608596,0.970811,0.9640675,0.9080493,0.8936557,0.98351467,0.95918024,0.98448455,0.9619116,0.9404509,0.97232604,0.95775133,0.972454,0.98113996,0.9727381,0.97549397,0.93317384,0.9622755,0.9695985,0.977815,0.98713636,0.9700708,0.95308226,0.9521798,0.9630697,0.96803355,0.9659424,0.9642744,0.97873545,0.9645144,0.928644,0.9857648,0.9745009,0.97245985,0.9520122,0.9505323,0.97837263,0.9548795,0.9576587,0.97894967,0.9694954,0.914529,0.9760007,0.93211234,0.95578116,0.936609,0.94929105,0.9416443,0.9371561,0.9735998,0.96775234,0.9766414,0.94813746,0.9744924,0.94781196,0.9466824,0.9729197,0.9658717,0.9722484,0.96296793,0.97894967,0.9616632,0.9397474,0.9762581,0.96673185,0.9622959,0.9691216,0.9592083,0.95370126,0.97139055,0.9542994,0.9677397,0.9673443,0.9716881,0.980681,0.970517,0.97173405,0.95708877,0.9468655,0.970937,0.59599745,0.98027426,0.82257193,0.958665,0.97453535,0.97475517,0.964408,0.9890784,0.9653672,0.9735314,0.96608776,0.9686133,0.92581594,0.9762695,0.9699092,0.9656562,0.93157953,0.96907,0.9221304,0.9647055,0.97381556,0.977595,0.9407367,0.9643081,0.9431393,0.9688862,0.98595893,0.98056126,0.9676448,0.98755264,0.9651218,0.9570253,0.9586857,0.9368693,0.9696833,0.95096827,0.9393442,0.9586278,0.9262486,0.9698374,0.94763476,0.9574404,0.92244565,0.9548613,0.9722655,0.97624975,0.96523803,0.95650774,0.9602483,0.98755264,0.97721094,0.9809068,0.98154205,0.98163503
arcticmovie,0.966524,0.93134373,0.95376337,0.9573218,0.9727494,0.95632225,0.9525088,0.97159,0.9790502,0.95572674,0.96813834,0.9733229,0.9628094,0.97212476,0.9481483,0.9739761,0.9999999,0.9749712,0.97259945,0.9505826,0.9697045,0.9775331,0.9711645,0.97026026,0.96116865,0.74382055,0.94175225,0.96893805,0.97140956,0.9722078,0.96383226,0.96106315,0.93604314,0.9659274,0.8845672,0.893756,0.96774495,0.95988643,0.9675479,0.9511938,0.967493,0.97061837,0.9716159,0.96135664,0.9905837,0.96525586,0.96505344,0.93618965,0.920587,0.95762527,0.97335666,0.961895,0.9668357,0.9515672,0.9565442,0.95623446,0.9668222,0.9587009,0.9655728,0.97819406,0.96309793,0.9327787,0.9759723,0.9730422,0.9311229,0.9519116,0.95735455,0.95960236,0.96077317,0.92557013,0.9742269,0.946788,0.94959813,0.9581027,0.9537527,0.9495836,0.8867728,0.9622962,0.9628833,0.93428975,0.94421095,0.9602889,0.9674268,0.94484925,0.961268,0.9275189,0.97387254,0.9650107,0.95901066,0.962957,0.9642822,0.9742269,0.9624981,0.94049746,0.97297335,0.94431376,0.9666778,0.96838224,0.9120013,0.9585089,0.9540939,0.92854667,0.97154874,0.97649914,0.96881914,0.97318137,0.96542966,0.96378374,0.94503754,0.9493033,0.97339106,0.6231681,0.97472364,0.8036951,0.9641799,0.9655357,0.9769853,0.95895535,0.9658623,0.9547774,0.9755994,0.95469224,0.98118275,0.9630352,0.9687676,0.9565503,0.9680229,0.93057036,0.9589995,0.9306841,0.95605,0.9615491,0.9872543,0.9602626,0.9567806,0.9691999,0.9756103,0.9650994,0.9629699,0.951424,0.9790502,0.973964,0.9420457,0.9669512,0.94409585,0.93492925,0.9202787,0.9177852,0.9467653,0.94962215,0.9541373,0.9300715,0.9710523,0.9002474,0.9625588,0.9595534,0.9655604,0.96702754,0.9674895,0.94141936,0.9790502,0.9702219,0.9684544,0.9723245,0.97638625
artofracingmovie,0.9801495,0.95105594,0.963422,0.9702197,0.9813813,0.95359254,0.96301717,0.9823633,0.986718,0.9379875,0.97454,0.97519726,0.97567755,0.9773697,0.9622354,0.974139,0.9749712,1.0,0.97966146,0.94703704,0.9690885,0.9830708,0.9744561,0.9756761,0.96542746,0.73903024,0.9449786,0.9537122,0.9769855,0.9547341,0.96899796,0.96867776,0.95523,0.9531125,0.9333727,0.91580814,0.98058003,0.9634327,0.9792368,0.9619372,0.95723295,0.97478366,0.9655804,0.96984303,0.97049856,0.97940516,0.96858406,0.95551264,0.95222074,0.97002643,0.9782144,0.97311944,0.9622799,0.9639386,0.9503589,0.9637466,0.97183526,0.96595436,0.9750799,0.97235453,0.9714975,0.9398033,0.9730174,0.9734688,0.9516823,0.9567256,0.96566856,0.9701335,0.95613444,0.92727757,0.97732186,0.95368844,0.9004389,0.96641266,0.9533359,0.93907535,0.89903855,0.9622859,0.9631322,0.9286798,0.9560835,0.97495055,0.9832404,0.95726395,0.9727559,0.9487234,0.971161,0.97461104,0.9708353,0.96512693,0.9558203,0.97732186,0.98037565,0.9208567,0.97753257,0.9677736,0.97134566,0.9629748,0.9348622,0.9666975,0.9706919,0.9363763,0.97354025,0.9771614,0.96302027,0.98023516,0.98053885,0.98513967,0.925306,0.95091665,0.9712695,0.54534787,0.9678771,0.821621,0.97542924,0.98297584,0.9827747,0.9451742,0.97407806,0.96113735,0.98103255,0.9775007,0.9666609,0.94978154,0.9874658,0.9680601,0.9630319,0.94241905,0.97612023,0.92577624,0.9536595,0.98393196,0.9722224,0.9353297,0.96101475,0.9471825,0.9621635,0.9661408,0.97633266,0.9649001,0.986718,0.9754667,0.96028167,0.9827853,0.9469131,0.948252,0.9474536,0.95590717,0.97200227,0.93941885,0.95951664,0.949401,0.9734585,0.8999431,0.9635238,0.96068865,0.9696552,0.9729222,0.9458783,0.96651137,0.986718,0.97435635,0.9861894,0.98856163,0.9727239
avengers,0.9884485,0.953878,0.9561234,0.9672895,0.9697274,0.9575136,0.96763307,0.97999847,0.9893356,0.94352305,0.9842704,0.97714466,0.9802795,0.98476887,0.9739056,0.97998166,0.97259945,0.97966146,1.0000001,0.95690864,0.96990055,0.9760287,0.9757404,0.97351664,0.98135245,0.7315401,0.93691236,0.9604327,0.97392976,0.9501939,0.9700851,0.9758989,0.966433,0.96521884,0.89982754,0.89193434,0.9925433,0.97724074,0.9812559,0.962405,0.9679254,0.9801689,0.97718763,0.97089005,0.9767403,0.9772522,0.9716214,0.9426771,0.9564506,0.97196627,0.9741008,0.97974783,0.97313684,0.9635538,0.96596307,0.9512428,0.98363215,0.97878927,0.9746071,0.983349,0.97211283,0.94512147,0.97594255,0.97954893,0.95396286,0.9671891,0.96506715,0.9717944,0.9603457,0.9472293,0.9826896,0.95649123,0.90630627,0.9816993,0.9449385,0.9332437,0.917746,0.96566767,0.9648575,0.928972,0.9717047,0.97958,0.9794794,0.9432103,0.98810345,0.9478309,0.9608517,0.97677606,0.96431065,0.96343523,0.96335006,0.9826896,0.9789169,0.93221617,0.9832406,0.98121625,0.9705102,0.96914035,0.9478331,0.96605545,0.976791,0.9454023,0.96465534,0.9777402,0.97932655,0.97761506,0.9773779,0.9857169,0.9302956,0.95333016,0.9714592,0.5493062,0.98558277,0.8002622,0.97750056,0.98578614,0.9849799,0.94594187,0.9843054,0.96496063,0.9709092,0.98327214,0.97723985,0.9484903,0.9752608,0.9786009,0.9625694,0.94135386,0.97618705,0.9515676,0.9619139,0.9779985,0.9789668,0.94269806,0.97683865,0.93539655,0.9749611,0.96968895,0.9831247,0.9547648,0.9893356,0.9665461,0.96865624,0.9778184,0.95956326,0.959548,0.9463388,0.9415459,0.9644459,0.9370939,0.9661319,0.9500253,0.9743143,0.9187755,0.96821487,0.96318376,0.97150534,0.9683282,0.9536446,0.97677934,0.9893356,0.98163146,0.9825773,0.98264605,0.9745958
beachbummovie,0.9494364,0.92551565,0.94047195,0.9351486,0.9455543,0.94545275,0.94668835,0.93873394,0.96662545,0.92875475,0.94460404,0.9555852,0.9555397,0.95621765,0.972129,0.9451736,0.9505826,0.94703704,0.95690864,1.0,0.9715485,0.94323105,0.9471832,0.96965075,0.97064656,0.7627025,0.9144325,0.9450018,0.9354296,0.95088184,0.9598575,0.96260065,0.9210213,0.92743087,0.8301626,0.8488219,0.96115565,0.9476623,0.9504423,0.94557273,0.9450964,0.95707774,0.95734894,0.9558943,0.95131826,0.93623984,0.9589118,0.9483164,0.892919,0.9547556,0.940999,0.9466524,0.95256263,0.9390078,0.9396927,0.9481065,0.93294054,0.9519312,0.95757675,0.9600666,0.9488906,0.94638383,0.9411637,0.9506385,0.91938645,0.9170191,0.95186436,0.9539343,0.9540101,0.90028673,0.96546537,0.93682325,0.9010615,0.9433606,0.8829312,0.93764853,0.82403344,0.95853215,0.95823,0.9206332,0.9197292,0.9388109,0.9409484,0.90922153,0.9590539,0.9524206,0.9305642,0.9604823,0.9370637,0.95873713,0.9600975,0.96546537,0.95301175,0.9513012,0.95169306,0.94154567,0.94154257,0.9857784,0.9020856,0.9026005,0.92627347,0.9247412,0.93823785,0.9578764,0.96490115,0.9429786,0.96098894,0.93459374,0.9408346,0.9283328,0.9522793,0.502687,0.9569775,0.7133229,0.9446738,0.95990056,0.9661211,0.89059037,0.9537658,0.9471444,0.93945175,0.9426799,0.9662215,0.94222933,0.95416856,0.9600596,0.9226224,0.8962934,0.9597057,0.87094676,0.9750097,0.9512154,0.9620087,0.8897115,0.9437022,0.9496887,0.95565754,0.936059,0.96054506,0.91424626,0.96662545,0.9422701,0.91574305,0.9319865,0.9081388,0.9290162,0.88995874,0.8737094,0.9318601,0.9573774,0.9448821,0.9371432,0.9539517,0.9612779,0.96385056,0.95922613,0.96364063,0.95618093,0.94428736,0.9425098,0.96662545,0.96131283,0.9391173,0.9592792,0.93981785
bernadettefilm,0.95435107,0.9486706,0.97099555,0.9560469,0.95357126,0.9665406,0.96484023,0.9635769,0.98001975,0.9257113,0.9676959,0.9714749,0.97660905,0.97906893,0.9718358,0.9635828,0.9697045,0.9690885,0.96990055,0.9715485,1.0,0.9668441,0.96706223,0.98174727,0.9686824,0.73141545,0.9472113,0.954991,0.96324307,0.9466008,0.9639743,0.9592042,0.93497914,0.95002586,0.8578278,0.849142,0.96524495,0.9525672,0.95722246,0.9429088,0.96699405,0.9589876,0.9558846,0.9495008,0.96315426,0.94696236,0.97454566,0.9557715,0.9073657,0.9518277,0.96910596,0.95816034,0.9543565,0.945899,0.95319724,0.94152606,0.95169526,0.9661636,0.97272414,0.9591502,0.9745648,0.9594873,0.9639389,0.97759414,0.93185467,0.9508829,0.9388284,0.9600057,0.9645439,0.9178864,0.9686898,0.9507668,0.9040859,0.96034694,0.9384413,0.94116396,0.8596958,0.980839,0.98405135,0.9454311,0.93527853,0.95021987,0.97335196,0.9359227,0.96708715,0.95927435,0.9527038,0.983026,0.9380726,0.96983546,0.9667166,0.9686898,0.96789557,0.9365753,0.97774607,0.9515786,0.9640303,0.97650343,0.9257663,0.93710864,0.94013256,0.933018,0.95248044,0.9629718,0.9734072,0.97005033,0.982704,0.967257,0.9388047,0.9356693,0.9682831,0.5390669,0.96468204,0.72508085,0.97518545,0.97187984,0.96610683,0.9205521,0.96208334,0.96755487,0.9671529,0.9679265,0.9768949,0.96958727,0.97145027,0.96131,0.96134996,0.9400997,0.9711123,0.8881486,0.9777288,0.96093524,0.972469,0.9160913,0.96267265,0.95024425,0.9692515,0.96335506,0.96051097,0.9381187,0.98001975,0.96268207,0.92675716,0.96865195,0.9358526,0.93347675,0.9028355,0.9114487,0.96450037,0.94840574,0.95764095,0.9530499,0.9755266,0.94445777,0.9548191,0.9572415,0.96647614,0.96155757,0.95054024,0.9623181,0.98001975,0.97439045,0.9641604,0.9718869,0.96750015
