movie,21bridgesmovie,47metersdown,abeautifuldaymovie,abominablemovie,adastramovie,adogsjourneymovie,aftermathmovie,aftermovie,ahiddenlifefilm,alitamovie,angelhasfallen,angrybirdsmovie,annabellemovie,annamovie,apollo11movie,arcticdogsmovie,arcticmovie,artofracingmovie,avengers,beachbummovie,bernadettefilm,blackandbluemovie,blackchristmas,blindedbythelightmovie,bombshellmovie,booksmart,breakthroughmovie,brianbanksmovie,brightburnmovie,brittanyrunsmov,captainmarvelofficial,captivestatemovie,catsmovie,charliesangels,childsplaymovie,clarathefilm,coldpursuitmovie,countdown,currentwarmovie,darkwatersmovie,detectivepikachumovie,disneyaladdin,disneyfrozen,disneymaleficent,doctorsleepmovie,dolemiteismyname,dontletgomovie,doramovie,downtonabbey_official,dumbo,escaperoom,everybodyknowsmovie,fastandfuriousmovie,fightingwmyfam,fivefeetapartfilm,fordvferrari,freaksthefilm,geminimanmovie,glassmovie,gloriabellmovie,godzillamovie,goldfinchmovie,goodboysmovie,goodliarmovie,gretafilm,halathemovie,happydeathdaymovie,harrietfilm,hellboymovie,hersmellmovie,highlifemovie,highstrungmovie,honeyboymovie,hotelmumbaifilm,httydragon,hustlemovie,hustlersmovie,isntitromantic,itmovieofficial,jayandsilentbob,johnwickmovie,jojorabbitmovie,jokermovie,judythefilm,jumanjimovie,justmercyfilm,knivesout,lalloronamovie,lastblackmansf,lastchristmasthemovie,latenightmovie,lighthousemovie,lionking,littlethemovie,littlewomenmovie,littlewoodsfilm,longshotmovie,lordsofchaosmovie,lucyintheskyfilm,mamovie2019,marriagestory,meettheaddams,meninblack,midsommarmovie,midwaymovie,missbalamovie,missinglinkfilm,motherlessbklyn,onceinhollywood,onthebasisofsex,overcomermovie,peanutbutterfalcon,petsematarymovie,piercingmovie,playingwithfire,playmobilthemovie,pomsmovie,queenandslim,rambomovie,readyornotfilm,richardjewellfilm,rocketmanmovie,scarystoriesmovie,secretlifeofpets,serenityfilm,shaftmovie,shazammovie,spidermanmovie,spiesindisguise,starwars,stormboymovie,stubermovie,taosdfilm,teenspiritmov,terminator,theaeronautsmov,thebestofenemies,thedeaddontdie,thefarewell,thehighwaymen,thehummingbirdprojectfilm,theintrudermovie,theirishmanfilm,thekitchenmovie,thelegomovie,themustangfilm,thenightingalefilm,theprodigymovie,thesunisalsoastar,theupsidefilm,tolkienmovie,toystory,triplefrontier,uglydolls,uncutgems,underthesilverlake,usmovie,wavesmovie,whatmenwant,wonderparkmovie,wrinklestheclown,xmenmovies,yardiefilm,yesterdaymovie,zombieland
21bridgesmovie,0.99999994,0.9429243,0.9833639,0.960496,0.9917112,0.9878818,0.9804792,0.9789304,0.9935779,0.9618693,0.9805671,0.97159326,0.9881143,0.9897107,0.9818376,0.980168,0.9898833,0.9943771,0.9872397,0.963434,0.99616414,0.989116,0.9865394,0.9894332,0.98395395,0.71953535,0.9746175,0.98622453,0.97587156,0.9680291,0.9807138,0.9907996,0.9676423,0.97861695,0.9717124,0.8138029,0.9800092,0.97195965,0.9828885,0.98987603,0.9675402,0.98336416,0.97447014,0.98483324,0.9844883,0.9802749,0.98592603,0.9867507,0.9786321,0.981867,0.9791983,0.99258703,0.9796549,0.9863897,0.9239178,0.98301256,0.96912396,0.9923981,0.9720664,0.9922905,0.98358417,0.9817858,0.9927358,0.98684245,0.97309405,0.97595006,0.9746718,0.9848594,0.98023486,0.93275654,0.99301726,0.5068698,0.92172575,0.9894241,0.9417833,0.9756197,0.7209556,0.9877105,0.98112935,0.987227,0.98123115,0.98157805,0.98672926,0.97714007,0.97784656,0.9931302,0.9298297,0.99522716,0.9806551,0.98121136,0.98284787,0.99301726,0.9883282,0.98104715,0.9741857,0.9720566,0.9962956,0.9870314,0.9821362,0.97274715,0.9764615,0.9859771,0.9828365,0.9876322,0.96503955,0.97544646,0.98988086,0.9878044,0.9816389,0.9878009,0.9820194,0.47000912,0.9837625,0.850098,0.9860679,0.9935933,0.9979162,0.98245263,0.9852322,0.96515983,0.9878916,0.9791231,0.96694434,0.98264503,0.98834336,0.9785384,0.98742366,0.96402127,0.99168086,0.73965985,0.9937151,0.97216636,0.9716225,0.9621308,0.9910172,0.9782971,0.9942617,0.9865315,0.9915417,0.969488,0.9935779,0.98522633,0.97998875,0.98461056,0.9704084,0.99179465,0.99332935,0.98466474,0.9835628,0.9874214,0.9845043,0.9863679,0.9750753,0.9238767,0.98109347,0.98126185,0.97997504,0.9865852,0.98306113,0.9890946,0.9935779,0.97721654,0.99445623,0.9828472,0.9790642
47metersdown,0.9429243,0.99999994,0.9320568,0.91449314,0.9525267,0.9316632,0.9696615,0.94321305,0.95210606,0.9321832,0.9596884,0.9274438,0.919969,0.9518406,0.92365324,0.973845,0.925642,0.9452986,0.95228654,0.8840189,0.9484228,0.9547502,0.9323636,0.92444664,0.93672496,0.6503531,0.92332566,0.9521954,0.9260868,0.93429196,0.9475154,0.94464153,0.92486763,0.9357781,0.9281652,0.8395997,0.9446215,0.8972614,0.9424456,0.95645785,0.9147093,0.95392686,0.9268034,0.9500034,0.93570435,0.9424329,0.9403757,0.9624514,0.931203,0.95029813,0.93140316,0.9595707,0.92305195,0.93191326,0.9382032,0.96449935,0.9032631,0.96083343,0.9200528,0.9547703,0.9434056,0.92807055,0.9308943,0.94767076,0.92735165,0.9355619,0.9311551,0.9600514,0.921599,0.9365161,0.9499491,0.58601254,0.9308029,0.9531332,0.94208366,0.95664424,0.8164252,0.9428859,0.9580655,0.9241626,0.9314903,0.96044266,0.9318229,0.9519591,0.915085,0.95664346,0.9476617,0.93791914,0.9423142,0.94012,0.9385337,0.9499491,0.9454138,0.94165343,0.9454773,0.91953313,0.95317954,0.9418756,0.9564954,0.9389548,0.94627625,0.94525105,0.8984104,0.94949967,0.9429411,0.92792934,0.92943704,0.92927307,0.91503423,0.931385,0.94431007,0.5584462,0.949306,0.8081662,0.9499371,0.93516845,0.94243705,0.93543404,0.93793917,0.9608584,0.948321,0.9612155,0.9476366,0.94286937,0.954882,0.9234677,0.9314438,0.93007076,0.9356994,0.7374578,0.93915224,0.93989915,0.91948295,0.8929627,0.9685593,0.923034,0.933861,0.9408327,0.9434058,0.9355452,0.95210606,0.9238694,0.92644256,0.9398745,0.8835942,0.95993775,0.9397292,0.9466483,0.93626845,0.92051923,0.9511176,0.94314253,0.9552232,0.8932411,0.9477287,0.9163334,0.9351404,0.93937767,0.9528567,0.95305586,0.95210606,0.92559695,0.9547551,0.9285347,0.92379534
abeautifuldaymovie,0.9833639,0.9320568,1.0,0.97026235,0.98168886,0.97643304,0.9785752,0.9687677,0.9897462,0.9750075,0.9832547,0.98322463,0.9799387,0.9913292,0.98772126,0.96416855,0.98814595,0.9890791,0.9825431,0.9651417,0.9886492,0.9740682,0.9835404,0.9843556,0.9633021,0.755214,0.9743989,0.9824807,0.9934863,0.9777399,0.97938573,0.9869807,0.944808,0.9771991,0.9362792,0.847892,0.98890996,0.9803957,0.97869885,0.9802775,0.98085225,0.98109883,0.98427665,0.9830712,0.9868652,0.9604701,0.9831751,0.9822404,0.9825608,0.9846732,0.9903831,0.9857354,0.95566374,0.97697324,0.92495894,0.9714133,0.9760638,0.98303103,0.9836887,0.97734404,0.9875271,0.97477233,0.98241115,0.99264735,0.97660124,0.97320384,0.9639627,0.98795265,0.98230886,0.93564713,0.9832877,0.5405787,0.91762286,0.9913839,0.955444,0.94269925,0.7327982,0.9590127,0.96037185,0.97679156,0.9897753,0.9691262,0.99164766,0.9622141,0.97854257,0.9830072,0.89044726,0.9804168,0.98330796,0.98958963,0.9694921,0.9832877,0.97768205,0.9884738,0.9876922,0.9841713,0.97827303,0.98021615,0.99077255,0.975753,0.9812466,0.9682537,0.98113763,0.9871813,0.97941357,0.9882192,0.98520297,0.98794717,0.9799328,0.9809087,0.9908707,0.5258275,0.98306984,0.8683876,0.9657047,0.97765046,0.98620886,0.9731618,0.98416585,0.9743635,0.9840298,0.9717454,0.96704656,0.9796888,0.97857636,0.99182516,0.98176056,0.9874192,0.97860235,0.77935916,0.9835488,0.97232103,0.9829484,0.9554992,0.9800792,0.9852786,0.98647094,0.9864782,0.9837443,0.9774003,0.9897462,0.9907761,0.9688525,0.9893765,0.9833782,0.98065996,0.9874786,0.9581832,0.9933889,0.97415656,0.98316103,0.9920264,0.9732212,0.9020354,0.9630461,0.9854202,0.983907,0.9860032,0.97786045,0.97263694,0.9897462,0.9832213,0.9888734,0.99045575,0.98640823
abominablemovie,0.960496,0.91449314,0.97026235,1.0,0.9663614,0.94697666,0.9540082,0.97717535,0.9769907,0.9845473,0.97826976,0.9570994,0.9667266,0.97205627,0.98866624,0.9368365,0.96421736,0.9747663,0.9680039,0.96731967,0.96398,0.95066375,0.97249866,0.97126,0.91983557,0.709367,0.95391536,0.96378714,0.96021855,0.9854481,0.97625065,0.9680342,0.9142106,0.9441718,0.8779943,0.8756649,0.9700069,0.9679846,0.95965147,0.953132,0.9533335,0.9759025,0.96127796,0.9761469,0.979468,0.92003703,0.96763396,0.9611409,0.972169,0.97745,0.96163243,0.9699912,0.9261916,0.96046376,0.9336095,0.96953696,0.94990695,0.9709269,0.9774336,0.9587938,0.9834818,0.95007366,0.95579314,0.9686052,0.97636664,0.93008584,0.9449123,0.9694078,0.98062813,0.93583536,0.96420443,0.57327145,0.91236854,0.9817908,0.96733207,0.9295328,0.80008197,0.933701,0.9446876,0.9470273,0.9778557,0.96530807,0.9828837,0.95636356,0.95922595,0.9670595,0.89866173,0.965638,0.9495291,0.9829004,0.9285539,0.96420443,0.9548286,0.980441,0.9713189,0.99003583,0.95841056,0.95858014,0.97715545,0.95506316,0.9543788,0.9370792,0.95388144,0.975541,0.9753235,0.9619029,0.9612904,0.9544348,0.9419986,0.9507327,0.982363,0.54707366,0.978621,0.82574,0.9335868,0.9694776,0.9705973,0.93534774,0.96931654,0.96262014,0.9637138,0.9687563,0.9645901,0.9602101,0.9620198,0.9771166,0.97125036,0.97194487,0.96375704,0.776279,0.9575097,0.9553773,0.94951195,0.91509414,0.96366805,0.983968,0.9727512,0.9682682,0.9630952,0.96935606,0.9769907,0.9646144,0.9397009,0.9552456,0.95587593,0.9545012,0.9531904,0.92198896,0.9589826,0.94233274,0.9546056,0.9728176,0.9745492,0.9029478,0.9438819,0.9584549,0.97786397,0.95659757,0.9834816,0.97258776,0.9769907,0.9580959,0.9720763,0.97519463,0.96722937
adastramovie,0.9917112,0.9525267,0.98168886,0.9663614,1.0,0.9913205,0.98467195,0.98477733,0.99279875,0.9709717,0.985557,0.966214,0.9808965,0.9906267,0.981922,0.9770557,0.97521824,0.9924915,0.9804113,0.9481046,0.994437,0.9903877,0.9857283,0.9802998,0.97282404,0.692141,0.9631021,0.977311,0.9733649,0.9738638,0.9761527,0.9918531,0.9618288,0.9827272,0.96070945,0.8356774,0.97901475,0.9623963,0.9832569,0.98683375,0.95800763,0.98983586,0.9574728,0.99044245,0.9882054,0.97380203,0.9879207,0.9919516,0.9759581,0.98696494,0.9760803,0.99281704,0.97449356,0.98608595,0.94546115,0.99044,0.9550636,0.9930145,0.9805613,0.98679036,0.98020405,0.9655348,0.98198396,0.9834735,0.9744048,0.97512615,0.96961415,0.9872544,0.98869205,0.93423957,0.9881668,0.48976052,0.9302421,0.9877508,0.9562379,0.96703887,0.75851035,0.9807283,0.98113644,0.9766618,0.9791905,0.98884916,0.98783785,0.9869607,0.97756416,0.98583406,0.9378942,0.984414,0.97077835,0.9824197,0.96647376,0.9881668,0.9888093,0.97917145,0.9779929,0.97463787,0.991906,0.97361255,0.9845128,0.97268397,0.9756309,0.9814419,0.9811392,0.9894168,0.96505487,0.97414136,0.98174465,0.98038363,0.9715358,0.9730696,0.98357147,0.4584565,0.98801297,0.8563017,0.98140144,0.9915973,0.99168295,0.98342526,0.9845073,0.97520524,0.9840526,0.9866164,0.96898884,0.97736573,0.98279667,0.97188216,0.97865254,0.96692675,0.99493384,0.70717275,0.9868097,0.98919773,0.9555775,0.94612336,0.9898119,0.9747657,0.98757756,0.9941816,0.98749274,0.96457076,0.99279875,0.9817088,0.97983915,0.98176026,0.9588183,0.98083156,0.9836128,0.9819063,0.97988063,0.9757001,0.9858889,0.9810313,0.9834662,0.9043833,0.9687308,0.96536744,0.98463935,0.9797559,0.986967,0.9916972,0.99279875,0.9753193,0.9919376,0.97913796,0.9730265
adogsjourneymovie,0.9878818,0.9316632,0.97643304,0.94697666,0.9913205,0.9999999,0.9667096,0.9797282,0.9809593,0.9473724,0.96531475,0.9570557,0.972796,0.98378915,0.97195435,0.97335404,0.9658635,0.9907167,0.98131394,0.9312043,0.9900409,0.9838101,0.98022574,0.9703436,0.9745356,0.64647484,0.9424524,0.96151596,0.9584699,0.9616779,0.97110385,0.97673386,0.97656757,0.9832602,0.9721115,0.7968797,0.9572593,0.94365525,0.97292334,0.98315716,0.9485309,0.9831458,0.9473237,0.981206,0.9749347,0.97489375,0.9806077,0.98687315,0.96863824,0.97431964,0.9656632,0.9800433,0.98918873,0.99503756,0.900803,0.975858,0.94183725,0.9868879,0.9754164,0.9836835,0.9713177,0.95870215,0.98270845,0.97413975,0.9538954,0.9750336,0.9655178,0.97568184,0.97454345,0.9240085,0.9822426,0.4853559,0.93101275,0.977732,0.93466043,0.9614212,0.7091839,0.98215264,0.9737843,0.987013,0.9644431,0.9718515,0.97893,0.97010845,0.9665592,0.9809622,0.9352383,0.9777564,0.9644318,0.97602326,0.9668451,0.9822426,0.9890921,0.9675349,0.9587583,0.9646853,0.99023163,0.963873,0.9698115,0.9677881,0.96195406,0.98387396,0.9885068,0.97854614,0.94328165,0.9640815,0.97104865,0.9708022,0.98091006,0.96396893,0.96707773,0.45378524,0.97835815,0.8583693,0.97207785,0.98245424,0.98117715,0.9832419,0.9758118,0.951376,0.97565126,0.9713459,0.93605924,0.96064115,0.97358197,0.9653304,0.96468425,0.95061827,0.9953315,0.68071795,0.98962766,0.9855592,0.944015,0.9307913,0.9851503,0.96451956,0.9818264,0.9804046,0.97835886,0.9548678,0.9809593,0.96795166,0.98088443,0.97091436,0.9577758,0.9723275,0.9819083,0.9879601,0.9711672,0.97109044,0.9711163,0.97056043,0.97165537,0.89270383,0.96675694,0.9600658,0.9745129,0.9831596,0.97212166,0.98050594,0.9809593,0.96931434,0.9812714,0.9760265,0.965712
aftermathmovie,0.9804792,0.9696615,0.9785752,0.9540082,0.98467195,0.9667096,0.9999999,0.96731365,0.9905686,0.9782812,0.9882865,0.96397656,0.96599776,0.9811347,0.9675842,0.98462015,0.9718086,0.97810245,0.9767587,0.93510306,0.98648906,0.9763902,0.9721689,0.9762192,0.96736264,0.7437693,0.9686159,0.980089,0.9777464,0.9682106,0.9707388,0.9911221,0.9463224,0.963838,0.94685864,0.8718964,0.98698926,0.95962805,0.98769915,0.9848323,0.9701694,0.98200333,0.9700541,0.9855769,0.9861116,0.96836734,0.9762072,0.9878279,0.96973306,0.98859996,0.9741585,0.99198407,0.94645107,0.9624122,0.96017724,0.9859226,0.96799135,0.9844111,0.9696679,0.98050267,0.97288597,0.9726708,0.9764188,0.9857208,0.96563894,0.9576023,0.9692198,0.9896074,0.9747325,0.94580466,0.98498815,0.56689894,0.9397849,0.98483723,0.9627788,0.9646146,0.7966922,0.97521687,0.9815484,0.9632431,0.9821517,0.9912349,0.97690624,0.97112894,0.9703151,0.97420144,0.9229708,0.97245526,0.97918034,0.9790757,0.9639325,0.98498815,0.97623205,0.979142,0.9818805,0.9573243,0.97923034,0.9751412,0.9898151,0.96787643,0.985407,0.9692954,0.95115894,0.98760164,0.9751075,0.9702839,0.97813904,0.98353183,0.96595156,0.9767577,0.98348933,0.5373891,0.98405963,0.84084237,0.9815162,0.9811179,0.98485637,0.96525526,0.9847618,0.992702,0.97905284,0.98149145,0.98456997,0.978296,0.9808208,0.96717024,0.97454476,0.9723555,0.97070044,0.77890044,0.9686812,0.9689812,0.96659344,0.9414409,0.9845415,0.9698183,0.9797823,0.98640496,0.9839183,0.96741414,0.9905686,0.9768032,0.96942466,0.9836354,0.9525924,0.985095,0.9755407,0.97001,0.9843716,0.9772741,0.9960381,0.9836836,0.9814375,0.9260111,0.97076017,0.96967876,0.9735699,0.9778007,0.9764881,0.9812467,0.9905686,0.96559054,0.98886615,0.9726563,0.963925
aftermovie,0.9789304,0.94321305,0.9687677,0.97717535,0.98477733,0.9797282,0.96731365,1.0000004,0.98260504,0.96747065,0.9753973,0.9486229,0.96985626,0.9775416,0.9768677,0.9687539,0.96446675,0.9895899,0.9875618,0.94547194,0.9817466,0.969883,0.9718508,0.9709569,0.94752294,0.63739425,0.9318591,0.9636527,0.9499335,0.9729434,0.9884025,0.9724067,0.94864315,0.9588341,0.9285131,0.813527,0.9597171,0.9493845,0.970162,0.96967715,0.9484761,0.9881813,0.9480121,0.9897565,0.9788299,0.94866496,0.9723108,0.9871403,0.96898526,0.9830956,0.95861167,0.97864157,0.9633049,0.9873729,0.93069935,0.9813863,0.9387462,0.98775184,0.97915655,0.9822032,0.9777495,0.95094335,0.97091776,0.96841663,0.9605918,0.94090205,0.9585665,0.97265446,0.9789552,0.93590254,0.9779585,0.54375964,0.93650794,0.9838736,0.9505267,0.95556504,0.77166927,0.9680415,0.9688625,0.9706836,0.96499515,0.9820016,0.9847705,0.9709917,0.9619841,0.9775117,0.948735,0.97207063,0.95351595,0.98584145,0.94243515,0.9779585,0.979001,0.97233355,0.9644266,0.97546405,0.98296416,0.9659571,0.9757975,0.95534176,0.95209587,0.9707571,0.9674641,0.9822367,0.9574067,0.9571099,0.95822525,0.95477664,0.9624896,0.9514417,0.97433066,0.5058975,0.9828194,0.8027826,0.95441556,0.98374677,0.97907835,0.95427775,0.9774461,0.9640263,0.97544533,0.9789568,0.95768404,0.9534603,0.97218263,0.96531606,0.9607346,0.95976657,0.9851246,0.72350127,0.9813415,0.97913074,0.9410962,0.9141047,0.9837199,0.9782672,0.97866225,0.9744205,0.9715378,0.96466565,0.98260504,0.9551977,0.9570328,0.9554749,0.9500997,0.9678973,0.9650072,0.9663575,0.95997226,0.9591869,0.9637868,0.9736319,0.97518754,0.9045198,0.968408,0.9565407,0.9769924,0.9738363,0.9833762,0.98721945,0.98260504,0.94704753,0.9767569,0.9742198,0.9592703
ahiddenlifefilm,0.9935779,0.95210606,0.9897462,0.9769907,0.99279875,0.9809593,0.9905686,0.98260504,0.99999994,0.9840389,0.99503684,0.9789346,0.9823786,0.9924944,0.9901955,0.98161024,0.9887707,0.99309915,0.9888388,0.9680931,0.9966175,0.9840985,0.99066514,0.99298096,0.97571516,0.7349345,0.9797222,0.98859894,0.98392814,0.9845599,0.9876402,0.99710244,0.9565501,0.97497517,0.9516056,0.8633776,0.99176633,0.9754807,0.9926043,0.9897034,0.9771755,0.99111784,0.9816894,0.99286467,0.995233,0.9734171,0.99085647,0.9918399,0.9878789,0.9944259,0.98508716,0.9982911,0.96555597,0.9824354,0.9459038,0.9892982,0.9776736,0.99455094,0.9845617,0.99087864,0.9906321,0.9854077,0.991916,0.99177885,0.9830035,0.9687046,0.9814074,0.9958856,0.9884089,0.9481637,0.9952511,0.55343235,0.93477273,0.99573123,0.96320623,0.97267413,0.77209026,0.9826154,0.98275274,0.9823558,0.9920333,0.9886859,0.9930153,0.97807676,0.9840407,0.9893914,0.9227754,0.9885423,0.985654,0.9930057,0.9771086,0.9952511,0.98551434,0.99131507,0.9870063,0.98345256,0.9917682,0.98965335,0.99414235,0.97782993,0.98720104,0.9798019,0.9755973,0.99597913,0.98233527,0.98270494,0.99226034,0.9889075,0.9779415,0.9866725,0.99547297,0.5253635,0.9950849,0.85805917,0.9853216,0.9932848,0.99689204,0.973042,0.993616,0.9847241,0.98943645,0.98827004,0.98230076,0.98732495,0.99251926,0.9872583,0.9884981,0.98066866,0.98854,0.76997876,0.9878325,0.97746366,0.97719043,0.95554274,0.9927421,0.9897751,0.99588615,0.9917282,0.9955456,0.98046404,0.99999994,0.9889076,0.97907585,0.9870772,0.97592866,0.991805,0.98795706,0.9717088,0.98798436,0.9861573,0.99264157,0.99485326,0.9872569,0.932392,0.9797654,0.9849086,0.99075747,0.9894586,0.99137926,0.9932757,0.99999994,0.9796052,0.9970871,0.9913453,0.9819252
alitamovie,0.9618693,0.9321832,0.9750075,0.9845473,0.9709717,0.9473724,0.9782812,0.96747065,0.9840389,0.9999999,0.9863743,0.9551886,0.9614428,0.9696772,0.9821034,0.9525869,0.96430105,0.971364,0.96741194,0.95181876,0.9697161,0.95299274,0.96854216,0.9731769,0.93016386,0.7511323,0.9619323,0.9727804,0.96896744,0.9822567,0.9703564,0.98132855,0.9248689,0.93772364,0.8906597,0.903731,0.9807681,0.961385,0.9755022,0.95999867,0.96903855,0.9783058,0.9706263,0.9847305,0.9842734,0.92891026,0.9672798,0.96895164,0.9664825,0.98686296,0.9639331,0.97840077,0.92025656,0.9505047,0.949672,0.9790449,0.95899564,0.97291297,0.97860545,0.96680146,0.97566026,0.9567802,0.9625925,0.9795209,0.9659793,0.9273498,0.95952916,0.97947633,0.9809998,0.94526625,0.9736634,0.6166817,0.9343107,0.9848518,0.9739866,0.9421392,0.835665,0.947333,0.9623524,0.94472295,0.9886381,0.98119944,0.9776714,0.9534755,0.96339136,0.9604612,0.90150285,0.9611625,0.96406454,0.9848096,0.93927747,0.9736634,0.95816857,0.98777306,0.97580767,0.97610843,0.9592624,0.9658113,0.98467696,0.9526188,0.96653146,0.94117284,0.94141173,0.9824129,0.97522926,0.96079487,0.96613324,0.9659336,0.9555984,0.96155554,0.9858476,0.58987725,0.984137,0.83002114,0.9543047,0.9766421,0.9732364,0.93342865,0.98303515,0.9818772,0.96816295,0.977947,0.98236346,0.96606505,0.96691257,0.9792512,0.9731395,0.9742595,0.9587675,0.817862,0.9533842,0.95457256,0.962313,0.91106766,0.96574354,0.9831544,0.972632,0.9741203,0.97431237,0.9636707,0.9840389,0.97148305,0.9447227,0.9695607,0.9515475,0.96163636,0.9551854,0.93065757,0.971477,0.95437425,0.97550434,0.97592324,0.98293936,0.93100744,0.9492914,0.96696806,0.97309977,0.96446097,0.98246145,0.97894466,0.9840389,0.9654157,0.97571266,0.97312754,0.95650053
angelhasfallen,0.9805671,0.9596884,0.9832547,0.97826976,0.985557,0.96531475,0.9882865,0.9753973,0.99503684,0.9863743,0.9999999,0.98053324,0.9670438,0.9874836,0.98569554,0.97501516,0.98004615,0.98288006,0.9799236,0.96592915,0.98813134,0.97821707,0.98167896,0.9821479,0.9668516,0.7454945,0.9769246,0.9844649,0.9819427,0.98901516,0.98549986,0.99244475,0.9361429,0.96759886,0.93282044,0.8864965,0.99363834,0.967781,0.9851281,0.98204285,0.9677637,0.98887086,0.9773228,0.9877446,0.99082994,0.95890677,0.9829809,0.98815393,0.9848379,0.9929774,0.9852194,0.9936636,0.94376266,0.9688164,0.961621,0.98784363,0.9689075,0.98963475,0.9829472,0.97871,0.98583215,0.9797721,0.979426,0.9832279,0.9879903,0.9619102,0.9733757,0.9949898,0.9856652,0.9550394,0.9845836,0.572654,0.9346448,0.99177706,0.9702197,0.9660174,0.80749875,0.9683697,0.97488284,0.9690643,0.9865512,0.98282135,0.9873239,0.979814,0.98202974,0.98090714,0.9150568,0.9745707,0.9753825,0.9883106,0.96757406,0.9845836,0.9768131,0.9887406,0.99130845,0.9843323,0.98153824,0.98368967,0.99559486,0.9733694,0.98577255,0.9731829,0.9612207,0.9901306,0.9868283,0.9840429,0.9853248,0.9777798,0.9613873,0.97840387,0.9961957,0.55516964,0.99425274,0.8545401,0.977764,0.9823322,0.98798263,0.96168864,0.98374456,0.99105954,0.9797501,0.99134076,0.98742634,0.98814034,0.98902756,0.98333126,0.97881013,0.9866359,0.9790116,0.77845395,0.9776371,0.9757894,0.96983457,0.95054513,0.98762447,0.9875343,0.9870426,0.9872155,0.9881978,0.9789099,0.99503684,0.98378927,0.965421,0.9803052,0.9659712,0.986291,0.9763353,0.9531936,0.978634,0.97593313,0.98704207,0.99222684,0.9860683,0.9262893,0.9654594,0.97226447,0.9898265,0.9792232,0.9921053,0.988196,0.99503684,0.9714968,0.9906488,0.9845798,0.9795573
angrybirdsmovie,0.97159326,0.9274438,0.98322463,0.9570994,0.966214,0.9570557,0.96397656,0.9486229,0.9789346,0.9551886,0.98053324,1.0,0.9652417,0.9884588,0.9713073,0.95859486,0.97731483,0.9738826,0.96793294,0.96954304,0.97565746,0.97518253,0.9724188,0.9720495,0.96502095,0.78825796,0.97814053,0.9770213,0.98694664,0.97525144,0.96936715,0.9789205,0.9280347,0.9779679,0.93568724,0.86931884,0.9853546,0.9699719,0.9665401,0.969844,0.97173136,0.9722245,0.97755146,0.9653311,0.97533596,0.9613757,0.97306937,0.97109175,0.9876441,0.9757874,0.99503165,0.974362,0.9353622,0.9631466,0.92861754,0.96129954,0.9685194,0.9767148,0.9711198,0.9604271,0.9832291,0.98005176,0.9746562,0.9781133,0.9811898,0.9743541,0.94471806,0.9817524,0.9680871,0.9505691,0.97065973,0.5387948,0.9134875,0.9773437,0.9515182,0.9386107,0.74080235,0.9506487,0.9384929,0.9744342,0.97556657,0.9517651,0.9831981,0.9658476,0.9867412,0.97471815,0.86283326,0.96696687,0.96844035,0.9702147,0.9690481,0.97065973,0.9753172,0.9803713,0.99079156,0.9806989,0.964769,0.9748244,0.9843031,0.9801393,0.98654246,0.96759075,0.9708705,0.9791747,0.98616284,0.99606705,0.9818703,0.98077637,0.95851725,0.98403054,0.9847451,0.53985375,0.97524184,0.904021,0.96743983,0.9571591,0.9763998,0.97171855,0.9587903,0.9635019,0.97093195,0.9720627,0.961233,0.99099594,0.96900326,0.9789162,0.9665681,0.9885029,0.96941555,0.77566075,0.97477067,0.9634198,0.96803826,0.97183245,0.9731013,0.96832275,0.98388445,0.97156024,0.97781914,0.9846832,0.9789346,0.98329115,0.9672107,0.9841536,0.976592,0.9752136,0.9845138,0.93951654,0.9819946,0.9727112,0.97288877,0.9872664,0.9615009,0.88014615,0.94822264,0.97040254,0.9781588,0.980342,0.9761085,0.9603197,0.9789346,0.9715764,0.98142225,0.98179185,0.9947883
annabellemovie,0.9881143,0.919969,0.9799387,0.9667266,0.9808965,0.972796,0.96599776,0.96985626,0.9823786,0.9614428,0.9670438,0.9652417,1.0,0.98578876,0.97923386,0.95262,0.9817337,0.9882742,0.9714007,0.9659014,0.9781131,0.9764522,0.97759926,0.9844583,0.95016044,0.7429384,0.97089195,0.9824268,0.973441,0.9563408,0.9628477,0.9825674,0.94737446,0.97043765,0.9408811,0.8100882,0.9732351,0.98417085,0.9674107,0.9684,0.9698238,0.96830463,0.9680381,0.9736723,0.97440594,0.96054244,0.9775131,0.96606857,0.9675431,0.9690877,0.9707577,0.9784887,0.96077967,0.9712786,0.91905844,0.9691446,0.9649895,0.97986513,0.95913565,0.9791533,0.9826419,0.9593339,0.9737215,0.9875907,0.96380395,0.9630011,0.94358546,0.9689429,0.97492605,0.92502385,0.9816858,0.4796768,0.8962007,0.9822811,0.94761556,0.9429757,0.71757257,0.96041435,0.95144564,0.96570206,0.9840459,0.97514707,0.985541,0.9626764,0.96731997,0.9849676,0.9058278,0.99361897,0.9706865,0.97010094,0.9576705,0.9816858,0.97584695,0.9807109,0.97065324,0.97259986,0.9757933,0.9735937,0.971242,0.96935993,0.9642324,0.95795816,0.97782296,0.9824312,0.9661077,0.9662504,0.9763526,0.9849176,0.96439445,0.9813435,0.97480595,0.4378276,0.96583503,0.8513813,0.9649701,0.98301345,0.9887938,0.9753526,0.97395205,0.94788677,0.9827884,0.9660679,0.9636066,0.9728552,0.9639302,0.97194695,0.9874376,0.9587332,0.9771377,0.7484736,0.9783929,0.9568404,0.9649722,0.9587766,0.97267103,0.9661243,0.985452,0.9774577,0.9781039,0.9701759,0.9823786,0.9800081,0.9646983,0.98288697,0.9621282,0.97117513,0.9851316,0.96703243,0.985888,0.96575713,0.9733297,0.97593975,0.9602601,0.8884908,0.9674071,0.9769741,0.9690749,0.97158307,0.9777039,0.97568524,0.9823786,0.9737353,0.9841712,0.97365606,0.97568107
annamovie,0.9897107,0.9518406,0.9913292,0.97205627,0.9906267,0.98378915,0.9811347,0.9775416,0.9924944,0.9696772,0.9874836,0.9884588,0.98578876,1.0000001,0.98574144,0.9761268,0.98194444,0.99416876,0.9852187,0.96184075,0.9909801,0.99031425,0.98862433,0.9833393,0.9718032,0.7302685,0.97602487,0.984707,0.98527694,0.981814,0.9806627,0.9899648,0.9579061,0.99121654,0.95516735,0.85707814,0.9862241,0.9744656,0.9801875,0.98748845,0.97208136,0.9890113,0.975844,0.9848149,0.98730296,0.97561884,0.98945385,0.9880382,0.9882247,0.9868525,0.98974967,0.99087125,0.96817553,0.9855077,0.9373038,0.9835111,0.9679406,0.9939502,0.98066765,0.9830925,0.9932961,0.9766965,0.98381335,0.99196094,0.98200214,0.98443466,0.9609491,0.9912566,0.98295754,0.9544312,0.9877279,0.52709746,0.9317344,0.9921298,0.9680481,0.9590806,0.7576244,0.97157687,0.96651894,0.98318636,0.98650444,0.97908497,0.99336785,0.9807035,0.9822314,0.9926257,0.9164229,0.9878374,0.9793662,0.9848971,0.97328997,0.9877279,0.9901991,0.98918223,0.9897005,0.9863353,0.9865994,0.97940284,0.991389,0.9894928,0.9871572,0.97893167,0.9847693,0.992229,0.9843881,0.98913974,0.9861427,0.9882464,0.97237325,0.9849876,0.98993236,0.5067709,0.9874168,0.8869829,0.9770809,0.98067683,0.9907546,0.98810303,0.9787795,0.97368014,0.9863245,0.9845309,0.96799856,0.9884789,0.98164004,0.9827271,0.9833052,0.9824856,0.98951125,0.7488469,0.9882143,0.98266476,0.967509,0.96113974,0.99151355,0.9768196,0.99279773,0.9887593,0.9870934,0.9862553,0.9924944,0.986616,0.98115164,0.9903457,0.9718275,0.98543775,0.9926144,0.973151,0.9907258,0.97572505,0.98513854,0.99078107,0.98161083,0.8958447,0.97093755,0.97576094,0.9881849,0.9881628,0.9894099,0.982719,0.9924944,0.9830697,0.99514925,0.9888762,0.99216866
apollo11movie,0.9818376,0.92365324,0.98772126,0.98866624,0.981922,0.97195435,0.9675842,0.9768677,0.9901955,0.9821034,0.98569554,0.9713073,0.97923386,0.98574144,1.0000001,0.9537571,0.9827702,0.98834276,0.9794049,0.97405374,0.9843175,0.9683132,0.9907327,0.9871386,0.95589334,0.7145008,0.9739621,0.9768465,0.9760625,0.98834425,0.9826514,0.98388004,0.9422872,0.9681257,0.92327875,0.85845315,0.9812473,0.97614694,0.9757595,0.9779065,0.9621945,0.9820347,0.9786059,0.98070663,0.9860902,0.94743365,0.98606837,0.9748126,0.98096895,0.98067826,0.9760702,0.9871016,0.95876664,0.97697216,0.91862947,0.97603595,0.9692908,0.98406696,0.98271054,0.97663766,0.9895733,0.9725471,0.9791815,0.9833868,0.98446965,0.96283007,0.9722297,0.9854612,0.98655903,0.9387948,0.9820737,0.55169713,0.9135156,0.9918562,0.9638316,0.9543833,0.763175,0.9597959,0.9663196,0.97206676,0.99055916,0.9693598,0.98827785,0.9624715,0.9692526,0.9847998,0.90880364,0.98452103,0.97480506,0.99089885,0.96345717,0.9820737,0.96965283,0.98947066,0.9759632,0.994179,0.9812756,0.9783664,0.9845224,0.9740456,0.9703954,0.962131,0.9774717,0.98296356,0.97486,0.9747539,0.9844005,0.9751127,0.9670768,0.97362655,0.99077,0.5245243,0.9881094,0.85085875,0.9597922,0.98437184,0.9866733,0.9602906,0.9846799,0.96688634,0.97584665,0.9751095,0.96473634,0.975478,0.98411167,0.9918688,0.9890835,0.9749615,0.98220694,0.76133466,0.9800434,0.96794486,0.9689773,0.9416974,0.98095393,0.9931244,0.9872836,0.9826049,0.9814862,0.97497255,0.9901955,0.9832705,0.9614545,0.97314996,0.9748711,0.9778291,0.97490436,0.95142514,0.97604007,0.96580493,0.9722306,0.9872263,0.98041135,0.9216953,0.96478873,0.9782203,0.9910132,0.9756697,0.987331,0.9838705,0.9901955,0.98090816,0.9862729,0.9901586,0.9805632
arcticdogsmovie,0.980168,0.973845,0.96416855,0.9368365,0.9770557,0.97335404,0.98462015,0.9687539,0.98161024,0.9525869,0.97501516,0.95859486,0.95262,0.9761268,0.9537571,0.9999999,0.9633236,0.97717273,0.9862937,0.9221618,0.9842768,0.97922045,0.96821505,0.96545464,0.9779351,0.6840822,0.9513431,0.97317284,0.95442283,0.96032256,0.97597545,0.97415555,0.9733382,0.9615431,0.969368,0.84693366,0.96518886,0.9287593,0.9797431,0.98457664,0.95956165,0.9820518,0.96013266,0.980952,0.9725024,0.9830086,0.9705796,0.9879172,0.9709392,0.98176914,0.96238387,0.9826842,0.96692044,0.9756929,0.9252435,0.9821816,0.94567835,0.9851727,0.96087307,0.9868261,0.9711876,0.9737128,0.9824017,0.97498125,0.9471864,0.9582495,0.9719212,0.98339474,0.95393956,0.94621766,0.9854029,0.59346867,0.9595352,0.9771884,0.9403838,0.98312193,0.7671505,0.98823655,0.9852504,0.97834444,0.9603504,0.979183,0.9662911,0.9665219,0.9602028,0.9784624,0.9427352,0.96871406,0.9738812,0.97324103,0.9775828,0.9854029,0.98188096,0.9678931,0.96323144,0.9464023,0.98436683,0.97353876,0.97769743,0.9610436,0.97528255,0.9803291,0.9474736,0.98081803,0.95863014,0.959713,0.96892565,0.9687422,0.97287023,0.969039,0.96878725,0.56495374,0.9804068,0.85361725,0.98436856,0.9718373,0.97630787,0.9647473,0.97469884,0.9712057,0.9783598,0.97725326,0.9558855,0.9686845,0.98070884,0.9598216,0.95939493,0.9530313,0.9730465,0.7606334,0.97569823,0.96271235,0.95550144,0.922719,0.98979586,0.9583129,0.9764697,0.96637726,0.98151237,0.96005577,0.98161024,0.95917046,0.97571987,0.97053146,0.9419051,0.984839,0.9787606,0.977948,0.9680378,0.9731714,0.9786907,0.97259176,0.97935504,0.9334893,0.97783214,0.96225643,0.9618084,0.9851665,0.9715556,0.97860765,0.98161024,0.95917904,0.9837421,0.9689734,0.9559346
arcticmovie,0.9898833,0.925642,0.98814595,0.96421736,0.97521824,0.9658635,0.9718086,0.96446675,0.9887707,0.96430105,0.98004615,0.97731483,0.9817337,0.98194444,0.9827702,0.9633236,1.0000001,0.9843029,0.98017246,0.9842788,0.98779804,0.9719883,0.97906363,0.9906794,0.97036654,0.77263606,0.9826069,0.99042237,0.9865718,0.9650832,0.98064804,0.985191,0.9380966,0.961218,0.9422048,0.8149159,0.98807126,0.9845589,0.97565764,0.97527623,0.9778732,0.9702802,0.98692834,0.97645503,0.9806717,0.96222436,0.9777407,0.9740706,0.97911,0.9770966,0.98492575,0.9845883,0.95345724,0.96916133,0.92131215,0.96662885,0.97898597,0.97877985,0.967843,0.9813964,0.98346406,0.9832677,0.98696536,0.98512363,0.97709346,0.963489,0.9686217,0.9806473,0.9744868,0.91704077,0.9849,0.5188147,0.895004,0.98701984,0.9289819,0.95618725,0.6987311,0.9650031,0.9624152,0.97480416,0.9825334,0.96427494,0.98578334,0.9616547,0.9775419,0.9856323,0.8891484,0.987533,0.98215544,0.9812441,0.9797968,0.9849,0.97020215,0.98090214,0.97912985,0.9753382,0.98168933,0.99275863,0.9819286,0.95926535,0.97307414,0.9698801,0.97146124,0.98164636,0.97203803,0.98071575,0.99051595,0.9852833,0.9749553,0.9867352,0.98684496,0.49514621,0.97574633,0.84229445,0.97309196,0.9822476,0.99217993,0.9631128,0.9818697,0.96329564,0.9865973,0.9670589,0.97283334,0.9820645,0.98445266,0.9884975,0.9861302,0.975065,0.9736669,0.78431153,0.9864203,0.95256364,0.9912721,0.97067726,0.97675997,0.98565525,0.9875684,0.97786635,0.9875776,0.96844184,0.9887707,0.9907377,0.961312,0.98272896,0.9824953,0.9874903,0.9889576,0.95353156,0.98338556,0.9815643,0.9768802,0.9897556,0.960961,0.9225935,0.9695262,0.99089754,0.9756158,0.9795644,0.9754753,0.97480565,0.9887707,0.97441393,0.98766404,0.98354626,0.98073566
artofracingmovie,0.9943771,0.9452986,0.9890791,0.9747663,0.9924915,0.9907167,0.97810245,0.9895899,0.99309915,0.971364,0.98288006,0.9738826,0.9882742,0.99416876,0.98834276,0.97717273,0.9843029,1.0000001,0.99351346,0.9607347,0.99359,0.98783606,0.98573524,0.98422027,0.97170913,0.70255685,0.9641511,0.9838712,0.97558504,0.9797464,0.98826385,0.9873651,0.9683395,0.981052,0.95570576,0.82632536,0.9777505,0.96968627,0.97828853,0.98671955,0.9682202,0.99209553,0.974807,0.9915634,0.98563015,0.96863043,0.98448795,0.9905306,0.9801,0.9870117,0.9811181,0.9896326,0.97663665,0.99251586,0.924636,0.9868894,0.9605297,0.99641883,0.9837847,0.99067783,0.98960125,0.9725465,0.9870053,0.98951846,0.97315407,0.97328275,0.96708727,0.9854266,0.9856406,0.9484881,0.99003595,0.5418726,0.93852824,0.9955093,0.959205,0.96634763,0.7518135,0.9783495,0.97598284,0.98674107,0.9841118,0.9835111,0.99259603,0.97725457,0.976431,0.993553,0.93800473,0.99103993,0.975553,0.98934454,0.9720913,0.99003595,0.9921736,0.988973,0.9788151,0.9845707,0.99309915,0.9812681,0.987534,0.9769824,0.97251594,0.9838679,0.9864641,0.99024326,0.96988845,0.97826266,0.9807695,0.9813206,0.9834765,0.9807982,0.98471373,0.5091663,0.9885959,0.8489559,0.97370124,0.9912648,0.99328965,0.98039323,0.98455846,0.96788406,0.9868004,0.98486006,0.96447366,0.9782858,0.983206,0.9846985,0.98318017,0.9731353,0.9937397,0.752991,0.9943067,0.98142505,0.9663922,0.9460296,0.99255705,0.98377085,0.99286115,0.9861964,0.9862865,0.97657216,0.99309915,0.98099273,0.97390336,0.9834022,0.96851075,0.9852062,0.9895582,0.98047686,0.9843088,0.9768586,0.9793556,0.9871539,0.9820104,0.9147601,0.9759162,0.9772956,0.9838097,0.9888676,0.99007475,0.9902994,0.99309915,0.9783732,0.992451,0.98657244,0.98233557
avengers,0.9872397,0.95228654,0.9825431,0.9680039,0.9804113,0.98131394,0.9767587,0.9875618,0.9888388,0.96741194,0.9799236,0.96793294,0.9714007,0.9852187,0.9794049,0.9862937,0.98017246,0.99351346,1.0,0.95203197,0.9895278,0.97688365,0.978302,0.9786692,0.9707477,0.68716925,0.9543495,0.9795324,0.9658273,0.9783234,0.9950816,0.9774184,0.969138,0.9660307,0.9501905,0.8315678,0.97121865,0.9541178,0.9776548,0.98464215,0.96870923,0.99063236,0.977583,0.9899123,0.9808508,0.9662252,0.9761357,0.9904287,0.97944,0.9872189,0.97382224,0.98501813,0.9711756,0.98974884,0.9137459,0.9822262,0.95730394,0.99239236,0.98011273,0.9906143,0.986549,0.9768313,0.98770314,0.9834502,0.9624737,0.95861304,0.9729701,0.9844131,0.9718673,0.9523359,0.9881862,0.60623074,0.953085,0.9926232,0.9513074,0.9722296,0.7588872,0.9797103,0.978999,0.9879814,0.9754048,0.97773093,0.98451483,0.96456337,0.96736026,0.9887605,0.9404998,0.9811302,0.9764519,0.9914165,0.9739707,0.9881862,0.98587686,0.9842166,0.97158414,0.9757197,0.9898546,0.98238695,0.9861217,0.967828,0.96953005,0.9821939,0.9699769,0.986223,0.96738994,0.97100246,0.9736424,0.97161424,0.9851637,0.9741953,0.9805055,0.5758405,0.9883624,0.83366734,0.96935153,0.9829964,0.98527795,0.96372235,0.9834606,0.9690204,0.9834471,0.97968245,0.958582,0.97002864,0.98486245,0.9830267,0.9726891,0.96989036,0.983226,0.78390217,0.98969686,0.96975887,0.9681308,0.92852205,0.99261177,0.98402435,0.98731464,0.97284496,0.9824638,0.9749714,0.9888388,0.9686296,0.9677036,0.9729157,0.9650887,0.98674256,0.9832254,0.97352284,0.97556454,0.9748604,0.9736618,0.98557556,0.981464,0.934776,0.98068464,0.9775627,0.9765664,0.9918108,0.983184,0.9850706,0.9888388,0.96725917,0.9871938,0.9853256,0.9730388
beachbummovie,0.963434,0.8840189,0.9651417,0.96731967,0.9481046,0.9312043,0.93510306,0.94547194,0.9680931,0.95181876,0.96592915,0.96954304,0.9659014,0.96184075,0.97405374,0.9221618,0.9842788,0.9607347,0.95203197,1.0,0.95954496,0.94349617,0.9622473,0.9779859,0.9332528,0.7796088,0.97064924,0.9728934,0.9669599,0.95485,0.9646947,0.96452683,0.89148104,0.933461,0.89387274,0.8134663,0.9725928,0.9786135,0.9515213,0.93822867,0.9608909,0.9453338,0.9689518,0.95155793,0.9612381,0.9272904,0.9604421,0.94297445,0.9705663,0.9558304,0.9689461,0.95993423,0.9165328,0.9430599,0.9082647,0.93884903,0.9643042,0.9551197,0.9495351,0.9542461,0.9733439,0.96348727,0.9630445,0.9598614,0.9729705,0.93204707,0.94125295,0.95811105,0.9591006,0.89916605,0.96120024,0.49552873,0.85274166,0.96568716,0.9128616,0.924251,0.6909989,0.9293551,0.92036873,0.9483069,0.96685845,0.93459976,0.9741172,0.9408407,0.9674598,0.9634743,0.8421531,0.9660845,0.9552253,0.9626277,0.950821,0.96120024,0.9410995,0.9667343,0.96603954,0.97675425,0.95170605,0.979092,0.9594943,0.9389175,0.9503811,0.9377584,0.9514604,0.96356505,0.9661829,0.9670432,0.9726832,0.9589185,0.9368614,0.96670055,0.9765411,0.48074806,0.95551175,0.83718425,0.9456076,0.9582923,0.97109187,0.92905104,0.9573181,0.9346764,0.96607596,0.94965625,0.9605078,0.96712196,0.96119136,0.9760999,0.9676327,0.9641391,0.9508446,0.77364445,0.9647078,0.9262832,0.9726361,0.9637586,0.94851834,0.97560966,0.9714078,0.95135874,0.9690008,0.96138656,0.9680931,0.9728445,0.9320239,0.9558794,0.97368973,0.9589616,0.9635824,0.90463793,0.9571555,0.95505005,0.946051,0.973832,0.93385464,0.89075196,0.9424484,0.97423476,0.9655393,0.9537186,0.96620274,0.9556962,0.9680931,0.9503246,0.9626911,0.97005,0.9698653
bernadettefilm,0.99616414,0.9484228,0.9886492,0.96398,0.994437,0.9900409,0.98648906,0.9817466,0.9966175,0.9697161,0.98813134,0.97565746,0.9781131,0.9909801,0.9843175,0.9842768,0.98779804,0.99359,0.9895278,0.95954496,0.9999999,0.98738205,0.9889711,0.9883978,0.9853786,0.71286684,0.97151434,0.98240894,0.98102427,0.97722733,0.9861477,0.993234,0.9639499,0.9805826,0.96653926,0.8344709,0.9850756,0.9677326,0.9895142,0.9927928,0.96964157,0.99000657,0.9739715,0.9905905,0.99170715,0.9796424,0.98928523,0.9947635,0.9848811,0.99023384,0.9843226,0.99573374,0.97634983,0.98908263,0.93376577,0.98566264,0.9708251,0.9935467,0.98389447,0.99070907,0.984258,0.9839954,0.9942352,0.9863967,0.9780352,0.97611415,0.9824787,0.9925748,0.98565227,0.9355543,0.99316436,0.5223713,0.9316677,0.9912746,0.946945,0.97359806,0.7362528,0.9873267,0.98480886,0.98907477,0.9821074,0.9825519,0.98999214,0.9795945,0.98333645,0.9890033,0.92528874,0.986646,0.9822746,0.9893702,0.98129135,0.99316436,0.9889111,0.9821093,0.98096615,0.97630215,0.9961208,0.98617166,0.98938787,0.974001,0.9830365,0.9882756,0.9829134,0.9910523,0.9702267,0.9822366,0.99121207,0.98670834,0.98374116,0.9827824,0.9887188,0.49615818,0.99197334,0.85634756,0.9860397,0.9919891,0.99564826,0.98002183,0.99012095,0.9783148,0.98766226,0.9831066,0.96958077,0.98273784,0.9924916,0.98241407,0.9817879,0.97467965,0.99349236,0.73863137,0.99328405,0.9826846,0.9727582,0.95624584,0.9932566,0.98486245,0.99380475,0.9919637,0.99350876,0.97136176,0.9966175,0.98705345,0.98327523,0.98449135,0.9764637,0.99188817,0.9905876,0.9803508,0.9842845,0.98919755,0.989362,0.9911283,0.982005,0.9243647,0.97771883,0.98038816,0.9875667,0.9905948,0.9838974,0.989556,0.9966175,0.9772065,0.99532527,0.9887018,0.9800912
