movie,21bridgesmovie,47metersdown,abeautifuldaymovie,abominablemovie,adastramovie,adogsjourneymovie,aftermathmovie,aftermovie,ahiddenlifefilm,alitamovie,angelhasfallen,angrybirdsmovie,annabellemovie,annamovie,apollo11movie,arcticdogsmovie,arcticmovie,artofracingmovie,avengers,beachbummovie,bernadettefilm,blackandbluemovie,blackchristmas,blindedbythelightmovie,bombshellmovie,booksmart,breakthroughmovie,brianbanksmovie,brightburnmovie,brittanyrunsmov,captainmarvelofficial,captivestatemovie,catsmovie,charliesangels,childsplaymovie,clarathefilm,coldpursuitmovie,countdown,currentwarmovie,darkwatersmovie,detectivepikachumovie,disneyaladdin,disneyfrozen,disneymaleficent,doctorsleepmovie,dolemiteismyname,dontletgomovie,doramovie,downtonabbey_official,dumbo,escaperoom,everybodyknowsmovie,fastandfuriousmovie,fightingwmyfam,fivefeetapartfilm,fordvferrari,freaksthefilm,geminimanmovie,glassmovie,gloriabellmovie,godzillamovie,goldfinchmovie,goodboysmovie,goodliarmovie,gretafilm,halathemovie,happydeathdaymovie,harrietfilm,hellboymovie,hersmellmovie,highlifemovie,highstrungmovie,honeyboymovie,hotelmumbaifilm,httydragon,hustlemovie,hustlersmovie,isntitromantic,itmovieofficial,jayandsilentbob,johnwickmovie,jojorabbitmovie,jokermovie,judythefilm,jumanjimovie,justmercyfilm,knivesout,lalloronamovie,lastblackmansf,lastchristmasthemovie,latenightmovie,lighthousemovie,lionking,littlethemovie,littlewomenmovie,littlewoodsfilm,longshotmovie,lordsofchaosmovie,lucyintheskyfilm,mamovie2019,marriagestory,meettheaddams,meninblack,midsommarmovie,midwaymovie,missbalamovie,missinglinkfilm,motherlessbklyn,onceinhollywood,onthebasisofsex,overcomermovie,peanutbutterfalcon,petsematarymovie,piercingmovie,playingwithfire,playmobilthemovie,pomsmovie,queenandslim,rambomovie,readyornotfilm,richardjewellfilm,rocketmanmovie,scarystoriesmovie,secretlifeofpets,serenityfilm,shaftmovie,shazammovie,spidermanmovie,spiesindisguise,starwars,stormboymovie,stubermovie,taosdfilm,teenspiritmov,terminator,theaeronautsmov,thebestofenemies,thedeaddontdie,thefarewell,thehighwaymen,thehummingbirdprojectfilm,theintrudermovie,theirishmanfilm,thekitchenmovie,thelegomovie,themustangfilm,thenightingalefilm,theprodigymovie,thesunisalsoastar,theupsidefilm,tolkienmovie,toystory,triplefrontier,uglydolls,uncutgems,underthesilverlake,usmovie,wavesmovie,whatmenwant,wonderparkmovie,wrinklestheclown,xmenmovies,yardiefilm,yesterdaymovie,zombieland
21bridgesmovie,0.99999994,0.9235449,0.96890986,0.9618028,0.9688297,0.97095543,0.9627145,0.9819988,0.9837383,0.9570842,0.97695225,0.93998647,0.96943694,0.96461594,0.95825696,0.9698405,0.9625251,0.96611416,0.9594108,0.94924945,0.98167306,0.9640213,0.96101713,0.95638126,0.9642294,0.8789013,0.9666856,0.94397247,0.9658324,0.96760887,0.9654317,0.95082265,0.975483,0.949945,0.9290646,0.886623,0.9710248,0.9849388,0.95441586,0.95460916,0.9615546,0.95880264,0.94604427,0.9559922,0.9594662,0.968778,0.96975076,0.95293653,0.95121807,0.9530407,0.97290206,0.97447056,0.93939054,0.8954893,0.95313716,0.9520147,0.9577501,0.9777609,0.9761052,0.9671148,0.9602215,0.9530307,0.96317255,0.97215194,0.91603065,0.9631341,0.93727005,0.9763667,0.93913835,0.91862065,0.96116275,0.40681604,0.9277908,0.95365065,0.9059517,0.9480251,0.75817484,0.9349148,0.95084196,0.9248746,0.9680168,0.94086,0.96382374,0.915617,0.9613279,0.981514,0.9618036,0.96035683,0.9663672,0.97436404,0.9694207,0.96116275,0.9443169,0.95670843,0.95156896,0.96649885,0.9558458,0.97114974,0.9534815,0.95516175,0.96602565,0.9684491,0.9155686,0.9548009,0.9537839,0.9686765,0.9729438,0.9737206,0.98080474,0.922181,0.9768024,0.59230494,0.9668534,0.7731549,0.97192466,0.96897024,0.9945359,0.94225025,0.97298145,0.9353837,0.9576925,0.9485645,0.9644389,0.95543826,0.9739369,0.983782,0.9651845,0.92240113,0.93829674,0.8873078,0.95850736,0.9440778,0.9658328,0.93702036,0.9663812,0.97292686,0.9847591,0.95213455,0.9582994,0.97440445,0.9837383,0.9767324,0.9589397,0.96560514,0.93130445,0.9462573,0.939429,0.9323246,0.9605623,0.97478426,0.96451527,0.9677822,0.9524296,0.8520994,0.96299046,0.9561486,0.9652834,0.93335545,0.9589677,0.93270814,0.9837383,0.9675009,0.9702222,0.968156,0.9785096
47metersdown,0.9235449,1.0,0.9258709,0.92218965,0.94453233,0.9099988,0.945991,0.9395915,0.95514715,0.9363397,0.9318544,0.8824608,0.9456319,0.9242993,0.96345073,0.9419416,0.94036824,0.94494903,0.8912369,0.94795734,0.9234074,0.89954644,0.94614905,0.93957245,0.9428005,0.8761907,0.9332775,0.9256903,0.9149251,0.92787415,0.9116211,0.9233243,0.9346613,0.8971407,0.9302849,0.90274745,0.9428217,0.92271644,0.92854863,0.9351403,0.9618937,0.95234203,0.93909997,0.9505316,0.9440932,0.9292078,0.9517573,0.9324432,0.92118603,0.9578423,0.9182147,0.9518165,0.93886954,0.87839127,0.9105441,0.91392845,0.9511843,0.9410654,0.9222121,0.9464388,0.9326862,0.8758469,0.95463496,0.94191104,0.9433766,0.96407336,0.9029603,0.92037445,0.90424997,0.90392065,0.9440706,0.32553425,0.9033952,0.95678836,0.9309191,0.9286113,0.76887906,0.9081482,0.9108897,0.89648557,0.9263001,0.938036,0.9522547,0.9716988,0.903371,0.9361541,0.91218597,0.948626,0.92628336,0.94524306,0.9172028,0.9440706,0.957584,0.9270122,0.9036728,0.957995,0.93864304,0.93720376,0.9506402,0.92844427,0.9359471,0.9598677,0.8943121,0.9431698,0.93051475,0.91614455,0.9343543,0.9354801,0.92020327,0.914038,0.9247845,0.58672535,0.94502455,0.781211,0.9270199,0.92782074,0.9388401,0.95066464,0.9477355,0.93485516,0.93712336,0.94430256,0.9444189,0.93579274,0.9210978,0.9237312,0.92968875,0.82115245,0.8702138,0.8910076,0.9473323,0.9313047,0.934605,0.9100253,0.9369765,0.93978083,0.9292633,0.9557023,0.94571567,0.9196186,0.95514715,0.92268187,0.92406803,0.9413082,0.9219495,0.93198794,0.8865526,0.93719083,0.9500481,0.9218617,0.9351985,0.9444604,0.914307,0.7843377,0.9091202,0.9369344,0.9471179,0.9392887,0.9375044,0.9280136,0.95514715,0.9176969,0.9351425,0.9606991,0.92547166
abeautifuldaymovie,0.96890986,0.9258709,0.99999994,0.95228076,0.9492656,0.96853787,0.95508045,0.963494,0.97323436,0.94361573,0.9711984,0.94066507,0.9489811,0.9314736,0.95766366,0.97207767,0.9541567,0.9452787,0.9520345,0.93916816,0.97327214,0.96815646,0.95588225,0.94884175,0.9432386,0.8320018,0.9353645,0.9340492,0.9758832,0.94127715,0.9498025,0.922538,0.96294224,0.9719949,0.887558,0.83085376,0.95848936,0.96021795,0.9626846,0.9334214,0.9460171,0.9510814,0.92598546,0.94926476,0.93250734,0.9620124,0.9612478,0.92214525,0.95710766,0.9410762,0.9840407,0.9595789,0.9397353,0.86110353,0.9337559,0.95513666,0.92828554,0.96254486,0.96616375,0.96771353,0.9278343,0.95274854,0.9356435,0.94326895,0.9018993,0.94780505,0.9331492,0.9590996,0.9428657,0.8567872,0.9660733,0.33940384,0.9197898,0.92574126,0.88098216,0.9382847,0.68184686,0.9165086,0.94695103,0.9348583,0.9493099,0.92078996,0.960273,0.89319396,0.9736809,0.9725031,0.9527707,0.95371246,0.9657383,0.96540105,0.9699936,0.9660733,0.9471215,0.93255746,0.95283985,0.956998,0.9394616,0.9530597,0.9284221,0.942657,0.96422184,0.95545596,0.95419514,0.948451,0.92893857,0.97097266,0.9738906,0.9663393,0.971798,0.8765404,0.9729864,0.502325,0.95471966,0.70757943,0.97105724,0.9424151,0.974469,0.9197241,0.96969396,0.931756,0.9466897,0.95810944,0.9445538,0.9367548,0.9465965,0.96512324,0.9550272,0.9479417,0.94342023,0.86680335,0.9605782,0.9548684,0.9599336,0.9389128,0.9461817,0.95381886,0.9528478,0.94513655,0.9759097,0.9556799,0.97323436,0.97899014,0.96739453,0.93623185,0.90643907,0.9150995,0.8942807,0.89641714,0.9369103,0.9731583,0.9560773,0.96928966,0.93691826,0.863338,0.97201985,0.95456356,0.96362466,0.95069486,0.9279234,0.90837777,0.97323436,0.944126,0.93148565,0.9619349,0.9767675
abominablemovie,0.9618028,0.92218965,0.95228076,0.9999998,0.9312308,0.958481,0.9319402,0.95227116,0.9590336,0.92472625,0.95629656,0.9004556,0.9559286,0.92383885,0.9319898,0.9526633,0.9170052,0.92985815,0.92260116,0.9096773,0.96556926,0.9255432,0.93283284,0.9279292,0.9418747,0.8612169,0.9196785,0.9103953,0.9368105,0.92268693,0.9262547,0.9154306,0.947878,0.9133043,0.9076209,0.85168016,0.935788,0.9786658,0.9237375,0.93011945,0.94901955,0.95886606,0.9097514,0.95993614,0.91421556,0.9155847,0.94638824,0.92553157,0.9246125,0.96036506,0.94379187,0.949332,0.94365996,0.8670228,0.95910436,0.90580416,0.9246756,0.94102114,0.97352535,0.93770605,0.93291384,0.94698024,0.9394473,0.937241,0.8825309,0.95040905,0.91767913,0.9530541,0.8885935,0.8830774,0.91888964,0.42884696,0.8748586,0.93474066,0.91047883,0.9283279,0.7006918,0.9054363,0.9374519,0.891765,0.948315,0.92896634,0.93333894,0.9078975,0.95464927,0.9410409,0.94626564,0.9465139,0.9222693,0.9606235,0.9539939,0.91888964,0.9412354,0.94176656,0.9130121,0.94842744,0.93073875,0.9289056,0.9423667,0.9267707,0.92302984,0.9473408,0.86975116,0.91417193,0.9166777,0.93378377,0.940378,0.9419131,0.9373718,0.8875697,0.9423646,0.5521463,0.9330453,0.69049,0.9407354,0.92707366,0.96109813,0.934376,0.95239705,0.9091728,0.92431253,0.93950504,0.94918376,0.93991596,0.92689747,0.9559899,0.94640064,0.8911955,0.9134373,0.8414297,0.9445825,0.9050947,0.92435014,0.94311845,0.9343835,0.9278131,0.9660563,0.9475037,0.9222504,0.9380063,0.9590336,0.94535995,0.93152153,0.94339776,0.91740316,0.923508,0.87880284,0.9048418,0.9246441,0.9609792,0.93182003,0.9811243,0.92523986,0.862768,0.91131586,0.9172993,0.9496881,0.90360403,0.93296117,0.90856075,0.9590336,0.92739314,0.9348718,0.9449554,0.96203643
adastramovie,0.9688297,0.94453233,0.9492656,0.9312308,1.0,0.9504393,0.97299874,0.9692947,0.97995865,0.97293246,0.95937115,0.94382256,0.96868795,0.96400315,0.9717938,0.9598848,0.97225493,0.98214453,0.9368336,0.97105217,0.9577424,0.9376252,0.9717658,0.9710107,0.9593449,0.88096315,0.9719474,0.95306337,0.9563631,0.95396537,0.9452707,0.96104217,0.96094686,0.9421187,0.93898773,0.9244045,0.9694083,0.9516841,0.9612226,0.94426674,0.9684901,0.95564747,0.95503306,0.9581114,0.95225376,0.9554591,0.9729362,0.94494826,0.9483233,0.9563282,0.95678955,0.96667695,0.9544163,0.91351646,0.9400335,0.9524725,0.9637365,0.9755008,0.95055634,0.96198136,0.958063,0.9231224,0.95540154,0.9722594,0.9392763,0.96445096,0.93590826,0.9511103,0.9408514,0.91974777,0.9619898,0.40880978,0.9267122,0.9706989,0.9216173,0.95073354,0.7818568,0.9316032,0.9368555,0.92479324,0.94360274,0.9534087,0.9686717,0.9460364,0.947651,0.96487725,0.93131137,0.9600841,0.95410097,0.9782359,0.9476492,0.9619898,0.9342084,0.9432743,0.9388085,0.96650106,0.9491009,0.97507274,0.9621328,0.95387197,0.9636121,0.97412294,0.9248585,0.95738053,0.96310675,0.9623246,0.9667983,0.97167677,0.95626754,0.9299068,0.96841735,0.6345483,0.9623942,0.8050062,0.9560776,0.9531828,0.9719363,0.9476021,0.9668583,0.94976956,0.9679367,0.947192,0.9621318,0.9467602,0.9602643,0.95977986,0.9545063,0.8877155,0.93847644,0.89776105,0.9501529,0.97532207,0.97044015,0.9119959,0.9623265,0.96224296,0.9529412,0.9518195,0.96929055,0.96332717,0.97995865,0.95868784,0.96083915,0.96210605,0.9440319,0.9501487,0.952128,0.9439703,0.9717189,0.9475907,0.9709315,0.94329286,0.94099987,0.8279792,0.94304115,0.9604777,0.96653354,0.94673586,0.95169413,0.9405702,0.97995865,0.96275645,0.9696664,0.9723949,0.9544752
adogsjourneymovie,0.97095543,0.9099988,0.96853787,0.958481,0.9504393,0.9999997,0.94952357,0.95726955,0.9735058,0.92820907,0.95685405,0.9519863,0.95404696,0.9408579,0.94653887,0.9821677,0.94456345,0.93885326,0.9773943,0.94678026,0.97017795,0.9648414,0.9604868,0.9453771,0.9620731,0.8589621,0.9382207,0.94396377,0.9692137,0.93858284,0.96672523,0.9582654,0.95298123,0.9618508,0.89771664,0.85659844,0.9478203,0.9572987,0.9675057,0.93207914,0.9413973,0.9363683,0.90940976,0.93565685,0.92680043,0.94889116,0.9680402,0.9338014,0.9441321,0.9273183,0.97642016,0.9721977,0.95752084,0.9010224,0.91914374,0.94453824,0.9096513,0.96153736,0.97592455,0.9591459,0.93763596,0.9756574,0.95064956,0.9496152,0.91405684,0.94300985,0.9606522,0.9797447,0.9309799,0.8797079,0.9455122,0.4383741,0.92859286,0.9418186,0.8846874,0.93523335,0.7108679,0.9222103,0.9570434,0.92904913,0.96323586,0.9230707,0.94887567,0.8866261,0.9585318,0.949295,0.96672434,0.9610909,0.96173346,0.96516323,0.97049934,0.9455122,0.9351206,0.9426893,0.93725264,0.9499157,0.9533881,0.96278316,0.9346441,0.9515909,0.9501281,0.9667055,0.92377126,0.93507123,0.9296972,0.971719,0.9576515,0.9625915,0.9672572,0.9195216,0.9637995,0.5202038,0.9524565,0.7189764,0.9671427,0.94956315,0.9682628,0.93369347,0.9709643,0.92915,0.9420653,0.95387787,0.95065385,0.9624222,0.9480972,0.9666459,0.9502243,0.9457597,0.944621,0.8575389,0.9502759,0.9446169,0.94377524,0.9313278,0.95210785,0.94841003,0.9529786,0.967685,0.95005655,0.9488237,0.9735058,0.97959185,0.94967425,0.95179963,0.9184591,0.94604754,0.9159971,0.9107608,0.94121945,0.9791004,0.9609948,0.95045805,0.910685,0.8739554,0.9529511,0.9470579,0.96426797,0.9316332,0.9426087,0.93051755,0.9735058,0.92946315,0.9411413,0.962484,0.9743167
aftermathmovie,0.9627145,0.945991,0.95508045,0.9319402,0.97299874,0.94952357,0.9999998,0.96490574,0.98869586,0.9751659,0.9688281,0.9389768,0.98179346,0.97133815,0.964313,0.96968496,0.97851235,0.98494714,0.9447064,0.9575371,0.96401995,0.9440776,0.9763408,0.984672,0.96828496,0.891419,0.9695596,0.9722853,0.95740974,0.961322,0.94873923,0.96742266,0.975434,0.9359696,0.95771956,0.9109529,0.971255,0.9473061,0.9678003,0.95875096,0.97789043,0.96277267,0.95669514,0.95954627,0.96023136,0.9681687,0.97692573,0.9549918,0.9839208,0.9585406,0.9621007,0.97779137,0.95991236,0.92280585,0.917371,0.97145283,0.94921046,0.9831483,0.95904607,0.9799076,0.9658091,0.93000346,0.96485835,0.9839925,0.96752316,0.97828543,0.93300974,0.9639958,0.9496879,0.9247925,0.9824896,0.33166772,0.96193904,0.9615868,0.92199963,0.9680606,0.7877633,0.9611104,0.9622513,0.95317775,0.947012,0.9810504,0.9769083,0.9398751,0.935892,0.9695694,0.9544324,0.978402,0.9622178,0.9843012,0.9696108,0.9824896,0.95481575,0.95844537,0.9416725,0.9576388,0.96341693,0.97623485,0.9743104,0.96028614,0.9721882,0.97768706,0.92779505,0.97176385,0.9503216,0.96662647,0.96597165,0.9790494,0.95702857,0.92751735,0.9692259,0.6031777,0.9800991,0.81681985,0.9756765,0.9674525,0.9708007,0.94647855,0.97713286,0.98594934,0.98602897,0.9735074,0.9708863,0.95759994,0.9693867,0.97006017,0.9610414,0.91109794,0.92956233,0.90872127,0.96896803,0.946016,0.96988004,0.878343,0.9820725,0.9757096,0.9435642,0.96410376,0.9796242,0.94553614,0.98869586,0.9672364,0.97180724,0.96899444,0.95052177,0.96585286,0.9529646,0.96492255,0.97569543,0.9620056,0.99283177,0.9591391,0.9456083,0.81573856,0.9592206,0.9816768,0.9549997,0.9668439,0.9614613,0.9685593,0.98869586,0.9601671,0.97438234,0.9694235,0.95665187
aftermovie,0.9819988,0.9395915,0.963494,0.95227116,0.9692947,0.95726955,0.96490574,1.0000001,0.9814554,0.95387423,0.97024405,0.92115957,0.9638181,0.9448039,0.9667853,0.96821785,0.959651,0.96467036,0.9527518,0.95742464,0.9831194,0.94722855,0.96109295,0.9695109,0.9696351,0.8544721,0.9593374,0.96275705,0.9605167,0.9597145,0.9632222,0.94758075,0.9658372,0.93321687,0.9373672,0.8931176,0.97160286,0.97532856,0.94814193,0.956084,0.9675907,0.9560884,0.9480737,0.96363974,0.9627165,0.96811444,0.96708614,0.9412688,0.9516014,0.95860547,0.96289384,0.96777815,0.93797123,0.88555676,0.96101016,0.95177084,0.95741373,0.97520405,0.9679417,0.96331954,0.9656253,0.9386596,0.9610432,0.9595085,0.92914957,0.9650473,0.9169587,0.96535915,0.9283632,0.9255837,0.96925104,0.36574617,0.94234985,0.96969944,0.8947575,0.9575428,0.7259303,0.94293576,0.9501234,0.9375464,0.95999426,0.94503367,0.9629982,0.9261028,0.94676024,0.97892624,0.96414787,0.95267594,0.9783655,0.9695106,0.9675299,0.96925104,0.9491619,0.94804,0.94552183,0.9673434,0.9748052,0.97102785,0.9547062,0.9385791,0.9652391,0.96931565,0.9244579,0.96126986,0.92954147,0.9578844,0.96169084,0.9690926,0.9679389,0.9154057,0.9645446,0.5311374,0.97604185,0.7513742,0.9707508,0.9736885,0.98075277,0.9420432,0.97705996,0.9499488,0.95442706,0.95639026,0.9728501,0.9681323,0.9671827,0.98370486,0.94649166,0.90376645,0.9152563,0.9155313,0.97050524,0.9317314,0.96890694,0.92161113,0.9745972,0.96400654,0.96171695,0.95425105,0.9716782,0.9594328,0.9814554,0.97254527,0.95835453,0.9607929,0.9167049,0.94761837,0.9176735,0.95278245,0.9600202,0.967765,0.96936613,0.96654767,0.93560606,0.8289416,0.9596725,0.965524,0.9492254,0.95278543,0.9683773,0.9467674,0.9814554,0.9548103,0.9668466,0.9543137,0.9617986
ahiddenlifefilm,0.9837383,0.95514715,0.97323436,0.9590336,0.97995865,0.9735058,0.98869586,0.9814554,1.0000001,0.974423,0.98427176,0.9490284,0.98608977,0.97557706,0.9796821,0.9830275,0.9831683,0.98283756,0.9639228,0.9685111,0.97934175,0.957869,0.9880444,0.983797,0.97437745,0.88819396,0.9737824,0.9759157,0.9698175,0.9716221,0.9688343,0.97018147,0.9832921,0.95567185,0.9532364,0.90705276,0.98260915,0.97094876,0.9776428,0.96879715,0.9809915,0.9728284,0.9588729,0.9717444,0.9690955,0.9746448,0.9912961,0.9720651,0.9767554,0.9689582,0.97533834,0.9903899,0.9734102,0.92602,0.94262844,0.97279894,0.9598099,0.99106973,0.9784148,0.986653,0.97223556,0.94745797,0.9765338,0.985006,0.9577907,0.98511326,0.9576602,0.981062,0.96124315,0.9330701,0.9851758,0.37529698,0.9594741,0.9751966,0.9298421,0.9665066,0.77520025,0.96350664,0.97222155,0.95748913,0.97366077,0.97052276,0.9824726,0.9478125,0.9547514,0.9810795,0.975049,0.9861163,0.9747641,0.9927632,0.97620445,0.9851758,0.9614318,0.9649028,0.9517204,0.9788242,0.97265613,0.98744065,0.97586393,0.975738,0.9809424,0.9856666,0.93274033,0.976317,0.96239364,0.97676855,0.9827838,0.9873113,0.9791399,0.9390729,0.9802224,0.590383,0.9839611,0.8023513,0.982651,0.97400975,0.988522,0.96420825,0.9918652,0.96777934,0.9809709,0.9751431,0.98378223,0.97350436,0.97933376,0.983628,0.97689855,0.92173296,0.9463938,0.91566604,0.9813076,0.95786834,0.9810634,0.92717516,0.983584,0.9817006,0.9710053,0.97911215,0.9809378,0.9678949,1.0000001,0.9810612,0.9755808,0.97847635,0.9558211,0.9708235,0.94940776,0.9580815,0.9802637,0.9770179,0.9888547,0.9761562,0.9564601,0.8501936,0.97196114,0.982262,0.9800493,0.97048813,0.9677775,0.95957875,1.0000001,0.96830773,0.9791842,0.98645043,0.97525823
alitamovie,0.9570842,0.9363397,0.94361573,0.92472625,0.97293246,0.92820907,0.9751659,0.95387423,0.974423,0.99999994,0.9594376,0.9178856,0.97291684,0.9515236,0.96598065,0.9535308,0.9631614,0.97343415,0.9062837,0.94250125,0.9547439,0.9293732,0.9648337,0.9747393,0.94556427,0.87594545,0.965383,0.94516814,0.9407529,0.94184095,0.92392737,0.9323573,0.9711914,0.9375981,0.9359273,0.89901423,0.97420657,0.9493532,0.95110756,0.94046885,0.96719116,0.95809233,0.95097136,0.9533703,0.9476325,0.96354526,0.96592766,0.94620866,0.9561353,0.9528881,0.94582105,0.9570223,0.9556701,0.90488493,0.9231563,0.9588711,0.96511096,0.9718031,0.9379572,0.97893524,0.9518925,0.9013051,0.9446576,0.9715753,0.9379475,0.9718842,0.9106988,0.9474341,0.93510675,0.90722114,0.97579205,0.33898845,0.9378624,0.9452535,0.9345179,0.9585901,0.75150627,0.9476941,0.9394276,0.92122734,0.9325655,0.9533212,0.98288566,0.93468475,0.935173,0.96560794,0.9290778,0.97077656,0.9554093,0.9719828,0.94867325,0.97579205,0.9255144,0.92220014,0.94602764,0.961311,0.93974596,0.96241367,0.96502256,0.9506083,0.9729268,0.9606218,0.8973658,0.9693916,0.95996857,0.95175236,0.9787185,0.9716236,0.95282036,0.89916605,0.9531795,0.60889524,0.9624731,0.81402785,0.96132314,0.9477927,0.971051,0.94526345,0.96586907,0.9509176,0.9683295,0.9437379,0.9533756,0.9433168,0.9490858,0.9523427,0.95519197,0.87140614,0.9224935,0.8859687,0.9482828,0.9518101,0.9698206,0.9023165,0.9616291,0.9587782,0.9454525,0.9404823,0.96924937,0.94977367,0.974423,0.9447633,0.9655221,0.9532739,0.93639994,0.93692935,0.94598424,0.947391,0.9630162,0.9531403,0.9722145,0.9501143,0.94828945,0.8234525,0.94619656,0.96952313,0.96062106,0.9551834,0.9219337,0.93100566,0.974423,0.97271377,0.963344,0.9728931,0.9419441
angelhasfallen,0.97695225,0.9318544,0.9711984,0.95629656,0.95937115,0.95685405,0.9688281,0.97024405,0.98427176,0.9594376,0.9999998,0.925786,0.96851695,0.9484376,0.96201426,0.9658087,0.97576576,0.9586409,0.95461035,0.9294477,0.96632195,0.93077004,0.9708882,0.95879763,0.9584841,0.87020147,0.9611288,0.96014094,0.94884014,0.95564485,0.9585803,0.9400592,0.97914046,0.9429741,0.9470567,0.8979175,0.96083236,0.97021616,0.9502385,0.9591428,0.9647525,0.9557483,0.9418272,0.9504336,0.95301545,0.95731914,0.97340256,0.9601463,0.9571566,0.9506739,0.9577433,0.97471833,0.9503767,0.87496173,0.94554216,0.95505655,0.9568445,0.9666699,0.9663815,0.9773901,0.9720055,0.9410223,0.95409834,0.9729692,0.9393927,0.9749668,0.93635446,0.95705426,0.9619603,0.9297955,0.9754452,0.30093655,0.944163,0.9515586,0.9210515,0.9609895,0.7606694,0.9567098,0.96662533,0.95003504,0.97790796,0.9526361,0.9702044,0.9415595,0.93678325,0.9810962,0.97455394,0.96949947,0.96613127,0.97925246,0.95681113,0.9754452,0.9513504,0.9583956,0.92497796,0.9786147,0.9554799,0.9596539,0.96091926,0.9582808,0.9671973,0.9637173,0.9092478,0.95811015,0.9385558,0.95034015,0.96963173,0.9820418,0.97535914,0.9278791,0.9640472,0.6001242,0.9563237,0.80558133,0.96944004,0.9710693,0.98377216,0.96064687,0.9829443,0.9353131,0.9626123,0.9553881,0.9780235,0.9600514,0.96183926,0.972162,0.9687935,0.9130522,0.92790306,0.90955555,0.96595687,0.935152,0.97371054,0.91676074,0.96078026,0.97014487,0.97167236,0.95897436,0.9670597,0.95552844,0.98427176,0.9607301,0.95362216,0.9753604,0.94329464,0.95568126,0.9393536,0.9362123,0.9697602,0.9682698,0.9680246,0.9750427,0.94724137,0.8086254,0.9658966,0.9686755,0.9635885,0.955878,0.9539894,0.92539716,0.98427176,0.950972,0.96302813,0.9674205,0.96819687
angrybirdsmovie,0.93998647,0.8824608,0.94066507,0.9004556,0.94382256,0.9519863,0.9389768,0.92115957,0.9490284,0.9178856,0.925786,1.0,0.92436045,0.9453832,0.91193885,0.93813753,0.93789554,0.9208665,0.92097807,0.9378364,0.91774696,0.9544694,0.93731195,0.9331648,0.9162623,0.88161784,0.93578756,0.91824573,0.97529614,0.93347836,0.9217658,0.9432284,0.9448149,0.96358323,0.8661075,0.85485995,0.94252247,0.9054094,0.9452951,0.8936599,0.916563,0.91511357,0.923691,0.91629994,0.8971958,0.92578614,0.9487299,0.9046099,0.9378414,0.9123769,0.9680711,0.9475004,0.9260805,0.90158904,0.85143524,0.9133942,0.87477446,0.9506889,0.9291605,0.9272224,0.89460194,0.9201484,0.90769744,0.93386,0.901902,0.9099323,0.93492323,0.9479005,0.91218394,0.845077,0.92155635,0.39931968,0.89771134,0.9096216,0.845158,0.91717833,0.7113479,0.901143,0.9039408,0.88964957,0.90007615,0.9034425,0.91536975,0.8667035,0.95051694,0.92982787,0.9178108,0.9319131,0.9230071,0.94192713,0.94472593,0.92155635,0.90999454,0.9306435,0.94149256,0.90984035,0.9110733,0.94012296,0.90819097,0.92295617,0.9297076,0.93799466,0.9412071,0.92077196,0.9397467,0.96895003,0.9381689,0.934862,0.95732725,0.8984685,0.93976885,0.54288876,0.9399585,0.7030143,0.9487621,0.9153803,0.9389634,0.8750897,0.9252456,0.906523,0.94560516,0.94372505,0.9023951,0.9073019,0.94254744,0.9388142,0.91066045,0.9110597,0.9247018,0.8400893,0.89890623,0.93930095,0.9134621,0.85609055,0.9352671,0.9279362,0.91025513,0.9368207,0.9397136,0.9186781,0.9490284,0.96533287,0.9251574,0.91014844,0.90108514,0.9197759,0.93704534,0.88322604,0.91478056,0.919386,0.93780977,0.9067587,0.8791297,0.8129479,0.92621183,0.9410849,0.9366166,0.9218117,0.93142056,0.93217343,0.9490284,0.90384763,0.93958586,0.94231206,0.9557702
annabellemovie,0.96943694,0.9456319,0.9489811,0.9559286,0.96868795,0.95404696,0.98179346,0.9638181,0.98608977,0.97291684,0.96851695,0.92436045,1.0000001,0.97126126,0.9637104,0.9667668,0.9748308,0.98228353,0.94637066,0.9475309,0.9693656,0.9362159,0.9757766,0.973747,0.9660699,0.8993966,0.95717156,0.9571133,0.94969356,0.9651724,0.9511457,0.9597206,0.9791197,0.9316496,0.95540816,0.9051011,0.96637774,0.96255016,0.9555498,0.95845705,0.98368526,0.9675178,0.9516963,0.96452445,0.96432406,0.9572921,0.97900313,0.96650594,0.96431965,0.96599144,0.9563395,0.97211105,0.9684313,0.90980756,0.94069916,0.95707846,0.959026,0.97922224,0.960687,0.97241354,0.9765683,0.9238754,0.97158796,0.9840447,0.9458181,0.9818679,0.9327119,0.96278507,0.9400749,0.92880344,0.9663751,0.38996947,0.9483199,0.96382356,0.94806534,0.95760757,0.7952038,0.95605826,0.9584658,0.9387917,0.9578314,0.9830616,0.9811003,0.9437318,0.9444946,0.96727055,0.9544128,0.9907738,0.94905347,0.98619485,0.9635341,0.9663751,0.95613265,0.96091384,0.9299561,0.9701334,0.9542809,0.97160476,0.97470224,0.97121036,0.96598154,0.9781869,0.90431243,0.9592582,0.96307814,0.9586813,0.9706864,0.98229796,0.9583682,0.9298843,0.96312034,0.60927606,0.9755756,0.7976964,0.96555656,0.9572883,0.97272515,0.9618055,0.9731163,0.9688593,0.9843159,0.9655941,0.97331774,0.9644151,0.96655166,0.9689508,0.972979,0.89353853,0.92562413,0.91853076,0.9638477,0.9482696,0.9598292,0.9094161,0.97329324,0.97474265,0.96680474,0.9641256,0.9593346,0.95431155,0.98608977,0.96085525,0.9703162,0.9742148,0.964287,0.95147616,0.9442689,0.957327,0.97813296,0.9563408,0.97341406,0.9688993,0.955552,0.8270588,0.94503033,0.9610811,0.96778584,0.9442184,0.9528512,0.9505736,0.98608977,0.964085,0.97379655,0.9760839,0.96447295
annamovie,0.96461594,0.9242993,0.9314736,0.92383885,0.96400315,0.9408579,0.97133815,0.9448039,0.97557706,0.9515236,0.9484376,0.9453832,0.97126126,1.0000001,0.95036626,0.94881225,0.9623263,0.97365427,0.9265156,0.9615392,0.9459514,0.9404874,0.96101266,0.9622996,0.9425682,0.88412255,0.96681744,0.94188404,0.95316434,0.9639351,0.92969364,0.96136373,0.9645518,0.92711467,0.93654066,0.90187496,0.9759641,0.94545233,0.9462472,0.95193624,0.96735775,0.9531967,0.9598588,0.94911313,0.95870686,0.95903367,0.96559674,0.9709314,0.953027,0.95148426,0.9572952,0.973206,0.9386585,0.95546365,0.90288246,0.93460953,0.9377017,0.97091204,0.95143616,0.9494007,0.9473726,0.90207934,0.9576134,0.9813405,0.93277836,0.9583739,0.93894845,0.96820056,0.93044335,0.91292095,0.9518667,0.4140739,0.9231414,0.95139396,0.89902526,0.9250415,0.7885437,0.9189733,0.93215376,0.9251995,0.9305425,0.9602349,0.9549928,0.9282541,0.9353756,0.94713485,0.93149084,0.9619657,0.9288506,0.9629892,0.9397593,0.9518667,0.9279867,0.9564766,0.94908524,0.9362356,0.9336317,0.97081095,0.9587632,0.96057725,0.96265227,0.96038026,0.90577364,0.96376806,0.98265797,0.9698519,0.95548624,0.9630891,0.960823,0.9178574,0.9604403,0.6272776,0.95985556,0.8077721,0.9500532,0.9373128,0.96153736,0.9199784,0.95254546,0.9512867,0.9743289,0.94124484,0.9484316,0.9237357,0.9663551,0.9668039,0.9521278,0.88223183,0.918432,0.8908726,0.9484644,0.93323857,0.9534745,0.8867737,0.95925826,0.96329844,0.94652265,0.9467207,0.9406267,0.9598988,0.97557706,0.9598753,0.95970327,0.9471556,0.9349812,0.9548982,0.9599307,0.938663,0.965487,0.9326808,0.965458,0.9334999,0.9506551,0.8351108,0.94361556,0.9552031,0.9594904,0.93639195,0.94883275,0.94510514,0.97557706,0.96333414,0.98223627,0.96256244,0.9626805
apollo11movie,0.95825696,0.96345073,0.95766366,0.9319898,0.9717938,0.94653887,0.964313,0.9667853,0.9796821,0.96598065,0.96201426,0.91193885,0.9637104,0.95036626,1.0000002,0.96977997,0.962575,0.96501607,0.9315222,0.9667038,0.9639027,0.9265594,0.97135776,0.969587,0.9458129,0.8428403,0.9515781,0.95404804,0.945168,0.944481,0.933786,0.9461635,0.9606746,0.94550043,0.9306582,0.8940651,0.9725354,0.9536035,0.9567279,0.9463984,0.97076035,0.96597207,0.9525064,0.96535814,0.96323794,0.95965254,0.9664323,0.9529001,0.94229156,0.96044165,0.9526053,0.9705458,0.9539323,0.8978587,0.93560636,0.95177186,0.9614542,0.96651745,0.9418325,0.9700974,0.95253235,0.89940953,0.9681099,0.9597093,0.9347828,0.9749234,0.92874384,0.9514934,0.93419075,0.9160227,0.9715416,0.32910332,0.9411558,0.96563,0.92172027,0.941119,0.75101143,0.92931914,0.93716156,0.9313548,0.9565084,0.9425705,0.98061025,0.9520619,0.9267343,0.9635155,0.9387564,0.9636374,0.9653962,0.96792305,0.9391836,0.9715416,0.9383678,0.93022054,0.94138056,0.98352575,0.94651175,0.9711272,0.9611849,0.9522989,0.9709299,0.96517086,0.91531944,0.9642818,0.9515746,0.95457083,0.9794532,0.9671695,0.9626354,0.91517967,0.9635369,0.57057446,0.9566305,0.7897119,0.95033544,0.9461815,0.9692936,0.951589,0.97749305,0.9439452,0.9531623,0.94507855,0.96342736,0.952051,0.93777305,0.9570315,0.9609536,0.87344825,0.924592,0.9054671,0.97682256,0.9573805,0.9702672,0.9360715,0.9570645,0.9597149,0.94705606,0.95133865,0.9648454,0.95810086,0.9796821,0.9576538,0.96246105,0.9510594,0.9252202,0.94677186,0.9175301,0.94272107,0.9640617,0.9576495,0.9646144,0.95309305,0.9494212,0.84463036,0.95087296,0.9592373,0.96894944,0.95987236,0.93708384,0.91862017,0.9796821,0.9591005,0.95677114,0.97942054,0.9538264
arcticdogsmovie,0.9698405,0.9419416,0.97207767,0.9526633,0.9598848,0.9821677,0.96968496,0.96821785,0.9830275,0.9535308,0.9658087,0.93813753,0.9667668,0.94881225,0.96977997,1.0,0.9569023,0.9513417,0.96539706,0.9661332,0.97564495,0.9636697,0.9709348,0.9726283,0.96728784,0.87723786,0.9491516,0.95934385,0.9661922,0.94409984,0.960903,0.95584387,0.96584684,0.95744157,0.91979283,0.8802358,0.96884155,0.9627395,0.960801,0.94192064,0.96464676,0.95268553,0.929211,0.9528457,0.95505995,0.969098,0.9755129,0.95099694,0.951949,0.9479802,0.9722906,0.97700757,0.9629701,0.9030699,0.92359823,0.9582187,0.93400097,0.96493405,0.97446895,0.9769201,0.950428,0.952741,0.96837616,0.96257305,0.92969346,0.9674926,0.9501676,0.97891176,0.93098146,0.9003636,0.96911126,0.36470586,0.95037013,0.9539684,0.90088654,0.95999956,0.7193857,0.9469351,0.9696022,0.9423463,0.9658935,0.95374674,0.9704999,0.91468126,0.94368523,0.95660967,0.97214705,0.97448236,0.9757754,0.9702494,0.9701841,0.96911126,0.95241386,0.94900566,0.94884646,0.9662278,0.9662274,0.97817403,0.96020347,0.9584922,0.96801484,0.97479415,0.92734784,0.9585915,0.94362354,0.9681425,0.9702472,0.9759828,0.9746985,0.92324734,0.96310496,0.55348486,0.9649909,0.7614465,0.9692369,0.96606416,0.9760429,0.9512875,0.98161846,0.95833683,0.9580331,0.96564895,0.9603349,0.9620784,0.9524259,0.97799385,0.9508805,0.91805637,0.925542,0.8840258,0.9755462,0.9474653,0.9585401,0.92541254,0.96506286,0.9532792,0.9529879,0.9799792,0.96466964,0.94765383,0.9830275,0.9808488,0.95972437,0.9580795,0.92129725,0.95260966,0.92764115,0.9346171,0.9554476,0.9773962,0.9747719,0.9591845,0.91923165,0.8705703,0.96299374,0.960059,0.9686034,0.9626193,0.94712174,0.9365763,0.9830275,0.9450753,0.9517223,0.974691,0.9691488
arcticmovie,0.9625251,0.94036824,0.9541567,0.9170052,0.97225493,0.94456345,0.97851235,0.959651,0.9831683,0.9631614,0.97576576,0.93789554,0.9748308,0.9623263,0.962575,0.9569023,1.0000001,0.9751792,0.9570186,0.9513536,0.9486857,0.93324536,0.9820478,0.964438,0.9641469,0.8806709,0.959631,0.9685025,0.9499617,0.96414566,0.95807135,0.95867825,0.97167754,0.9412493,0.94586235,0.9027201,0.95686805,0.9344238,0.9604976,0.9588079,0.9568517,0.9350944,0.9387582,0.9315846,0.9571585,0.95311385,0.9810584,0.96011347,0.96626246,0.9306471,0.9543528,0.97045887,0.9577686,0.9010835,0.9126362,0.9649748,0.9475997,0.9763235,0.9415013,0.9738869,0.96635056,0.9173886,0.95459336,0.9748288,0.9642612,0.96659476,0.9430911,0.9437468,0.9662051,0.92494005,0.978526,0.3559008,0.9593177,0.95221394,0.9231715,0.95556605,0.8033016,0.95893645,0.95311123,0.9539271,0.95916057,0.9634776,0.9701825,0.9493789,0.9298008,0.9753005,0.95359826,0.9770282,0.95389444,0.9826036,0.95435214,0.978526,0.94436127,0.9460866,0.9174856,0.97027016,0.9558132,0.97367084,0.9512991,0.96923864,0.9640136,0.9749811,0.9322576,0.9616789,0.9522521,0.9564877,0.9641088,0.97713333,0.96607274,0.9364654,0.9606126,0.6124431,0.9684677,0.8303608,0.9663907,0.9642327,0.9675748,0.95270586,0.97211206,0.9588575,0.98383313,0.9530292,0.9665978,0.9531645,0.97543246,0.9542599,0.96572185,0.906273,0.93799394,0.92970526,0.94921905,0.9604113,0.9772077,0.8923985,0.96464133,0.9784286,0.95306486,0.95562416,0.97509915,0.93899125,0.9831683,0.95862716,0.955364,0.96482193,0.9607938,0.95263577,0.95157593,0.9421943,0.97347856,0.9429368,0.9727307,0.946913,0.9406852,0.77574366,0.95877206,0.9730358,0.9649371,0.96240026,0.9495516,0.94651335,0.9831683,0.9531324,0.9637791,0.97409946,0.95129573
artofracingmovie,0.96611416,0.94494903,0.9452787,0.92985815,0.98214453,0.93885326,0.98494714,0.96467036,0.98283756,0.97343415,0.9586409,0.9208665,0.98228353,0.97365427,0.96501607,0.9513417,0.9751792,1.0,0.93317074,0.95924294,0.9637291,0.9362982,0.9732857,0.97490764,0.9568417,0.87155503,0.97216845,0.9568918,0.9459708,0.9633065,0.9390036,0.95633954,0.9668417,0.9246412,0.95713013,0.9060665,0.9683828,0.9538416,0.96277285,0.95822805,0.977224,0.96757,0.9594035,0.9648489,0.95909774,0.9619003,0.97434276,0.9556451,0.97087294,0.962844,0.9552459,0.9655489,0.95324785,0.92270863,0.9419848,0.9639868,0.96655554,0.98256,0.9525504,0.9680562,0.96061116,0.91702205,0.9570637,0.9783798,0.9452881,0.97249174,0.93070656,0.95210314,0.94769067,0.9223647,0.97185403,0.40821472,0.9321392,0.9664635,0.9277379,0.94371015,0.8018757,0.93345153,0.9418014,0.94477445,0.9415366,0.9675423,0.9748801,0.9394069,0.9443077,0.96669084,0.9323998,0.9677666,0.94832444,0.9818902,0.9538679,0.97185403,0.9365612,0.942596,0.9372289,0.9571594,0.9446405,0.9750059,0.9670583,0.9637632,0.9679031,0.9737989,0.91850054,0.96814305,0.9593537,0.9637009,0.9669751,0.9706378,0.9500676,0.9109963,0.97067136,0.61851573,0.9717667,0.81703615,0.96088344,0.94893354,0.9683293,0.9431703,0.96884626,0.96845573,0.9762798,0.9495638,0.9669064,0.9470448,0.96560055,0.96182513,0.9684195,0.9020361,0.93943673,0.9027066,0.96163595,0.95819676,0.9753498,0.90305483,0.9713514,0.97733486,0.95118797,0.94352907,0.97091675,0.9665772,0.98283756,0.9557592,0.97266364,0.963539,0.9481008,0.9492927,0.94281656,0.95479506,0.9742411,0.9499618,0.97799325,0.95267355,0.96652913,0.83079803,0.9518133,0.9656152,0.96441084,0.945707,0.94830257,0.9464184,0.98283756,0.97694427,0.9714958,0.96866184,0.952069
avengers,0.9594108,0.8912369,0.9520345,0.92260116,0.9368336,0.9773943,0.9447064,0.9527518,0.9639228,0.9062837,0.95461035,0.92097807,0.94637066,0.9265156,0.9315222,0.96539706,0.9570186,0.93317074,0.9999998,0.92941254,0.9505459,0.93630075,0.9601861,0.9359035,0.9620005,0.84327304,0.92496705,0.9482609,0.94120806,0.94377583,0.9811037,0.94635725,0.93601036,0.9323678,0.8997706,0.84494275,0.9216,0.928788,0.9545774,0.9297302,0.9225661,0.9001669,0.88211966,0.89892375,0.92565924,0.935262,0.9614394,0.9310245,0.9368725,0.8909415,0.948489,0.9547815,0.9381028,0.87639797,0.9008488,0.95529383,0.8963886,0.9506079,0.95817053,0.94641405,0.9436141,0.9608854,0.94290507,0.9412718,0.92063594,0.925906,0.9507375,0.9533177,0.95002484,0.8877393,0.9474616,0.3928897,0.9501075,0.92916286,0.86499256,0.92275876,0.7379716,0.9342704,0.963516,0.94913465,0.9689125,0.92924815,0.93750453,0.8822876,0.9207786,0.94764674,0.96894556,0.95236456,0.95172185,0.9574692,0.95178574,0.9474616,0.92730546,0.94066644,0.89062124,0.9424717,0.9570457,0.95789176,0.9196246,0.9532449,0.93652034,0.95746225,0.91432196,0.92153674,0.90040624,0.9436052,0.9330532,0.96123433,0.952182,0.92127824,0.95550615,0.5142769,0.9440613,0.7595378,0.95268214,0.9536297,0.95062625,0.9306701,0.962117,0.92935044,0.93861943,0.93919706,0.9526419,0.9552858,0.9534989,0.9535268,0.9455529,0.9452512,0.93247926,0.8910778,0.94395626,0.92985535,0.9420784,0.89272887,0.9416392,0.95625395,0.94414306,0.95479125,0.9453154,0.9217858,0.9639228,0.95951223,0.9366736,0.9502382,0.93010706,0.93573505,0.9130906,0.8998859,0.9454281,0.9548362,0.95433396,0.9304553,0.8965514,0.82174855,0.9540567,0.94218844,0.9422889,0.92677426,0.94078666,0.91954714,0.9639228,0.9122705,0.9227933,0.94160485,0.9469439
beachbummovie,0.94924945,0.94795734,0.93916816,0.9096773,0.97105217,0.94678026,0.9575371,0.95742464,0.9685111,0.94250125,0.9294477,0.9378364,0.9475309,0.9615392,0.9667038,0.9661332,0.9513536,0.95924294,0.92941254,0.9999998,0.948654,0.95173454,0.96472216,0.96802205,0.9493487,0.8674999,0.95535195,0.9446712,0.9586429,0.93823045,0.93497,0.9597719,0.94511956,0.92868984,0.9144809,0.904473,0.9722096,0.9343546,0.95273954,0.9360777,0.96010005,0.93823653,0.9433465,0.94585884,0.9558298,0.9602025,0.96631664,0.9451883,0.9387488,0.9422049,0.95650154,0.9639698,0.93654656,0.9294035,0.90424335,0.9277083,0.9329553,0.96128815,0.93574804,0.94949573,0.9300698,0.89612,0.9537604,0.9465779,0.9264674,0.9500677,0.9352055,0.96142125,0.9085545,0.9041366,0.95303077,0.40274486,0.91819555,0.95381653,0.88961375,0.92934036,0.74131906,0.9051113,0.91903645,0.91557723,0.93249685,0.9375287,0.95071006,0.92523193,0.92714244,0.9408376,0.92566645,0.94620204,0.9477465,0.95193505,0.93633884,0.95303077,0.931793,0.93220896,0.95508397,0.9435528,0.94890004,0.98064387,0.94701666,0.94752437,0.9608552,0.9692632,0.93058646,0.9628832,0.9586991,0.96338385,0.95380473,0.9496436,0.95840484,0.91155297,0.9542463,0.5891167,0.9548599,0.7808367,0.9396077,0.9441638,0.95289266,0.9212505,0.9588123,0.9538034,0.9537268,0.9436785,0.9411624,0.93033016,0.9487774,0.9570672,0.92682415,0.8724583,0.90508354,0.89383405,0.95983917,0.94710904,0.9518813,0.9090915,0.9496537,0.9393981,0.92698836,0.9520217,0.9545571,0.9492333,0.9685111,0.9676314,0.9535166,0.92628586,0.90794843,0.94324666,0.92816854,0.9291421,0.9444934,0.9298872,0.9587803,0.91641134,0.92251515,0.8462795,0.94435483,0.9474047,0.96239555,0.94783145,0.941888,0.93846685,0.9685111,0.9431912,0.95465744,0.96541685,0.94236416
bernadettefilm,0.98167306,0.9234074,0.97327214,0.96556926,0.9577424,0.97017795,0.96401995,0.9831194,0.97934175,0.9547439,0.96632195,0.91774696,0.9693656,0.9459514,0.9639027,0.97564495,0.9486857,0.9637291,0.9505459,0.948654,1.0,0.9650306,0.9533719,0.960253,0.9625923,0.8359308,0.9421139,0.9454482,0.9677059,0.94794065,0.9503596,0.94685435,0.96637493,0.9468546,0.9229577,0.86503696,0.96808964,0.9831776,0.95473516,0.9480509,0.96712846,0.962581,0.9369699,0.96411353,0.95597136,0.96415955,0.95891804,0.933627,0.9564801,0.9561545,0.9766356,0.9670738,0.9425009,0.8803181,0.96008676,0.9545968,0.94257337,0.96804804,0.9708444,0.9656927,0.953875,0.95048755,0.95704556,0.9578055,0.9096552,0.963954,0.92078286,0.9760451,0.9142549,0.9020779,0.96046716,0.3903787,0.9340358,0.94919026,0.90406024,0.9504107,0.7130046,0.9271902,0.9459514,0.9283292,0.9562826,0.93936086,0.96838564,0.9032203,0.96155727,0.9715715,0.95885175,0.9578984,0.96812785,0.97187525,0.9797515,0.96046716,0.94437337,0.9421485,0.9580411,0.9611262,0.9576572,0.96583307,0.95005226,0.9391755,0.9616244,0.9662765,0.9183098,0.94966424,0.93493026,0.9691341,0.9721893,0.968356,0.9683283,0.8981362,0.9677966,0.5328309,0.96736246,0.72203267,0.9699459,0.9604734,0.9815188,0.93407184,0.97500193,0.95111394,0.9544052,0.95362824,0.9606719,0.9599077,0.9539457,0.98289204,0.9517757,0.9250819,0.92213666,0.8809703,0.9733875,0.9353534,0.95876825,0.9376699,0.96461594,0.96000177,0.96324366,0.945735,0.96032876,0.9659774,0.97934175,0.97830117,0.96735704,0.952062,0.9093609,0.9337808,0.90620035,0.9395111,0.94773597,0.9807078,0.9674376,0.9695332,0.94449914,0.87484014,0.9574478,0.95258874,0.95241934,0.9393471,0.94514215,0.93046683,0.97934175,0.9600054,0.95534265,0.9566536,0.97482806
