movie,21bridgesmovie,47metersdown,abeautifuldaymovie,abominablemovie,adastramovie,adogsjourneymovie,aftermathmovie,aftermovie,ahiddenlifefilm,alitamovie,angelhasfallen,angrybirdsmovie,annabellemovie,annamovie,apollo11movie,arcticdogsmovie,arcticmovie,artofracingmovie,avengers,beachbummovie,bernadettefilm,blackandbluemovie,blackchristmas,blindedbythelightmovie,bombshellmovie,booksmart,breakthroughmovie,brianbanksmovie,brightburnmovie,brittanyrunsmov,captainmarvelofficial,captivestatemovie,catsmovie,charliesangels,childsplaymovie,clarathefilm,coldpursuitmovie,countdown,currentwarmovie,darkwatersmovie,detectivepikachumovie,disneyaladdin,disneyfrozen,disneymaleficent,doctorsleepmovie,dolemiteismyname,dontletgomovie,doramovie,downtonabbey_official,dumbo,escaperoom,everybodyknowsmovie,fastandfuriousmovie,fightingwmyfam,fivefeetapartfilm,fordvferrari,freaksthefilm,geminimanmovie,glassmovie,gloriabellmovie,godzillamovie,goldfinchmovie,goodboysmovie,goodliarmovie,gretafilm,halathemovie,happydeathdaymovie,harrietfilm,hellboymovie,hersmellmovie,highlifemovie,highstrungmovie,honeyboymovie,hotelmumbaifilm,httydragon,hustlemovie,hustlersmovie,isntitromantic,itmovieofficial,jayandsilentbob,johnwickmovie,jojorabbitmovie,jokermovie,judythefilm,jumanjimovie,justmercyfilm,knivesout,lalloronamovie,lastblackmansf,lastchristmasthemovie,latenightmovie,lighthousemovie,lionking,littlethemovie,littlewomenmovie,littlewoodsfilm,longshotmovie,lordsofchaosmovie,lucyintheskyfilm,mamovie2019,marriagestory,meettheaddams,meninblack,midsommarmovie,midwaymovie,missbalamovie,missinglinkfilm,motherlessbklyn,onceinhollywood,onthebasisofsex,overcomermovie,peanutbutterfalcon,petsematarymovie,piercingmovie,playingwithfire,playmobilthemovie,pomsmovie,queenandslim,rambomovie,readyornotfilm,richardjewellfilm,rocketmanmovie,scarystoriesmovie,secretlifeofpets,serenityfilm,shaftmovie,shazammovie,spidermanmovie,spiesindisguise,starwars,stormboymovie,stubermovie,taosdfilm,teenspiritmov,terminator,theaeronautsmov,thebestofenemies,thedeaddontdie,thefarewell,thehighwaymen,thehummingbirdprojectfilm,theintrudermovie,theirishmanfilm,thekitchenmovie,thelegomovie,themustangfilm,thenightingalefilm,theprodigymovie,thesunisalsoastar,theupsidefilm,tolkienmovie,toystory,triplefrontier,uglydolls,uncutgems,underthesilverlake,usmovie,wavesmovie,whatmenwant,wonderparkmovie,wrinklestheclown,xmenmovies,yardiefilm,yesterdaymovie,zombieland
21bridgesmovie,0.9999998,0.94885886,0.9812113,0.9482021,0.9686834,0.9349893,0.96842724,0.9722988,0.98883045,0.9481179,0.9697322,0.9432274,0.958294,0.97595996,0.97624964,0.95732963,0.97078997,0.97290266,0.98474085,0.9537543,0.9685692,0.97125584,0.96735036,0.9535963,0.9601347,0.8121102,0.9605633,0.97471625,0.9845537,0.9633332,0.94545,0.95343614,0.92253083,0.9617292,0.8968448,0.8516621,0.95798093,0.96562225,0.96985024,0.9628838,0.95309865,0.96629274,0.9523937,0.9613732,0.98136693,0.96108186,0.9679479,0.96806943,0.95070535,0.97184867,0.9767428,0.9853427,0.9649756,0.94310284,0.94225395,0.96756506,0.9531591,0.9540903,0.96491355,0.98162687,0.9802042,0.9704021,0.9624036,0.97310907,0.95482004,0.954525,0.9526188,0.9766453,0.9609223,0.94220924,0.98342484,0.49845406,0.96548027,0.98306125,0.94683707,0.90678155,0.7826903,0.95201856,0.98580074,0.96006966,0.9482218,0.9523132,0.9799127,0.94318306,0.95643,0.94275576,0.9437157,0.9721242,0.9724846,0.9648888,0.97648245,0.98342484,0.9596761,0.97475964,0.9654552,0.95463586,0.9606714,0.9722617,0.9580502,0.9560729,0.9605608,0.97325057,0.9579501,0.9769029,0.9553968,0.97412497,0.9631338,0.9743507,0.9545464,0.9444951,0.97241175,0.7521798,0.97683173,0.8147869,0.95115405,0.96821994,0.9892144,0.9238364,0.97025645,0.9626829,0.9757221,0.9588073,0.9715374,0.9155443,0.95995265,0.97222143,0.9769053,0.9513375,0.9591793,0.89519924,0.97256553,0.96165115,0.96401674,0.925233,0.96902734,0.97133386,0.9634748,0.95353174,0.9832504,0.9657761,0.98883045,0.98148555,0.958707,0.96478254,0.959836,0.9717707,0.96058184,0.9288104,0.9696563,0.9653648,0.9769279,0.962116,0.978998,0.9095625,0.9535876,0.9790191,0.96003574,0.9783071,0.97437704,0.9450729,0.98883045,0.94966143,0.9802523,0.97222555,0.96879196
47metersdown,0.94885886,0.99999994,0.9587581,0.92459446,0.94860667,0.9307629,0.94273007,0.96500343,0.96600944,0.94858825,0.9497423,0.8928918,0.9448012,0.9384325,0.9306997,0.9697254,0.9430081,0.94879115,0.94087887,0.9144331,0.94176763,0.94438386,0.9555512,0.943421,0.93028283,0.86617106,0.95813125,0.93021655,0.9419043,0.93909127,0.90245456,0.92436254,0.90277696,0.9295421,0.88687223,0.8419597,0.95792,0.9409946,0.957115,0.9013769,0.94601405,0.96844125,0.92968667,0.96557564,0.94646543,0.94849145,0.9515017,0.92822593,0.9087938,0.96618134,0.9492353,0.95649,0.9585932,0.89008725,0.94287413,0.93496585,0.9439939,0.9541371,0.9037946,0.9520933,0.9421522,0.91173714,0.9153267,0.94984347,0.92260927,0.93545693,0.94786614,0.9466247,0.93973666,0.8856178,0.94763297,0.43220425,0.9332065,0.96236336,0.9456644,0.8966556,0.865925,0.9368589,0.93595266,0.93559575,0.944403,0.93441933,0.9590774,0.9588301,0.937532,0.89039063,0.93095595,0.95576674,0.93384236,0.96647376,0.94923705,0.94763297,0.92796564,0.93602544,0.9504274,0.9146784,0.92148274,0.9411759,0.9333362,0.947464,0.94624513,0.9277169,0.9126379,0.9232777,0.95480037,0.9443729,0.95521915,0.9454903,0.9370905,0.9161007,0.95202136,0.80137014,0.9661176,0.8498765,0.9581712,0.9386766,0.94506985,0.9251373,0.9545322,0.9457965,0.9441462,0.9465181,0.9528665,0.92818654,0.92494905,0.9338608,0.94677687,0.9252763,0.95043105,0.8910433,0.93662655,0.9596722,0.9479473,0.92290556,0.9476715,0.9462667,0.9254308,0.9208948,0.9366226,0.9291198,0.96600944,0.938641,0.9245412,0.91045386,0.9305067,0.9530185,0.9525799,0.88133305,0.92773217,0.921009,0.95857435,0.95375377,0.9469383,0.9080918,0.9408942,0.9379945,0.92716473,0.92602146,0.96076673,0.95921797,0.96600944,0.93031865,0.9442645,0.9630637,0.946111
abeautifuldaymovie,0.9812113,0.9587581,1.0,0.9439256,0.972274,0.9363129,0.96598667,0.9778574,0.9803023,0.9427441,0.9617312,0.9335918,0.9565358,0.96136314,0.9660245,0.96214056,0.9609583,0.972421,0.97712654,0.9497913,0.96413064,0.9787748,0.97149855,0.943218,0.94531417,0.8156188,0.9602225,0.9686706,0.9832529,0.9626742,0.9356552,0.9410816,0.9194368,0.9658203,0.9044335,0.85661227,0.95008457,0.95205367,0.9682259,0.93925077,0.94627726,0.96959203,0.95195764,0.9603907,0.9686135,0.9565651,0.9690047,0.945282,0.93235123,0.9666426,0.97717535,0.97255015,0.96666145,0.9259368,0.94620585,0.9689235,0.94778925,0.9571113,0.94949734,0.9715355,0.96120876,0.96045387,0.94707024,0.9576115,0.92663366,0.96154934,0.95629525,0.96263874,0.94279563,0.9204354,0.971543,0.45745784,0.9521222,0.9761911,0.94350606,0.90480685,0.81218046,0.94505274,0.9692102,0.9471841,0.9400372,0.9473925,0.9769654,0.9450725,0.95335233,0.92779964,0.93991745,0.96786946,0.9570907,0.9641409,0.9689461,0.971543,0.9485016,0.971822,0.9654695,0.94024354,0.94610226,0.96271837,0.94472444,0.95902413,0.9495524,0.96475095,0.94202465,0.9542033,0.95431304,0.9770588,0.9590674,0.965324,0.960554,0.92463654,0.97211105,0.744935,0.96605915,0.82330984,0.9429937,0.9580023,0.97198975,0.93185014,0.96715295,0.9583507,0.96526134,0.9548865,0.9712766,0.93164164,0.9447183,0.9584219,0.96934414,0.9406566,0.96247935,0.9064171,0.9559301,0.9683949,0.9446614,0.91569376,0.96494055,0.962156,0.9480945,0.9493707,0.9637511,0.9611167,0.9803023,0.9740677,0.94586915,0.9455257,0.95233583,0.968891,0.9648456,0.9154247,0.9598897,0.95873517,0.9738694,0.97726834,0.97920245,0.9235232,0.9422133,0.95950985,0.9555701,0.96115196,0.97458404,0.95162547,0.9803023,0.9360457,0.97020537,0.97959864,0.96761096
abominablemovie,0.9482021,0.92459446,0.9439256,1.0000001,0.94522285,0.9200989,0.94833916,0.939005,0.96630746,0.9358933,0.94562095,0.91060483,0.93038946,0.9573103,0.9459134,0.9448022,0.9368346,0.9413191,0.9505059,0.9179141,0.9298583,0.9486564,0.95760787,0.94970644,0.9410146,0.8569111,0.92758346,0.92479306,0.9543031,0.9526041,0.933361,0.958672,0.92312896,0.94391733,0.8968634,0.85467386,0.954998,0.93516093,0.9648653,0.9343159,0.91670215,0.9450295,0.9421912,0.94330204,0.95035833,0.95252186,0.95408136,0.91889524,0.9339407,0.9406578,0.9618876,0.9668135,0.9311385,0.92669415,0.89506733,0.9463397,0.9263955,0.95066655,0.96760654,0.9575234,0.9321261,0.957978,0.93418735,0.92412955,0.9397668,0.9276679,0.9377185,0.9531527,0.916021,0.90965503,0.9563835,0.46234456,0.94458205,0.95040345,0.9561113,0.86302286,0.79992217,0.920677,0.9447383,0.92528284,0.93655694,0.9318423,0.9453047,0.9284515,0.9433678,0.92954916,0.92960066,0.9448244,0.9557508,0.9347567,0.94603264,0.9563835,0.93526256,0.95424974,0.95107824,0.9390551,0.90619934,0.9302949,0.94603765,0.9427874,0.96105677,0.9344353,0.9389992,0.93746316,0.94561493,0.96678436,0.9519488,0.93093115,0.9286753,0.9431092,0.9340564,0.8125347,0.95009345,0.8339524,0.9352462,0.9436079,0.9548566,0.93897915,0.9620473,0.9441217,0.93440086,0.94863015,0.9301211,0.93236107,0.92168987,0.9450691,0.94501585,0.9257114,0.9586163,0.8768217,0.9334393,0.94430083,0.9150794,0.90071845,0.96315813,0.9484836,0.91946846,0.96775955,0.9532949,0.9577925,0.96630746,0.9717962,0.93687844,0.9258581,0.9461315,0.96983516,0.9303741,0.921449,0.93105537,0.9393614,0.94707745,0.9306862,0.9582053,0.9320314,0.9286401,0.95748645,0.94545686,0.9562476,0.9431322,0.93296933,0.96630746,0.925818,0.9618777,0.9590081,0.96044207
adastramovie,0.9686834,0.94860667,0.972274,0.94522285,1.0000002,0.926002,0.9715259,0.96811676,0.9792414,0.9516796,0.9737808,0.91716504,0.9407291,0.95989597,0.9543076,0.9547932,0.96685123,0.9868436,0.9584553,0.9394613,0.9619742,0.96987283,0.9726172,0.9509246,0.9459402,0.86641765,0.9781923,0.9490763,0.9705989,0.9478955,0.93018824,0.93046105,0.9239848,0.95902467,0.8825862,0.8170047,0.9603664,0.94828624,0.96846414,0.9325275,0.93182814,0.9591146,0.94512296,0.95076627,0.94781584,0.96985114,0.9670456,0.94977677,0.93433625,0.95515954,0.96528685,0.9664142,0.9490361,0.91752714,0.93714446,0.97951424,0.9624673,0.95880884,0.9572627,0.96208584,0.95201606,0.958803,0.93266577,0.9621983,0.9296459,0.9548572,0.9598983,0.9548467,0.96096313,0.91604567,0.96369755,0.46545118,0.93790257,0.96962965,0.938621,0.9119706,0.8203792,0.943423,0.9642592,0.9321412,0.946096,0.9570398,0.96708274,0.9436318,0.9471512,0.92687726,0.9590474,0.95904195,0.96475595,0.937454,0.9612705,0.96369755,0.9464722,0.95774704,0.9655816,0.9338851,0.94582677,0.9527297,0.9406332,0.9460295,0.9578014,0.95028126,0.9376364,0.9496409,0.9344186,0.95754176,0.9691843,0.9646466,0.94227034,0.9327792,0.9804347,0.7894103,0.9556056,0.8041781,0.9462248,0.96963763,0.96930856,0.9194765,0.9575224,0.9660858,0.9616314,0.9500469,0.96355546,0.9165709,0.93268776,0.95980215,0.9613652,0.94898075,0.9737248,0.88016444,0.9644841,0.97195387,0.9513912,0.9435768,0.96425104,0.9674157,0.9298059,0.9344078,0.9595896,0.9538046,0.9792414,0.96018815,0.9413693,0.9360967,0.9498837,0.95261043,0.9584837,0.9051306,0.95330584,0.96852976,0.97045636,0.9582049,0.96946573,0.9203591,0.96165824,0.9563303,0.95090437,0.950659,0.9592787,0.9472894,0.9792414,0.9485929,0.9657986,0.97610205,0.9585294
adogsjourneymovie,0.9349893,0.9307629,0.9363129,0.9200989,0.926002,1.0,0.9247759,0.94915384,0.9512272,0.9051199,0.93342793,0.9386457,0.9588677,0.93952155,0.930057,0.9327517,0.91337633,0.91763496,0.9300423,0.9058569,0.8942912,0.95276904,0.9653723,0.909416,0.89888936,0.8315746,0.90964854,0.9116418,0.92901,0.94302887,0.93035984,0.9573325,0.8995814,0.9164197,0.87887365,0.8094585,0.92676914,0.9316591,0.90988517,0.9431812,0.93716043,0.9390076,0.9481309,0.9334591,0.9431138,0.92722297,0.9664171,0.9290239,0.9000329,0.94243544,0.938196,0.9488537,0.9103534,0.9204651,0.92378825,0.92445153,0.9406992,0.93963516,0.92064214,0.9097239,0.921226,0.89636797,0.9470583,0.94694185,0.92839783,0.9458918,0.92258036,0.93779457,0.93536764,0.88014066,0.9083386,0.41264692,0.94617087,0.9317043,0.9430735,0.91188854,0.7652832,0.948841,0.9306548,0.92740285,0.93920714,0.94772315,0.9372161,0.9486736,0.9601041,0.8692781,0.9362533,0.94066846,0.9168343,0.9204941,0.92939574,0.9083386,0.92943734,0.9270309,0.9539739,0.9050377,0.8997026,0.92581755,0.9022904,0.9258198,0.93066627,0.9178301,0.9323538,0.9111203,0.92591095,0.93296826,0.9349507,0.95584494,0.951985,0.9191407,0.92657506,0.75601166,0.9401522,0.7786899,0.929141,0.9424294,0.9361633,0.92753655,0.95176274,0.9203547,0.9265585,0.9408295,0.9280884,0.9652933,0.9403252,0.9336163,0.9334641,0.9045538,0.9123866,0.895187,0.9172192,0.92335904,0.9398716,0.8702168,0.93466455,0.9365532,0.88818634,0.9369801,0.9217947,0.9207577,0.9512272,0.94001615,0.9546597,0.9347633,0.96515936,0.94306064,0.92345136,0.9125745,0.94332314,0.90089333,0.92212725,0.9184843,0.9491136,0.8419636,0.92827016,0.913001,0.9355891,0.9075514,0.9211065,0.91278994,0.9512272,0.9081837,0.9398112,0.94728696,0.9297367
aftermathmovie,0.96842724,0.94273007,0.96598667,0.94833916,0.9715259,0.9247759,1.0000001,0.9507442,0.9807995,0.960432,0.95951325,0.92038995,0.94272804,0.95933634,0.9652288,0.9584792,0.9739128,0.97713876,0.96733445,0.94103324,0.9644135,0.96319675,0.96514714,0.9455454,0.96020204,0.85967064,0.9610362,0.9690381,0.96516,0.9463819,0.9295469,0.9436698,0.93408734,0.9399769,0.8936374,0.8573395,0.968486,0.9663587,0.9683845,0.9635222,0.9279294,0.96636474,0.96296394,0.9662597,0.94957453,0.9834202,0.96080774,0.9534651,0.9483203,0.9740302,0.9521167,0.98048586,0.95316494,0.9215833,0.93458277,0.9560004,0.9433725,0.9606347,0.9478943,0.97397286,0.9570805,0.96658176,0.9376632,0.9627064,0.95919555,0.95208776,0.9574593,0.9698578,0.9516502,0.9223287,0.9748865,0.45988408,0.9232589,0.97899544,0.93671757,0.92767113,0.7802037,0.9504932,0.96488506,0.95561504,0.9420938,0.97630036,0.9765627,0.93538237,0.9370161,0.9333717,0.9341542,0.95055807,0.9734573,0.95179015,0.9604047,0.9748865,0.95278376,0.95308167,0.9556839,0.9522678,0.94616604,0.9576522,0.9779385,0.95394415,0.9769784,0.96731704,0.9421869,0.9634881,0.9471528,0.9492274,0.97797054,0.97745514,0.94246733,0.93701893,0.9727054,0.80698264,0.9563474,0.8394003,0.95218986,0.9578797,0.96561503,0.92017186,0.9567617,0.9924983,0.9642628,0.9600754,0.961326,0.91266197,0.957243,0.94828993,0.9528251,0.9317131,0.955147,0.88177687,0.976711,0.96705914,0.9547403,0.9405109,0.97014797,0.9671773,0.9374079,0.92657614,0.9700616,0.96234846,0.9807995,0.9577232,0.95145285,0.95847684,0.9505537,0.9684483,0.9574936,0.9196366,0.9681423,0.9592412,0.9902016,0.9628238,0.9702484,0.9192828,0.96016794,0.97069216,0.9627686,0.9671949,0.94737756,0.9521451,0.9807995,0.9565643,0.96938485,0.9814361,0.9523714
aftermovie,0.9722988,0.96500343,0.9778574,0.939005,0.96811676,0.94915384,0.9507442,1.0000001,0.98147434,0.9470779,0.9663187,0.93403476,0.9677639,0.957564,0.9602607,0.9655915,0.9514706,0.9689243,0.9620382,0.94382364,0.9515419,0.9716924,0.97488785,0.9543896,0.93921745,0.84323114,0.96382374,0.9465703,0.9660232,0.9651657,0.9378742,0.94334334,0.91767704,0.9555356,0.8982586,0.82303035,0.95799977,0.94350004,0.952187,0.94172525,0.9684491,0.9665321,0.9427862,0.9585195,0.9682071,0.9522052,0.9747056,0.9445017,0.92194146,0.965583,0.9680642,0.9693089,0.9608846,0.90803695,0.9563092,0.95910853,0.9524494,0.95499104,0.9427541,0.9654035,0.9624466,0.9439219,0.94868755,0.9596377,0.9315361,0.9563357,0.9538232,0.95595235,0.96192235,0.9108682,0.9671129,0.43241334,0.9421999,0.962457,0.94853514,0.9061386,0.8214601,0.9572705,0.96781814,0.95141184,0.9461025,0.9555675,0.9690975,0.95687896,0.95287514,0.9169296,0.9607649,0.9770847,0.9463134,0.9667022,0.96914256,0.9671129,0.9503903,0.96225995,0.9694,0.91887623,0.94058204,0.95428205,0.9313014,0.946522,0.94197965,0.9561415,0.9545389,0.9565518,0.94078195,0.9597159,0.9553606,0.9610734,0.95551765,0.9252568,0.96883494,0.7753002,0.96930474,0.83314556,0.9518558,0.96919936,0.9705183,0.9177853,0.9701761,0.94822973,0.9592131,0.9618759,0.9631633,0.9459371,0.9392691,0.9611709,0.97035164,0.94592416,0.95727575,0.8987563,0.95227116,0.9710101,0.9457469,0.9065852,0.9549855,0.96661085,0.9311625,0.9400837,0.9623898,0.9503446,0.98147434,0.96373,0.9427072,0.93639845,0.9585014,0.96390915,0.9667372,0.89695555,0.95057815,0.9428105,0.9627976,0.96329486,0.97186905,0.91695446,0.9536203,0.9531471,0.95108515,0.9532867,0.9755246,0.947524,0.98147434,0.938504,0.9637178,0.9692506,0.95986
ahiddenlifefilm,0.98883045,0.96600944,0.9803023,0.96630746,0.9792414,0.9512272,0.9807995,0.98147434,1.0,0.96332645,0.9797316,0.94824463,0.96732295,0.98212737,0.9776493,0.9724935,0.9750715,0.98096704,0.9797679,0.95574695,0.96810305,0.976701,0.9827066,0.97226447,0.96279293,0.85042846,0.97210515,0.96745825,0.98019165,0.9752123,0.95718515,0.9649847,0.9391773,0.96365505,0.9127887,0.8600808,0.9825395,0.9709522,0.9797754,0.9681888,0.96403533,0.97979367,0.96217245,0.97619724,0.98192555,0.9804953,0.9803606,0.9718442,0.9557742,0.98307896,0.9780112,0.99352384,0.9616767,0.94245917,0.94874835,0.9715738,0.9691959,0.9739556,0.96890086,0.98589,0.97906595,0.9724627,0.9633317,0.97927487,0.964645,0.96815234,0.96864504,0.98292863,0.971132,0.9457291,0.98786557,0.5035565,0.96531326,0.9863324,0.96502334,0.9228015,0.80197835,0.9615842,0.9833158,0.9654368,0.96504503,0.97086674,0.9867025,0.96236646,0.96068865,0.950627,0.9597195,0.98248744,0.98322713,0.97029006,0.9802333,0.98786557,0.96886027,0.9750116,0.97907376,0.95525056,0.95613474,0.9772989,0.96747816,0.96433496,0.9781485,0.9685743,0.9653808,0.9766865,0.9660985,0.974344,0.98298216,0.98036116,0.96130174,0.95683014,0.9835849,0.7975166,0.9829046,0.846696,0.9679712,0.9782603,0.98869807,0.9469683,0.9843576,0.97723764,0.9777344,0.97815716,0.97605,0.9398985,0.96910834,0.97793263,0.9827332,0.9562818,0.969886,0.897065,0.9787548,0.9779379,0.967825,0.9351557,0.98375285,0.9840951,0.95988244,0.96284896,0.98588026,0.9756429,1.0,0.98127633,0.9632217,0.96373665,0.97234464,0.98076046,0.97157675,0.93658215,0.97432977,0.96772265,0.9845256,0.9694967,0.9843824,0.92649025,0.96832335,0.98193514,0.96783954,0.97950405,0.9771062,0.9606946,1.0,0.964477,0.9855705,0.98577005,0.97698385
alitamovie,0.9481179,0.94858825,0.9427441,0.9358933,0.9516796,0.9051199,0.960432,0.9470779,0.96332645,1.0,0.9548698,0.8751735,0.9350954,0.94467527,0.9571944,0.94911426,0.948488,0.9644819,0.942489,0.9162748,0.9303903,0.93811816,0.94793904,0.94280225,0.9396597,0.85973525,0.95963055,0.94346344,0.9460514,0.9318473,0.887952,0.9291143,0.90019095,0.9242365,0.8719131,0.825282,0.9515888,0.9441967,0.9551461,0.9280975,0.9344965,0.9409198,0.9221674,0.95340955,0.92859405,0.9631564,0.9509411,0.9299575,0.9306236,0.9546444,0.9386046,0.9632317,0.9539845,0.88804513,0.93800247,0.9378757,0.939242,0.9384071,0.92654437,0.9552471,0.9538651,0.93869513,0.89126885,0.9454356,0.939632,0.9227424,0.9569635,0.9495344,0.9460334,0.87860405,0.9523035,0.43807343,0.918794,0.9572337,0.9253965,0.89130855,0.81977886,0.9402226,0.94615173,0.95467,0.9381378,0.95156544,0.9518295,0.9324712,0.94118094,0.89037836,0.9389248,0.931798,0.9428977,0.9405121,0.95936275,0.9523035,0.9149666,0.9225056,0.9301636,0.93514913,0.92694676,0.92245406,0.9492658,0.9247916,0.95937294,0.9468571,0.9280878,0.93177557,0.9612585,0.93451643,0.9512626,0.9493979,0.9226419,0.91809094,0.9415877,0.7988781,0.9472831,0.84729767,0.93816864,0.94474554,0.9392394,0.9038104,0.9441229,0.95974696,0.94617075,0.935592,0.9339087,0.8992828,0.92271984,0.9226862,0.9330348,0.9149985,0.94674206,0.85466015,0.94722426,0.9510303,0.9499484,0.9580155,0.9431972,0.95908725,0.90666187,0.9122701,0.9458337,0.94151634,0.96332645,0.9458813,0.9389667,0.92798984,0.93008757,0.9584037,0.937001,0.8762394,0.935332,0.93444693,0.9648679,0.9472503,0.9545586,0.9220358,0.9414922,0.95444286,0.9451246,0.94465023,0.9338364,0.92818403,0.96332645,0.9424325,0.94554543,0.95301753,0.9522147
angelhasfallen,0.9697322,0.9497423,0.9617312,0.94562095,0.9737808,0.93342793,0.95951325,0.9663187,0.9797316,0.9548698,1.0000001,0.92679936,0.9552719,0.96801156,0.97601604,0.95528686,0.9546831,0.9695736,0.94901955,0.94676375,0.9549631,0.9682243,0.97248214,0.9376113,0.94630265,0.83877426,0.9646708,0.9298615,0.96190155,0.95340735,0.93975705,0.9316015,0.9108347,0.9466171,0.91320854,0.85286695,0.9674068,0.9619065,0.96163034,0.9395792,0.96061325,0.9534534,0.94387233,0.947958,0.9680035,0.9682349,0.9725776,0.9518961,0.9279618,0.95454615,0.953348,0.9659437,0.9534109,0.9316514,0.9405337,0.953013,0.9809546,0.97039104,0.95607805,0.9572685,0.9731325,0.95166993,0.9383193,0.9681621,0.94586545,0.95110726,0.97009486,0.9549924,0.9643246,0.9419618,0.96374965,0.49437138,0.9542064,0.9612991,0.9561335,0.91196746,0.8464204,0.9475059,0.9675087,0.94294417,0.95870966,0.96199834,0.9754149,0.96352863,0.95558006,0.94181406,0.9750365,0.9603793,0.96223277,0.9355521,0.96625495,0.96374965,0.9500403,0.94957936,0.9567782,0.9593333,0.9607149,0.95961314,0.9488192,0.9407795,0.9683828,0.9477229,0.9490924,0.95483416,0.9509156,0.94955355,0.9699923,0.97247547,0.9550741,0.9450276,0.97211933,0.80503386,0.97626466,0.87114465,0.96202666,0.9792798,0.97683066,0.94526154,0.9685565,0.9527042,0.96630746,0.9658381,0.9578975,0.92112666,0.9448417,0.96690905,0.957085,0.92978007,0.95892155,0.8689833,0.9662626,0.9648812,0.95408595,0.9368469,0.97338384,0.9695254,0.9435179,0.9401333,0.9634493,0.9622686,0.9797316,0.9586219,0.9467307,0.9464866,0.95699185,0.9533992,0.9568047,0.918289,0.9654164,0.97447675,0.9605526,0.9506783,0.9728837,0.93472785,0.9701811,0.9590845,0.9578694,0.95354587,0.9526558,0.9484874,0.9797316,0.95930153,0.9554385,0.9695353,0.9562454
angrybirdsmovie,0.9432274,0.8928918,0.9335918,0.91060483,0.91716504,0.9386457,0.92038995,0.93403476,0.94824463,0.8751735,0.92679936,1.0,0.93565273,0.9341312,0.92476577,0.91425407,0.90503585,0.89353424,0.92673945,0.88802594,0.9058642,0.9304574,0.94716704,0.912292,0.9172903,0.72852355,0.892944,0.9183688,0.9383097,0.9516952,0.9388318,0.91885316,0.88791895,0.92358136,0.8678102,0.8184431,0.9224037,0.9231249,0.9246423,0.92994136,0.92901766,0.93123364,0.9154269,0.9160802,0.9556914,0.92520684,0.9452788,0.9591584,0.92799366,0.9291318,0.93895286,0.9355614,0.8882218,0.93597215,0.8970231,0.9231852,0.9363376,0.9239973,0.9305431,0.92595136,0.9269539,0.92219204,0.96846896,0.92845005,0.9225556,0.9505535,0.9074134,0.92724067,0.9194654,0.94954324,0.93347186,0.44206515,0.93349713,0.9283503,0.9184895,0.8977893,0.69881076,0.90611446,0.9500313,0.907745,0.9122029,0.9270873,0.9376179,0.912375,0.92843467,0.9111348,0.90851367,0.9480101,0.938158,0.90738827,0.9161857,0.93347186,0.95400774,0.9453187,0.953505,0.88941944,0.9059848,0.94274116,0.9095514,0.90559363,0.9206986,0.9306487,0.92109925,0.94174886,0.89440244,0.9419886,0.9249109,0.94476944,0.92921096,0.90888447,0.9310125,0.6905157,0.925645,0.78247875,0.89706016,0.9287346,0.942847,0.9253139,0.94225574,0.9172178,0.924368,0.9299909,0.92794937,0.9074876,0.94937724,0.95409775,0.94383585,0.90533787,0.9161942,0.85690933,0.92547476,0.9312145,0.9150495,0.8434075,0.9438708,0.92741287,0.91075474,0.93699044,0.94419396,0.9227928,0.94824463,0.93592215,0.9367845,0.9293349,0.96304923,0.9212333,0.92170155,0.9202994,0.94028205,0.9232184,0.9238952,0.9148189,0.9365458,0.82833785,0.9133077,0.9248618,0.93208873,0.93952745,0.9196767,0.8939815,0.94824463,0.91266984,0.9391825,0.94004834,0.92794454
annabellemovie,0.958294,0.9448012,0.9565358,0.93038946,0.9407291,0.9588677,0.94272804,0.9677639,0.96732295,0.9350954,0.9552719,0.93565273,1.0,0.95633435,0.96281713,0.9432765,0.92149466,0.9485041,0.95329934,0.91766864,0.9414462,0.9599712,0.9551147,0.92644185,0.9401794,0.82108974,0.94998306,0.93476677,0.9535516,0.94960916,0.94423985,0.9545527,0.88393307,0.9284794,0.92784154,0.88271636,0.94036186,0.96635777,0.9416645,0.93869495,0.9513529,0.95747024,0.9552084,0.95713276,0.96457154,0.9467442,0.9601982,0.9316541,0.91297424,0.9633381,0.95138747,0.9625869,0.95578283,0.91360366,0.94701886,0.93427175,0.95494026,0.967753,0.9326801,0.947154,0.96347624,0.9288522,0.94826835,0.9537456,0.93671966,0.92325866,0.96108305,0.9450292,0.95373553,0.9009925,0.9440514,0.43870077,0.9359329,0.9616707,0.94668424,0.90907806,0.82009125,0.9426913,0.9534359,0.9254671,0.9659755,0.9523165,0.9705491,0.95507985,0.96937126,0.90605277,0.9631748,0.9747466,0.9345526,0.95469415,0.9501161,0.9440514,0.9426939,0.94678384,0.9460052,0.9322274,0.93690526,0.9280919,0.92641354,0.9373877,0.94414645,0.9370372,0.92417365,0.93611187,0.95266753,0.9480685,0.93641156,0.9658813,0.94618624,0.9329302,0.9383889,0.7739735,0.97196347,0.8437788,0.9640897,0.9638243,0.95479995,0.9351493,0.95769286,0.9387352,0.96028286,0.9650716,0.95575386,0.94993794,0.95085526,0.95504504,0.95913804,0.93647593,0.9458119,0.9017801,0.9410976,0.942654,0.9349549,0.88642466,0.95502156,0.95346254,0.9165781,0.9240386,0.94646513,0.930303,0.96732295,0.9562802,0.95268255,0.9548706,0.97100854,0.96931934,0.96299964,0.92811924,0.9533567,0.9233039,0.9442361,0.94648576,0.95465183,0.8911646,0.93644,0.94452626,0.9226306,0.92708385,0.94829583,0.9470654,0.96732295,0.9071432,0.9389401,0.95236367,0.9456044
annamovie,0.97595996,0.9384325,0.96136314,0.9573103,0.95989597,0.93952155,0.95933634,0.957564,0.98212737,0.94467527,0.96801156,0.9341312,0.95633435,1.0000001,0.96630114,0.9604821,0.9563786,0.9623906,0.96197474,0.932247,0.9494624,0.95583,0.95900255,0.9556848,0.9574721,0.8220375,0.9484609,0.9524995,0.961998,0.95021254,0.950339,0.94696444,0.91905016,0.93728995,0.89238816,0.86338407,0.9573948,0.9561971,0.9671413,0.9615907,0.9358447,0.9537963,0.94684017,0.95832974,0.96671146,0.96471107,0.9592263,0.94164395,0.9529049,0.96084166,0.9565199,0.97639817,0.9386798,0.9606271,0.91772515,0.9483148,0.96934855,0.96479493,0.96767265,0.97479784,0.9628882,0.97095305,0.95009387,0.97810036,0.95689845,0.93992555,0.9532819,0.9649549,0.95705473,0.93654054,0.97304595,0.5072307,0.9639573,0.97047853,0.95674294,0.90481544,0.79385495,0.9475193,0.9746139,0.9334464,0.9459883,0.95081246,0.9673394,0.93638456,0.95788586,0.9491502,0.93881005,0.96786827,0.9738663,0.9476765,0.9699652,0.97304595,0.9500812,0.953492,0.95915365,0.9507682,0.9492859,0.9520729,0.9465849,0.94527406,0.9682143,0.9646187,0.941615,0.9750985,0.9684085,0.9595233,0.9708212,0.97138447,0.9584436,0.9251087,0.9664549,0.77274257,0.96631336,0.8154847,0.95025957,0.9726651,0.9799359,0.9406085,0.95791954,0.95344704,0.9588775,0.9565589,0.94824046,0.93232673,0.96653694,0.9554557,0.9680749,0.9312973,0.94905066,0.87183493,0.9621602,0.946019,0.9557799,0.90937895,0.97355306,0.95508313,0.94818574,0.95681894,0.9813042,0.9755218,0.98212737,0.9759455,0.965913,0.96261126,0.9568738,0.9612445,0.9480266,0.9338149,0.95394534,0.96562123,0.96285826,0.9513711,0.97541696,0.9209585,0.9527623,0.9826316,0.9388276,0.9670287,0.94711435,0.9364615,0.98212737,0.93931574,0.9675186,0.957821,0.9612358
apollo11movie,0.97624964,0.9306997,0.9660245,0.9459134,0.9543076,0.930057,0.9652288,0.9602607,0.9776493,0.9571944,0.97601604,0.92476577,0.96281713,0.96630114,1.0,0.9380488,0.9578932,0.964278,0.9632467,0.9609275,0.958095,0.9655642,0.96200347,0.92461765,0.95293576,0.8002625,0.9474243,0.9516913,0.9647411,0.943738,0.9449369,0.94677943,0.90692246,0.9347417,0.9176899,0.8832706,0.9454431,0.9576897,0.95310056,0.9643492,0.94708794,0.9516506,0.9543982,0.94919693,0.9708602,0.9563468,0.96408916,0.94517016,0.9220942,0.9583605,0.9499721,0.9749665,0.9526412,0.9309243,0.93274146,0.9475902,0.956065,0.963052,0.9627361,0.9639973,0.98101217,0.9594541,0.93315446,0.96595347,0.94997686,0.94088,0.9691244,0.9623836,0.95129955,0.9319311,0.96770036,0.49246377,0.95087713,0.96535134,0.9379282,0.9253396,0.7974474,0.95465696,0.9763826,0.9588318,0.94589406,0.95378536,0.977019,0.9554176,0.95960015,0.9364135,0.9542959,0.9587661,0.94915724,0.9448048,0.9647038,0.96770036,0.9398865,0.9530567,0.93468297,0.9763376,0.95757604,0.95569825,0.96027464,0.93675,0.9569179,0.9594222,0.95591474,0.9515968,0.95330215,0.94818884,0.9524153,0.9734253,0.9524594,0.94041383,0.9562869,0.7754113,0.9740227,0.85949916,0.95790565,0.96228737,0.9714906,0.92451066,0.9640936,0.9524905,0.9715854,0.9601874,0.94964784,0.90450543,0.96051085,0.96492714,0.9577143,0.9195186,0.94766647,0.8677367,0.9640661,0.94978005,0.9579067,0.9238185,0.9646022,0.9634628,0.94394624,0.9400173,0.96704996,0.95491016,0.9776493,0.9654242,0.9458967,0.96783316,0.95542115,0.966276,0.954369,0.9303027,0.9745122,0.9658548,0.963145,0.95640033,0.9726948,0.92500466,0.95344985,0.96527314,0.9520816,0.95742047,0.947874,0.9373445,0.9776493,0.9408111,0.96085596,0.9577124,0.9530812
arcticdogsmovie,0.95732963,0.9697254,0.96214056,0.9448022,0.9547932,0.9327517,0.9584792,0.9655915,0.9724935,0.94911426,0.95528686,0.91425407,0.9432765,0.9604821,0.9380488,1.0000001,0.95473045,0.9543267,0.9563519,0.9082138,0.93735206,0.9531396,0.9611654,0.9578097,0.9530942,0.8568146,0.9449052,0.9370115,0.9523386,0.94699514,0.9211625,0.9388488,0.9242889,0.9273141,0.8757155,0.84014547,0.9605674,0.9461495,0.9640204,0.92745537,0.9378264,0.9477673,0.92803305,0.9499702,0.9448124,0.95414615,0.9599896,0.9295286,0.9434621,0.95535654,0.9538327,0.96075124,0.9533562,0.91363,0.92811483,0.93581885,0.9481824,0.9420197,0.93085456,0.9677927,0.94609916,0.943061,0.9309402,0.9467235,0.9331883,0.93293345,0.94427925,0.951952,0.94733864,0.9113435,0.969322,0.432596,0.92512,0.96530855,0.94459057,0.8872691,0.82930815,0.9270664,0.93955845,0.9347409,0.93779427,0.94688773,0.9538157,0.9380073,0.94191486,0.92037743,0.93609387,0.95568985,0.95608723,0.9579403,0.96398836,0.969322,0.94527805,0.94373393,0.96264845,0.9139999,0.9432128,0.9505158,0.940633,0.94849086,0.9548272,0.9601208,0.9245991,0.95527613,0.9541468,0.9514899,0.96668804,0.9539784,0.9444866,0.9174852,0.9630503,0.8272894,0.95702314,0.84631586,0.9335685,0.94566244,0.9626266,0.9300028,0.9511529,0.95993876,0.9478949,0.9413287,0.943504,0.92949796,0.9368613,0.93831635,0.94621986,0.9365073,0.95108306,0.8723786,0.9516354,0.9571471,0.9399168,0.9200808,0.95631886,0.9523307,0.93892473,0.9405657,0.97052014,0.9485944,0.9724935,0.95838547,0.93640673,0.9191004,0.9334632,0.9541112,0.9432899,0.88619035,0.9239998,0.9510809,0.9728663,0.9456288,0.96387774,0.9152566,0.95957613,0.96165186,0.9392996,0.9564694,0.94760054,0.9381524,0.9724935,0.9333781,0.9555413,0.9716514,0.9519164
arcticmovie,0.97078997,0.9430081,0.9609583,0.9368346,0.96685123,0.91337633,0.9739128,0.9514706,0.9750715,0.948488,0.9546831,0.90503585,0.92149466,0.9563786,0.9578932,0.95473045,0.9999998,0.96629995,0.95593596,0.9334087,0.96339077,0.95377505,0.95104134,0.9391141,0.9531464,0.8407008,0.95805806,0.96676284,0.96026653,0.93494314,0.91037834,0.9382608,0.92721075,0.933899,0.88821614,0.83578974,0.94943875,0.95379084,0.95548356,0.9527289,0.9350259,0.94549024,0.9436388,0.9413965,0.9504584,0.9529317,0.9515129,0.95004326,0.93241835,0.9513754,0.9486802,0.9717382,0.94468147,0.92328835,0.93173945,0.9549909,0.93685985,0.93738496,0.94110096,0.9762099,0.94986266,0.95905,0.9199591,0.9524484,0.95189977,0.942845,0.9509774,0.96141905,0.94386005,0.92130625,0.9746639,0.4565965,0.9281138,0.97037894,0.9187172,0.9101162,0.7842889,0.94826835,0.9610582,0.9573785,0.9218695,0.9502263,0.9610381,0.93014854,0.9426194,0.9265762,0.9257745,0.93556505,0.9669925,0.9394129,0.9517486,0.9746639,0.9421035,0.9471316,0.9476082,0.9525243,0.9452222,0.96091354,0.9575956,0.9387555,0.9529785,0.96713907,0.94989324,0.96310186,0.94556004,0.9423912,0.96082973,0.9613685,0.94692355,0.9297447,0.97485125,0.7861913,0.9527446,0.82717323,0.93233514,0.9503886,0.9664535,0.90586615,0.9439803,0.9635172,0.945614,0.9426516,0.9513428,0.8912803,0.93529284,0.94234264,0.95207417,0.92399925,0.94926363,0.85714746,0.9693457,0.9536064,0.9716713,0.9421769,0.9536991,0.9625471,0.93976563,0.9316015,0.9721514,0.9406443,0.9750715,0.959068,0.93063277,0.95007336,0.9345944,0.94731987,0.94914365,0.9083137,0.9545558,0.9637323,0.97807336,0.9508536,0.9630109,0.9065438,0.9550414,0.96739197,0.9474607,0.9610613,0.94697785,0.9352518,0.9750715,0.94472146,0.9655091,0.96603954,0.9490187
artofracingmovie,0.97290266,0.94879115,0.972421,0.9413191,0.9868436,0.91763496,0.97713876,0.9689243,0.98096704,0.9644819,0.9695736,0.89353424,0.9485041,0.9623906,0.964278,0.9543267,0.96629995,1.0,0.96895087,0.9545267,0.9642862,0.9735326,0.96402913,0.95102507,0.95083505,0.8649861,0.97862065,0.956354,0.9685702,0.944835,0.9257635,0.9377377,0.9204027,0.95039743,0.88873696,0.8267112,0.96228856,0.953592,0.96349484,0.9426595,0.93190366,0.9595314,0.9487421,0.9566897,0.95081925,0.9684511,0.9591411,0.94005144,0.92605025,0.96461755,0.9584264,0.97525495,0.9629266,0.9050233,0.9417167,0.9711308,0.95071423,0.9564188,0.9528595,0.9684089,0.9652503,0.9653123,0.924569,0.9668904,0.9325076,0.9399445,0.9582085,0.96013767,0.9615269,0.90051216,0.97112274,0.4791583,0.9342852,0.9738718,0.9374444,0.90568554,0.8079708,0.9471971,0.96543676,0.9431251,0.9516094,0.958385,0.9732659,0.937219,0.94047934,0.92517084,0.95849246,0.95842826,0.9648577,0.95707077,0.9774289,0.97112274,0.93668514,0.95101947,0.95257866,0.94061196,0.9504421,0.95097303,0.9458438,0.9473115,0.9590149,0.9563356,0.9452912,0.9528501,0.9480055,0.95015186,0.96846914,0.9656497,0.9374807,0.93320304,0.9732662,0.791784,0.96270883,0.81484956,0.9558457,0.9658214,0.96783954,0.90556973,0.95773906,0.9698726,0.9744901,0.95842844,0.9641721,0.9127789,0.93348265,0.9510736,0.9619737,0.9448491,0.95995134,0.8858823,0.9661798,0.9634017,0.9460986,0.933847,0.9593604,0.9703525,0.93251693,0.92622834,0.9642104,0.96059716,0.98096704,0.96323127,0.9389042,0.94474405,0.94125205,0.9634874,0.96099037,0.90340364,0.96074545,0.9564117,0.9750905,0.9604361,0.96702987,0.9273448,0.96030205,0.96316063,0.9480715,0.95597476,0.96181494,0.94907194,0.98096704,0.9431215,0.967172,0.9692894,0.9570892
avengers,0.98474085,0.94087887,0.97712654,0.9505059,0.9584553,0.9300423,0.96733445,0.9620382,0.9797679,0.942489,0.94901955,0.92673945,0.95329934,0.96197474,0.9632467,0.9563519,0.95593596,0.96895087,1.0,0.9389453,0.95149994,0.96613055,0.95754033,0.95468867,0.9518663,0.8152176,0.9488636,0.9633265,0.9775876,0.9599657,0.94923896,0.958102,0.925288,0.95244974,0.89149517,0.84420687,0.9506493,0.9559856,0.96290237,0.9570541,0.93612033,0.95314276,0.94814175,0.9493216,0.96475637,0.94939727,0.9528183,0.9422269,0.94746304,0.96104324,0.9737633,0.98037606,0.9607291,0.9197891,0.92727995,0.9600744,0.9348276,0.9405635,0.95114404,0.9710368,0.9701664,0.97091097,0.95640373,0.9498727,0.9447993,0.93953115,0.9484073,0.9749929,0.94830126,0.9162263,0.97345823,0.5148247,0.94312924,0.9755856,0.942387,0.9025333,0.77655447,0.9429256,0.9654811,0.94361943,0.9403764,0.9525423,0.971278,0.93437475,0.93833315,0.94020844,0.9313157,0.96541685,0.9675606,0.9677662,0.97408575,0.97345823,0.9375214,0.9673366,0.960044,0.9393758,0.9415306,0.95132774,0.94996697,0.9564381,0.95049894,0.9678995,0.9520475,0.9625562,0.950927,0.9723293,0.95167077,0.9554648,0.93406075,0.9413817,0.9602983,0.7505497,0.9595433,0.802695,0.9304407,0.9499258,0.97052705,0.9224964,0.9630394,0.96176803,0.97037566,0.9536191,0.9566741,0.9214308,0.95021963,0.9554636,0.9692205,0.9536954,0.94252586,0.8941749,0.96744955,0.9500606,0.9328518,0.9068702,0.952492,0.96472543,0.9434174,0.9448895,0.9694057,0.9583208,0.9797679,0.9757405,0.94900864,0.9463305,0.95393074,0.97208375,0.9492444,0.9207362,0.95318794,0.94827896,0.97140646,0.94805074,0.9721579,0.90836704,0.9415951,0.9641909,0.9585469,0.9651974,0.9579634,0.93063635,0.9797679,0.92765737,0.9696909,0.9717126,0.96607256
beachbummovie,0.9537543,0.9144331,0.9497913,0.9179141,0.9394613,0.9058569,0.94103324,0.94382364,0.95574695,0.9162748,0.94676375,0.88802594,0.91766864,0.932247,0.9609275,0.9082138,0.9334087,0.9545267,0.9389453,0.9999998,0.93644345,0.9525464,0.9577369,0.92162406,0.9000707,0.7864671,0.92151266,0.928201,0.92797554,0.9170132,0.9233233,0.91189516,0.90458536,0.9135289,0.8794303,0.82868725,0.9258144,0.92186743,0.920777,0.9274395,0.91119576,0.9391378,0.9158302,0.9270077,0.95433444,0.92792004,0.946645,0.9156626,0.8850714,0.94144607,0.924074,0.9524776,0.9295355,0.9108941,0.8885704,0.9288048,0.9160668,0.9289158,0.93720865,0.9323548,0.93996143,0.9218015,0.904256,0.9500861,0.9227701,0.9191277,0.9359418,0.9564465,0.9272085,0.9060568,0.94545865,0.48665094,0.9389427,0.9397673,0.9394391,0.8917725,0.7361681,0.9169024,0.9539673,0.93004787,0.91048014,0.9167709,0.94935095,0.93352526,0.90888757,0.90625846,0.9218095,0.9405044,0.92821455,0.93800825,0.94267696,0.94545865,0.89695185,0.9249858,0.92025954,0.9412681,0.9164444,0.9545716,0.92926484,0.945954,0.91780454,0.9225819,0.9291601,0.9182314,0.90627307,0.9201793,0.9467962,0.93926215,0.9272702,0.9155235,0.9456822,0.7541836,0.9539838,0.81883377,0.9387102,0.9426347,0.9611534,0.89058733,0.94343084,0.92806697,0.9573595,0.94427407,0.92869467,0.8795571,0.92616826,0.9416001,0.94998944,0.8896935,0.90932786,0.83590245,0.926678,0.9213282,0.92477053,0.87571603,0.9329681,0.92787725,0.9454444,0.9243484,0.9373408,0.9372061,0.95574695,0.93449795,0.89514047,0.9291677,0.90960145,0.9362729,0.94021386,0.9023043,0.9476673,0.92779124,0.9378985,0.92120624,0.9436021,0.89835143,0.9373108,0.9325518,0.94082975,0.93575966,0.94968235,0.92311937,0.95574695,0.9374196,0.94385386,0.93858874,0.912081
bernadettefilm,0.9685692,0.94176763,0.96413064,0.9298583,0.9619742,0.8942912,0.9644135,0.9515419,0.96810305,0.9303903,0.9549631,0.9058642,0.9414462,0.9494624,0.958095,0.93735206,0.96339077,0.9642862,0.95149994,0.93644345,0.9999998,0.9471494,0.94068563,0.9203009,0.95774907,0.81080586,0.9624825,0.96188694,0.9542937,0.9370916,0.9210118,0.9170855,0.90221727,0.9251286,0.9134279,0.89061946,0.949018,0.9554057,0.96428186,0.93012196,0.9319082,0.9673606,0.96025586,0.96134627,0.96037847,0.94677246,0.94117916,0.94361484,0.92747325,0.9654792,0.9407484,0.9643708,0.95511603,0.91080755,0.9334033,0.9531677,0.92850596,0.95578176,0.9300718,0.9698832,0.95816815,0.95615363,0.9268105,0.95319104,0.9422905,0.9280943,0.9533694,0.9557421,0.94795585,0.9257934,0.96390074,0.46157622,0.9278627,0.97726804,0.921335,0.9003728,0.8105599,0.9249692,0.96646833,0.93883914,0.9351992,0.9306071,0.98038393,0.92682374,0.9222544,0.9337679,0.93614835,0.95599216,0.9496133,0.95621216,0.9471082,0.96390074,0.94012,0.9539593,0.93124133,0.95694363,0.95547545,0.95334774,0.96071935,0.9471358,0.9491608,0.9476974,0.91687214,0.9518081,0.9327934,0.94032526,0.94616425,0.95969105,0.92555714,0.91800934,0.96081346,0.75322205,0.9665818,0.83718365,0.9560902,0.9554197,0.96211904,0.909614,0.9477215,0.9630451,0.9554979,0.9521167,0.96980983,0.8903926,0.9309799,0.95725477,0.96408594,0.9139742,0.960969,0.89106596,0.968813,0.95261496,0.9420363,0.9075154,0.95892406,0.95109546,0.9475712,0.91149396,0.95647347,0.92782474,0.96810305,0.94887155,0.91513747,0.9518639,0.9316613,0.95455295,0.9673633,0.9267726,0.95637715,0.95495397,0.97196364,0.96402127,0.95235753,0.9172616,0.938446,0.9551586,0.9195784,0.9465506,0.95857126,0.9515498,0.96810305,0.928236,0.954292,0.96249765,0.92940676
