movie,21bridgesmovie,47metersdown,abeautifuldaymovie,abominablemovie,adastramovie,adogsjourneymovie,aftermathmovie,aftermovie,ahiddenlifefilm,alitamovie,angelhasfallen,angrybirdsmovie,annabellemovie,annamovie,apollo11movie,arcticdogsmovie,arcticmovie,artofracingmovie,avengers,beachbummovie,bernadettefilm,blackandbluemovie,blackchristmas,blindedbythelightmovie,bombshellmovie,booksmart,breakthroughmovie,brianbanksmovie,brightburnmovie,brittanyrunsmov,captainmarvelofficial,captivestatemovie,catsmovie,charliesangels,childsplaymovie,clarathefilm,coldpursuitmovie,countdown,currentwarmovie,darkwatersmovie,detectivepikachumovie,disneyaladdin,disneyfrozen,disneymaleficent,doctorsleepmovie,dolemiteismyname,dontletgomovie,doramovie,downtonabbey_official,dumbo,escaperoom,everybodyknowsmovie,fastandfuriousmovie,fightingwmyfam,fivefeetapartfilm,fordvferrari,freaksthefilm,geminimanmovie,glassmovie,gloriabellmovie,godzillamovie,goldfinchmovie,goodboysmovie,goodliarmovie,gretafilm,halathemovie,happydeathdaymovie,harrietfilm,hellboymovie,hersmellmovie,highlifemovie,highstrungmovie,honeyboymovie,hotelmumbaifilm,httydragon,hustlemovie,hustlersmovie,isntitromantic,itmovieofficial,jayandsilentbob,johnwickmovie,jojorabbitmovie,jokermovie,judythefilm,jumanjimovie,justmercyfilm,knivesout,lalloronamovie,lastblackmansf,lastchristmasthemovie,latenightmovie,lighthousemovie,lionking,littlethemovie,littlewomenmovie,littlewoodsfilm,longshotmovie,lordsofchaosmovie,lucyintheskyfilm,mamovie2019,marriagestory,meettheaddams,meninblack,midsommarmovie,midwaymovie,missbalamovie,missinglinkfilm,motherlessbklyn,onceinhollywood,onthebasisofsex,overcomermovie,peanutbutterfalcon,petsematarymovie,piercingmovie,playingwithfire,playmobilthemovie,pomsmovie,queenandslim,rambomovie,readyornotfilm,richardjewellfilm,rocketmanmovie,scarystoriesmovie,secretlifeofpets,serenityfilm,shaftmovie,shazammovie,spidermanmovie,spiesindisguise,starwars,stormboymovie,stubermovie,taosdfilm,teenspiritmov,terminator,theaeronautsmov,thebestofenemies,thedeaddontdie,thefarewell,thehighwaymen,thehummingbirdprojectfilm,theintrudermovie,theirishmanfilm,thekitchenmovie,thelegomovie,themustangfilm,thenightingalefilm,theprodigymovie,thesunisalsoastar,theupsidefilm,tolkienmovie,toystory,triplefrontier,uglydolls,uncutgems,underthesilverlake,usmovie,wavesmovie,whatmenwant,wonderparkmovie,wrinklestheclown,xmenmovies,yardiefilm,yesterdaymovie,zombieland
21bridgesmovie,0.9999999,0.9619536,0.97939426,0.9563128,0.95685804,0.961118,0.95767444,0.9540942,0.98504645,0.9563419,0.9597233,0.95516807,0.9505457,0.98513097,0.9694439,0.96164525,0.9754172,0.96438974,0.9807022,0.9533284,0.96771616,0.9794824,0.97442156,0.9816337,0.9521883,0.7864609,0.9405411,0.9576796,0.9717219,0.9678459,0.9620211,0.9599026,0.9613045,0.9488006,0.9416315,0.8555593,0.9714398,0.97464323,0.9684553,0.9438341,0.9378389,0.95065165,0.9418151,0.938445,0.97555244,0.9622261,0.9698612,0.95480675,0.9468136,0.94752985,0.97633433,0.9707658,0.9491744,0.93675756,0.9302241,0.9636244,0.9622044,0.96659774,0.96133685,0.97392285,0.9478094,0.9721766,0.9773855,0.9718674,0.9769993,0.9665401,0.97217417,0.9724063,0.9605066,0.92876834,0.9738343,0.37855864,0.93320835,0.9676734,0.9544672,0.95610374,0.8600941,0.9746377,0.97286886,0.94519925,0.9692581,0.944162,0.96911496,0.9513717,0.9686111,0.9548576,0.9545061,0.95179564,0.95680654,0.97040045,0.97402567,0.9738343,0.93492097,0.95413274,0.9605924,0.9612094,0.9610178,0.97126794,0.9595989,0.96573913,0.9631857,0.9806438,0.9457198,0.96616733,0.9734796,0.97227657,0.98355776,0.95930856,0.93503255,0.9384597,0.9760918,0.61843675,0.9671957,0.8886449,0.9506307,0.9849492,0.99630815,0.96887827,0.9754131,0.94705963,0.9682527,0.95649403,0.95972645,0.9369406,0.9644549,0.96816975,0.94832283,0.9610163,0.9623659,0.8960903,0.9725489,0.9611553,0.97279376,0.9461159,0.973773,0.96159476,0.9853978,0.9588571,0.9733487,0.95733535,0.98504645,0.9718675,0.9687118,0.9496192,0.94837856,0.9683913,0.9422682,0.93813676,0.9552329,0.9704772,0.95879817,0.96430427,0.9628378,0.89637434,0.9598621,0.9736644,0.95685846,0.98047256,0.966764,0.95976335,0.98504645,0.95697874,0.96727085,0.96791834,0.9666249
47metersdown,0.9619536,0.99999994,0.9702505,0.9148693,0.9443254,0.94313365,0.9470375,0.94267756,0.96703804,0.9436064,0.9498122,0.93321335,0.93919414,0.95906615,0.9554762,0.9775886,0.9461819,0.94303936,0.9522158,0.91201425,0.9500691,0.9622533,0.96034586,0.95961547,0.92739636,0.7692739,0.9181537,0.94624305,0.95912033,0.9430094,0.9470721,0.9335942,0.9571571,0.94767916,0.9044984,0.83907765,0.9542957,0.91452205,0.9507385,0.92441654,0.93418795,0.9346282,0.9187627,0.93209475,0.9637542,0.9466306,0.9560223,0.93559736,0.94510096,0.938178,0.95855623,0.9644025,0.9234335,0.9245599,0.9065366,0.95668554,0.9588067,0.95034355,0.9487794,0.9585114,0.95542645,0.9567022,0.9475639,0.9654268,0.9493621,0.92242646,0.9185253,0.93527657,0.9547614,0.9010931,0.9602476,0.43474698,0.93591803,0.951913,0.9495101,0.95048547,0.8382897,0.9440197,0.953604,0.94050246,0.94407773,0.9366025,0.9634557,0.9443313,0.9407639,0.9435421,0.93423724,0.94841224,0.9403949,0.9431136,0.9492294,0.9602476,0.9250471,0.9467084,0.9474729,0.94692963,0.93439746,0.94428587,0.9616058,0.9460207,0.9421782,0.9284118,0.93554753,0.9456866,0.9686252,0.9617001,0.9588807,0.96391165,0.92359054,0.91715294,0.9424341,0.66652155,0.9473109,0.88185173,0.944607,0.9657431,0.9637186,0.97184354,0.9607937,0.940475,0.9624504,0.9363964,0.9457513,0.93652105,0.9474723,0.9355878,0.9441088,0.9326933,0.94101197,0.882378,0.9559053,0.94763887,0.945214,0.93360627,0.9467808,0.95131004,0.9511669,0.9657798,0.9630064,0.9421205,0.96703804,0.95713884,0.9438807,0.9447107,0.93302876,0.9491931,0.94109035,0.894774,0.94642514,0.9494294,0.9468281,0.948964,0.95735,0.87830925,0.9391923,0.9583038,0.9546632,0.9568567,0.95026994,0.9402138,0.96703804,0.93217635,0.9636684,0.95905805,0.95238024
abeautifuldaymovie,0.97939426,0.9702505,0.9999999,0.94562966,0.9702553,0.9675811,0.9781242,0.9710174,0.9897146,0.97056836,0.9647001,0.96269095,0.9646685,0.97693443,0.973853,0.98614246,0.97626185,0.96918625,0.98101664,0.9519558,0.9776246,0.9823039,0.97973496,0.97415614,0.9562385,0.74495983,0.9506464,0.9607335,0.9885641,0.96779317,0.96707106,0.9680806,0.952775,0.9689933,0.9381209,0.8557641,0.9811962,0.96103084,0.9763259,0.9466156,0.9492319,0.96768665,0.9542461,0.958668,0.97763515,0.97359425,0.9758026,0.96727526,0.9586471,0.96764636,0.9881377,0.9721579,0.9556304,0.95241785,0.94187224,0.97439796,0.97511744,0.97750515,0.96928155,0.9787553,0.9651085,0.9805454,0.97253615,0.9801135,0.976213,0.96757686,0.96333814,0.965266,0.97110164,0.9491411,0.9820091,0.37502468,0.9469833,0.9657258,0.9551861,0.9585406,0.86399716,0.97546774,0.9766342,0.9655706,0.9737801,0.9561748,0.9730864,0.97633815,0.97385377,0.96104175,0.9498713,0.96870244,0.9689048,0.97357327,0.96650696,0.9820091,0.95020133,0.9581565,0.98592013,0.96714145,0.9564408,0.9787755,0.97526443,0.97397953,0.9723299,0.9671284,0.95598996,0.97698027,0.97137594,0.98829305,0.9765427,0.9811588,0.950742,0.94634223,0.9769576,0.62349993,0.97262806,0.897696,0.9661833,0.97908795,0.97752273,0.97184455,0.9876443,0.97550064,0.9776989,0.96759397,0.9668055,0.9484309,0.97330517,0.95735836,0.9586028,0.96868193,0.9751787,0.9061874,0.9863748,0.9693459,0.96516246,0.95608455,0.9800406,0.9724438,0.9759593,0.9730741,0.9826383,0.96902204,0.9897146,0.98778176,0.9689707,0.9667429,0.95087063,0.97309226,0.95758873,0.9367305,0.9708154,0.96545607,0.9761496,0.9789188,0.9746199,0.87462854,0.96204376,0.98209655,0.96186584,0.9845199,0.9748099,0.9646601,0.9897146,0.9611988,0.9743032,0.9742852,0.9825686
abominablemovie,0.9563128,0.9148693,0.94562966,0.9999998,0.96740603,0.95804197,0.950384,0.9558389,0.967808,0.93903,0.9625819,0.9365642,0.9660309,0.9510806,0.9598137,0.93460137,0.9613504,0.9604735,0.9717762,0.9382408,0.9410477,0.93619585,0.96813905,0.9631227,0.9502634,0.807383,0.95007527,0.95627046,0.9560526,0.98340535,0.9534466,0.9612528,0.92036575,0.9457189,0.94650674,0.90018064,0.9712344,0.95824033,0.93934005,0.95493686,0.95552814,0.9687435,0.94071823,0.9575188,0.9542496,0.9447437,0.9658354,0.928749,0.9502288,0.96199113,0.96246845,0.96049446,0.9637951,0.92388266,0.93663466,0.9414147,0.9582984,0.9526764,0.9584286,0.9524365,0.9573829,0.9572309,0.9702376,0.959063,0.952948,0.94539595,0.9609192,0.94904315,0.9510359,0.9354908,0.95332175,0.34989768,0.9241683,0.967289,0.95150083,0.94867855,0.90033895,0.9652389,0.9518172,0.9358319,0.9465608,0.9628875,0.9611482,0.93364596,0.9438578,0.96451837,0.95198655,0.9455211,0.9400568,0.97330683,0.9591571,0.95332175,0.9555833,0.925092,0.9452644,0.963775,0.9662544,0.94396853,0.9344778,0.94987226,0.9588524,0.9649538,0.9139839,0.94839364,0.9282557,0.95356065,0.95084405,0.9436067,0.94109714,0.938565,0.96701556,0.6286442,0.9585029,0.9322653,0.9443326,0.95663863,0.96072966,0.9401981,0.94686586,0.93800724,0.96823645,0.95450574,0.95172054,0.93022835,0.96207285,0.937563,0.9250983,0.9393683,0.92649823,0.91967416,0.943137,0.9615126,0.9530451,0.95966816,0.948564,0.97004217,0.9521934,0.9500508,0.94357467,0.9506627,0.967808,0.94999,0.94357514,0.9596961,0.9454628,0.959959,0.9065183,0.952812,0.96017987,0.95212495,0.9519721,0.95940727,0.93951386,0.82544976,0.94020647,0.95065993,0.93860155,0.9549857,0.95418537,0.93232703,0.967808,0.9344066,0.9259442,0.96449006,0.95579964
adastramovie,0.95685804,0.9443254,0.9702553,0.96740603,0.99999994,0.9761611,0.97063404,0.98101836,0.98513865,0.9722459,0.9732782,0.94662076,0.9752134,0.965495,0.9667599,0.9621111,0.97236353,0.980344,0.9804804,0.955886,0.9469839,0.96986854,0.9883707,0.97038466,0.96213233,0.7794759,0.9801882,0.97698724,0.9821892,0.98319954,0.96782553,0.98541546,0.9495237,0.9635108,0.9548459,0.910026,0.9755095,0.95237005,0.97593546,0.9707872,0.97367966,0.9821709,0.97096837,0.9804264,0.9802546,0.9761086,0.99120426,0.96373665,0.962878,0.984289,0.9782479,0.97599876,0.96647435,0.93414384,0.9568393,0.9757878,0.97670895,0.9726006,0.9702275,0.9701685,0.9695206,0.97829705,0.9721569,0.9848853,0.97143435,0.95765054,0.95319116,0.96403617,0.9794902,0.9584835,0.9771459,0.41778463,0.9478751,0.98314416,0.9601325,0.96147007,0.9063238,0.9720063,0.9655709,0.9769475,0.96353704,0.9733944,0.97400975,0.9618564,0.947069,0.9741545,0.96876466,0.9743611,0.97630775,0.97786856,0.97229844,0.9771459,0.9768726,0.95964843,0.9637896,0.9639515,0.96617955,0.97179604,0.95847976,0.9716345,0.96796554,0.9625986,0.9554022,0.9728343,0.94924724,0.9727336,0.9620107,0.9781683,0.9588254,0.97060007,0.98564345,0.6655019,0.9858609,0.9518189,0.9763156,0.9602312,0.9596983,0.957908,0.9650203,0.96446,0.9821536,0.9777769,0.9723191,0.9568897,0.97843164,0.958752,0.959999,0.94636214,0.9681463,0.9393202,0.95572907,0.97860664,0.9612816,0.9694522,0.97426385,0.9758599,0.95752174,0.96499854,0.96566826,0.9770486,0.98513865,0.97649693,0.96077055,0.9833541,0.96893734,0.97413397,0.93735296,0.95245326,0.9855955,0.9462161,0.97972685,0.9837452,0.9525791,0.8347807,0.9670956,0.9776771,0.9548637,0.9772435,0.9829446,0.9641129,0.98513865,0.9675148,0.96101713,0.972776,0.97420746
adogsjourneymovie,0.961118,0.94313365,0.9675811,0.95804197,0.9761611,1.0000001,0.9781365,0.96343184,0.9837247,0.9603357,0.96914333,0.9470699,0.9717513,0.9623904,0.9613174,0.9644814,0.9747774,0.9671622,0.9711488,0.9355466,0.9670015,0.9646504,0.97907865,0.9708941,0.96668285,0.7405823,0.9821912,0.96717995,0.9759286,0.9698847,0.97125584,0.97852296,0.96871865,0.9659311,0.975565,0.8885439,0.96995324,0.9492828,0.96246344,0.97040355,0.953498,0.97602695,0.9676485,0.96093976,0.9757656,0.95973206,0.97620296,0.96913016,0.9648559,0.9688788,0.978027,0.979529,0.9605329,0.961677,0.95467526,0.958497,0.9719959,0.9768855,0.977644,0.9817384,0.96869385,0.96668506,0.9713272,0.97570604,0.96752006,0.9553888,0.96154433,0.9746525,0.97348374,0.9353709,0.97838503,0.37140295,0.92629534,0.9606905,0.96958756,0.9539696,0.87450266,0.97077554,0.9723814,0.9656962,0.96453214,0.97865796,0.9681928,0.95172685,0.9669635,0.9723122,0.9742741,0.97525924,0.9574216,0.96870184,0.9741959,0.97838503,0.956688,0.9503215,0.97146094,0.9528582,0.9687768,0.97109705,0.9497955,0.9820576,0.9559411,0.96414435,0.95061964,0.98673594,0.9540659,0.9793265,0.95644355,0.9631279,0.94572014,0.9578077,0.98059076,0.61861765,0.97098064,0.933971,0.97382164,0.96813273,0.96234226,0.9614413,0.9637726,0.96833706,0.9763031,0.96069276,0.9665035,0.98281443,0.96880436,0.96824694,0.97980493,0.9423192,0.96139574,0.9181504,0.9564244,0.97089016,0.964151,0.96038836,0.96529365,0.9660784,0.970026,0.95797294,0.96893734,0.9604062,0.9837247,0.9749559,0.96282583,0.96908444,0.9677433,0.9727956,0.93094826,0.9738087,0.9610668,0.94185126,0.9760257,0.976915,0.9471557,0.8370209,0.9791843,0.98089796,0.95470965,0.9783896,0.970621,0.9707035,0.9837247,0.9734537,0.96863186,0.9684012,0.96205163
aftermathmovie,0.95767444,0.9470375,0.9781242,0.950384,0.97063404,0.9781365,0.9999997,0.97784233,0.9832464,0.9716749,0.96202534,0.9637689,0.9672238,0.9676438,0.96516633,0.9755057,0.9786437,0.9711681,0.96554613,0.94151115,0.97677255,0.96806574,0.96847785,0.9667842,0.95916903,0.7356956,0.9689068,0.9647289,0.9775309,0.96678925,0.96068794,0.97478014,0.9565294,0.9726118,0.9535147,0.8641326,0.9752123,0.9518649,0.96463215,0.9597447,0.9580814,0.9791163,0.9671397,0.9683134,0.9686039,0.9671504,0.9676409,0.96997935,0.96161675,0.9757371,0.9785735,0.97539324,0.9444632,0.9621994,0.9683788,0.9623317,0.96874964,0.97224224,0.9762747,0.97912884,0.97294164,0.9698283,0.9638618,0.97704494,0.9738835,0.9515766,0.95763326,0.96561843,0.98317254,0.9414213,0.9767074,0.3985323,0.93257576,0.95736647,0.94373965,0.9597128,0.8668313,0.97785985,0.9747028,0.97054625,0.9759287,0.9760016,0.9688852,0.9665311,0.9670667,0.9557097,0.95933527,0.96453875,0.9635952,0.9666096,0.9703847,0.9767074,0.95344067,0.9437858,0.9800118,0.9660267,0.95449847,0.9807964,0.96521074,0.977495,0.96218616,0.9551313,0.9418383,0.9807609,0.96431035,0.98069954,0.9529074,0.9730115,0.9443729,0.9547744,0.9728995,0.608879,0.9655474,0.90438706,0.98032826,0.9727867,0.9654213,0.9451339,0.9850358,0.99443215,0.98021305,0.9587998,0.9811256,0.9673053,0.9649758,0.9536485,0.96175003,0.9537256,0.96432793,0.89442587,0.96705395,0.96590436,0.9673694,0.97473127,0.9716072,0.9733792,0.96121395,0.97600293,0.9747697,0.9652869,0.9832464,0.97558904,0.9613576,0.9691331,0.94580734,0.9775669,0.9537921,0.95066446,0.9634658,0.9542414,0.9923714,0.9741815,0.95867413,0.8574483,0.9715365,0.98035854,0.9397773,0.9796688,0.9639411,0.96507347,0.9832464,0.9635382,0.9657472,0.9601683,0.97216535
aftermovie,0.9540942,0.94267756,0.9710174,0.9558389,0.98101836,0.96343184,0.97784233,1.0,0.97984654,0.9699931,0.97664124,0.94472545,0.96050173,0.9707914,0.96825904,0.9583591,0.97682726,0.9790055,0.969009,0.953768,0.95357704,0.9705342,0.9743856,0.9666134,0.95874214,0.77453065,0.96950614,0.97812545,0.97979283,0.97408754,0.9424808,0.9706014,0.93222094,0.9678062,0.9466235,0.89309275,0.97398764,0.9558863,0.97369885,0.9655331,0.9730738,0.97575945,0.96280336,0.98159736,0.9692532,0.9859815,0.98036647,0.948534,0.9487458,0.982672,0.9813382,0.9694043,0.94697833,0.9405304,0.981814,0.9670824,0.9734306,0.9668033,0.95617014,0.97547644,0.96546733,0.9644999,0.95896864,0.97828406,0.96693534,0.9615454,0.9477747,0.95565486,0.97841734,0.9559735,0.97710073,0.41600794,0.94283116,0.97744435,0.944,0.96579486,0.89545643,0.9724169,0.94884354,0.9834828,0.97725344,0.9683034,0.9729622,0.96034825,0.952387,0.94869536,0.9479248,0.95387846,0.9852083,0.97092557,0.9647079,0.97710073,0.9629661,0.94157267,0.97115713,0.97604334,0.9507458,0.9725261,0.95616484,0.96635574,0.9843994,0.94665456,0.94611883,0.9700115,0.95646024,0.97501194,0.9602273,0.97995716,0.94610536,0.9533706,0.9747743,0.6246236,0.97490335,0.921263,0.97342265,0.9653765,0.9588637,0.9408198,0.98152804,0.9721832,0.97562915,0.96663284,0.97727686,0.9467428,0.9681856,0.9387301,0.93692344,0.965391,0.97298616,0.922904,0.9640659,0.9776984,0.96774536,0.96878755,0.967096,0.97406507,0.94997966,0.97549254,0.96743816,0.9811559,0.97984654,0.9733917,0.9670895,0.97002506,0.9444059,0.9703314,0.9476206,0.9294349,0.98179114,0.95331293,0.9876586,0.9771846,0.96646065,0.82844335,0.9574861,0.980651,0.92598164,0.98078686,0.97607636,0.95953155,0.97984654,0.9561879,0.94595987,0.95958656,0.9852422
ahiddenlifefilm,0.98504645,0.96703804,0.9897146,0.967808,0.98513865,0.9837247,0.9832464,0.97984654,0.99999994,0.97825205,0.97846377,0.96335524,0.9751392,0.9901165,0.98524153,0.98210984,0.98646575,0.982369,0.9922271,0.9695708,0.980949,0.9852637,0.9907069,0.9880119,0.96962816,0.78198344,0.9681183,0.9786676,0.9889893,0.98385406,0.9793246,0.9836252,0.9702958,0.9722775,0.9605799,0.8813861,0.9902235,0.97163105,0.9851897,0.96822083,0.96691155,0.98275995,0.97205406,0.9728553,0.9901629,0.98031086,0.98853886,0.97599334,0.9690747,0.97997934,0.99116856,0.9898008,0.9689576,0.9596023,0.9569149,0.9768329,0.9829413,0.98706126,0.98241985,0.98900455,0.97542256,0.98772997,0.987539,0.9902887,0.9857063,0.9766697,0.976555,0.98168355,0.98423034,0.9550244,0.9913671,0.41322547,0.94445115,0.9835849,0.970834,0.9712566,0.88063467,0.9878645,0.98627424,0.9779077,0.98325586,0.97083634,0.98534906,0.9726993,0.9754913,0.9763947,0.970967,0.979481,0.9774118,0.9839416,0.9868074,0.9913671,0.9652713,0.97226053,0.98470545,0.97901756,0.9760351,0.98957455,0.9760286,0.9880627,0.9774099,0.9823483,0.9660626,0.9884933,0.97764987,0.98923594,0.98361295,0.9829923,0.9607537,0.9631052,0.99071866,0.64498997,0.98785317,0.92548025,0.9779598,0.9854857,0.9863699,0.97588515,0.9880457,0.97597456,0.9892574,0.9790052,0.9817457,0.96326077,0.98491246,0.97752917,0.973877,0.9717013,0.9785762,0.93262464,0.9813281,0.9772132,0.98175603,0.97422487,0.9875198,0.9823078,0.98509645,0.9782251,0.9874593,0.979452,0.99999994,0.98957175,0.97644067,0.9799201,0.96853596,0.98702914,0.958384,0.9598825,0.98118234,0.9656291,0.9849784,0.98808277,0.97287565,0.87727433,0.98087895,0.9900842,0.970807,0.9927773,0.9882066,0.97898763,0.99999994,0.97485715,0.98258156,0.98295504,0.9832586
alitamovie,0.9563419,0.9436064,0.97056836,0.93903,0.9722459,0.9603357,0.9716749,0.9699931,0.97825205,1.0,0.9526961,0.94649255,0.9521226,0.96559256,0.9717147,0.96809864,0.96136624,0.9748042,0.963768,0.9484862,0.96272844,0.9652313,0.9634326,0.9654297,0.9413161,0.7596177,0.95117354,0.9510963,0.9716912,0.9598297,0.95550877,0.9746885,0.95708627,0.9637866,0.9423166,0.85879564,0.9670927,0.9533352,0.9678599,0.9459706,0.93849105,0.969628,0.9686851,0.96812737,0.96700543,0.9640724,0.9656687,0.9578504,0.9408955,0.9726304,0.9725777,0.9737454,0.93304163,0.92583907,0.9487262,0.9695568,0.9576618,0.9616546,0.97418576,0.9638451,0.9456744,0.97786534,0.95804995,0.9720196,0.9667038,0.95731556,0.94970274,0.9601513,0.97027993,0.9505331,0.9710686,0.397985,0.9274118,0.95908195,0.93591475,0.9538119,0.88711864,0.97498304,0.96816295,0.95591396,0.95756495,0.9573441,0.9613164,0.95620453,0.9489933,0.94397056,0.9376178,0.95984846,0.97137827,0.94473135,0.95845395,0.9710686,0.9578407,0.9656794,0.9673379,0.96107316,0.9389995,0.97769296,0.9634821,0.97344935,0.9585508,0.9466407,0.95014524,0.9661764,0.9707538,0.96820223,0.951282,0.97266537,0.9339484,0.9682479,0.96894795,0.6606181,0.96437496,0.90984595,0.9718276,0.96670794,0.95723015,0.9388755,0.9730644,0.97261965,0.9655397,0.9670246,0.9660746,0.9365018,0.9621272,0.96224624,0.9601323,0.95291775,0.9676842,0.9106829,0.9690458,0.9582386,0.9452647,0.9659053,0.965187,0.95764184,0.9621546,0.966264,0.96799964,0.96754044,0.97825205,0.97301835,0.95753634,0.9607677,0.94626606,0.97052586,0.9464811,0.92962134,0.96463495,0.9463545,0.9714434,0.9709236,0.9518581,0.8683042,0.96076316,0.9676947,0.95119995,0.9706166,0.97394645,0.9647356,0.97825205,0.96394753,0.9682185,0.9471126,0.9637508
angelhasfallen,0.9597233,0.9498122,0.9647001,0.9625819,0.9732782,0.96914333,0.96202534,0.97664124,0.97846377,0.9526961,0.99999994,0.9297514,0.9498755,0.9693937,0.9749556,0.9510581,0.9686637,0.9651069,0.96908706,0.9419705,0.9523752,0.96132535,0.975482,0.9744908,0.9771267,0.7886697,0.9677156,0.97520673,0.9691539,0.9668518,0.94112587,0.9593939,0.93064785,0.9422525,0.96049964,0.88277316,0.9741394,0.9521748,0.9656101,0.9592198,0.95435095,0.96145564,0.95777386,0.9605841,0.9726235,0.96584386,0.9800978,0.94113654,0.9445727,0.9632919,0.9768661,0.9725604,0.9547141,0.93370163,0.9562716,0.9503683,0.9772926,0.96653515,0.9512234,0.9828285,0.96793807,0.9576449,0.9653151,0.965477,0.9570291,0.9661297,0.94860977,0.95545727,0.9766951,0.94139254,0.98299336,0.38352638,0.9186102,0.96840185,0.9724527,0.956496,0.88111675,0.9571582,0.9478533,0.96885973,0.9759561,0.9565469,0.9637373,0.94564223,0.95954525,0.9627316,0.95932406,0.9488473,0.9787347,0.97008127,0.96554065,0.98299336,0.95530313,0.9402218,0.9630215,0.9791655,0.97786033,0.9639494,0.94808805,0.9579073,0.96922076,0.9478691,0.93817973,0.9743235,0.959419,0.969229,0.9699573,0.9619694,0.9436537,0.93459815,0.96806335,0.6486503,0.97305304,0.92245245,0.95706713,0.9781302,0.96035314,0.9605665,0.96847534,0.94643,0.9651059,0.9617595,0.9717569,0.95305604,0.96096575,0.9366793,0.9435806,0.9609173,0.9680251,0.9241855,0.95336545,0.9824191,0.96346027,0.96955734,0.9588024,0.96662277,0.94892013,0.96591365,0.9746117,0.9579484,0.97846377,0.9649542,0.9500464,0.96483177,0.95465875,0.9705532,0.9406789,0.9349104,0.97006625,0.94473636,0.96810734,0.9693568,0.9633689,0.81634057,0.9671973,0.979319,0.9414491,0.9760412,0.97272635,0.95330983,0.97846377,0.94684684,0.9431502,0.9653719,0.9759211
angrybirdsmovie,0.95516807,0.93321335,0.96269095,0.9365642,0.94662076,0.9470699,0.9637689,0.94472545,0.96335524,0.94649255,0.9297514,1.0,0.9395153,0.9496872,0.9434579,0.9537433,0.9501838,0.96112835,0.9653265,0.94748515,0.96262264,0.96529126,0.9449888,0.96034753,0.9120598,0.78497094,0.9294387,0.92259085,0.9654728,0.9581261,0.9595176,0.95344955,0.9297656,0.95633703,0.9145224,0.8246095,0.9502127,0.92906624,0.94146156,0.915658,0.92800605,0.9402246,0.92977947,0.9207064,0.94293356,0.94822335,0.9402392,0.95374495,0.9351608,0.9334054,0.966773,0.9488434,0.91534036,0.9541829,0.92818195,0.948378,0.93561286,0.95420367,0.95443434,0.94408923,0.93328243,0.96473,0.955964,0.9500877,0.9684489,0.93804365,0.93771976,0.9465515,0.9488433,0.92282426,0.9432009,0.33362433,0.91652304,0.9399822,0.9030909,0.9330423,0.8840502,0.9665493,0.9569483,0.9444041,0.94552916,0.9337227,0.9569856,0.9288556,0.9447521,0.92663056,0.93336546,0.94968396,0.930172,0.9429894,0.9644155,0.9432009,0.9161255,0.9418773,0.96651816,0.9391924,0.91666865,0.95776063,0.9586926,0.9532773,0.9413037,0.9496951,0.9465177,0.9545756,0.93840843,0.9724717,0.9273739,0.94899184,0.9197458,0.9491318,0.9530012,0.5828023,0.94956076,0.87103194,0.9485532,0.9586331,0.9586896,0.9246021,0.96205276,0.96372586,0.9595538,0.95027435,0.9455092,0.9170726,0.9456793,0.94441366,0.9486272,0.942663,0.92741305,0.8648908,0.95254594,0.9357725,0.93345433,0.9418577,0.9659158,0.96783745,0.9567888,0.9408158,0.94552314,0.9502077,0.96335524,0.9701451,0.9529893,0.9309479,0.91514885,0.95050603,0.9532324,0.9362543,0.9381931,0.94093823,0.9600245,0.9439951,0.9467551,0.89086825,0.9471294,0.9458175,0.921375,0.9567091,0.94209707,0.9384112,0.96335524,0.93656194,0.9395034,0.9326333,0.96170145
annabellemovie,0.9505457,0.93919414,0.9646685,0.9660309,0.9752134,0.9717513,0.9672238,0.96050173,0.9751392,0.9521226,0.9498755,0.9395153,0.99999994,0.9516966,0.95753837,0.9690758,0.9693045,0.95575684,0.9685788,0.9335109,0.94950074,0.9583159,0.97667617,0.9486887,0.9412355,0.7354836,0.9627351,0.95009327,0.97737426,0.9747859,0.9731645,0.97028714,0.9391819,0.97001505,0.95575625,0.8959742,0.9725292,0.9528616,0.9604772,0.9578236,0.95729977,0.97719425,0.93547666,0.9639363,0.9744872,0.95932907,0.9718232,0.949984,0.9722501,0.9772641,0.9698229,0.96145505,0.9777663,0.9380767,0.93329364,0.9649596,0.9790271,0.9588104,0.97041374,0.95736307,0.9682328,0.97120416,0.9724802,0.9795828,0.9550059,0.9389639,0.9526113,0.9459211,0.9553354,0.9517064,0.95724314,0.3721072,0.9469398,0.96269786,0.9512069,0.94000864,0.89184034,0.9629555,0.9633636,0.9563202,0.93798727,0.9758698,0.97615397,0.96311516,0.9440493,0.9770056,0.9666824,0.98444754,0.94540465,0.9654373,0.95534295,0.95724314,0.9664622,0.9531324,0.95721614,0.94823825,0.9555652,0.95680624,0.9535866,0.95570767,0.96200734,0.9587891,0.9371388,0.95436895,0.9271721,0.96789336,0.9524335,0.96122134,0.9671303,0.95500314,0.97726667,0.6614991,0.970522,0.9396557,0.9494378,0.9505619,0.9586294,0.9606789,0.95318276,0.96017885,0.9812678,0.9699393,0.95299286,0.95672846,0.9681072,0.956655,0.95405024,0.92942137,0.93636125,0.9107409,0.9539382,0.9493852,0.9556206,0.94285315,0.9562953,0.96832263,0.9588736,0.9542152,0.9484081,0.9680228,0.9751392,0.97034913,0.95431244,0.96975046,0.97117615,0.9570834,0.90022844,0.9677022,0.9702364,0.96213716,0.96951497,0.96095,0.93793947,0.84710157,0.9525125,0.9633276,0.9574917,0.95921314,0.9611364,0.9405773,0.9751392,0.9477219,0.94928026,0.9776806,0.9640087
annamovie,0.98513097,0.95906615,0.97693443,0.9510806,0.965495,0.9623904,0.9676438,0.9707914,0.9901165,0.96559256,0.9693937,0.9496872,0.9516966,1.0,0.977434,0.9631702,0.98210824,0.96928084,0.98334897,0.9710481,0.97491693,0.9764454,0.97869223,0.9791843,0.9620735,0.78749204,0.9461906,0.97158474,0.9707534,0.966042,0.9656146,0.96763694,0.9591132,0.9461682,0.9398083,0.8485201,0.9804315,0.9681403,0.9805375,0.9567208,0.95468616,0.9621461,0.9577263,0.95311856,0.979329,0.97285837,0.9761611,0.9651354,0.95769185,0.96031225,0.9754163,0.980711,0.95380163,0.94500655,0.9462327,0.9645277,0.9687441,0.9757084,0.9643843,0.9808827,0.9656043,0.9752835,0.97471887,0.9811149,0.97980464,0.970929,0.97100997,0.97298855,0.97430634,0.93259746,0.9835668,0.45249963,0.92025495,0.97855794,0.95551455,0.96768665,0.84747773,0.9795911,0.97436386,0.96929765,0.9835119,0.9506043,0.9776138,0.95478,0.9614645,0.9570228,0.95616543,0.9595025,0.9681783,0.9716329,0.9776799,0.9835668,0.942906,0.9577992,0.97068584,0.9794925,0.97058725,0.98455995,0.9705869,0.97756284,0.97012144,0.9755739,0.95331883,0.9784343,0.974939,0.9711644,0.9857702,0.9716003,0.93995035,0.9421139,0.9771168,0.62102664,0.97926027,0.89516866,0.9617771,0.9850439,0.988366,0.9679714,0.98037875,0.9556698,0.9757573,0.96524286,0.9742926,0.9421312,0.9757154,0.96673876,0.9555924,0.97199494,0.9687376,0.91744703,0.9709848,0.9605048,0.9821381,0.9628946,0.9805745,0.96501124,0.9790564,0.97301835,0.9814985,0.96652406,0.9901165,0.97585016,0.96535003,0.9665206,0.9535453,0.9826564,0.95640886,0.9338821,0.9707486,0.9605282,0.9716791,0.97310424,0.9724057,0.8819261,0.9740866,0.9808737,0.9597171,0.9824165,0.9769557,0.970537,0.9901165,0.9605626,0.9745985,0.97506636,0.97270036
apollo11movie,0.9694439,0.9554762,0.973853,0.9598137,0.9667599,0.9613174,0.96516633,0.96825904,0.98524153,0.9717147,0.9749556,0.9434579,0.95753837,0.977434,0.99999994,0.96352077,0.96908176,0.9623378,0.97994316,0.9666951,0.96646345,0.96857846,0.97347724,0.976234,0.95102525,0.7767563,0.94538826,0.96978694,0.9735815,0.9689007,0.9617681,0.96699584,0.9439953,0.9467636,0.9455443,0.87790394,0.9816527,0.9649904,0.9753826,0.9594224,0.94489217,0.9666835,0.96104693,0.9604299,0.97599876,0.96881735,0.97421974,0.9369114,0.95200956,0.96799684,0.97769606,0.9847095,0.9454109,0.9383886,0.94633,0.95090836,0.9725032,0.9690001,0.9740194,0.9785612,0.9555198,0.97378176,0.96790916,0.9691309,0.97295535,0.9665386,0.9639962,0.97275656,0.96392834,0.93383384,0.98209006,0.42520502,0.9091284,0.973148,0.9629649,0.96280867,0.87491035,0.9727245,0.9643227,0.9522067,0.9741916,0.95479983,0.97495437,0.9507004,0.9652839,0.95532185,0.93960243,0.95526713,0.9748196,0.97059256,0.96167433,0.98209006,0.94580996,0.9590697,0.9737631,0.9853373,0.95863163,0.97219396,0.9722328,0.97367215,0.97165376,0.9569214,0.94979966,0.9703718,0.9740417,0.9723219,0.97439766,0.96357185,0.9300217,0.93881637,0.97210246,0.6762442,0.9702123,0.9158228,0.95501006,0.97887105,0.9735402,0.9649224,0.9763709,0.9545968,0.96968114,0.9610022,0.96647877,0.93741536,0.9648701,0.95781934,0.94691575,0.9723766,0.9628963,0.9343878,0.9667471,0.9666577,0.9714289,0.959241,0.9669947,0.96405935,0.97151476,0.97295505,0.9817295,0.959815,0.98524153,0.9729439,0.9655375,0.9578265,0.9515662,0.98256713,0.95639133,0.93109345,0.9601867,0.9631316,0.96643096,0.9707893,0.96390396,0.87521976,0.95983356,0.9765069,0.9600424,0.9760332,0.9826048,0.96226823,0.98524153,0.94551075,0.96089,0.96888417,0.97153
arcticdogsmovie,0.96164525,0.9775886,0.98614246,0.93460137,0.9621111,0.9644814,0.9755057,0.9583591,0.98210984,0.96809864,0.9510581,0.9537433,0.9690758,0.9631702,0.96352077,0.9999999,0.9624379,0.95954484,0.9668618,0.9296235,0.9772102,0.97013664,0.96849793,0.96557546,0.9357945,0.74193186,0.94070226,0.94786584,0.97760993,0.9616944,0.9704542,0.95780945,0.96012586,0.9765944,0.9326944,0.84567505,0.97345614,0.93893224,0.9634754,0.9369662,0.9435351,0.9665419,0.9424842,0.95476997,0.9727214,0.9588213,0.9626791,0.96407634,0.9549932,0.96516776,0.97715956,0.9705951,0.9532925,0.95784277,0.92816526,0.96815574,0.9731483,0.9659344,0.9740567,0.9688261,0.9656676,0.9761075,0.9673771,0.9766713,0.96020794,0.9447607,0.94514316,0.9534976,0.9685698,0.9398016,0.97106904,0.38996777,0.94351083,0.95314157,0.9516687,0.9490241,0.8560873,0.9663946,0.9771866,0.96132296,0.9548852,0.954803,0.97225636,0.96781874,0.9652535,0.96103185,0.9484362,0.9765213,0.9511117,0.958213,0.9615017,0.97106904,0.9467484,0.9685748,0.9775316,0.95132494,0.94344395,0.96988845,0.9719225,0.96731716,0.95627964,0.9544837,0.9517878,0.9674773,0.9646724,0.98288697,0.9590745,0.9774759,0.9544947,0.94173414,0.9647999,0.66367656,0.95935416,0.8921323,0.9626878,0.967893,0.9640007,0.96408165,0.97839904,0.97850776,0.9783428,0.95814204,0.9585449,0.95429265,0.9638319,0.9603985,0.967747,0.9473138,0.9578957,0.8971642,0.97873,0.9540779,0.95455617,0.9551942,0.960971,0.9694971,0.9699625,0.9666281,0.97397584,0.9613061,0.98210984,0.9779442,0.9567497,0.96388453,0.95375913,0.96225494,0.9453257,0.937456,0.9647695,0.9529649,0.97177315,0.9667262,0.9625234,0.8824789,0.9586435,0.97032976,0.9696049,0.9720779,0.9631651,0.9554068,0.98210984,0.9571472,0.97664285,0.96429604,0.96809584
arcticmovie,0.9754172,0.9461819,0.97626185,0.9613504,0.97236353,0.9747774,0.9786437,0.97682726,0.98646575,0.96136624,0.9686637,0.9501838,0.9693045,0.98210824,0.96908176,0.9624379,0.9999999,0.9686356,0.9780272,0.948956,0.96966183,0.9704013,0.98025894,0.9676566,0.96567523,0.7475203,0.9641967,0.97587085,0.971822,0.9728349,0.9608088,0.97621,0.9502095,0.96287864,0.95830965,0.8880893,0.98290545,0.9766776,0.97544634,0.9654948,0.9544371,0.97627306,0.9644362,0.96309376,0.9806418,0.97540194,0.9781923,0.96629816,0.96695745,0.97609216,0.9748056,0.97340643,0.9600583,0.94737446,0.96560216,0.9675932,0.9678475,0.96782327,0.96484566,0.98093235,0.9728258,0.96969414,0.9769363,0.9854254,0.9787311,0.96938515,0.9787642,0.97149056,0.9748165,0.9381336,0.97788227,0.43023714,0.92796355,0.96872264,0.9581287,0.9657427,0.86720407,0.9830384,0.97298163,0.9685747,0.9782803,0.9720819,0.9734083,0.96444947,0.96325725,0.9615085,0.9705743,0.9607101,0.9629374,0.9768291,0.96857953,0.97788227,0.9569079,0.94032884,0.9703676,0.96805745,0.9675083,0.9759418,0.9528791,0.97473776,0.9760522,0.97434294,0.931259,0.9753529,0.9576682,0.9691048,0.9716264,0.97728056,0.9438459,0.947348,0.984968,0.61379206,0.9721425,0.91877097,0.9622882,0.9796976,0.9821846,0.9635979,0.97824603,0.9688304,0.9785217,0.96087193,0.9795336,0.9551698,0.9687035,0.9553627,0.94898933,0.9635485,0.96827286,0.9256298,0.9635344,0.9702841,0.9854809,0.9604887,0.9726858,0.9615573,0.9725672,0.96959466,0.97224385,0.9734718,0.98646575,0.97459745,0.9677886,0.9743091,0.95883095,0.9744368,0.9336916,0.9524153,0.97584844,0.96606433,0.98251146,0.97985804,0.9692819,0.8587012,0.96819705,0.9772096,0.95199835,0.97973454,0.9709936,0.96017164,0.98646575,0.96244806,0.9610885,0.9775289,0.97169644
artofracingmovie,0.96438974,0.94303936,0.96918625,0.9604735,0.980344,0.9671622,0.9711681,0.9790055,0.982369,0.9748042,0.9651069,0.96112835,0.95575684,0.96928084,0.9623378,0.95954484,0.9686356,0.99999994,0.9726721,0.96368283,0.95338994,0.9724675,0.9689205,0.9794446,0.9495485,0.8022549,0.95991457,0.9660688,0.97446233,0.98193777,0.9500516,0.97733104,0.95048106,0.9747079,0.9420988,0.8839212,0.96456504,0.95988685,0.97046214,0.9620903,0.969064,0.9777204,0.96705264,0.9770162,0.96549356,0.97673434,0.9746718,0.9645559,0.9400217,0.97603875,0.98037547,0.97507805,0.9404079,0.93566173,0.9635731,0.9726538,0.9599206,0.9737617,0.96031547,0.9630647,0.9515764,0.97252506,0.96929365,0.976164,0.9816214,0.9679732,0.95608366,0.9660579,0.9751937,0.96497995,0.96754277,0.3949082,0.9494571,0.977971,0.9408405,0.967038,0.92442214,0.982612,0.96639544,0.975108,0.9691621,0.9571267,0.9732361,0.95604837,0.95716834,0.9437028,0.94831973,0.9606043,0.96839994,0.9639769,0.97725934,0.96754277,0.9649837,0.95954514,0.968621,0.9650829,0.94636023,0.9796991,0.95650524,0.971194,0.9646067,0.9629215,0.96135014,0.96939975,0.96506864,0.9739533,0.96191174,0.9748054,0.95035946,0.9742581,0.9756247,0.6187925,0.9792987,0.9188036,0.9781818,0.96610296,0.9645818,0.93562716,0.98005664,0.9669203,0.97458607,0.9771385,0.9759302,0.9391684,0.97734237,0.9608201,0.95500785,0.9607973,0.9726585,0.92253697,0.9683565,0.97329515,0.9551798,0.9702261,0.97862744,0.97953284,0.96011376,0.96313053,0.95965314,0.9839189,0.982369,0.97098094,0.96510565,0.9691041,0.9413417,0.9680907,0.9485334,0.9392857,0.9786049,0.9471594,0.9774754,0.9837542,0.96000546,0.85918754,0.95639867,0.96792775,0.92951244,0.97718287,0.9790628,0.9721995,0.982369,0.97864187,0.9536628,0.94915205,0.97219014
avengers,0.9807022,0.9522158,0.98101664,0.9717762,0.9804804,0.9711488,0.96554613,0.969009,0.9922271,0.963768,0.96908706,0.9653265,0.9685788,0.98334897,0.97994316,0.9668618,0.9780272,0.9726721,0.9999998,0.97383523,0.9710567,0.9765878,0.98780715,0.9830877,0.9563519,0.796291,0.9560572,0.9726428,0.9824655,0.98278666,0.9796718,0.97665834,0.9518956,0.9599158,0.9483179,0.88148427,0.98613673,0.96370965,0.97463745,0.95877475,0.95906186,0.9742886,0.96342516,0.9625731,0.9830656,0.9744871,0.9839664,0.96473336,0.96439683,0.9710858,0.9857319,0.97870374,0.96754366,0.9536066,0.9425028,0.96972764,0.9703701,0.9826548,0.973552,0.97667515,0.964685,0.98234755,0.98447585,0.9805062,0.9815432,0.9756179,0.9723455,0.97515446,0.96767646,0.94343996,0.9795302,0.40744296,0.9337641,0.98178124,0.9625276,0.9658788,0.8746984,0.9825563,0.9772088,0.9682814,0.9736953,0.95975435,0.97911763,0.9588397,0.9664702,0.9716337,0.9607969,0.97190154,0.96617573,0.9851006,0.982544,0.9795302,0.95519894,0.96504974,0.97747827,0.97164166,0.96825147,0.9748072,0.9688933,0.9820953,0.9768672,0.98216,0.96136487,0.9786168,0.9600143,0.98253685,0.976591,0.9734976,0.9518668,0.9526481,0.9886158,0.625794,0.9839124,0.9246931,0.96522635,0.97421986,0.98125273,0.97380763,0.97342175,0.9583282,0.9824758,0.9739132,0.96478105,0.942238,0.9779525,0.96798694,0.96102923,0.968866,0.96252584,0.9423255,0.9721467,0.9688642,0.9743548,0.96339446,0.9849268,0.978692,0.98313767,0.9652437,0.97464186,0.97219443,0.9922271,0.98548883,0.9733305,0.96858865,0.9576403,0.9797105,0.9520007,0.9576159,0.9741043,0.9608227,0.9717463,0.98109823,0.9654421,0.8728805,0.9680456,0.97757405,0.96604997,0.98330474,0.9831806,0.966181,0.9922271,0.95891446,0.9681813,0.9811217,0.97772396
beachbummovie,0.9533284,0.91201425,0.9519558,0.9382408,0.955886,0.9355466,0.94151115,0.953768,0.9695708,0.9484862,0.9419705,0.94748515,0.9335109,0.9710481,0.9666951,0.9296235,0.948956,0.96368283,0.97383523,1.0,0.94119227,0.96262693,0.95777303,0.9577394,0.92569405,0.7879963,0.9233771,0.94858927,0.95778215,0.95836866,0.946208,0.95739764,0.92167157,0.9266747,0.9108069,0.85623175,0.95841897,0.9483398,0.9713821,0.93997854,0.953482,0.9493656,0.9447825,0.94337744,0.9551673,0.9664193,0.9574213,0.93918496,0.9266349,0.94714713,0.9596883,0.9580622,0.9298288,0.92500645,0.929699,0.93767375,0.94479835,0.966345,0.93809175,0.9480185,0.92373395,0.95904213,0.95559645,0.955127,0.96995986,0.95743513,0.94733936,0.9542878,0.941898,0.9389433,0.9565262,0.41864875,0.90606076,0.9718587,0.92065436,0.93911105,0.87937033,0.96575254,0.9462536,0.9572755,0.96155626,0.9182383,0.9606139,0.93951184,0.9329629,0.92872256,0.91806734,0.9443054,0.953998,0.95899224,0.95990163,0.9565262,0.9298825,0.94878805,0.9598289,0.96760935,0.9318181,0.9694576,0.9588686,0.96142113,0.9558383,0.9590881,0.96316,0.9575216,0.94496167,0.954771,0.957034,0.94808275,0.9172398,0.94399273,0.9625816,0.615255,0.97561663,0.896518,0.93966585,0.94450635,0.9548231,0.9304547,0.9578417,0.9318496,0.95141846,0.9655875,0.9480192,0.8995183,0.9674699,0.94759214,0.93175286,0.9609583,0.95094097,0.9253516,0.9528651,0.93946093,0.9527798,0.93320996,0.9759251,0.9563897,0.9537634,0.9413831,0.9502642,0.9633367,0.9695708,0.9603056,0.9549426,0.9446381,0.9219823,0.9639587,0.9497514,0.91958904,0.9537203,0.92823195,0.95447683,0.9589202,0.94297737,0.8552203,0.94468546,0.95683,0.9226354,0.9662273,0.9747048,0.9609427,0.9695708,0.9454291,0.94247895,0.94588286,0.95793873
bernadettefilm,0.96771616,0.9500691,0.9776246,0.9410477,0.9469839,0.9670015,0.97677255,0.95357704,0.980949,0.96272844,0.9523752,0.96262264,0.94950074,0.97491693,0.96646345,0.9772102,0.96966183,0.95338994,0.9710567,0.94119227,1.0,0.96267855,0.958219,0.9668322,0.94872504,0.76857734,0.942218,0.9450678,0.9682207,0.9517205,0.972082,0.9593806,0.9520796,0.9581035,0.9440266,0.81834704,0.97428626,0.9462062,0.95496655,0.933215,0.9325305,0.955366,0.95149714,0.9357887,0.9634513,0.94591004,0.95120126,0.9696305,0.9416274,0.9478471,0.97671294,0.96728724,0.9516229,0.9671384,0.9373553,0.9491285,0.96047854,0.9640531,0.9757362,0.97624415,0.96178657,0.9715333,0.9693652,0.9654691,0.9584699,0.9559334,0.9628657,0.9627148,0.96902734,0.9260735,0.9737924,0.38002467,0.90613025,0.94629264,0.94899935,0.93724424,0.82535785,0.96845865,0.9759676,0.9558384,0.9659448,0.9428879,0.9649823,0.9488081,0.97038233,0.9513261,0.94974315,0.96038043,0.94599956,0.95742464,0.96806675,0.9737924,0.9309918,0.9524875,0.98200953,0.96102345,0.95316786,0.9762495,0.9657434,0.97331995,0.9510317,0.96705073,0.9410627,0.9777682,0.9608383,0.98110056,0.95745426,0.96262497,0.9365189,0.9298076,0.9670692,0.5937639,0.9545733,0.86550474,0.9567748,0.97588885,0.9701024,0.9534801,0.9769324,0.9750849,0.96989936,0.9494217,0.9615316,0.948952,0.95527154,0.9627417,0.9649525,0.96752244,0.9487704,0.8927289,0.9769644,0.94972193,0.96100974,0.9644981,0.96224946,0.95974255,0.97975665,0.95749915,0.9776784,0.9457249,0.980949,0.9772513,0.9508725,0.9531742,0.94696885,0.9692739,0.9474302,0.94948405,0.95160323,0.94563377,0.9687149,0.9616509,0.9653349,0.87480557,0.97351354,0.9697132,0.9618524,0.9746342,0.95584154,0.9552588,0.980949,0.95589405,0.9701785,0.9552313,0.9663137
