movie,21bridgesmovie,47metersdown,abeautifuldaymovie,abominablemovie,adastramovie,adogsjourneymovie,aftermathmovie,aftermovie,ahiddenlifefilm,alitamovie,angelhasfallen,angrybirdsmovie,annabellemovie,annamovie,apollo11movie,arcticdogsmovie,arcticmovie,artofracingmovie,avengers,beachbummovie,bernadettefilm,blackandbluemovie,blackchristmas,blindedbythelightmovie,bombshellmovie,booksmart,breakthroughmovie,brianbanksmovie,brightburnmovie,brittanyrunsmov,captainmarvelofficial,captivestatemovie,catsmovie,charliesangels,childsplaymovie,clarathefilm,coldpursuitmovie,countdown,currentwarmovie,darkwatersmovie,detectivepikachumovie,disneyaladdin,disneyfrozen,disneymaleficent,doctorsleepmovie,dolemiteismyname,dontletgomovie,doramovie,downtonabbey_official,dumbo,escaperoom,everybodyknowsmovie,fastandfuriousmovie,fightingwmyfam,fivefeetapartfilm,fordvferrari,freaksthefilm,geminimanmovie,glassmovie,gloriabellmovie,godzillamovie,goldfinchmovie,goodboysmovie,goodliarmovie,gretafilm,halathemovie,happydeathdaymovie,harrietfilm,hellboymovie,hersmellmovie,highlifemovie,highstrungmovie,honeyboymovie,hotelmumbaifilm,httydragon,hustlemovie,hustlersmovie,isntitromantic,itmovieofficial,jayandsilentbob,johnwickmovie,jojorabbitmovie,jokermovie,judythefilm,jumanjimovie,justmercyfilm,knivesout,lalloronamovie,lastblackmansf,lastchristmasthemovie,latenightmovie,lighthousemovie,lionking,littlethemovie,littlewomenmovie,littlewoodsfilm,longshotmovie,lordsofchaosmovie,lucyintheskyfilm,mamovie2019,marriagestory,meettheaddams,meninblack,midsommarmovie,midwaymovie,missbalamovie,missinglinkfilm,motherlessbklyn,onceinhollywood,onthebasisofsex,overcomermovie,peanutbutterfalcon,petsematarymovie,piercingmovie,playingwithfire,playmobilthemovie,pomsmovie,queenandslim,rambomovie,readyornotfilm,richardjewellfilm,rocketmanmovie,scarystoriesmovie,secretlifeofpets,serenityfilm,shaftmovie,shazammovie,spidermanmovie,spiesindisguise,starwars,stormboymovie,stubermovie,taosdfilm,teenspiritmov,terminator,theaeronautsmov,thebestofenemies,thedeaddontdie,thefarewell,thehighwaymen,thehummingbirdprojectfilm,theintrudermovie,theirishmanfilm,thekitchenmovie,thelegomovie,themustangfilm,thenightingalefilm,theprodigymovie,thesunisalsoastar,theupsidefilm,tolkienmovie,toystory,triplefrontier,uglydolls,uncutgems,underthesilverlake,usmovie,wavesmovie,whatmenwant,wonderparkmovie,wrinklestheclown,xmenmovies,yardiefilm,yesterdaymovie,zombieland
21bridgesmovie,0.9999999,0.9557638,0.97314465,0.96553737,0.9754663,0.9675888,0.9826533,0.9801862,0.98993987,0.95713913,0.9653372,0.9639606,0.9721577,0.967795,0.9687816,0.98159677,0.97912604,0.94930816,0.9921023,0.9688873,0.95881456,0.97589356,0.97665685,0.98343885,0.96891695,0.8791821,0.95363164,0.96421367,0.98232824,0.9768939,0.973522,0.96088284,0.96647656,0.9589729,0.9111243,0.7429465,0.9741476,0.9865654,0.975232,0.96377563,0.9831843,0.97541714,0.9680821,0.9795311,0.9776302,0.97373253,0.97898394,0.99236816,0.9598001,0.98225427,0.97659796,0.9849403,0.9455265,0.95190686,0.9428901,0.971947,0.9620999,0.9704533,0.9855284,0.9914996,0.97503674,0.9614202,0.96727926,0.97497237,0.9773251,0.96287286,0.9509179,0.97842973,0.96931577,0.93265444,0.9898792,0.20913045,0.8662359,0.9705239,0.93580705,0.9698615,0.87782407,0.98190224,0.97857434,0.97917384,0.98007745,0.9626334,0.98773026,0.9565475,0.97522426,0.97016656,0.96113694,0.98239577,0.98186255,0.97521216,0.9781913,0.9898792,0.96370465,0.96702594,0.9713786,0.9682735,0.970517,0.9842741,0.97152525,0.94839776,0.9588505,0.97644895,0.9540939,0.98401695,0.9666257,0.970984,0.98525625,0.978617,0.9326092,0.9463531,0.9899911,0.5303847,0.96720254,0.8330229,0.9424812,0.99026674,0.99711466,0.9397915,0.9832936,0.97724956,0.98018473,0.97936624,0.9813263,0.9805069,0.98247,0.98029613,0.96694577,0.9406472,0.9694552,0.93016374,0.9753073,0.9585729,0.98314595,0.931816,0.967448,0.98121864,0.98819625,0.96045583,0.98580486,0.97316366,0.98993987,0.9722502,0.9577554,0.95936394,0.97255105,0.97632277,0.9313612,0.9154776,0.980496,0.9845776,0.9788972,0.96272594,0.9845149,0.92200017,0.9652696,0.9884391,0.97559094,0.9891438,0.98605764,0.9684808,0.98993987,0.96768874,0.99157554,0.9795537,0.97724545
47metersdown,0.9557638,1.0,0.9259497,0.97091055,0.9618719,0.9333353,0.9502957,0.9472127,0.95968604,0.9146201,0.9495852,0.92341214,0.92620444,0.9273303,0.9512961,0.9629517,0.9418324,0.94294673,0.9624582,0.94129544,0.932233,0.9333093,0.94491494,0.9439158,0.9371778,0.8422831,0.9058486,0.9233904,0.9394408,0.9559871,0.9550406,0.9461714,0.9178974,0.95223826,0.90969306,0.7660266,0.9527705,0.9407073,0.9537152,0.9344151,0.94850415,0.94040984,0.9447053,0.9474258,0.95347387,0.9152764,0.95267284,0.96510977,0.9305634,0.95072514,0.93606323,0.9646322,0.9141247,0.9098767,0.88630104,0.94839376,0.93309385,0.939915,0.96539485,0.9590076,0.9318718,0.9331147,0.9378356,0.9215276,0.9628796,0.93896073,0.91428405,0.9444916,0.9460322,0.87403935,0.95521784,0.23025088,0.84613335,0.93332237,0.90550476,0.9424846,0.86500484,0.95260197,0.95634943,0.9497248,0.95889175,0.92329454,0.93530685,0.929035,0.93699014,0.9483029,0.94191074,0.95151544,0.94007415,0.9492082,0.95286685,0.95521784,0.91077864,0.93568313,0.941448,0.9543705,0.9669552,0.94865775,0.9387358,0.9027206,0.91716427,0.9528692,0.9158001,0.959694,0.9344953,0.9254746,0.9427448,0.93445736,0.9081448,0.8901448,0.9561877,0.45641443,0.95992446,0.8613101,0.91255397,0.9559853,0.96115935,0.87698233,0.9560701,0.9381497,0.9056747,0.95498425,0.9520648,0.9434469,0.95526594,0.975257,0.94201434,0.898426,0.9305127,0.94949263,0.94490683,0.92852646,0.936338,0.85917646,0.9522102,0.9601423,0.96981627,0.9104742,0.9521898,0.94396317,0.95968604,0.9156982,0.9024038,0.90774554,0.9020905,0.97230464,0.93986946,0.8806299,0.9287279,0.94398785,0.93915975,0.9221345,0.9294262,0.8562337,0.9467912,0.946146,0.9303599,0.9522113,0.970778,0.95018464,0.95968604,0.9320565,0.9624272,0.9420306,0.9366651
abeautifuldaymovie,0.97314465,0.9259497,0.99999994,0.9586961,0.9635015,0.96675867,0.97469723,0.96609783,0.981818,0.9713251,0.9610961,0.9539152,0.9693909,0.9756235,0.9345775,0.9674998,0.9597872,0.9559254,0.9815955,0.9560503,0.94428533,0.9892285,0.9651658,0.95826423,0.98238885,0.9018738,0.9606024,0.9752762,0.99647516,0.96480566,0.9782664,0.9779596,0.9690829,0.9665686,0.94949913,0.84502584,0.9709821,0.96172565,0.95780766,0.97745955,0.9622513,0.9793826,0.95239055,0.98030365,0.9813693,0.9767412,0.9724997,0.9648485,0.97804546,0.9848821,0.99474347,0.98726696,0.9692545,0.9653761,0.9615667,0.98359567,0.9822365,0.9518663,0.980814,0.9725456,0.9796272,0.9734096,0.98515165,0.964419,0.9621357,0.954002,0.9580021,0.9794526,0.9430485,0.94563276,0.9695974,0.20016639,0.93804663,0.96805316,0.9674007,0.95450413,0.9144835,0.98825073,0.96523374,0.9588793,0.9582794,0.9712584,0.9788581,0.97329485,0.96533567,0.98411167,0.9516274,0.97274286,0.95534855,0.9749557,0.9440614,0.9695974,0.9836348,0.98305833,0.98053837,0.9643412,0.9654735,0.96951693,0.9740471,0.95895356,0.9723061,0.9821263,0.99172294,0.9730866,0.9671438,0.99159837,0.98149616,0.95390755,0.9576826,0.95154613,0.98045087,0.625903,0.94749206,0.87819326,0.91969675,0.9712851,0.97335905,0.97900015,0.96519125,0.96409166,0.9667107,0.96400434,0.98414475,0.9769055,0.9755254,0.9796929,0.93130255,0.97203285,0.9706256,0.9356947,0.9545147,0.9692121,0.98803747,0.9363046,0.9410443,0.9622224,0.94757986,0.97783595,0.96112996,0.9671466,0.981818,0.988531,0.97666425,0.9758325,0.95663637,0.9725762,0.93101996,0.9365624,0.9682594,0.9782348,0.96757543,0.9913558,0.97295755,0.8999263,0.9291767,0.9714501,0.9534934,0.9701557,0.9642832,0.93874717,0.981818,0.9533336,0.9788214,0.98038477,0.99163616
abominablemovie,0.96553737,0.97091055,0.9586961,1.0,0.9856523,0.9341293,0.9654572,0.9644376,0.9806743,0.95706165,0.9546986,0.95391196,0.95277697,0.9535721,0.9723471,0.98127615,0.9728919,0.97271764,0.97482866,0.96397096,0.9515549,0.9624051,0.952489,0.94360787,0.95182526,0.8655445,0.950494,0.9718768,0.9666491,0.9681374,0.9725387,0.9737715,0.94622076,0.97666633,0.9299656,0.81805515,0.9703758,0.94644237,0.9630469,0.96281165,0.9634777,0.97047144,0.9640932,0.9720244,0.975863,0.9520609,0.96131873,0.9767987,0.94402677,0.9725936,0.96360236,0.98241115,0.9254026,0.943495,0.9011862,0.96687114,0.9594609,0.96090263,0.97929907,0.971363,0.962675,0.9735465,0.95753473,0.9317007,0.97169656,0.95308673,0.941295,0.9589901,0.9461472,0.8883856,0.97335607,0.20574889,0.8795666,0.97167635,0.9311563,0.9639468,0.8805936,0.97018343,0.9692086,0.94472325,0.9547296,0.9480057,0.9504559,0.9502553,0.95412254,0.972759,0.9674841,0.9755457,0.96698934,0.97285974,0.963652,0.97335607,0.95104843,0.961536,0.9668412,0.9658009,0.9675771,0.9479447,0.9562482,0.9398042,0.94336957,0.97323114,0.948502,0.97462815,0.96516997,0.95785236,0.9604035,0.93320376,0.9239155,0.93725765,0.9815349,0.45869973,0.970096,0.90039253,0.92680365,0.9638935,0.96853864,0.9175243,0.9692958,0.9628816,0.92711586,0.9593826,0.9753075,0.9527028,0.97769094,0.971821,0.9505831,0.926396,0.96616644,0.9475594,0.96495634,0.96542287,0.9707824,0.9141999,0.96162575,0.9725698,0.96591675,0.9434062,0.96895164,0.9553035,0.9806743,0.94376004,0.9295301,0.9282564,0.92113113,0.9741922,0.9569042,0.8997103,0.9400498,0.9603641,0.95867527,0.9513308,0.9434757,0.87141746,0.9641564,0.9731975,0.93943214,0.96862644,0.9842651,0.9523686,0.9806743,0.93913215,0.9784544,0.952372,0.96196043
adastramovie,0.9754663,0.9618719,0.9635015,0.9856523,1.0000001,0.94691473,0.98327756,0.9878978,0.9886091,0.9561942,0.97464556,0.9653448,0.96837866,0.9560408,0.98626393,0.97968346,0.9885381,0.9884567,0.98202384,0.987496,0.9666891,0.9684337,0.9654527,0.9698435,0.9604058,0.8703262,0.9661679,0.9815918,0.96924263,0.9711038,0.979655,0.97552323,0.9570861,0.9615178,0.9166666,0.7914004,0.97016716,0.9557396,0.9775008,0.9685833,0.965137,0.97067165,0.95857584,0.9659224,0.98200506,0.96282834,0.9747664,0.9812073,0.9526428,0.970247,0.97243255,0.9823976,0.9262804,0.96745414,0.91554224,0.97676736,0.96661127,0.9681713,0.98062927,0.9801364,0.97286963,0.98347235,0.95945257,0.95362395,0.9779031,0.9823552,0.94829094,0.957172,0.96230716,0.9245306,0.98128724,0.23885718,0.86349285,0.9758017,0.9320279,0.9715822,0.871814,0.98144776,0.97937757,0.963523,0.97236484,0.96622145,0.965126,0.9512558,0.9744156,0.98295784,0.98116755,0.9837817,0.9789004,0.9868319,0.9745382,0.98128724,0.9524548,0.9598357,0.96567786,0.9863804,0.9681492,0.9747782,0.97098786,0.9469826,0.94575316,0.97612023,0.9504219,0.9758494,0.95184064,0.9715162,0.97343326,0.9529741,0.9200347,0.95846057,0.98810434,0.45586133,0.9748279,0.88063395,0.93984914,0.9744961,0.977273,0.93076617,0.9810924,0.9831556,0.9515977,0.9650774,0.97263473,0.9691234,0.9879194,0.9735192,0.9560542,0.9393436,0.9850363,0.93218577,0.9774944,0.9817041,0.98412627,0.9244305,0.96542966,0.9743179,0.96846145,0.9558199,0.9822374,0.9604651,0.9886091,0.9609868,0.93943226,0.947002,0.9331735,0.96328455,0.9515002,0.88686174,0.9627907,0.97253126,0.9799532,0.94911575,0.94701695,0.91937596,0.96989083,0.98318756,0.9629176,0.9691664,0.98502433,0.9588181,0.9886091,0.94800526,0.98154724,0.96357965,0.96030176
adogsjourneymovie,0.9675888,0.9333353,0.96675867,0.9341293,0.94691473,1.0,0.97160983,0.9608678,0.97795725,0.9602516,0.9702703,0.9628744,0.9635258,0.9820582,0.9358217,0.9762028,0.9371187,0.9412852,0.9722063,0.9568151,0.9731781,0.9628642,0.98946077,0.96420515,0.98978597,0.8784952,0.93944716,0.93983775,0.97295356,0.9818875,0.9478861,0.96776336,0.9687491,0.9487485,0.91643625,0.776218,0.97600657,0.96621615,0.95440614,0.9772971,0.95684075,0.9613487,0.95682603,0.9619862,0.96657145,0.97854376,0.98986524,0.96812505,0.967691,0.9666845,0.972722,0.9709682,0.9797301,0.96045655,0.97471493,0.9808553,0.97774523,0.9648948,0.9665049,0.9706495,0.9591726,0.94762874,0.96355116,0.9780967,0.9673213,0.9562387,0.9225632,0.9557046,0.97394246,0.95884395,0.96969676,0.23578553,0.9224619,0.9620337,0.9647552,0.95751786,0.9116424,0.9715135,0.9731299,0.9641237,0.9654009,0.9572688,0.97192657,0.9831657,0.9767016,0.95631444,0.95245415,0.9655602,0.9595698,0.96662384,0.9368502,0.96969676,0.9744909,0.9771903,0.9729099,0.9761565,0.96440375,0.970854,0.9614602,0.9755168,0.98106813,0.9766443,0.9624866,0.9774803,0.97147286,0.9706223,0.9764682,0.97443026,0.96461934,0.95145404,0.96810985,0.6312815,0.96318495,0.81954384,0.9578756,0.97168475,0.9679606,0.96127903,0.98017615,0.9661133,0.94979435,0.97337055,0.97975045,0.972217,0.96927917,0.9765508,0.95584923,0.92817956,0.94958955,0.94398636,0.97666365,0.955938,0.96566576,0.9549634,0.9659145,0.9637012,0.9512356,0.9509611,0.9731965,0.98602057,0.97795725,0.9704394,0.97333324,0.97496486,0.96199733,0.9475352,0.8902619,0.9354734,0.96776503,0.9706946,0.9558794,0.9742745,0.9692126,0.9283701,0.9141192,0.9678648,0.97621965,0.9500113,0.968886,0.9713679,0.97795725,0.9601565,0.9768144,0.9881292,0.97156936
aftermathmovie,0.9826533,0.9502957,0.97469723,0.9654572,0.98327756,0.97160983,1.0,0.99591845,0.9917486,0.9745959,0.9785968,0.9657097,0.9905367,0.9750807,0.9619122,0.97787654,0.9711974,0.98008263,0.98581165,0.9707002,0.97887105,0.983305,0.9770835,0.9791729,0.97767866,0.8788279,0.9845902,0.9737449,0.9810793,0.9789351,0.978989,0.9753731,0.96938396,0.96733814,0.9418434,0.8002197,0.9738103,0.9815501,0.99211574,0.97518015,0.9799317,0.9621966,0.944819,0.9594909,0.98715925,0.9737659,0.9802281,0.9794611,0.9859189,0.96784997,0.98288316,0.9899516,0.94927835,0.9814182,0.9522245,0.98593783,0.9740247,0.9717867,0.9765017,0.97587484,0.98957884,0.97168684,0.9763112,0.97995526,0.9731454,0.9744469,0.9539206,0.97661656,0.96626437,0.93408304,0.97688645,0.20381667,0.8916839,0.9871572,0.9504313,0.9707406,0.89909875,0.9892243,0.9715133,0.98489785,0.98495454,0.989013,0.9896022,0.96149933,0.98925984,0.9766201,0.96774095,0.9884457,0.9637029,0.9863188,0.97429144,0.97688645,0.9754885,0.96577954,0.9761613,0.9811159,0.9746207,0.9775574,0.98928154,0.97067577,0.9634307,0.9767106,0.9659222,0.9760035,0.9592987,0.98140544,0.9860669,0.97902584,0.93688375,0.96586573,0.9863291,0.54528874,0.9729214,0.8868841,0.95899224,0.9783367,0.9882157,0.955869,0.9871903,0.9954946,0.97183573,0.97932315,0.98381716,0.98345095,0.9865835,0.9810216,0.9726287,0.954637,0.9892887,0.9375318,0.98472005,0.9721865,0.9806789,0.9407369,0.9763215,0.97549325,0.97248495,0.9768582,0.97890556,0.97212845,0.9917486,0.97718114,0.9644037,0.97549695,0.9595551,0.969453,0.95101106,0.9323474,0.9873215,0.9885827,0.996297,0.96554685,0.9664063,0.91202694,0.9423157,0.9853452,0.97262514,0.9732009,0.9856287,0.9689713,0.9917486,0.98194516,0.9843939,0.9835224,0.9746673
aftermovie,0.9801862,0.9472127,0.96609783,0.9644376,0.9878978,0.9608678,0.99591845,1.0,0.98896587,0.96733737,0.97311604,0.9648666,0.9904276,0.9659403,0.9690342,0.97351193,0.9795546,0.9796735,0.98553264,0.9727679,0.9730278,0.9747123,0.973892,0.98476094,0.9668432,0.8829914,0.97910327,0.9725933,0.9715008,0.97354037,0.97729754,0.973332,0.96768993,0.9538447,0.92484707,0.7870242,0.96494037,0.9757487,0.9926486,0.9651181,0.97998965,0.96220416,0.9482964,0.95672435,0.9775781,0.9697921,0.9771015,0.9764336,0.9721277,0.96517956,0.97407764,0.9837631,0.93887144,0.9760569,0.94526994,0.97678536,0.96355677,0.967052,0.9746489,0.97702944,0.9846168,0.9676204,0.9626499,0.9771496,0.9769686,0.9754922,0.9392811,0.967089,0.96421653,0.9283394,0.97927845,0.21796256,0.86311567,0.98161364,0.93274,0.97012687,0.8872723,0.98340887,0.9730117,0.98127854,0.9829943,0.9874393,0.98395324,0.9519813,0.98767376,0.97418696,0.97112846,0.98627704,0.9670014,0.98458445,0.9682822,0.97927845,0.9657086,0.960495,0.96285254,0.9819427,0.9646115,0.980268,0.97910494,0.9601421,0.9512,0.97587264,0.9531139,0.9687119,0.9478797,0.9733763,0.9811809,0.9791509,0.91671103,0.9677101,0.98516864,0.4987249,0.96366066,0.8870913,0.9504235,0.9733803,0.98408777,0.94462943,0.98626053,0.9924398,0.97316706,0.96891534,0.97553474,0.98048973,0.9827427,0.9751489,0.97048867,0.94501257,0.9887118,0.92679787,0.9827914,0.9722898,0.97878355,0.93689936,0.97009635,0.97184104,0.96879923,0.9734608,0.98144513,0.96236116,0.98896587,0.97198033,0.9581913,0.97186357,0.959522,0.9608106,0.95258254,0.91712856,0.98764545,0.98058015,0.9955734,0.9545252,0.9621594,0.91485757,0.95519716,0.9848161,0.9731512,0.96850675,0.98059225,0.96499276,0.98896587,0.9742196,0.978899,0.9775501,0.9609554
ahiddenlifefilm,0.98993987,0.95968604,0.981818,0.9806743,0.9886091,0.97795725,0.9917486,0.98896587,0.99999994,0.97570115,0.97961825,0.9718862,0.98355114,0.9818257,0.9781993,0.99231464,0.9844532,0.9773716,0.99325836,0.9841738,0.9786908,0.9810324,0.9861154,0.98161536,0.98574215,0.8835784,0.9734112,0.9793366,0.9881307,0.98921853,0.984048,0.985761,0.9764484,0.97191954,0.9377678,0.8022795,0.9878993,0.9778157,0.983105,0.985655,0.98399335,0.98488635,0.97176576,0.9808513,0.9920259,0.9863628,0.9909617,0.9912204,0.9739278,0.98524004,0.985941,0.9937422,0.95883197,0.976973,0.95391935,0.9901677,0.9843949,0.98484707,0.9883728,0.99129766,0.985984,0.9802986,0.98052675,0.9807506,0.9835964,0.97466177,0.954973,0.97439235,0.9768724,0.9416895,0.9920578,0.2435582,0.89925635,0.9858847,0.95492876,0.9758943,0.89186794,0.99027276,0.9861124,0.97629154,0.98233014,0.9749856,0.9876786,0.9765953,0.98451483,0.9848825,0.9785778,0.9936764,0.98316514,0.9886978,0.974998,0.9920578,0.98028255,0.9804079,0.9852379,0.98884225,0.98327625,0.983215,0.9797842,0.9705942,0.9758537,0.9897957,0.97049665,0.9918663,0.977346,0.9837342,0.9923499,0.9783902,0.94814366,0.9655724,0.99602073,0.5506152,0.9814421,0.87205964,0.9605116,0.9891914,0.9920797,0.95488966,0.9953038,0.98993325,0.9731384,0.9827563,0.99360716,0.98463637,0.99623996,0.9866764,0.9729701,0.9462605,0.9856177,0.942909,0.987322,0.9811994,0.99185365,0.95548904,0.9816169,0.98680836,0.97836006,0.9707629,0.99094087,0.98714894,0.99999994,0.9790915,0.9693401,0.97292846,0.96815366,0.97700655,0.9448412,0.93083143,0.9830325,0.99078494,0.98513055,0.9757024,0.97692525,0.91924936,0.96171147,0.99391747,0.9808526,0.98141336,0.99294,0.97934055,0.99999994,0.9717888,0.99562114,0.98840195,0.98262906
alitamovie,0.95713913,0.9146201,0.9713251,0.95706165,0.9561942,0.9602516,0.9745959,0.96733737,0.97570115,1.0,0.9449311,0.9513752,0.9815388,0.98513687,0.9293483,0.9624498,0.9419936,0.95501083,0.96328413,0.94102854,0.960718,0.97955006,0.9563374,0.9551535,0.96606535,0.85613346,0.9677584,0.95915145,0.97359544,0.97753155,0.96145684,0.971732,0.95930994,0.968003,0.9482776,0.8383374,0.9709324,0.97261494,0.9624191,0.9682471,0.9625885,0.9673622,0.9539885,0.9667514,0.9679422,0.98247564,0.9601077,0.9530924,0.97023195,0.9720342,0.97581375,0.9763271,0.9563891,0.96729743,0.96505624,0.97725177,0.95711786,0.95353,0.9734601,0.95051414,0.97310466,0.9652135,0.9655634,0.95781285,0.9648294,0.9432361,0.9095882,0.9564509,0.9408963,0.90489644,0.9562356,0.17588936,0.9276941,0.9773183,0.95359254,0.9749008,0.90173477,0.97824216,0.96554446,0.9479971,0.94570434,0.98308164,0.97248584,0.9597922,0.97480965,0.94940996,0.9524744,0.9678219,0.94271797,0.95977473,0.9269762,0.9562356,0.98775536,0.9796991,0.9723704,0.9536726,0.9478541,0.9453353,0.9765194,0.9629588,0.98371184,0.97610486,0.96800214,0.95851505,0.9773382,0.97206825,0.97359145,0.9575543,0.94168127,0.9540516,0.9723731,0.59671205,0.9472153,0.9027647,0.94062644,0.9511068,0.9611611,0.96859765,0.9716127,0.9727797,0.9375275,0.9590013,0.9851756,0.9540901,0.9718931,0.96439624,0.95644176,0.93421894,0.9656025,0.94646525,0.97383696,0.9584289,0.9625933,0.95296663,0.95840544,0.9645586,0.9371349,0.97043055,0.96254337,0.965729,0.97570115,0.9753338,0.9859217,0.96219975,0.9529578,0.95031863,0.9231996,0.97069293,0.9579064,0.9673153,0.96567065,0.97783947,0.9685854,0.8867796,0.90748394,0.96240556,0.94326633,0.949447,0.96665484,0.9457987,0.97570115,0.96632856,0.96283066,0.9653685,0.9639237
angelhasfallen,0.9653372,0.9495852,0.9610961,0.9546986,0.97464556,0.9702703,0.9785968,0.97311604,0.97961825,0.9449311,0.9999999,0.9699771,0.95834357,0.94619614,0.9541225,0.97793984,0.96414566,0.9799817,0.97203034,0.9726418,0.9768203,0.9676702,0.9747572,0.95586085,0.9797693,0.86293775,0.9492887,0.97124743,0.9663716,0.95797884,0.9600119,0.9760618,0.96503335,0.9487631,0.9281228,0.80721223,0.9564074,0.9487618,0.9572993,0.9775743,0.9477632,0.958731,0.938682,0.9521949,0.97725886,0.9620392,0.9807929,0.968826,0.9661099,0.9627674,0.96934056,0.9794587,0.9572787,0.9665025,0.94336015,0.97844595,0.9716229,0.9539854,0.9675897,0.97286415,0.9514289,0.95601845,0.959729,0.9560594,0.972053,0.9775846,0.93856835,0.9554301,0.97712195,0.9578341,0.9698868,0.26197132,0.8856481,0.9701683,0.9588729,0.9458967,0.89514804,0.9732918,0.96228576,0.97906226,0.98117673,0.96116745,0.9562155,0.9699917,0.9789803,0.96660984,0.980182,0.96775585,0.95889103,0.98784137,0.96062535,0.9698868,0.95609343,0.9539339,0.9561721,0.9889939,0.98205686,0.97240746,0.9585777,0.95815074,0.9498902,0.9617638,0.95846784,0.9721459,0.93719405,0.9695182,0.9653209,0.9490544,0.9365937,0.9694108,0.9704157,0.54698384,0.96140754,0.85940146,0.92935187,0.9745728,0.9660293,0.95113087,0.9761389,0.9737538,0.9500676,0.94891745,0.9747213,0.98061705,0.97710955,0.97447884,0.93466294,0.93672085,0.97304744,0.93217176,0.97564924,0.9735867,0.97312534,0.91760546,0.95099574,0.94680595,0.9484903,0.9663901,0.97311354,0.9677101,0.97961825,0.9637688,0.9440349,0.96143705,0.93007964,0.95889074,0.9388681,0.8988486,0.96084493,0.9742637,0.96816856,0.9593358,0.94097704,0.92681575,0.94577247,0.97252995,0.9732285,0.94680077,0.9679139,0.95137906,0.97961825,0.9417481,0.97310364,0.9737527,0.963876
angrybirdsmovie,0.9639606,0.92341214,0.9539152,0.95391196,0.9653448,0.9628744,0.9657097,0.9648666,0.9718862,0.9513752,0.9699771,0.9999999,0.96124667,0.95891833,0.94676214,0.97913146,0.9558484,0.95889306,0.96839935,0.95679116,0.9691152,0.9657808,0.9796878,0.9400143,0.96033436,0.87893826,0.9439463,0.96076465,0.9616648,0.9599082,0.9258287,0.9616583,0.9734824,0.95646584,0.88414294,0.7514365,0.95569307,0.95452654,0.9467405,0.9722472,0.9540442,0.9550861,0.9626678,0.96315676,0.95073706,0.9644662,0.97949606,0.97615147,0.9403123,0.96297336,0.96377236,0.96703625,0.95875645,0.9440129,0.93717575,0.9653577,0.95851314,0.94796765,0.9629915,0.9767086,0.9498862,0.95621747,0.9251947,0.95463437,0.977244,0.95756376,0.9193384,0.95587707,0.9538283,0.9422718,0.9785225,0.16667888,0.8837333,0.9758275,0.95018506,0.9538072,0.93217516,0.9540744,0.9633585,0.96883833,0.95977056,0.95624477,0.9507241,0.9749022,0.9837076,0.94535255,0.96693385,0.96429896,0.9772421,0.97747755,0.9468523,0.9785225,0.9559999,0.96387833,0.95636034,0.96991456,0.93797266,0.9578634,0.94287753,0.97084606,0.9451608,0.96707195,0.946704,0.97222346,0.9578683,0.964699,0.9460558,0.9500333,0.93604976,0.971491,0.97202295,0.47037005,0.949237,0.8334215,0.9237292,0.95177394,0.95413744,0.9437728,0.9711221,0.9646443,0.9415153,0.94881916,0.9676247,0.9743715,0.9609201,0.9580176,0.94113886,0.9208143,0.9570365,0.9473148,0.9850245,0.9568194,0.96894515,0.94774956,0.9445174,0.9526638,0.9395333,0.95059747,0.9823968,0.9529319,0.9718862,0.95285684,0.9423068,0.95609564,0.93895084,0.93063587,0.917239,0.88528603,0.9528039,0.95971555,0.95575345,0.95291394,0.94639444,0.9399565,0.9457846,0.9816084,0.9707919,0.9541153,0.9689908,0.9395039,0.9718862,0.93241596,0.966497,0.9649865,0.9631684
annabellemovie,0.9721577,0.92620444,0.9693909,0.95277697,0.96837866,0.9635258,0.9905367,0.9904276,0.98355114,0.9815388,0.95834357,0.96124667,1.0,0.9753352,0.9463767,0.9654904,0.96379036,0.9650258,0.9767977,0.9514483,0.96881205,0.9752392,0.9715734,0.9761682,0.96660036,0.86540765,0.9820572,0.9623795,0.9716164,0.9756012,0.9650178,0.9695856,0.96812373,0.9531366,0.93074137,0.7988695,0.9648022,0.98257333,0.98676896,0.9655542,0.9830827,0.9579671,0.9443654,0.9564968,0.9686139,0.97420317,0.9722243,0.9682134,0.9790208,0.96410674,0.97207195,0.9804237,0.95037174,0.9682943,0.96249413,0.97567326,0.96267617,0.9597434,0.968771,0.9684534,0.9878543,0.9575791,0.96030575,0.98300135,0.9729239,0.9475751,0.9289427,0.9706743,0.9514242,0.9134588,0.9741184,0.20842436,0.8858777,0.985401,0.9329348,0.9632318,0.89789927,0.9775012,0.9642321,0.97706866,0.97741824,0.9899543,0.9884704,0.9594919,0.9871384,0.95966685,0.9562901,0.98620135,0.9519182,0.97325325,0.95003086,0.9741184,0.97510856,0.96709883,0.9650194,0.9674355,0.9546705,0.96803725,0.9743859,0.96587276,0.960913,0.97425026,0.95580393,0.96389246,0.95757765,0.96995544,0.97753453,0.9835985,0.91660506,0.9657981,0.9781147,0.5522544,0.9477702,0.8907138,0.9482031,0.9574448,0.97564274,0.9502178,0.98426694,0.9882985,0.9723752,0.9660144,0.9813566,0.97865963,0.9761937,0.96973157,0.9731442,0.9333365,0.97614217,0.92699075,0.9796408,0.9538101,0.97258455,0.95107394,0.9634295,0.9717444,0.9536143,0.9788266,0.97602296,0.96291023,0.98355114,0.9706306,0.972924,0.97817963,0.9747695,0.95642644,0.9507376,0.94477284,0.9887401,0.98387176,0.98737633,0.9628156,0.96816444,0.89257747,0.93335384,0.9807732,0.9655761,0.9682321,0.9709763,0.9558831,0.98355114,0.97600526,0.9691871,0.9785808,0.9653897
annamovie,0.967795,0.9273303,0.9756235,0.9535721,0.9560408,0.9820582,0.9750807,0.9659403,0.9818257,0.98513687,0.94619614,0.95891833,0.9753352,1.0000001,0.9395097,0.9738181,0.9412523,0.9459697,0.9733746,0.9561019,0.9630136,0.97411335,0.9786666,0.9632209,0.97973585,0.88364303,0.9612304,0.9464462,0.98192877,0.99039745,0.9583653,0.9702376,0.96737176,0.9735563,0.93304807,0.7994016,0.9897003,0.9739094,0.9642649,0.98047304,0.96998477,0.97186506,0.9682848,0.97321796,0.9720353,0.9862557,0.9809475,0.96986,0.96613705,0.9733812,0.9820901,0.97447014,0.9663378,0.9698776,0.96556497,0.98564833,0.9756327,0.9750319,0.97318023,0.96724635,0.97873914,0.9723398,0.9706286,0.9777338,0.9636711,0.95064265,0.9259601,0.958474,0.94822735,0.9305851,0.96858627,0.18855704,0.94137955,0.96886295,0.9617221,0.9733826,0.914485,0.9769347,0.9753917,0.95121205,0.947419,0.96993494,0.9817364,0.977121,0.97407097,0.96043295,0.94487023,0.97293085,0.9629292,0.9601473,0.93698883,0.96858627,0.98713964,0.9880441,0.9904247,0.96425813,0.95033777,0.9602524,0.977315,0.97503513,0.99136525,0.9888809,0.9724164,0.9785851,0.9906951,0.98051625,0.9815146,0.9748121,0.9694106,0.93994844,0.9792974,0.60838324,0.9684665,0.8547899,0.96216667,0.96338415,0.97067183,0.96278644,0.97994566,0.97160983,0.9463481,0.984127,0.9837074,0.96440417,0.9763512,0.97278225,0.96539736,0.9384222,0.96157014,0.95585626,0.97665036,0.96133244,0.96997297,0.97249544,0.97610235,0.98088664,0.9522811,0.9497267,0.9717853,0.9833558,0.9818257,0.9759506,0.9826978,0.97144717,0.96186984,0.9476204,0.8964587,0.95449805,0.96794903,0.9724794,0.9637014,0.9788638,0.97739524,0.90986806,0.9068411,0.97286755,0.96279883,0.96032214,0.97882414,0.9685217,0.9818257,0.97263265,0.97742534,0.98055035,0.97653484
apollo11movie,0.9687816,0.9512961,0.9345775,0.9723471,0.98626393,0.9358217,0.9619122,0.9690342,0.9781993,0.9293483,0.9541225,0.94676214,0.9463767,0.9395097,1.0000002,0.97464776,0.98780066,0.9654928,0.9645157,0.9886751,0.95570254,0.9352217,0.954308,0.96250147,0.9399662,0.8289149,0.94626176,0.9630498,0.9461377,0.96747756,0.96193594,0.95375687,0.9295911,0.9326103,0.8699551,0.7226672,0.9660793,0.94095284,0.9638965,0.9484153,0.95088375,0.9584005,0.9524785,0.9523426,0.96492517,0.9496523,0.9644366,0.97864604,0.91791683,0.95273864,0.94598305,0.95801574,0.8917523,0.94242936,0.8831543,0.9528102,0.9538354,0.969915,0.9617824,0.974374,0.9522848,0.9666319,0.9393375,0.9418922,0.9633461,0.96741927,0.9331467,0.9265742,0.96019876,0.9000654,0.97705674,0.3217321,0.8175818,0.9596419,0.890443,0.9563044,0.81346136,0.9583094,0.97298473,0.93698037,0.9587592,0.92755544,0.9495278,0.93215346,0.95033556,0.9669595,0.96446884,0.9752877,0.98239493,0.9638806,0.97585136,0.97705674,0.9268829,0.9352012,0.9504514,0.97595376,0.95484793,0.9602671,0.9436272,0.9266209,0.9300287,0.95733887,0.9138692,0.9689186,0.94561493,0.9449503,0.9616233,0.9450166,0.8970311,0.93701184,0.973279,0.43969145,0.97427076,0.81723356,0.94375825,0.96800554,0.97004646,0.88798904,0.9770704,0.9707413,0.9415025,0.9588911,0.9550346,0.9468491,0.98093957,0.9483976,0.9558852,0.8995274,0.96126765,0.8917662,0.96721095,0.9608653,0.97330815,0.92373437,0.96670365,0.9738272,0.97293574,0.9172154,0.97882587,0.95952576,0.9781993,0.9341458,0.9111168,0.91475695,0.9273086,0.9421774,0.9165855,0.8511114,0.94633263,0.95813036,0.95558023,0.91621834,0.93100893,0.91062605,0.96892637,0.9750744,0.9546896,0.9619038,0.9772352,0.96353006,0.9781993,0.923919,0.97672987,0.9442229,0.94007444
arcticdogsmovie,0.98159677,0.9629517,0.9674998,0.98127615,0.97968346,0.9762028,0.97787654,0.97351193,0.99231464,0.9624498,0.97793984,0.97913146,0.9654904,0.9738181,0.97464776,0.99999994,0.97523296,0.97013897,0.9847471,0.97683644,0.97375375,0.97245586,0.985107,0.9611456,0.9796259,0.8869,0.95674497,0.9727541,0.9800607,0.98293966,0.96645695,0.9846541,0.9696494,0.97519416,0.9271067,0.7947038,0.9845282,0.9644627,0.96977264,0.9834132,0.9729419,0.98037666,0.97618186,0.97980547,0.9800982,0.97646576,0.98935336,0.9902556,0.95588624,0.9811708,0.97652704,0.98609346,0.95771563,0.9605297,0.93895924,0.97842115,0.9793368,0.97931427,0.97989595,0.9896034,0.9651921,0.9703756,0.9668654,0.9654396,0.98193,0.9700604,0.9388504,0.9619563,0.97166324,0.9326499,0.987933,0.2546608,0.8972816,0.98045915,0.9526982,0.96289986,0.9069375,0.9733647,0.97734505,0.96830475,0.97015214,0.95656145,0.9683421,0.98073226,0.97463685,0.9726936,0.9718402,0.98015964,0.9843876,0.98041844,0.97189826,0.987933,0.9725933,0.9724399,0.979448,0.9840462,0.977682,0.9660655,0.9591519,0.96975666,0.9668666,0.9837716,0.963169,0.99045545,0.9783948,0.97455895,0.9744128,0.96493804,0.95722944,0.95788914,0.9859753,0.5353607,0.9800068,0.8597134,0.9484801,0.9820125,0.9821242,0.94242114,0.9893093,0.97470737,0.9552587,0.9730919,0.9867412,0.9790654,0.98651344,0.97823817,0.9605151,0.9366225,0.9721402,0.9490282,0.9860691,0.9735231,0.98182636,0.9533264,0.97964656,0.97761387,0.9760055,0.95237494,0.9870892,0.9853733,0.99231464,0.9660066,0.9511744,0.95900035,0.9493773,0.96724033,0.9310175,0.91647094,0.96577036,0.9755104,0.9662465,0.9660588,0.9638897,0.91003114,0.9586345,0.989198,0.9752219,0.96928537,0.991118,0.9753977,0.99231464,0.9554522,0.9940989,0.9786896,0.9785965
arcticmovie,0.97912604,0.9418324,0.9597872,0.9728919,0.9885381,0.9371187,0.9711974,0.9795546,0.9844532,0.9419936,0.96414566,0.9558484,0.96379036,0.9412523,0.98780066,0.97523296,1.0,0.97067064,0.97781014,0.9824659,0.94959813,0.95856154,0.95791084,0.97080743,0.9511035,0.85998094,0.95816505,0.98229325,0.9650581,0.959082,0.97527206,0.96836007,0.9504881,0.9374795,0.8972713,0.76875216,0.95950615,0.95151645,0.96932673,0.9562218,0.96502376,0.9739086,0.9549638,0.96631265,0.97077554,0.96119875,0.9671258,0.9785148,0.9368687,0.97040886,0.96250397,0.9733049,0.9142809,0.9507198,0.91042936,0.95842904,0.9594343,0.96167105,0.97213966,0.98432124,0.9637233,0.9670713,0.9528973,0.95405376,0.9719757,0.9663503,0.94113666,0.9492194,0.9570803,0.9149475,0.9847982,0.30865833,0.8316151,0.96834356,0.90540975,0.9502921,0.8408595,0.9690443,0.9684003,0.95704347,0.9699872,0.9496434,0.9637679,0.94360775,0.9600529,0.9766296,0.97025156,0.98027974,0.9791618,0.97520286,0.9733601,0.9847982,0.945646,0.9465901,0.95151454,0.97589684,0.9627743,0.9714712,0.94788206,0.93070453,0.93354607,0.9655859,0.93924373,0.96895516,0.9411402,0.961446,0.96975267,0.95346,0.8991247,0.9555546,0.9810663,0.47715253,0.9546234,0.85158587,0.9206215,0.9737416,0.97795814,0.9176734,0.977707,0.9731048,0.9715054,0.94927186,0.9668196,0.96980643,0.9835941,0.958334,0.94460565,0.927445,0.9758447,0.8920444,0.96432257,0.9683195,0.98730487,0.925529,0.95168036,0.9669574,0.9679481,0.9533223,0.98025656,0.9577208,0.9844532,0.95790493,0.93206644,0.9415598,0.94774514,0.95903736,0.94426537,0.8750178,0.9662467,0.97156686,0.96946794,0.93980694,0.9490847,0.9048555,0.9793795,0.9839819,0.96230245,0.97110254,0.97119683,0.9497141,0.9844532,0.9323029,0.9795167,0.9577481,0.9572541
artofracingmovie,0.94930816,0.94294673,0.9559254,0.97271764,0.9884567,0.9412852,0.98008263,0.9796735,0.9773716,0.95501083,0.9799817,0.95889306,0.9650258,0.9459697,0.9654928,0.97013897,0.97067064,1.0000001,0.9614057,0.9753351,0.96818995,0.9654733,0.9534215,0.94451916,0.9594479,0.85171777,0.97576624,0.98319346,0.9603021,0.9567017,0.9683292,0.97904265,0.945991,0.95832276,0.9342062,0.83775926,0.958394,0.936109,0.97073466,0.9710427,0.94456625,0.9516829,0.9271639,0.9427959,0.97772133,0.9511276,0.96467394,0.9596475,0.9608213,0.95121336,0.9677655,0.9753507,0.9236542,0.9733967,0.91152453,0.97439,0.969763,0.9536425,0.9600066,0.9581605,0.964457,0.9769368,0.9578837,0.94147104,0.9622454,0.9763383,0.94125414,0.9436094,0.94749886,0.9163913,0.95912117,0.26773813,0.88292974,0.9787132,0.93653685,0.94800425,0.8829388,0.9715961,0.9553526,0.9568509,0.9641336,0.9673378,0.94994855,0.95256823,0.9692428,0.97462285,0.97235674,0.9733323,0.95158976,0.9824605,0.96249545,0.95912117,0.9521267,0.94480395,0.9588146,0.98383474,0.9656431,0.9515878,0.96445215,0.95298326,0.93868834,0.9604938,0.95437354,0.9599077,0.9361491,0.9701247,0.9575322,0.9347376,0.92134726,0.96358365,0.96896535,0.49695957,0.9638025,0.90545386,0.9297175,0.9536049,0.95653915,0.9350415,0.9710162,0.98024607,0.934529,0.94699323,0.9660064,0.9643165,0.9798903,0.959745,0.93664527,0.9412283,0.9846008,0.9225677,0.9705654,0.977618,0.97345394,0.9203592,0.95494366,0.9529281,0.9422113,0.9581012,0.9633743,0.95308185,0.9773716,0.9545516,0.9302885,0.94575125,0.9080171,0.94877243,0.95445263,0.8888771,0.9514929,0.9658454,0.9727079,0.94336087,0.9178637,0.893976,0.9377774,0.96907854,0.94742507,0.9436512,0.96911263,0.9406039,0.9773716,0.9366372,0.96591014,0.9536626,0.9550373
avengers,0.9921023,0.9624582,0.9815955,0.97482866,0.98202384,0.9722063,0.98581165,0.98553264,0.99325836,0.96328413,0.97203034,0.96839935,0.9767977,0.9733746,0.9645157,0.9847471,0.97781014,0.9614057,1.0,0.97000307,0.9659658,0.9781173,0.98544395,0.98242307,0.9813449,0.9152292,0.9552815,0.96793824,0.9860398,0.9775353,0.98043877,0.97771883,0.983175,0.9657161,0.9318049,0.79277873,0.9736201,0.97584987,0.9767734,0.9741308,0.9883095,0.981762,0.9737471,0.98028105,0.98323613,0.9781049,0.98651177,0.9879832,0.9698588,0.9851484,0.9808587,0.9929788,0.9643063,0.96475327,0.9565651,0.9817938,0.9719784,0.9735956,0.98893094,0.99215764,0.9814984,0.9654026,0.9723808,0.9781094,0.9822244,0.9662125,0.9508624,0.98360056,0.97350717,0.9465033,0.9914506,0.17798387,0.8858773,0.9730499,0.955582,0.972755,0.90455234,0.9864324,0.9825136,0.9801244,0.98075145,0.9729758,0.98519206,0.9690547,0.98053485,0.98160285,0.97429746,0.98532546,0.9794306,0.98742896,0.9640094,0.9914506,0.97355205,0.98096865,0.97394574,0.9791031,0.9772986,0.98833895,0.9728303,0.96267974,0.96298295,0.98922944,0.96690005,0.9868954,0.96606344,0.9766287,0.9882471,0.97742456,0.9387683,0.95869,0.9951972,0.51896745,0.9680904,0.8717293,0.94588274,0.98983467,0.99121785,0.95435935,0.98436135,0.9768402,0.97586644,0.97611165,0.98659885,0.9845542,0.9819918,0.9916959,0.9663905,0.9483516,0.97848046,0.94874835,0.97659194,0.9749588,0.98420036,0.9375864,0.96822935,0.97673196,0.9764292,0.9726517,0.98487335,0.97229236,0.99325836,0.975747,0.9661433,0.977113,0.9715287,0.98140794,0.9470299,0.925382,0.9839624,0.98204976,0.98433334,0.97683364,0.9840593,0.917589,0.9704747,0.9892531,0.9807898,0.9818194,0.98687506,0.9736578,0.99325836,0.973843,0.9912256,0.99080586,0.97768813
beachbummovie,0.9688873,0.94129544,0.9560503,0.96397096,0.987496,0.9568151,0.9707002,0.9727679,0.9841738,0.94102854,0.9726418,0.95679116,0.9514483,0.9561019,0.9886751,0.97683644,0.9824659,0.9753351,0.97000307,1.0000001,0.96572304,0.95176816,0.96876925,0.96688735,0.9657786,0.8520943,0.95408994,0.96988136,0.9632846,0.9712418,0.9677564,0.9670978,0.95033586,0.94291514,0.89451474,0.75944376,0.9759224,0.94128746,0.9591126,0.97360283,0.9480161,0.9702852,0.9549503,0.95864064,0.9790174,0.9686356,0.97973514,0.97706485,0.9360937,0.9612855,0.9667194,0.96522564,0.9212775,0.9703651,0.91311234,0.97547615,0.9744592,0.97844535,0.9671484,0.9780594,0.960305,0.9824023,0.95774895,0.95787346,0.9626552,0.9843106,0.94449675,0.9317531,0.9671515,0.94552803,0.9769382,0.31298068,0.86626905,0.9600227,0.9298103,0.9592398,0.84127384,0.97130007,0.9777561,0.94674546,0.9600199,0.9423663,0.95939684,0.95603406,0.9631856,0.9781985,0.9736372,0.975558,0.98440415,0.97546184,0.96878856,0.9769382,0.9477212,0.9535827,0.9680613,0.9897239,0.96406174,0.97445613,0.9600268,0.9456643,0.95439976,0.970116,0.944573,0.97887033,0.9514556,0.96999365,0.97461575,0.9508384,0.93138695,0.9487557,0.97992116,0.5063839,0.98042864,0.81851184,0.95019966,0.9768963,0.9699732,0.9258922,0.98099846,0.9766104,0.94944197,0.9653735,0.9644703,0.96211696,0.98932284,0.95911264,0.94557536,0.9247349,0.9751067,0.9077596,0.97187173,0.98243374,0.984289,0.94236016,0.9675147,0.97132623,0.9593742,0.9328446,0.98055047,0.97441757,0.9841738,0.9584635,0.93554455,0.9413595,0.9306404,0.9408057,0.90511733,0.86935157,0.95623285,0.96968246,0.96298504,0.9420194,0.9408188,0.9414875,0.95199394,0.97851807,0.97083735,0.9558873,0.9771359,0.96526027,0.9841738,0.93333924,0.9799675,0.9618626,0.95611006
bernadettefilm,0.95881456,0.932233,0.94428533,0.9515549,0.9666891,0.9731781,0.97887105,0.9730278,0.9786908,0.960718,0.9768203,0.9691152,0.96881205,0.9630136,0.95570254,0.97375375,0.94959813,0.96818995,0.9659658,0.96572304,1.0,0.94895726,0.98050016,0.95494413,0.9744299,0.8428038,0.9571039,0.9508944,0.9508379,0.9743161,0.9422645,0.9603205,0.96975136,0.9435854,0.9060637,0.7633298,0.96106195,0.95552176,0.95944595,0.97363913,0.9588347,0.9433972,0.9394953,0.93637496,0.9725961,0.9709793,0.97827345,0.9694747,0.9637311,0.9442493,0.9521891,0.96936715,0.94872385,0.97031724,0.9457199,0.97790295,0.96501267,0.97196054,0.95620674,0.96098113,0.9641306,0.95038235,0.94535846,0.96515477,0.9636845,0.9581172,0.9321993,0.9505205,0.9843118,0.9426928,0.9695007,0.18021706,0.8756872,0.9808565,0.95356154,0.9671968,0.8755767,0.9653433,0.9690217,0.96377146,0.9740164,0.95989025,0.96098256,0.9624716,0.98597604,0.9495916,0.980746,0.97795415,0.962145,0.9831177,0.9504343,0.9695007,0.9602038,0.9582045,0.9587882,0.9805909,0.96591,0.96158075,0.9634853,0.9819263,0.9600443,0.9598827,0.9342103,0.9737859,0.95469594,0.95249885,0.9690456,0.9585039,0.92005444,0.9767393,0.973345,0.5025134,0.97462374,0.8438013,0.97784585,0.9660218,0.9607405,0.9394659,0.9822759,0.9862423,0.9367454,0.96300435,0.97594434,0.95829475,0.9728463,0.96331704,0.9750027,0.8977434,0.9673127,0.93232614,0.99063635,0.96606046,0.95949477,0.9502595,0.9729369,0.9583324,0.94475275,0.9548539,0.9782508,0.96771914,0.9786908,0.9441787,0.94909614,0.9588291,0.947797,0.9405714,0.92308605,0.9098768,0.96022713,0.9713817,0.97159433,0.9509278,0.94477695,0.9294434,0.9364581,0.97535914,0.9765912,0.9473933,0.97623175,0.97614914,0.9786908,0.9607963,0.96759874,0.975471,0.9480382
