movie,21bridgesmovie,47metersdown,abeautifuldaymovie,abominablemovie,adastramovie,adogsjourneymovie,aftermathmovie,aftermovie,ahiddenlifefilm,alitamovie,angelhasfallen,angrybirdsmovie,annabellemovie,annamovie,apollo11movie,arcticdogsmovie,arcticmovie,artofracingmovie,avengers,beachbummovie,bernadettefilm,blackandbluemovie,blackchristmas,blindedbythelightmovie,bombshellmovie,booksmart,breakthroughmovie,brianbanksmovie,brightburnmovie,brittanyrunsmov,captainmarvelofficial,captivestatemovie,catsmovie,charliesangels,childsplaymovie,clarathefilm,coldpursuitmovie,countdown,currentwarmovie,darkwatersmovie,detectivepikachumovie,disneyaladdin,disneyfrozen,disneymaleficent,doctorsleepmovie,dolemiteismyname,dontletgomovie,doramovie,downtonabbey_official,dumbo,escaperoom,everybodyknowsmovie,fastandfuriousmovie,fightingwmyfam,fivefeetapartfilm,fordvferrari,freaksthefilm,geminimanmovie,glassmovie,gloriabellmovie,godzillamovie,goldfinchmovie,goodboysmovie,goodliarmovie,gretafilm,halathemovie,happydeathdaymovie,harrietfilm,hellboymovie,hersmellmovie,highlifemovie,highstrungmovie,honeyboymovie,hotelmumbaifilm,httydragon,hustlemovie,hustlersmovie,isntitromantic,itmovieofficial,jayandsilentbob,johnwickmovie,jojorabbitmovie,jokermovie,judythefilm,jumanjimovie,justmercyfilm,knivesout,lalloronamovie,lastblackmansf,lastchristmasthemovie,latenightmovie,lighthousemovie,lionking,littlethemovie,littlewomenmovie,littlewoodsfilm,longshotmovie,lordsofchaosmovie,lucyintheskyfilm,mamovie2019,marriagestory,meettheaddams,meninblack,midsommarmovie,midwaymovie,missbalamovie,missinglinkfilm,motherlessbklyn,onceinhollywood,onthebasisofsex,overcomermovie,peanutbutterfalcon,petsematarymovie,piercingmovie,playingwithfire,playmobilthemovie,pomsmovie,queenandslim,rambomovie,readyornotfilm,richardjewellfilm,rocketmanmovie,scarystoriesmovie,secretlifeofpets,serenityfilm,shaftmovie,shazammovie,spidermanmovie,spiesindisguise,starwars,stormboymovie,stubermovie,taosdfilm,teenspiritmov,terminator,theaeronautsmov,thebestofenemies,thedeaddontdie,thefarewell,thehighwaymen,thehummingbirdprojectfilm,theintrudermovie,theirishmanfilm,thekitchenmovie,thelegomovie,themustangfilm,thenightingalefilm,theprodigymovie,thesunisalsoastar,theupsidefilm,tolkienmovie,toystory,triplefrontier,uglydolls,uncutgems,underthesilverlake,usmovie,wavesmovie,whatmenwant,wonderparkmovie,wrinklestheclown,xmenmovies,yardiefilm,yesterdaymovie,zombieland
21bridgesmovie,1.0000001,0.9453119,0.95784307,0.9527717,0.96540624,0.9249694,0.9527589,0.95607775,0.9780004,0.9591899,0.9690438,0.954281,0.9756737,0.9686475,0.9704795,0.9572975,0.97024804,0.9585315,0.9750671,0.9251826,0.9539075,0.96039325,0.9646959,0.9364251,0.94816303,0.5251121,0.94848865,0.9585534,0.95421886,0.96003693,0.9592768,0.9591796,0.9516493,0.9411155,0.89720577,0.8139812,0.96933323,0.97266215,0.956286,0.94430524,0.94355136,0.96763515,0.94993514,0.9706633,0.97513205,0.93008,0.95629317,0.9481508,0.93622345,0.970111,0.9527116,0.9601514,0.96239907,0.95237565,0.9511859,0.972138,0.957355,0.95833963,0.9687827,0.95824414,0.9690441,0.96795446,0.96661633,0.97973114,0.9361593,0.94088316,0.9070059,0.96509254,0.96783394,0.9298989,0.9547608,0.4753511,0.9527897,0.9463754,0.92661893,0.95660263,0.8238732,0.9503336,0.9560551,0.9400849,0.9713695,0.91999537,0.9805905,0.95034343,0.9617186,0.94681764,0.9435096,0.97819716,0.9411305,0.95779335,0.95658183,0.9547608,0.9653374,0.9562892,0.9552307,0.9768591,0.96677727,0.95624197,0.9284431,0.96440035,0.9510832,0.92849565,0.9248984,0.9430194,0.95654714,0.95051473,0.9515317,0.97216374,0.94849914,0.93126076,0.9711783,0.48217237,0.9633637,0.8428151,0.9465299,0.9742532,0.9965279,0.9478105,0.9648794,0.9369332,0.9617295,0.9702261,0.9594709,0.9321625,0.9579105,0.9581173,0.9715684,0.95348144,0.9614009,0.9178358,0.97057414,0.9535955,0.9804564,0.8999569,0.9628714,0.9625978,0.9699003,0.95974076,0.9604994,0.95083624,0.9780004,0.95683753,0.94921255,0.97438616,0.9301432,0.96546817,0.9471543,0.9286858,0.9709337,0.96902394,0.95832807,0.9605041,0.9629665,0.8881131,0.94763017,0.9161601,0.9485241,0.9480289,0.94711673,0.95385253,0.9780004,0.94672036,0.966274,0.9840661,0.9497973
47metersdown,0.9453119,1.0,0.9375071,0.9224023,0.93703794,0.94422966,0.92794937,0.96239597,0.9666659,0.94541043,0.94073045,0.947909,0.939324,0.9514491,0.95045644,0.9610177,0.96256065,0.9622015,0.9286698,0.9356204,0.929909,0.93456495,0.9536046,0.9511896,0.9221451,0.54614395,0.93443763,0.94853467,0.93836313,0.9585825,0.9346894,0.9664212,0.93385285,0.9348602,0.9501283,0.8250536,0.96433103,0.8991954,0.96116626,0.9641047,0.9550674,0.9450218,0.9298049,0.9529237,0.9473861,0.9249112,0.9496419,0.9430005,0.94158816,0.9480439,0.9432083,0.95875955,0.9384495,0.9548815,0.94407505,0.93868554,0.93786603,0.95624,0.941991,0.9641074,0.9563086,0.9417116,0.94447595,0.9619467,0.9144048,0.95751566,0.9099317,0.9568969,0.9455092,0.92498326,0.96168995,0.42781293,0.9255858,0.9525286,0.93542314,0.9380215,0.888691,0.94491595,0.9299149,0.9496191,0.92839676,0.90493566,0.965121,0.9462916,0.93631214,0.9687251,0.925374,0.95459414,0.9477105,0.9615307,0.9627584,0.96168995,0.9171359,0.9485972,0.9439238,0.9403809,0.96563303,0.97149193,0.9368117,0.9346134,0.9553366,0.9201508,0.90763146,0.95435363,0.9327941,0.9451884,0.94794315,0.957304,0.90302587,0.9514974,0.9177151,0.50793195,0.9607953,0.85039943,0.9467671,0.9500272,0.9458933,0.9607654,0.9566004,0.922512,0.9713195,0.93846065,0.9391256,0.93818384,0.9456545,0.94891244,0.9623753,0.92942256,0.9603419,0.9062581,0.942735,0.93475395,0.9538387,0.86071587,0.9586384,0.9549792,0.9096633,0.95288336,0.96385795,0.93922323,0.9666659,0.9329596,0.9464873,0.92895055,0.914606,0.9498231,0.94359833,0.9501472,0.9539304,0.9375494,0.9285562,0.94521254,0.95833397,0.85350573,0.9485907,0.9380161,0.9228755,0.95552474,0.956733,0.9515219,0.9666659,0.9322022,0.9490304,0.9646757,0.9311255
abeautifuldaymovie,0.95784307,0.9375071,0.9999998,0.96563214,0.9643733,0.9402355,0.9663866,0.9510885,0.9847985,0.94161254,0.96226835,0.9604524,0.9663203,0.96382993,0.95946795,0.9778843,0.9671131,0.9719511,0.9322293,0.96327925,0.97929436,0.963192,0.9615664,0.9672471,0.9572812,0.5909641,0.9591902,0.9736133,0.9790675,0.9401463,0.9564187,0.9654461,0.9460576,0.9789275,0.91506153,0.7996442,0.97747785,0.9445982,0.95808685,0.95904887,0.9550633,0.9745909,0.937859,0.96944004,0.9769825,0.9479434,0.95759404,0.97769123,0.9447523,0.9755939,0.9790622,0.9750572,0.96235603,0.95722544,0.95549166,0.96212924,0.9793608,0.97248167,0.9742227,0.9590152,0.9589575,0.976541,0.97075087,0.9655088,0.9462907,0.92921245,0.93936527,0.9652013,0.957717,0.93081343,0.9646285,0.4976074,0.94447166,0.96380794,0.92229486,0.9328514,0.8593361,0.94755226,0.9523845,0.9508568,0.95090955,0.9501579,0.975678,0.9308264,0.97581375,0.9402222,0.9526352,0.9705268,0.9329222,0.9717648,0.9321764,0.9646285,0.96559,0.96855694,0.9795742,0.949891,0.967667,0.9626132,0.9507122,0.9534057,0.9654186,0.9530982,0.92231417,0.95517236,0.9400937,0.97726387,0.97147214,0.9712577,0.9552066,0.95713586,0.9542074,0.56207216,0.97052795,0.8660957,0.9728603,0.97196597,0.97165316,0.93833774,0.96393156,0.95563495,0.9645158,0.9705173,0.96362674,0.91255987,0.9601415,0.9687773,0.9532585,0.9506081,0.9772129,0.93665135,0.9727845,0.97377217,0.9780014,0.85833716,0.9688202,0.9568231,0.9465618,0.96786326,0.9676442,0.9743591,0.9847985,0.9697071,0.96114504,0.9605946,0.95667607,0.97010237,0.9451837,0.93809617,0.9719157,0.9616479,0.9561607,0.97993505,0.96675766,0.8866566,0.9701762,0.94146156,0.9559688,0.9625798,0.96607983,0.96635115,0.9847985,0.95466006,0.9774233,0.97001433,0.96225065
abominablemovie,0.9527717,0.9224023,0.96563214,0.9999998,0.95957977,0.9315539,0.9704226,0.9461037,0.9751624,0.955703,0.9636724,0.9331447,0.9688231,0.95097965,0.95008695,0.94938564,0.9507116,0.9526357,0.9234297,0.92580044,0.95708853,0.962389,0.957143,0.972703,0.9504505,0.61139053,0.95446825,0.9475267,0.96347743,0.9194804,0.9306884,0.9605042,0.9423653,0.9379703,0.8904123,0.7918322,0.96219337,0.95260537,0.9415334,0.95187795,0.9571481,0.9762571,0.93984544,0.973432,0.9749012,0.9526321,0.9519061,0.9530033,0.92521816,0.98071975,0.9675606,0.9644486,0.9527634,0.9436318,0.96383965,0.9571483,0.9643752,0.9687016,0.96064675,0.94112045,0.94695175,0.97115076,0.9756197,0.9530209,0.9560983,0.93655074,0.92220044,0.95084316,0.94339466,0.908269,0.9560483,0.51788205,0.93521696,0.93491906,0.91106796,0.93657744,0.8275304,0.9574263,0.9522915,0.9384138,0.95482665,0.9608837,0.96594495,0.93770444,0.9736233,0.9423368,0.96040195,0.96401197,0.93927044,0.9446962,0.92329746,0.9560483,0.94704276,0.94502574,0.9686467,0.96434057,0.94774073,0.95614284,0.9349008,0.93981135,0.9594928,0.9643655,0.93880385,0.96617925,0.96367896,0.9642883,0.9671739,0.9569132,0.9504972,0.9356586,0.95136464,0.58410066,0.965311,0.8714662,0.9665108,0.9682737,0.9614949,0.91879183,0.96331656,0.96037114,0.94864446,0.963593,0.9695669,0.92628086,0.9396713,0.94662577,0.9315115,0.9475012,0.9540007,0.934424,0.95790064,0.9630812,0.9665795,0.8421774,0.961389,0.93968695,0.9471798,0.95938224,0.9512307,0.96964335,0.9751624,0.9631009,0.9479823,0.9610864,0.9449075,0.96622896,0.9563021,0.91494864,0.96977353,0.9511171,0.95616955,0.97743124,0.96760255,0.8897103,0.9343069,0.9394571,0.9337217,0.9671068,0.95045745,0.95073247,0.9751624,0.95461714,0.96353567,0.94669574,0.9541947
adastramovie,0.96540624,0.93703794,0.9643733,0.95957977,1.0000002,0.9135528,0.9500406,0.9441169,0.97587353,0.97159964,0.97375,0.93663013,0.9703424,0.9596437,0.9474385,0.9609189,0.9710671,0.9755569,0.9474106,0.92592144,0.9682923,0.9660111,0.96705675,0.93820935,0.9316679,0.5514598,0.95895606,0.96403706,0.9537318,0.939112,0.9355269,0.9549239,0.9311907,0.9488424,0.8912593,0.8256334,0.9656707,0.9535438,0.9484923,0.9472613,0.94755477,0.9609493,0.92022204,0.96017575,0.9774049,0.95416975,0.9612278,0.9534728,0.9186024,0.96377254,0.9651312,0.95637286,0.9615722,0.9513303,0.9690256,0.969649,0.96466666,0.96332884,0.9480788,0.9417023,0.96126443,0.95520335,0.9840394,0.9679841,0.93113923,0.949499,0.89115316,0.9591434,0.94529366,0.9148159,0.951926,0.5095742,0.94691753,0.94675547,0.93678236,0.9303058,0.8224776,0.9419971,0.93346626,0.9585277,0.959578,0.9231043,0.9724905,0.9585867,0.9585361,0.93951464,0.9500152,0.977454,0.95075625,0.9425396,0.94070864,0.951926,0.94183147,0.9415553,0.97197694,0.9541896,0.9620434,0.95829093,0.9267562,0.951285,0.9653947,0.9557342,0.9167931,0.9620777,0.96139365,0.9632712,0.9467047,0.96837544,0.9325493,0.93192106,0.9502284,0.5153285,0.97387004,0.90882957,0.96325415,0.96304274,0.96612674,0.9466698,0.9604314,0.9342369,0.9574764,0.96060425,0.96270716,0.92238355,0.931729,0.9328631,0.95377606,0.955537,0.96972054,0.9191661,0.96830136,0.9734605,0.9772441,0.85041773,0.9737069,0.9433882,0.9409318,0.9580263,0.9496189,0.95983505,0.97587353,0.9504473,0.97031075,0.9637317,0.92414695,0.96595013,0.94478446,0.91744524,0.96705747,0.9317779,0.93206364,0.9602389,0.97651726,0.8886571,0.9417681,0.9214882,0.9391107,0.9719792,0.9539753,0.95511806,0.97587353,0.94729936,0.95443195,0.9585611,0.95876837
adogsjourneymovie,0.9249694,0.94422966,0.9402355,0.9315539,0.9135528,1.0,0.9364987,0.9640767,0.9564352,0.9080449,0.9314773,0.92573506,0.9208055,0.9650904,0.95740056,0.94850266,0.9390592,0.9452701,0.90285397,0.95233464,0.9359697,0.9351877,0.95961565,0.94687194,0.9243552,0.53266186,0.9278438,0.95608854,0.9520344,0.9228745,0.94152,0.93791527,0.95202565,0.936827,0.9306769,0.7494576,0.9309973,0.89399004,0.9223799,0.95014626,0.95175797,0.9549923,0.9597675,0.93690294,0.9248541,0.9095965,0.9545026,0.9380857,0.8987377,0.9522881,0.9488653,0.9594283,0.9234531,0.92979634,0.9346582,0.9223437,0.9484349,0.94396484,0.9379886,0.94521195,0.9361496,0.9525862,0.92181396,0.9572482,0.91099405,0.9006713,0.89538175,0.9282294,0.9502481,0.90560365,0.9467278,0.47146428,0.91553724,0.9366041,0.92776346,0.9136013,0.86129886,0.93096304,0.9307041,0.9438801,0.9221878,0.90959364,0.93770766,0.92760694,0.94038516,0.9373014,0.9209015,0.92905563,0.90212786,0.9340417,0.9436837,0.9467278,0.89649576,0.9364446,0.9296494,0.9387895,0.9424448,0.9594076,0.92080224,0.94835854,0.93751585,0.9406457,0.946113,0.93770736,0.9137063,0.9455369,0.94252473,0.9323376,0.9319071,0.92411387,0.9162969,0.5070772,0.9347569,0.81831735,0.9443657,0.9384142,0.93508154,0.946214,0.9486813,0.93767357,0.93704665,0.94098425,0.944695,0.9649402,0.94192356,0.96105033,0.9516545,0.9268,0.936687,0.9109616,0.93548095,0.938363,0.955795,0.87839293,0.92509854,0.94016016,0.9151569,0.9432594,0.9590728,0.95285934,0.9564352,0.9279832,0.94045717,0.9167148,0.9434119,0.94602376,0.9369633,0.94870365,0.9357029,0.9303926,0.9297217,0.9298423,0.9284986,0.800218,0.9410595,0.94934654,0.95892215,0.9315582,0.94652855,0.9468741,0.9564352,0.9415567,0.9534718,0.95107174,0.94432175
aftermathmovie,0.9527589,0.92794937,0.9663866,0.9704226,0.9500406,0.9364987,1.0000002,0.94403094,0.97936666,0.9497481,0.95086384,0.94305456,0.94838953,0.96708786,0.95937043,0.9619147,0.9608107,0.9523057,0.9279913,0.946669,0.94841677,0.95425427,0.9635517,0.9731477,0.95222735,0.56727237,0.9551531,0.9587883,0.97563815,0.93310153,0.95144707,0.955111,0.9520871,0.94682074,0.90548795,0.8049017,0.9729068,0.93106467,0.9619289,0.9521746,0.96127164,0.9637569,0.94946975,0.969609,0.9666411,0.95221764,0.95685095,0.9618733,0.94112295,0.9701142,0.97038573,0.96945536,0.94985384,0.9433315,0.94779366,0.96337265,0.9683293,0.95604503,0.97136056,0.94878423,0.9623075,0.96372086,0.965143,0.9587854,0.9639007,0.9259608,0.9473636,0.9651378,0.95593095,0.9397206,0.96655476,0.5243377,0.95207,0.94019836,0.90067804,0.9539207,0.85060996,0.96832925,0.9592756,0.9312005,0.95034975,0.9728278,0.96999377,0.93465793,0.9601014,0.9585287,0.94594693,0.95681673,0.95322883,0.96143675,0.93326545,0.96655476,0.9657326,0.9684859,0.9606526,0.9704791,0.95648926,0.96598756,0.9501013,0.95455444,0.96365446,0.9444449,0.94560546,0.95281756,0.9553968,0.96533227,0.97376865,0.9626136,0.96481067,0.94343996,0.95743763,0.5638174,0.95745516,0.84374464,0.9561171,0.97299665,0.96258897,0.923048,0.959657,0.9941526,0.9532242,0.957451,0.96643084,0.9116785,0.9681757,0.9586753,0.94285536,0.961532,0.9555629,0.91639155,0.9648453,0.9613946,0.96907187,0.8534857,0.9486861,0.96256316,0.95411944,0.9603573,0.9629964,0.97739196,0.97936666,0.96022123,0.9482103,0.96761847,0.95471126,0.96729755,0.95474005,0.9227568,0.9725201,0.9521315,0.9838472,0.9706522,0.96765876,0.8996855,0.9462774,0.9515376,0.93883604,0.9536457,0.9534483,0.9597487,0.97936666,0.9629663,0.97790456,0.95732665,0.95709324
aftermovie,0.95607775,0.96239597,0.9510885,0.9461037,0.9441169,0.9640767,0.94403094,0.9999998,0.9808534,0.95673716,0.9688265,0.9589003,0.96056634,0.9737265,0.9653094,0.9669502,0.95940715,0.9594024,0.95665973,0.9367932,0.9414272,0.96339613,0.97916865,0.9534789,0.953389,0.5378906,0.9438233,0.9625086,0.95723665,0.9698143,0.9659918,0.95675844,0.9720539,0.9437702,0.9294383,0.7972534,0.9589356,0.92316246,0.9626616,0.94914806,0.9578421,0.9668815,0.95977443,0.9667705,0.95970494,0.9316078,0.97175616,0.95894396,0.9333508,0.9725366,0.96165895,0.96336013,0.9579506,0.9461537,0.9558103,0.96032107,0.9599639,0.95875746,0.95900047,0.97171706,0.9586283,0.9603285,0.9569873,0.9779269,0.918792,0.9483546,0.93171966,0.9576051,0.97886455,0.9285613,0.9682913,0.42287144,0.9533111,0.9542712,0.9439549,0.9375867,0.86620516,0.9528794,0.9644159,0.95922893,0.9649692,0.89703363,0.9728186,0.9575489,0.96002406,0.9548828,0.94656646,0.9703384,0.9360468,0.9435388,0.9613741,0.9682913,0.93935317,0.94964397,0.9538407,0.95299554,0.97066295,0.9762613,0.9289214,0.96741974,0.9593961,0.93466246,0.9425631,0.9600777,0.9590261,0.95541304,0.956454,0.9645888,0.94374436,0.94602966,0.96220154,0.5026136,0.9604288,0.8327351,0.9474285,0.95026696,0.95975137,0.96295464,0.9744559,0.94290656,0.9636631,0.9500038,0.9606692,0.9634452,0.9595893,0.9716221,0.9712141,0.96167773,0.9585121,0.9032408,0.94833493,0.9500917,0.96689355,0.9178178,0.9601255,0.9737736,0.9396754,0.9600815,0.9734499,0.9616681,0.9808534,0.9557356,0.9557078,0.9460771,0.949982,0.96372545,0.9573184,0.94676214,0.9625129,0.9480063,0.9537159,0.94771403,0.9610451,0.8371289,0.96299225,0.9575798,0.9655975,0.9614193,0.968917,0.9534375,0.9808534,0.9644439,0.9645482,0.9713222,0.96293265
ahiddenlifefilm,0.9780004,0.9666659,0.9847985,0.9751624,0.97587353,0.9564352,0.97936666,0.9808534,1.0,0.97031134,0.98110545,0.9697313,0.9775724,0.98551136,0.97877187,0.98859006,0.98350865,0.98193145,0.96368164,0.96153456,0.9739694,0.9765273,0.9847081,0.9769766,0.9688219,0.57646,0.9691349,0.9824127,0.98178375,0.9676534,0.9741696,0.9787133,0.9700649,0.96823764,0.93453896,0.8279427,0.98984283,0.95282596,0.9777663,0.9741334,0.97298324,0.98395777,0.9606425,0.98614246,0.9843303,0.96302634,0.97974485,0.9810179,0.9555845,0.9894325,0.982667,0.9853827,0.9755176,0.97202486,0.9703796,0.9819916,0.98340535,0.98055655,0.9822639,0.97747505,0.9791746,0.9821992,0.9828114,0.98572105,0.95909894,0.96036536,0.94822145,0.9792965,0.97849524,0.94863063,0.9831202,0.4866621,0.96929675,0.97378874,0.9451888,0.9593803,0.87123984,0.9731613,0.9722846,0.9660946,0.9745019,0.95064664,0.9923402,0.96509576,0.9782683,0.9691529,0.9627225,0.9861174,0.96410805,0.9772014,0.9638115,0.9831202,0.97201866,0.97698545,0.982603,0.9747262,0.9838168,0.98654693,0.9562045,0.9739585,0.98362863,0.95991,0.9449745,0.97564834,0.9710778,0.9807488,0.9790379,0.9836119,0.96561974,0.9671045,0.97439027,0.5443591,0.9810326,0.8761418,0.9745842,0.9812309,0.98422134,0.964098,0.98331594,0.97085494,0.97967637,0.9764632,0.98082274,0.94897574,0.9759929,0.9789125,0.9779118,0.9702704,0.9811231,0.9357434,0.9811194,0.9790407,0.9891232,0.89261264,0.9809244,0.97966987,0.96440613,0.9828425,0.9831706,0.9843936,1.0,0.97648966,0.97489405,0.9750739,0.96307755,0.98524404,0.9711911,0.95282555,0.9865763,0.96887267,0.97362405,0.9819677,0.9873569,0.8921838,0.97400725,0.9618931,0.96365625,0.9799067,0.9795063,0.9754755,1.0,0.971362,0.98862463,0.9836711,0.97563463
alitamovie,0.9591899,0.94541043,0.94161254,0.955703,0.97159964,0.9080449,0.9497481,0.95673716,0.97031134,0.9999998,0.9646674,0.9294918,0.9703977,0.95137846,0.93918514,0.94040847,0.9532136,0.94999385,0.94656324,0.91175497,0.9381288,0.96211725,0.9615848,0.9471446,0.93090844,0.5471264,0.9466743,0.93947476,0.95226,0.9530191,0.9278449,0.94757473,0.92282134,0.9161564,0.8822048,0.8049322,0.9622991,0.950385,0.95505494,0.92757267,0.9481493,0.9516175,0.91645664,0.964924,0.96560425,0.9282832,0.9469775,0.9426197,0.92195046,0.95941395,0.95057476,0.9458737,0.9622358,0.93993556,0.9592212,0.97254264,0.94929886,0.9641697,0.9508412,0.9612317,0.9636468,0.9485232,0.97191447,0.960234,0.92772865,0.9638878,0.9116766,0.95521295,0.9511632,0.90819365,0.96665204,0.4481868,0.9324961,0.9330024,0.8934755,0.9343914,0.8157173,0.9396537,0.9474488,0.9427198,0.95556575,0.9198702,0.9715459,0.9649321,0.94416493,0.94357836,0.9587655,0.9754826,0.9550945,0.9407066,0.93956655,0.96665204,0.9378023,0.9421953,0.95036924,0.95507073,0.95661765,0.9590245,0.91789496,0.9346165,0.9479055,0.9454238,0.9095498,0.9600641,0.9704614,0.94218385,0.95431,0.96698695,0.92032915,0.91027683,0.9576775,0.51958257,0.96780115,0.8722201,0.9448954,0.9526579,0.9566896,0.9216337,0.9611368,0.9427256,0.9598484,0.94549984,0.9614118,0.919981,0.9414887,0.936835,0.94937253,0.9514577,0.95491624,0.8743548,0.9506335,0.9451137,0.9594916,0.87539005,0.97578746,0.9530085,0.939126,0.9432837,0.9573344,0.9373727,0.97031134,0.9574451,0.9349401,0.96162695,0.92671156,0.95341355,0.9455001,0.8955992,0.9648083,0.9396707,0.94548965,0.9420866,0.9684388,0.8923966,0.94853586,0.9375743,0.9372595,0.96337575,0.95754224,0.952962,0.97031134,0.9493903,0.9547832,0.9520378,0.93700206
angelhasfallen,0.9690438,0.94073045,0.96226835,0.9636724,0.97375,0.9314773,0.95086384,0.9688265,0.98110545,0.9646674,1.0,0.9340968,0.97387886,0.96675676,0.95648235,0.96976995,0.971798,0.9683469,0.9678303,0.9339728,0.9534931,0.9786903,0.9734314,0.9431173,0.9540681,0.5382973,0.94705963,0.9539622,0.95909125,0.93698126,0.9559939,0.95960605,0.95860237,0.94039994,0.8823972,0.8173872,0.96474546,0.95617193,0.94582397,0.9555511,0.94968706,0.96951807,0.9346657,0.9740699,0.97457755,0.95880836,0.96651417,0.95463693,0.9123262,0.9758567,0.9597326,0.95933115,0.96565986,0.94159555,0.96565884,0.96914274,0.9645972,0.9666334,0.95991045,0.9621678,0.9649479,0.9659765,0.9734477,0.9771225,0.9328183,0.95178515,0.9192031,0.95206803,0.96112347,0.91436684,0.9634416,0.45097435,0.94287616,0.93967193,0.9365065,0.94640213,0.823673,0.94994676,0.9534878,0.9642107,0.9751397,0.9071221,0.9794546,0.95972294,0.9588566,0.9399964,0.9582563,0.9824067,0.95360726,0.9456706,0.93656176,0.9634416,0.9525122,0.9408305,0.9586685,0.9617825,0.9687354,0.9696939,0.91261965,0.9566542,0.9666189,0.9493694,0.9325493,0.95760983,0.9680642,0.9566874,0.95382696,0.9657298,0.9411028,0.93188715,0.9625836,0.50788337,0.96653974,0.88047975,0.96681213,0.96789455,0.9709517,0.9432355,0.97029173,0.93828213,0.94525605,0.96856093,0.97317535,0.9537187,0.95314914,0.95041823,0.95673794,0.96193105,0.96504885,0.91446066,0.96009874,0.9664585,0.9791994,0.90101564,0.9658646,0.95094,0.9455422,0.96542495,0.9581021,0.9581217,0.98110545,0.96621156,0.9634023,0.9749815,0.94644403,0.9667535,0.9651737,0.9157532,0.96998924,0.93635964,0.9468415,0.96397215,0.97918427,0.85135466,0.95182824,0.93655026,0.95113283,0.97163725,0.9529034,0.9603478,0.98110545,0.9641717,0.961292,0.9621748,0.95326775
angrybirdsmovie,0.954281,0.947909,0.9604524,0.9331447,0.93663013,0.92573506,0.94305456,0.9589003,0.9697313,0.9294918,0.9340968,1.0000001,0.94046634,0.9576177,0.9476562,0.9571223,0.9564141,0.9444645,0.93303496,0.9301456,0.93440574,0.9465369,0.94449276,0.9410136,0.9375113,0.54653054,0.92259395,0.95280147,0.9543823,0.97692,0.9474879,0.9593692,0.95086694,0.96071416,0.9455799,0.8169847,0.96832836,0.9077237,0.97502184,0.94267905,0.9504099,0.9417743,0.94396514,0.9484134,0.9577986,0.9276552,0.94090635,0.9669092,0.9783352,0.95228124,0.9653484,0.9600567,0.9447428,0.9461105,0.93189764,0.9366882,0.9503607,0.9461925,0.9438592,0.9488172,0.95677966,0.9420832,0.9577025,0.9691968,0.92305714,0.9354615,0.92823553,0.9677244,0.9569966,0.9523046,0.94880784,0.44223902,0.9602732,0.96360284,0.9431945,0.9162086,0.89070165,0.9464685,0.9371281,0.93735963,0.94947135,0.9188648,0.9737622,0.92392284,0.95461327,0.96594465,0.9303273,0.953556,0.92114633,0.9567884,0.95202214,0.94880784,0.9644737,0.9467409,0.9599302,0.944086,0.9719453,0.9507734,0.9638204,0.9446034,0.9632645,0.90868324,0.92348677,0.9309355,0.9203075,0.9640435,0.95398927,0.970637,0.9451545,0.969291,0.9449731,0.5059365,0.96497977,0.8261591,0.93866736,0.9489175,0.95980835,0.9419749,0.9678227,0.93368196,0.97045827,0.9505804,0.93644387,0.9000055,0.9461039,0.9442502,0.9529233,0.95262325,0.95742315,0.9257833,0.9487311,0.94623244,0.9563408,0.8355656,0.95929,0.9733112,0.9361702,0.9488505,0.9635226,0.95328456,0.9697313,0.9530348,0.95954347,0.9422953,0.9267048,0.9513158,0.9277484,0.96454066,0.96326756,0.95878005,0.9546229,0.9510487,0.94417757,0.8787468,0.96639305,0.9263706,0.93426615,0.9409568,0.95302844,0.94767034,0.9697313,0.93302906,0.95821387,0.97452223,0.9601727
annabellemovie,0.9756737,0.939324,0.9663203,0.9688231,0.9703424,0.9208055,0.94838953,0.96056634,0.9775724,0.9703977,0.97387886,0.94046634,0.9999999,0.9480953,0.95269233,0.951363,0.9558313,0.9630718,0.95239633,0.9186498,0.96223754,0.9634531,0.9653964,0.9505154,0.94576585,0.5703975,0.9663793,0.9524914,0.95298916,0.94314593,0.9464828,0.9577995,0.9369658,0.9494441,0.891928,0.7683549,0.9664136,0.9793056,0.9564558,0.941347,0.94631,0.9763799,0.93962437,0.9784979,0.9776017,0.9285588,0.9534567,0.95813096,0.92488045,0.97710705,0.9559562,0.9521371,0.9688364,0.95479846,0.9566884,0.9752217,0.96618664,0.9771452,0.9711257,0.9581994,0.95134354,0.9700557,0.973571,0.9662375,0.9173204,0.9491097,0.9151515,0.9594096,0.9681213,0.89268905,0.9624426,0.4558788,0.93256974,0.9386197,0.9106506,0.9410688,0.8228662,0.94756484,0.96382594,0.94032246,0.96248275,0.9263364,0.9755696,0.94817907,0.98302466,0.9379542,0.9542147,0.99334294,0.9417801,0.95683676,0.944023,0.9624426,0.9521956,0.9552024,0.9707221,0.9614984,0.96006685,0.95838684,0.91641283,0.9532595,0.94412947,0.9507311,0.90724814,0.9659895,0.9608689,0.9479251,0.95769083,0.97642356,0.93912244,0.92951125,0.9592845,0.53334004,0.9729726,0.8422646,0.9666612,0.9684567,0.9789981,0.94100595,0.9611652,0.9376061,0.96788394,0.96727926,0.9592676,0.9185972,0.9556164,0.96621245,0.9594721,0.9517532,0.9753255,0.9128676,0.9663034,0.9508951,0.97373945,0.9030392,0.97932214,0.95097816,0.9520411,0.95073164,0.9640723,0.9441757,0.9775724,0.95703346,0.9403563,0.9593188,0.93677896,0.9607075,0.9490675,0.9167307,0.9771449,0.97052914,0.95281506,0.9639644,0.96546876,0.90052956,0.9434393,0.9358886,0.9475281,0.961365,0.9625072,0.9590173,0.9775724,0.96315265,0.9577609,0.96424335,0.9389246
annamovie,0.9686475,0.9514491,0.96382993,0.95097965,0.9596437,0.9650904,0.96708786,0.9737265,0.98551136,0.95137846,0.96675676,0.9576177,0.9480953,0.99999994,0.9815885,0.9795896,0.9721046,0.9654374,0.9577213,0.9617594,0.95811313,0.969858,0.9761285,0.955,0.96395713,0.5397801,0.95393884,0.9735706,0.9760886,0.9566512,0.9684691,0.95684826,0.9651819,0.9539904,0.9312927,0.820841,0.9680079,0.927771,0.9516863,0.9591909,0.9664666,0.96597594,0.95948356,0.96331364,0.95786875,0.94094574,0.97295386,0.9569058,0.9320094,0.97164136,0.97226465,0.98009545,0.9676948,0.95086944,0.9577828,0.9692596,0.96926045,0.95910186,0.9629757,0.96764773,0.97463286,0.9643485,0.9575075,0.9868037,0.9528417,0.9376807,0.9233084,0.9618486,0.96775746,0.9476389,0.9694969,0.48072627,0.9664165,0.9549411,0.9444708,0.9408239,0.8638465,0.96006197,0.95724636,0.9546971,0.9692919,0.92746955,0.9751814,0.9579766,0.9568631,0.9573802,0.9439752,0.96542263,0.9457865,0.95252573,0.96158963,0.9694969,0.94938165,0.9560686,0.95659244,0.97019064,0.97282314,0.9756191,0.93773055,0.9763319,0.9669089,0.9491596,0.9496953,0.9534687,0.96317124,0.969828,0.96876335,0.9680051,0.962005,0.9406084,0.9649212,0.5147381,0.96251523,0.8654811,0.9535664,0.96793824,0.9724849,0.9646666,0.9729467,0.95990765,0.9595519,0.964184,0.9761522,0.95507985,0.95993674,0.9638289,0.97756165,0.9574433,0.95731246,0.914459,0.9707602,0.9672484,0.98022527,0.8918287,0.95803285,0.9693494,0.9639103,0.97936875,0.9746742,0.9752985,0.98551136,0.9608396,0.97020614,0.9651285,0.9576387,0.9773347,0.96758664,0.95358866,0.9670616,0.9506224,0.95722896,0.9555899,0.972149,0.8559883,0.9675954,0.9515228,0.9664409,0.96452427,0.9612087,0.96908927,0.98551136,0.9598804,0.9778325,0.9701205,0.9768998
apollo11movie,0.9704795,0.95045644,0.95946795,0.95008695,0.9474385,0.95740056,0.95937043,0.9653094,0.97877187,0.93918514,0.95648235,0.9476562,0.95269233,0.9815885,0.99999994,0.9679525,0.96710104,0.9639269,0.9525762,0.9648571,0.96330565,0.95825016,0.9700429,0.9476619,0.9662214,0.55092084,0.95403224,0.9686156,0.960264,0.9410638,0.9586243,0.9603897,0.96310353,0.9502946,0.93085676,0.80917746,0.9634039,0.93165344,0.94967985,0.95573527,0.947333,0.9637792,0.95961666,0.96349436,0.95579326,0.9365287,0.97140175,0.9432653,0.9253608,0.9649001,0.95531654,0.9753614,0.9638147,0.95637137,0.9556072,0.9667657,0.95469844,0.9489701,0.96969074,0.96021324,0.957496,0.9741987,0.95306,0.9734227,0.9425319,0.9233267,0.9139748,0.9559762,0.96617323,0.94015956,0.96215624,0.48086852,0.9493906,0.95822716,0.9347669,0.9488876,0.86428285,0.959388,0.9557435,0.93937886,0.9624085,0.9322999,0.9629953,0.95136726,0.95901173,0.950225,0.92695606,0.9623665,0.9336955,0.9516766,0.9552232,0.96215624,0.94836354,0.962736,0.9482581,0.9730673,0.96608657,0.9662685,0.92723435,0.97424763,0.95568377,0.9365858,0.9395815,0.9489162,0.9487197,0.95651084,0.9628223,0.9630441,0.9465185,0.94575983,0.9514151,0.51470923,0.94706583,0.8456263,0.9494274,0.97483796,0.97475845,0.953704,0.9698018,0.95625824,0.95299053,0.95837444,0.9623323,0.9412459,0.9555634,0.96843797,0.970951,0.9369684,0.9561739,0.9144726,0.97865456,0.9614336,0.97440624,0.9000252,0.94701064,0.95074904,0.95449936,0.96228945,0.96923554,0.96502554,0.97877187,0.94566,0.95871925,0.9466979,0.9302972,0.9679798,0.9568889,0.9450299,0.9652471,0.96107155,0.9562346,0.9655089,0.96238834,0.8633947,0.9543251,0.94163036,0.95314837,0.9590054,0.9438398,0.9560304,0.97877187,0.95458233,0.9734986,0.97360295,0.9554434
arcticdogsmovie,0.9572975,0.9610177,0.9778843,0.94938564,0.9609189,0.94850266,0.9619147,0.9669502,0.98859006,0.94040847,0.96976995,0.9571223,0.951363,0.9795896,0.9679525,0.9999999,0.97414595,0.9791065,0.9478302,0.9660083,0.9630658,0.95633936,0.96833986,0.9614512,0.95930654,0.5650488,0.94965196,0.977358,0.96637285,0.9532107,0.9683731,0.96905524,0.955574,0.9639411,0.93432707,0.8472038,0.97525996,0.91685563,0.9588175,0.97141117,0.9641867,0.96974176,0.9362973,0.9632297,0.96682644,0.9599879,0.96800417,0.97485805,0.94619197,0.974538,0.96960217,0.97900367,0.96185875,0.96214014,0.95708126,0.96338576,0.9771826,0.9629597,0.9671628,0.96208686,0.9643546,0.9622427,0.9633217,0.97427106,0.9459709,0.9467223,0.9298388,0.95811266,0.9574409,0.9548007,0.96830064,0.47127065,0.9645969,0.9718025,0.95559317,0.9463422,0.8827179,0.95940745,0.9532517,0.9668413,0.95596707,0.9260215,0.97686905,0.9527173,0.96085465,0.95554644,0.94899136,0.96935093,0.9529099,0.965102,0.94717664,0.96830064,0.954737,0.9694694,0.9671737,0.9496421,0.9726153,0.9803012,0.9503373,0.9599861,0.97836864,0.9379418,0.92343354,0.9611889,0.95028627,0.97185767,0.96284753,0.9707753,0.9560186,0.96637297,0.9579762,0.5278212,0.96513903,0.8863756,0.95939195,0.9635809,0.96582365,0.96519446,0.9658924,0.95092916,0.96069735,0.9561394,0.96218103,0.947403,0.9626988,0.9679288,0.96796596,0.94837326,0.96778923,0.920463,0.9621528,0.9764037,0.9770258,0.8696703,0.9639685,0.96602285,0.94408613,0.9794534,0.9699232,0.9794921,0.98859006,0.95213145,0.9756624,0.9617688,0.95528585,0.9769471,0.96070236,0.95321745,0.96924484,0.9446154,0.94766116,0.9693428,0.9803355,0.85962105,0.96705925,0.94324094,0.94963956,0.97301304,0.9673872,0.955791,0.98859006,0.95224494,0.9700943,0.9688383,0.9700864
arcticmovie,0.97024804,0.96256065,0.9671131,0.9507116,0.9710671,0.9390592,0.9608107,0.95940715,0.98350865,0.9532136,0.971798,0.9564141,0.9558313,0.9721046,0.96710104,0.97414595,0.99999994,0.97802705,0.9639477,0.9507789,0.9563206,0.9614718,0.9642288,0.9545606,0.9564666,0.51222426,0.9574628,0.9718005,0.9620806,0.95371175,0.95467705,0.96010417,0.96466684,0.95911235,0.92662704,0.8170134,0.9770095,0.9403784,0.9675561,0.96935254,0.9572877,0.96578777,0.94881564,0.9739243,0.9740786,0.9459726,0.96325487,0.95343906,0.9384674,0.9701855,0.96821624,0.9686111,0.9550036,0.9470664,0.9635618,0.9559422,0.9574014,0.95499784,0.9629053,0.9645637,0.96790147,0.9646376,0.96835965,0.97998685,0.9378142,0.94119006,0.92942196,0.97147316,0.9649333,0.9357019,0.96121645,0.46539772,0.9429152,0.94959784,0.9388592,0.96559405,0.8415936,0.958688,0.9444821,0.9526813,0.95934755,0.9266181,0.98377526,0.9470296,0.95875883,0.9524033,0.9386249,0.96676385,0.95053154,0.9655886,0.9603035,0.96121645,0.96159834,0.9483291,0.9649254,0.96351856,0.98155326,0.9689804,0.94852126,0.9601794,0.9687839,0.93972737,0.9384978,0.9504233,0.9502037,0.96754545,0.95750034,0.96838605,0.94520485,0.952095,0.9451284,0.48807225,0.9694043,0.8584877,0.9625797,0.97097087,0.97142094,0.96110755,0.9639723,0.94934434,0.9619811,0.9677501,0.9664087,0.93407744,0.96149194,0.9498447,0.9658423,0.9617336,0.9694293,0.9309234,0.97507703,0.96842736,0.9841189,0.89300495,0.96038294,0.96239537,0.93337554,0.9709745,0.9632512,0.9678842,0.98350865,0.95578384,0.96492165,0.9637799,0.93600184,0.9713778,0.95228213,0.9470801,0.967535,0.93816686,0.9594454,0.9723653,0.97043914,0.85664773,0.95114046,0.94236857,0.9395162,0.9660285,0.9487549,0.96799195,0.98350865,0.9518029,0.9765502,0.97312963,0.96013165
artofracingmovie,0.9585315,0.9622015,0.9719511,0.9526357,0.9755569,0.9452701,0.9523057,0.9594024,0.98193145,0.94999385,0.9683469,0.9444645,0.9630718,0.9654374,0.9639269,0.9791065,0.97802705,1.0,0.9428641,0.94755,0.9648555,0.95770234,0.9644959,0.9490934,0.94617885,0.52637815,0.9636898,0.96944004,0.9617681,0.9432253,0.9429411,0.9663572,0.947326,0.97184384,0.9257385,0.82279915,0.9741769,0.9319723,0.95769835,0.9809259,0.96761423,0.9721952,0.9400555,0.9652409,0.97147363,0.9501632,0.96227187,0.96428823,0.9333863,0.96899956,0.97123504,0.969567,0.94621474,0.96061504,0.9716044,0.95977575,0.97371393,0.968658,0.95593256,0.9542832,0.9657872,0.9612466,0.9690154,0.97178155,0.9285139,0.9476021,0.9117777,0.9603912,0.9546296,0.92688125,0.96578354,0.4786072,0.9401001,0.9606377,0.94722646,0.9570984,0.85978585,0.9513531,0.9302954,0.9724176,0.947686,0.9270394,0.9760071,0.94690716,0.96701306,0.9433577,0.94676065,0.9721437,0.9560799,0.9673985,0.961876,0.96578354,0.9429431,0.95448613,0.97704047,0.9529387,0.96620333,0.96962166,0.94711936,0.9519666,0.97290397,0.9457592,0.9334783,0.9716597,0.94246924,0.97142386,0.9522087,0.9717876,0.9387832,0.95991206,0.9344211,0.49593657,0.9757385,0.88770455,0.9681604,0.96354485,0.96212107,0.9639912,0.9588605,0.9446466,0.96887785,0.9627872,0.9695539,0.93842,0.950661,0.95734924,0.9575678,0.95212764,0.97783023,0.9407787,0.97034514,0.9815066,0.9777201,0.8704321,0.9728849,0.95559055,0.92643434,0.96777785,0.9647497,0.9694476,0.98193145,0.94664556,0.9716315,0.9498807,0.9315432,0.9726275,0.9591141,0.9478457,0.9662549,0.9355223,0.94244945,0.9699139,0.97667235,0.8465598,0.9515975,0.9423279,0.9377977,0.97251207,0.9631812,0.9666214,0.98193145,0.9543119,0.96343195,0.9678352,0.9633617
avengers,0.9750671,0.9286698,0.9322293,0.9234297,0.9474106,0.90285397,0.9279913,0.95665973,0.96368164,0.94656324,0.9678303,0.93303496,0.95239633,0.9577213,0.9525762,0.9478302,0.9639477,0.9428641,1.0,0.91072154,0.9341638,0.9475194,0.9578694,0.90858203,0.9372738,0.49124,0.932907,0.9489575,0.93486017,0.95297235,0.9707183,0.9311582,0.9417491,0.9145871,0.8743072,0.79705733,0.9507245,0.9445523,0.9410249,0.9278763,0.92297477,0.94809693,0.9284662,0.95969564,0.9478968,0.9150326,0.950552,0.9219204,0.901076,0.95928603,0.93922347,0.9381458,0.9483388,0.931797,0.93753535,0.9597858,0.93743765,0.92528415,0.93707854,0.9543428,0.9530866,0.93941516,0.94435817,0.9664066,0.914328,0.91205776,0.90028495,0.9500424,0.96256775,0.9115195,0.93706506,0.42659307,0.94082135,0.9288292,0.9127584,0.93864715,0.8027343,0.92619246,0.9383572,0.92601085,0.9622978,0.87331104,0.9668274,0.9267684,0.9392183,0.9227321,0.9317973,0.9619892,0.9201273,0.93370795,0.9382724,0.93706506,0.94646984,0.93044424,0.9365359,0.9395322,0.96169454,0.95100325,0.9067405,0.94933265,0.9399824,0.9035151,0.9023313,0.924601,0.9505232,0.9388993,0.9279852,0.94166625,0.9369083,0.91235185,0.95890254,0.4599814,0.9327254,0.81315035,0.9174107,0.94690377,0.97103554,0.94415504,0.9486912,0.9117554,0.93545896,0.9434187,0.9424579,0.9314099,0.95128715,0.9387366,0.95717204,0.9494548,0.9451141,0.8825615,0.9544032,0.9377037,0.96384984,0.9156871,0.93399745,0.9557001,0.94022316,0.949953,0.9335106,0.9314575,0.96368164,0.94705343,0.93007225,0.95002824,0.92137975,0.94569284,0.9319026,0.9031735,0.9365394,0.92375165,0.93707687,0.9434666,0.9521402,0.83836913,0.93586844,0.90852934,0.93939716,0.931191,0.9347971,0.93454677,0.96368164,0.93318695,0.9523408,0.9586027,0.94187593
beachbummovie,0.9251826,0.9356204,0.96327925,0.92580044,0.92592144,0.95233464,0.946669,0.9367932,0.96153456,0.91175497,0.9339728,0.9301456,0.9186498,0.9617594,0.9648571,0.9660083,0.9507789,0.94755,0.91072154,0.99999994,0.9519949,0.9358145,0.94665736,0.9462065,0.9446423,0.59065694,0.93078923,0.9573702,0.95815766,0.9132171,0.94092625,0.93785644,0.9338628,0.95463574,0.9309001,0.79083633,0.9510083,0.8912588,0.93195784,0.94417626,0.9370473,0.94110286,0.9188878,0.9383119,0.9265224,0.9249042,0.9457873,0.9400533,0.90967375,0.9447806,0.9473374,0.9623268,0.9520549,0.94064224,0.9371167,0.9391616,0.9458165,0.9394949,0.9510324,0.9539362,0.9355869,0.9517619,0.92779094,0.9540839,0.92577696,0.898573,0.9034771,0.935056,0.9322658,0.92623806,0.95665014,0.43593153,0.92676806,0.94929993,0.90662414,0.9034192,0.8776706,0.9366462,0.92378956,0.93969554,0.91689444,0.9245493,0.94468683,0.9280609,0.93493915,0.9274007,0.9223242,0.9376198,0.90918803,0.9511308,0.91453755,0.95665014,0.92543536,0.9560195,0.937004,0.9259051,0.9504,0.9619721,0.93310326,0.9358468,0.9442925,0.9342572,0.90266573,0.9294154,0.91503394,0.9507465,0.94948286,0.94286865,0.9286451,0.92934173,0.9133995,0.55618286,0.9279368,0.85043776,0.9427881,0.94980633,0.9393943,0.9254267,0.947579,0.9437527,0.9344317,0.93975824,0.9443794,0.92272955,0.9403669,0.95528793,0.9459063,0.91642296,0.9517395,0.89261943,0.9595518,0.9551215,0.9559011,0.8595266,0.93034,0.92745215,0.9126921,0.9416418,0.961933,0.95040977,0.96153456,0.93606865,0.94303364,0.92479736,0.9381245,0.94214284,0.9345218,0.93597656,0.9425793,0.9382098,0.9267891,0.9527229,0.9455402,0.8438592,0.9687461,0.94347847,0.93711215,0.9416632,0.93273515,0.94613373,0.96153456,0.9398324,0.9650209,0.9453876,0.9359242
bernadettefilm,0.9539075,0.929909,0.97929436,0.95708853,0.9682923,0.9359697,0.94841677,0.9414272,0.9739694,0.9381288,0.9534931,0.93440574,0.96223754,0.95811313,0.96330565,0.9630658,0.9563206,0.9648555,0.9341638,0.9519949,1.0000001,0.9621398,0.9674285,0.94765013,0.9439171,0.6015266,0.96023417,0.97492373,0.9684574,0.9230578,0.95712215,0.95212483,0.9374246,0.9598449,0.8976707,0.77281976,0.9634556,0.9475363,0.93764687,0.94634974,0.93553305,0.97501725,0.9441654,0.96535635,0.9632495,0.9391835,0.9699219,0.948064,0.9118392,0.97289467,0.9703631,0.9642485,0.95511985,0.96367955,0.95159453,0.9674991,0.95920175,0.96447337,0.9608352,0.94189286,0.9488992,0.9763157,0.9635158,0.95183647,0.9475352,0.9098949,0.8995922,0.9567343,0.95452726,0.90812224,0.94470197,0.5286042,0.9355241,0.9624316,0.91390264,0.9110508,0.8193342,0.9319999,0.9475114,0.9316639,0.9425329,0.94751334,0.95546305,0.9348301,0.9662009,0.929529,0.9394312,0.96197844,0.9134632,0.9542187,0.93566906,0.94470197,0.9355829,0.9643948,0.9682362,0.9405412,0.9561701,0.95731735,0.9232622,0.9656437,0.9555577,0.97141284,0.92107165,0.94560987,0.9404317,0.97312367,0.9531379,0.9514403,0.9356328,0.9412006,0.94198096,0.5586708,0.95312905,0.8650626,0.9661986,0.96345764,0.9646494,0.9365568,0.9528534,0.93881726,0.9537927,0.9651071,0.9570469,0.9115094,0.947947,0.9628995,0.9587687,0.9314463,0.96886814,0.936677,0.9822918,0.96752113,0.9704531,0.85273933,0.95798326,0.93479085,0.9397259,0.9574803,0.9505734,0.9634523,0.9739694,0.9594827,0.9558656,0.93384933,0.9274046,0.95951897,0.9227372,0.9119875,0.95441824,0.9489864,0.9305819,0.96684605,0.96035165,0.90133744,0.9496783,0.9202043,0.9574725,0.9506156,0.956069,0.95621663,0.9739694,0.9439355,0.969377,0.9610494,0.9564897
