movie,21bridgesmovie,47metersdown,abeautifuldaymovie,abominablemovie,adastramovie,adogsjourneymovie,aftermathmovie,aftermovie,ahiddenlifefilm,alitamovie,angelhasfallen,angrybirdsmovie,annabellemovie,annamovie,apollo11movie,arcticdogsmovie,arcticmovie,artofracingmovie,avengers,beachbummovie,bernadettefilm,blackandbluemovie,blackchristmas,blindedbythelightmovie,bombshellmovie,booksmart,breakthroughmovie,brianbanksmovie,brightburnmovie,brittanyrunsmov,captainmarvelofficial,captivestatemovie,catsmovie,charliesangels,childsplaymovie,clarathefilm,coldpursuitmovie,countdown,currentwarmovie,darkwatersmovie,detectivepikachumovie,disneyaladdin,disneyfrozen,disneymaleficent,doctorsleepmovie,dolemiteismyname,dontletgomovie,doramovie,downtonabbey_official,dumbo,escaperoom,everybodyknowsmovie,fastandfuriousmovie,fightingwmyfam,fivefeetapartfilm,fordvferrari,freaksthefilm,geminimanmovie,glassmovie,gloriabellmovie,godzillamovie,goldfinchmovie,goodboysmovie,goodliarmovie,gretafilm,halathemovie,happydeathdaymovie,harrietfilm,hellboymovie,hersmellmovie,highlifemovie,highstrungmovie,honeyboymovie,hotelmumbaifilm,httydragon,hustlemovie,hustlersmovie,isntitromantic,itmovieofficial,jayandsilentbob,johnwickmovie,jojorabbitmovie,jokermovie,judythefilm,jumanjimovie,justmercyfilm,knivesout,lalloronamovie,lastblackmansf,lastchristmasthemovie,latenightmovie,lighthousemovie,lionking,littlethemovie,littlewomenmovie,littlewoodsfilm,longshotmovie,lordsofchaosmovie,lucyintheskyfilm,mamovie2019,marriagestory,meettheaddams,meninblack,midsommarmovie,midwaymovie,missbalamovie,missinglinkfilm,motherlessbklyn,onceinhollywood,onthebasisofsex,overcomermovie,peanutbutterfalcon,petsematarymovie,piercingmovie,playingwithfire,playmobilthemovie,pomsmovie,queenandslim,rambomovie,readyornotfilm,richardjewellfilm,rocketmanmovie,scarystoriesmovie,secretlifeofpets,serenityfilm,shaftmovie,shazammovie,spidermanmovie,spiesindisguise,starwars,stormboymovie,stubermovie,taosdfilm,teenspiritmov,terminator,theaeronautsmov,thebestofenemies,thedeaddontdie,thefarewell,thehighwaymen,thehummingbirdprojectfilm,theintrudermovie,theirishmanfilm,thekitchenmovie,thelegomovie,themustangfilm,thenightingalefilm,theprodigymovie,thesunisalsoastar,theupsidefilm,tolkienmovie,toystory,triplefrontier,uglydolls,uncutgems,underthesilverlake,usmovie,wavesmovie,whatmenwant,wonderparkmovie,wrinklestheclown,xmenmovies,yardiefilm,yesterdaymovie,zombieland
21bridgesmovie,1.0000001,0.94974405,0.9610083,0.939056,0.9468448,0.94945395,0.95390916,0.9484874,0.9741264,0.9496692,0.9507177,0.9564274,0.9509673,0.95947856,0.96641797,0.9415486,0.9578112,0.9599652,0.9615111,0.95683396,0.9574772,0.9602373,0.957244,0.9486173,0.92984945,0.7184979,0.94507295,0.939362,0.9550915,0.9521872,0.9355162,0.93946743,0.9236717,0.9436187,0.9046544,0.9199364,0.94687515,0.96749854,0.9604143,0.95966667,0.9432811,0.95369166,0.9518251,0.95635515,0.9665633,0.9582633,0.9524045,0.9360478,0.9465666,0.95735574,0.96658266,0.9652609,0.96377945,0.9379455,0.9002794,0.9506063,0.9535903,0.96997774,0.941459,0.95268357,0.94174665,0.9116794,0.9529463,0.95068115,0.95456374,0.9686803,0.9468495,0.9481956,0.9378768,0.94125456,0.9656739,0.64263844,0.92371684,0.962918,0.9195668,0.9455642,0.83103365,0.92898166,0.93869835,0.93495214,0.9486315,0.95018893,0.954723,0.9330373,0.9677358,0.93080235,0.96063465,0.95344913,0.95193505,0.9431654,0.94016564,0.9656739,0.95402735,0.95257515,0.9594232,0.93400294,0.9405857,0.9514688,0.9399558,0.94772565,0.95392,0.94136846,0.9587412,0.9588734,0.9380584,0.96171635,0.96841896,0.94033444,0.94615877,0.95389456,0.95266706,0.7128718,0.9429006,0.864742,0.9486474,0.9753089,0.99451935,0.9506327,0.9527596,0.9447054,0.95505875,0.9532529,0.94411016,0.9482687,0.9498368,0.94892305,0.95047855,0.9515435,0.9689411,0.88373506,0.9496248,0.94947374,0.94495744,0.91814345,0.9465328,0.94619507,0.97879434,0.9512323,0.9623096,0.9474254,0.9741264,0.9585426,0.9543711,0.93945694,0.9161767,0.93535537,0.9531139,0.9482578,0.95528114,0.96168286,0.9541544,0.94262475,0.9386963,0.9028748,0.95227915,0.93724656,0.9656495,0.9429243,0.95061046,0.9551345,0.9741264,0.9526469,0.9530556,0.9515577,0.95792633
47metersdown,0.94974405,1.0,0.9443027,0.93727,0.96048766,0.9512686,0.95659614,0.95616883,0.97095364,0.9713372,0.94565284,0.95269877,0.95770305,0.9680015,0.96841824,0.9587483,0.9478447,0.9601275,0.9571368,0.93406355,0.9292772,0.94681525,0.9516851,0.95390177,0.93324524,0.703036,0.9273533,0.94204897,0.95345587,0.9454472,0.9540167,0.926332,0.9102379,0.9427059,0.8696743,0.87244976,0.9613676,0.94204354,0.95323634,0.95658207,0.9547838,0.9398742,0.90321743,0.9409156,0.9762344,0.9335944,0.94310987,0.9479271,0.94347054,0.9433901,0.9495584,0.96467113,0.9427537,0.9192402,0.8964721,0.9568031,0.94678193,0.94642586,0.955764,0.9646232,0.9438645,0.92996126,0.9614073,0.9566463,0.93377453,0.9520034,0.9192567,0.95140916,0.94602007,0.9151247,0.96565634,0.6409647,0.93420357,0.9493877,0.91235447,0.93426406,0.8082887,0.9362322,0.95579326,0.9398116,0.9457756,0.9311332,0.95710427,0.90818846,0.95384115,0.9215785,0.93135226,0.95410526,0.9424906,0.94961387,0.9419162,0.96565634,0.94194233,0.93757117,0.9592023,0.96170807,0.935691,0.9430495,0.95426,0.9285271,0.94715935,0.9484493,0.9367668,0.9649344,0.9707325,0.9518608,0.95830613,0.92616826,0.9433648,0.94016534,0.953089,0.72207564,0.96429265,0.79740703,0.9204056,0.9427348,0.95230526,0.9371748,0.95514995,0.9488816,0.94594854,0.94606155,0.9371111,0.92721343,0.9461838,0.95925134,0.9540775,0.95509356,0.95947534,0.87222576,0.9381904,0.93645895,0.9380637,0.92242956,0.9539314,0.95829093,0.9651582,0.9387143,0.96119386,0.94763863,0.97095364,0.9501371,0.9227837,0.9552831,0.9304472,0.942189,0.95565754,0.9119113,0.9367005,0.92848754,0.95757014,0.9275805,0.94002193,0.8882332,0.926145,0.95063645,0.95173174,0.93495417,0.9561777,0.9629355,0.97095364,0.9391571,0.9477823,0.95926553,0.9477993
abeautifuldaymovie,0.9610083,0.9443027,0.9999999,0.9720126,0.9740478,0.9442619,0.9706697,0.95690274,0.9858427,0.9720478,0.96980906,0.9635296,0.97079414,0.9706951,0.96643925,0.9633777,0.96804464,0.97629434,0.94147474,0.9659484,0.97191596,0.98145306,0.9718027,0.96590704,0.9462602,0.7259633,0.9649844,0.95948946,0.9877523,0.97345257,0.9500857,0.9492586,0.9337892,0.958305,0.9309965,0.91085345,0.95312876,0.979071,0.974493,0.972573,0.95430875,0.9741464,0.9479015,0.97097903,0.96804154,0.9524763,0.96443266,0.95358795,0.96067065,0.9745715,0.9868468,0.98112327,0.9676649,0.95410776,0.9317451,0.9639693,0.95397455,0.9785571,0.9716982,0.9635255,0.9523027,0.947812,0.96107566,0.9747038,0.97391665,0.97118145,0.9528066,0.9730451,0.9559795,0.94484687,0.9767211,0.636742,0.93558854,0.9849763,0.9527132,0.92377335,0.81838435,0.9300297,0.9460054,0.94721425,0.97227645,0.96425635,0.9638532,0.94534934,0.98391956,0.93583244,0.9682511,0.9601645,0.96293616,0.96656656,0.965073,0.9767211,0.9446514,0.95121795,0.9765419,0.95133275,0.9539493,0.967158,0.94976836,0.9507116,0.95440423,0.94834685,0.9585759,0.9746493,0.95648134,0.9831467,0.97160167,0.96572846,0.957807,0.9724205,0.98222065,0.7516943,0.96532327,0.83793783,0.9595799,0.96331185,0.9723723,0.963953,0.9518185,0.96716243,0.9640148,0.9662065,0.9683338,0.9525451,0.9709157,0.9643115,0.96241647,0.96362114,0.9650281,0.88856095,0.9600719,0.96114373,0.9593453,0.92042536,0.9694502,0.9680117,0.9597903,0.96011233,0.98179775,0.96514875,0.9858427,0.97133714,0.951781,0.96396613,0.9462174,0.9596433,0.9527215,0.9627062,0.9719488,0.95955044,0.9698029,0.9786513,0.95985913,0.87695503,0.9547082,0.9657001,0.96688247,0.95879966,0.970739,0.97208047,0.9858427,0.9650772,0.9710532,0.9748864,0.97917324
abominablemovie,0.939056,0.93727,0.9720126,1.0000001,0.95764494,0.92832935,0.95528764,0.9289469,0.97303414,0.9630749,0.9616314,0.94581985,0.9649434,0.9509722,0.9519287,0.9625579,0.9637217,0.9593968,0.90962094,0.94194204,0.949745,0.9556532,0.9598642,0.94981295,0.93893594,0.7581129,0.93678385,0.9404961,0.96590734,0.96355015,0.93964636,0.9482429,0.9175163,0.93483335,0.92699707,0.8999214,0.9400841,0.9502912,0.9583774,0.9592757,0.9378633,0.96557915,0.9467904,0.96056974,0.9558434,0.9390457,0.9508541,0.9434245,0.93784153,0.964647,0.9615273,0.9633002,0.96006775,0.9303681,0.9176919,0.9367083,0.9361507,0.96912986,0.9572178,0.94801646,0.9328534,0.93857974,0.9387194,0.951158,0.95441395,0.9611795,0.93170613,0.94838196,0.93345594,0.92648494,0.95654476,0.6196434,0.9156415,0.95589405,0.95189315,0.9379223,0.81514835,0.9149818,0.9516413,0.91830057,0.96057534,0.9456426,0.95264626,0.9067881,0.96641445,0.9207536,0.96236384,0.9608371,0.93116724,0.9461836,0.9621202,0.95654476,0.9295497,0.94552135,0.9577564,0.9337335,0.9421307,0.9499133,0.9416501,0.9368065,0.94744694,0.9337601,0.92094254,0.95931053,0.94763196,0.9619206,0.9573176,0.9601558,0.94525856,0.96910304,0.9603231,0.72737974,0.9612884,0.82134503,0.93516046,0.9486686,0.95574343,0.9418671,0.9524498,0.9488301,0.9627799,0.94508743,0.96779823,0.946352,0.9539005,0.94633853,0.95275396,0.942908,0.9411232,0.88560826,0.94632745,0.9391082,0.9481825,0.8928762,0.963654,0.96318275,0.936532,0.93768793,0.9584446,0.958723,0.97303414,0.95422643,0.94283414,0.950571,0.94730806,0.9453285,0.9327905,0.9568605,0.95945245,0.94838285,0.9531023,0.9655919,0.9435453,0.8772066,0.9229642,0.94387734,0.94722754,0.92654496,0.96487004,0.9651333,0.97303414,0.9341164,0.95565754,0.9586058,0.9680416
adastramovie,0.9468448,0.96048766,0.9740478,0.95764494,1.0,0.9411229,0.96786433,0.9563804,0.9826265,0.9717539,0.96249956,0.9481348,0.96800035,0.97674954,0.9597983,0.95432276,0.9643467,0.9882219,0.93799216,0.9488386,0.95047307,0.96589243,0.96640193,0.9669464,0.9481051,0.70183,0.9664379,0.9701049,0.97623205,0.958371,0.9417522,0.94329727,0.9216082,0.95683277,0.92084736,0.9046068,0.9713052,0.9568862,0.9773062,0.9663862,0.96199465,0.9621148,0.93121284,0.9672089,0.97369605,0.95153755,0.96657443,0.9604826,0.9542808,0.96893287,0.96621716,0.9800926,0.9483836,0.9513027,0.93550134,0.9796621,0.9536907,0.95791537,0.97223526,0.96200377,0.9413839,0.9572774,0.9663106,0.9743615,0.9623221,0.9525178,0.93170357,0.9586653,0.96340054,0.94332963,0.96690905,0.6696577,0.9355357,0.97432715,0.94331884,0.9335301,0.8700913,0.94669646,0.95930445,0.94660544,0.9707344,0.9578605,0.95518064,0.9372236,0.9696081,0.9249442,0.9478773,0.96504,0.9526913,0.9628663,0.96403784,0.96690905,0.9521155,0.9621066,0.9744298,0.95239633,0.95049244,0.95394063,0.94279283,0.9413238,0.9624058,0.94366086,0.95371825,0.9710804,0.95925623,0.9644238,0.97121286,0.9502413,0.94846237,0.9678332,0.9738318,0.72970164,0.9613001,0.8422144,0.94551873,0.95459056,0.9588424,0.9592328,0.9575872,0.958124,0.9600249,0.9606476,0.9641843,0.92883486,0.9681952,0.9613904,0.9638306,0.95426184,0.9644485,0.8946097,0.9554267,0.9603728,0.9607237,0.9491046,0.9556573,0.9630106,0.95287865,0.965385,0.96449363,0.96581465,0.9826265,0.96412337,0.94481254,0.97224355,0.9465504,0.9540414,0.951822,0.94075954,0.9557851,0.9458036,0.96730703,0.967759,0.95431024,0.8764214,0.931459,0.97210616,0.9521767,0.9408293,0.96116984,0.9743383,0.9826265,0.9779529,0.9671039,0.9629139,0.95980245
adogsjourneymovie,0.94945395,0.9512686,0.9442619,0.92832935,0.9411229,0.99999994,0.9559694,0.9520202,0.96299183,0.9610501,0.952051,0.94271094,0.942038,0.9642941,0.95800364,0.9558744,0.93720156,0.9396471,0.95918226,0.9401555,0.93482137,0.9404373,0.95750076,0.9596466,0.9557111,0.6802219,0.9315254,0.92377037,0.9546579,0.9611688,0.9578775,0.90155387,0.922299,0.919237,0.89365053,0.86669415,0.93681884,0.9354419,0.9451409,0.94461405,0.9485462,0.9503047,0.9260014,0.9406653,0.9570755,0.94818854,0.95560914,0.92180824,0.92783076,0.9500351,0.9475384,0.94634813,0.9552783,0.9291986,0.92051315,0.9472906,0.9307876,0.95113117,0.9519396,0.9464255,0.92249745,0.9262551,0.931664,0.9557387,0.9268546,0.941474,0.92448735,0.92484254,0.9448823,0.91152394,0.95534873,0.6121415,0.9184748,0.95216995,0.91255593,0.94420594,0.7780993,0.9116327,0.9200914,0.92599547,0.95449054,0.9360659,0.95419395,0.91783965,0.95213556,0.9210195,0.9228897,0.95344394,0.93845564,0.946583,0.9345081,0.95534873,0.942464,0.9129804,0.94998413,0.9418919,0.94169915,0.93242276,0.94862306,0.93716204,0.9447768,0.96897936,0.94701743,0.9570796,0.96041685,0.94788444,0.9547857,0.94492096,0.940178,0.94493806,0.9558702,0.7576435,0.9561909,0.794213,0.92503107,0.9369862,0.9505422,0.91596335,0.93615425,0.94699246,0.9500356,0.9410709,0.9472622,0.97190887,0.94516766,0.9485971,0.95144194,0.94793385,0.9474308,0.90578836,0.94098914,0.93337274,0.92584836,0.9029109,0.96662474,0.95562804,0.94577444,0.9152411,0.95204103,0.95399964,0.96299183,0.9382425,0.94174963,0.94381815,0.9397206,0.9330883,0.93696225,0.92197156,0.93855083,0.9587797,0.95457876,0.940519,0.95002,0.8822681,0.93111503,0.9400884,0.9627077,0.9135519,0.9309308,0.9511079,0.96299183,0.942141,0.93879783,0.9594208,0.9367554
aftermathmovie,0.95390916,0.95659614,0.9706697,0.95528764,0.96786433,0.9559694,0.9999999,0.98186755,0.9873995,0.9730663,0.9733435,0.94402367,0.9712569,0.97624403,0.97495764,0.9786353,0.9644547,0.9750668,0.96387935,0.9603577,0.9419398,0.965894,0.97389513,0.97281253,0.95620537,0.68429375,0.95600975,0.9503939,0.9821021,0.97319484,0.9696732,0.9566456,0.9624148,0.94791234,0.918631,0.8876273,0.963313,0.9598084,0.98239744,0.9617242,0.9672022,0.97012615,0.9237115,0.9643902,0.97358453,0.9477184,0.9691731,0.9676838,0.96601546,0.9693868,0.9757028,0.97608864,0.9654594,0.92725986,0.9288699,0.97146124,0.95174044,0.9718956,0.9759545,0.96711624,0.95478535,0.9477887,0.95777726,0.97439927,0.9529076,0.96964985,0.9442401,0.96048635,0.96535075,0.9536036,0.9780931,0.66465056,0.9465654,0.97667503,0.92545587,0.9440505,0.8122057,0.9572277,0.9599403,0.95021725,0.9765458,0.9723873,0.969857,0.94063675,0.95891696,0.92740303,0.9586142,0.9750101,0.95167357,0.973886,0.9656334,0.9780931,0.94635475,0.9494956,0.97113436,0.9545987,0.9619608,0.97913057,0.9772838,0.95742315,0.9563234,0.96599877,0.9622073,0.97262734,0.96593636,0.9732722,0.9769197,0.9654882,0.9578547,0.957525,0.9787026,0.7664484,0.9746978,0.82552963,0.9399535,0.96581155,0.96342695,0.945602,0.9698068,0.9919617,0.9735688,0.96595466,0.9549409,0.94732976,0.96125394,0.9667375,0.9749142,0.9696996,0.9573404,0.90289,0.9533944,0.9553377,0.9568113,0.92203546,0.9754444,0.97874624,0.9653282,0.9616879,0.97218597,0.96407825,0.9873995,0.975969,0.95104337,0.96286446,0.95090747,0.9681108,0.95807874,0.94775844,0.95488054,0.95762694,0.9897501,0.96039754,0.9681307,0.9011646,0.95421565,0.96609217,0.97132355,0.9549665,0.96769315,0.97539127,0.9873995,0.9695576,0.9842061,0.9751435,0.97071075
aftermovie,0.9484874,0.95616883,0.95690274,0.9289469,0.9563804,0.9520202,0.98186755,0.99999976,0.97625875,0.9656972,0.960674,0.9373507,0.9633156,0.96863145,0.9635003,0.9615415,0.9559236,0.9684465,0.9560889,0.9472083,0.9396243,0.9582798,0.96021247,0.9572576,0.94722354,0.6721626,0.944493,0.9389902,0.9746562,0.9593097,0.9615488,0.9528734,0.954866,0.93669176,0.9141551,0.8743053,0.9462265,0.9570362,0.9685308,0.9623938,0.95956576,0.9539624,0.9140616,0.95257777,0.97415936,0.9390758,0.956278,0.95729893,0.9654769,0.95610774,0.9646239,0.96413887,0.9523799,0.93222886,0.92528576,0.9693875,0.946421,0.9556971,0.9663909,0.9576525,0.95068055,0.9243035,0.9621012,0.9702434,0.9438741,0.96011764,0.927709,0.95435643,0.96409935,0.9494582,0.97254175,0.62841916,0.93424,0.965786,0.9093842,0.9332938,0.7975534,0.9518491,0.9479017,0.9480973,0.9514619,0.9757214,0.9543987,0.9378491,0.9495704,0.9127507,0.94790834,0.96148765,0.9358026,0.95760787,0.94967383,0.97254175,0.952251,0.92615557,0.9565794,0.9373271,0.95578504,0.9587731,0.9613735,0.93244076,0.93785965,0.96504986,0.95691115,0.97556,0.9573802,0.963072,0.9556584,0.9421115,0.9461119,0.94046813,0.96413195,0.76995087,0.95733273,0.8314472,0.9420198,0.9536511,0.95424163,0.9210482,0.9417942,0.9770668,0.956717,0.9543442,0.94211257,0.93536884,0.9522409,0.9635436,0.95601267,0.95632595,0.9452185,0.889134,0.9339718,0.9438188,0.9490521,0.93066853,0.964914,0.9650289,0.9551562,0.94946206,0.9663113,0.95032895,0.97625875,0.9644389,0.9351906,0.94892615,0.9235356,0.9566283,0.9559379,0.9388875,0.9441443,0.943944,0.9727383,0.94760096,0.94918513,0.8905358,0.9442796,0.9594254,0.97298455,0.96347,0.9605297,0.95629925,0.97625875,0.9648154,0.9736456,0.96179223,0.9538799
ahiddenlifefilm,0.9741264,0.97095364,0.9858427,0.97303414,0.9826265,0.96299183,0.9873995,0.97625875,1.0,0.9815149,0.98221225,0.9650491,0.98136675,0.9871479,0.98458445,0.97797656,0.98066986,0.9865818,0.96268946,0.97059304,0.97093093,0.9801546,0.9841807,0.9850215,0.96380115,0.7114646,0.96914095,0.96930116,0.9863008,0.9797482,0.9706792,0.9615488,0.9535643,0.9623698,0.93482834,0.91783255,0.97898424,0.9791483,0.9892254,0.98219854,0.9736591,0.9768822,0.9491214,0.9770243,0.9848822,0.9697769,0.98052895,0.9756763,0.97438556,0.98111033,0.9875256,0.9911575,0.97823673,0.9591122,0.9423367,0.978925,0.96288085,0.98068684,0.9836841,0.9740219,0.96574056,0.9638535,0.97364646,0.9864742,0.97302747,0.9808518,0.96163285,0.97671616,0.9747003,0.95802766,0.9849332,0.6677643,0.9536528,0.98699874,0.94933015,0.95358324,0.8418894,0.95896816,0.96925336,0.9659818,0.9813496,0.97784436,0.9783735,0.95119804,0.98041874,0.9492411,0.9763311,0.9806505,0.9663981,0.9763288,0.97990817,0.9849332,0.96310747,0.97144014,0.9867529,0.965294,0.9700715,0.98057926,0.9689455,0.96256655,0.9758158,0.971974,0.969343,0.98719525,0.9739371,0.98607486,0.9862247,0.9709706,0.96480465,0.97285914,0.98800176,0.7491115,0.9758539,0.84959626,0.9621673,0.97822195,0.98494893,0.96253836,0.9723686,0.9798364,0.97907704,0.9732131,0.9754346,0.95945215,0.9795118,0.9805618,0.97690046,0.9731002,0.97361976,0.9101634,0.97424823,0.961933,0.9730575,0.94063675,0.9784997,0.98345375,0.97490084,0.9754499,0.98332816,0.98016185,1.0,0.97998977,0.96927965,0.97389907,0.9558327,0.97481537,0.97250056,0.96181315,0.97519815,0.96853954,0.9868561,0.9752596,0.975733,0.9063956,0.962565,0.9751467,0.97902113,0.9652104,0.9760749,0.98125935,1.0,0.9781557,0.98221064,0.9838353,0.98256254
alitamovie,0.9496692,0.9713372,0.9720478,0.9630749,0.9717539,0.9610501,0.9730663,0.9656972,0.9815149,0.99999994,0.975153,0.9647381,0.9650006,0.97434753,0.9679787,0.97208446,0.95403075,0.9757715,0.96158755,0.9491568,0.9351837,0.96100175,0.961182,0.96810883,0.96539116,0.72406125,0.9492734,0.94647443,0.9755172,0.96404856,0.96804667,0.94855756,0.9388772,0.94274575,0.899677,0.87113845,0.9531574,0.9539606,0.96713775,0.9637771,0.9477981,0.96372676,0.9355594,0.95992666,0.9813313,0.94452584,0.95600986,0.96264905,0.95293766,0.96606857,0.9702023,0.97014636,0.95896703,0.9412549,0.92440677,0.9695554,0.9433272,0.964287,0.9710167,0.9661033,0.9390791,0.9372628,0.96883404,0.96977407,0.94563335,0.9597255,0.92393005,0.96216977,0.9715667,0.9495538,0.9710668,0.6237144,0.9443452,0.9707217,0.9289446,0.9441572,0.8200286,0.94078803,0.9567544,0.94242615,0.97529453,0.9617961,0.9552178,0.913788,0.9651812,0.921572,0.9490507,0.9626781,0.94314176,0.96651167,0.95667076,0.9710668,0.95535904,0.9383765,0.9701336,0.96106154,0.9602089,0.9649041,0.9631953,0.930505,0.95366734,0.954865,0.95408314,0.9736277,0.9641424,0.9717376,0.96277,0.9416052,0.9614587,0.9615153,0.97064555,0.74438244,0.965214,0.80851555,0.9326288,0.9620939,0.96065855,0.9408575,0.9601274,0.96201026,0.97100115,0.9638782,0.95863134,0.9516993,0.95287436,0.96090126,0.9607296,0.9652797,0.95819086,0.8997563,0.9405459,0.95562935,0.9374179,0.9133323,0.97362274,0.96831447,0.9608752,0.94701827,0.9654536,0.95928115,0.9815149,0.96626604,0.94329405,0.9601424,0.9457658,0.95390636,0.95394826,0.93420106,0.94449806,0.95355827,0.9642255,0.9640407,0.95694804,0.89772314,0.93748325,0.95361143,0.9632937,0.9452904,0.9631073,0.96763176,0.9815149,0.95192766,0.96549296,0.9623691,0.9588431
angelhasfallen,0.9507177,0.94565284,0.96980906,0.9616314,0.96249956,0.952051,0.9733435,0.960674,0.98221225,0.975153,1.0000001,0.9513452,0.9666322,0.9687286,0.9772186,0.9742115,0.9609198,0.96367544,0.9441521,0.94472486,0.94823325,0.9515305,0.9599937,0.97640544,0.96553516,0.7037572,0.9557146,0.9402014,0.9738725,0.96318084,0.9586761,0.9588831,0.95329136,0.9421048,0.91537255,0.90463597,0.9540095,0.9674605,0.97160965,0.9623906,0.9473379,0.96693087,0.93260044,0.95949566,0.9696585,0.9555514,0.9599538,0.96557343,0.96846825,0.9690392,0.96575993,0.9733017,0.96064967,0.9348118,0.9364074,0.9600961,0.9498725,0.9626749,0.96911097,0.9495528,0.94087785,0.9383096,0.9598164,0.9711481,0.9519095,0.9653068,0.93418807,0.96037394,0.9709461,0.9629159,0.9662562,0.6447571,0.94204974,0.9746527,0.9281361,0.9415984,0.80686253,0.9417922,0.96164125,0.9543961,0.97808796,0.9708208,0.948917,0.9198438,0.95050037,0.917352,0.9611015,0.96820325,0.9437681,0.95420164,0.9530107,0.9662562,0.9497448,0.9441404,0.9671092,0.9650714,0.96778566,0.9714022,0.951154,0.92735076,0.96705174,0.95797366,0.94659066,0.97149193,0.94601554,0.96445805,0.9676322,0.95588076,0.95351875,0.9647886,0.9737847,0.7539389,0.9508997,0.817215,0.9480984,0.96022433,0.964754,0.93215317,0.95068276,0.9628757,0.966039,0.9552001,0.9627774,0.9547157,0.97058403,0.9636306,0.9626042,0.94786245,0.9405687,0.90918845,0.9582089,0.94006014,0.9504652,0.9132789,0.9707796,0.9673248,0.95198125,0.95295894,0.96214247,0.9623027,0.98221225,0.9633379,0.96343076,0.961928,0.9472618,0.9608911,0.9519808,0.9522034,0.95158565,0.9536718,0.97437733,0.9668813,0.95831996,0.9006013,0.9329682,0.9588528,0.96476495,0.9442968,0.95212346,0.9666164,0.98221225,0.96327937,0.9703847,0.9634317,0.95996714
angrybirdsmovie,0.9564274,0.95269877,0.9635296,0.94581985,0.9481348,0.94271094,0.94402367,0.9373507,0.9650491,0.9647381,0.9513452,1.0000002,0.94982904,0.94842136,0.9467427,0.94737,0.945751,0.9482938,0.9390797,0.925645,0.94635034,0.95945406,0.9389642,0.95376694,0.93343437,0.703769,0.9193369,0.92479414,0.9595522,0.9653757,0.9318256,0.9139895,0.8946068,0.95947826,0.88637865,0.8775708,0.93720883,0.95975316,0.93857735,0.9430407,0.94262165,0.9549718,0.92307115,0.9495745,0.9650381,0.94490266,0.9407957,0.93041795,0.92748183,0.95182645,0.9725586,0.9522672,0.94893456,0.9349126,0.9048521,0.947767,0.94991255,0.96431905,0.9378982,0.94407725,0.94291747,0.91700476,0.9589006,0.94454086,0.94622624,0.9530217,0.9255423,0.9386337,0.9417104,0.9172006,0.95338136,0.5737513,0.94402176,0.9536682,0.9179771,0.9100334,0.7840592,0.88420755,0.9455027,0.92387694,0.95255464,0.9284122,0.94352627,0.90989435,0.9688103,0.9362547,0.9373829,0.932378,0.94811136,0.958194,0.9363619,0.95338136,0.94225115,0.93488884,0.9678402,0.9264927,0.9478913,0.9335959,0.93568206,0.91832644,0.94667137,0.9529505,0.93408346,0.9525439,0.9529282,0.9723902,0.9613136,0.940332,0.9476107,0.94365805,0.95602125,0.68475074,0.9536705,0.793096,0.9283921,0.93782985,0.96409863,0.93446094,0.9258142,0.93883175,0.95603436,0.9456527,0.94459665,0.93551016,0.9421486,0.9409383,0.9560506,0.95643467,0.9400542,0.8713418,0.9430817,0.923355,0.93683976,0.9042679,0.9597152,0.95008755,0.95822537,0.93144476,0.96271336,0.95937324,0.9650491,0.94995373,0.9405358,0.9374676,0.93895966,0.918254,0.93889457,0.9225519,0.94544846,0.9500787,0.9337256,0.9302515,0.9450986,0.87373286,0.9202056,0.93817353,0.9451517,0.946879,0.9485415,0.9585947,0.9650491,0.9224694,0.93564886,0.93476534,0.9620919
annabellemovie,0.9509673,0.95770305,0.97079414,0.9649434,0.96800035,0.942038,0.9712569,0.9633156,0.98136675,0.9650006,0.9666322,0.94982904,1.0,0.97274274,0.9624616,0.95992655,0.9687009,0.9729199,0.9431573,0.9400404,0.9516551,0.9568266,0.9660536,0.96344775,0.95391345,0.7300081,0.9521302,0.95161295,0.9737741,0.9585896,0.9552771,0.9608848,0.93615085,0.95423675,0.91972816,0.88965064,0.9654279,0.97097987,0.96140057,0.96394694,0.96448153,0.9552763,0.93461025,0.9555866,0.9724641,0.93756974,0.96350956,0.9647371,0.96629286,0.96105397,0.9642742,0.97395533,0.9571889,0.9355197,0.93768317,0.9561211,0.95532095,0.9625375,0.97116435,0.9746851,0.9685695,0.94736695,0.96555257,0.9741727,0.94862163,0.9587055,0.9324365,0.96490306,0.9533625,0.9462438,0.9750413,0.6698896,0.92824256,0.9732933,0.92469347,0.93576264,0.8075332,0.9417498,0.96727705,0.94631654,0.96400326,0.9673645,0.97329235,0.9347864,0.96766806,0.92252284,0.95395976,0.98374534,0.9539798,0.9530658,0.95167816,0.9750413,0.9536452,0.94664145,0.97230214,0.9455227,0.9590005,0.9597157,0.9603271,0.94860446,0.9474207,0.9503177,0.94859487,0.9746561,0.9592788,0.9621265,0.97353536,0.9648642,0.95669645,0.9646713,0.9696473,0.7206306,0.96303403,0.8319249,0.9335128,0.9411121,0.96081877,0.92926985,0.9603281,0.9626669,0.9647062,0.96150434,0.9654029,0.9444124,0.96192265,0.96454626,0.9776113,0.95157963,0.94954914,0.89535457,0.9639802,0.9514648,0.96326613,0.9397799,0.9675869,0.96640867,0.95080066,0.957297,0.9751258,0.956198,0.98136675,0.96660584,0.93837345,0.9708974,0.9515679,0.95168465,0.95042825,0.95248574,0.96604747,0.947296,0.9643121,0.95423,0.94204146,0.880982,0.9301269,0.97236055,0.9587051,0.95397955,0.9629181,0.9591977,0.98136675,0.9584975,0.9705527,0.958129,0.96162724
annamovie,0.95947856,0.9680015,0.9706951,0.9509722,0.97674954,0.9642941,0.97624403,0.96863145,0.9871479,0.97434753,0.9687286,0.94842136,0.97274274,1.0000001,0.97642845,0.964776,0.96622276,0.9749096,0.9604106,0.9587257,0.9522942,0.9623724,0.97419876,0.976554,0.9597854,0.6940186,0.96314394,0.9588404,0.97757447,0.96160597,0.95931715,0.94163877,0.9441761,0.9526539,0.91898227,0.9021932,0.9724872,0.9629295,0.9793771,0.9678763,0.97014725,0.9655777,0.9324515,0.96201634,0.97063303,0.95182115,0.9722541,0.9649119,0.9647104,0.9698229,0.9684123,0.97872317,0.95987594,0.94316715,0.9228308,0.9672996,0.9646375,0.9616188,0.9790344,0.96832913,0.95912486,0.9556499,0.9541231,0.98731357,0.9604637,0.9626798,0.9471095,0.9627942,0.96875185,0.92917293,0.9744048,0.66660535,0.9437361,0.9751408,0.93163335,0.94336635,0.83679163,0.9494872,0.9559082,0.9563885,0.9723729,0.95907277,0.9761261,0.95169204,0.9659046,0.93485016,0.951771,0.97469926,0.96277,0.9604813,0.9665257,0.9744048,0.9540195,0.9530964,0.9720312,0.9600777,0.9529338,0.9648568,0.9705066,0.9658308,0.9551094,0.961125,0.96071374,0.9728065,0.97576493,0.9643924,0.9711778,0.9579547,0.95856756,0.96574235,0.97889894,0.7718541,0.96123976,0.8229804,0.94309086,0.96176136,0.96891665,0.94757473,0.9731378,0.96948445,0.9727082,0.9601604,0.96183366,0.9473786,0.9648273,0.968878,0.9730254,0.9585705,0.96625215,0.91225606,0.9613894,0.9562185,0.9607842,0.9445701,0.95729053,0.96956867,0.9621054,0.95895404,0.972956,0.9631796,0.9871479,0.96876884,0.9458999,0.9636844,0.959181,0.95947045,0.9503612,0.9384775,0.9627237,0.95731044,0.9781774,0.9590766,0.9595702,0.87206227,0.95773,0.96901983,0.9652456,0.9475376,0.9524756,0.9677969,0.9871479,0.9710411,0.9743909,0.9703294,0.96759015
apollo11movie,0.96641797,0.96841824,0.96643925,0.9519287,0.9597983,0.95800364,0.97495764,0.9635003,0.98458445,0.9679787,0.9772186,0.9467427,0.9624616,0.97642845,1.0000002,0.9792061,0.96137166,0.96238905,0.9570688,0.9672688,0.9591253,0.95379966,0.96380043,0.97673595,0.95754135,0.6790609,0.95761317,0.94422036,0.9689408,0.96415937,0.96548814,0.94842994,0.9388979,0.9399627,0.9097339,0.91470885,0.9615574,0.96966416,0.9727922,0.9732284,0.9503513,0.96240556,0.93048114,0.95700943,0.9715402,0.9632091,0.9609354,0.9576166,0.97134,0.9640698,0.9648223,0.9805954,0.96153295,0.9287581,0.92123216,0.964057,0.9586752,0.9662211,0.96501034,0.95482486,0.9420885,0.9368041,0.9520105,0.9717477,0.95192796,0.9742597,0.95393425,0.95850426,0.9571021,0.94541,0.97762257,0.65399015,0.9469624,0.9722026,0.93499404,0.94264287,0.81083745,0.9387038,0.95980656,0.9568484,0.96699774,0.95639,0.95943296,0.9292588,0.95464534,0.9300224,0.9602626,0.97094876,0.95764726,0.9556112,0.9599986,0.97762257,0.9423318,0.94943595,0.96716994,0.97057,0.95284766,0.96987206,0.95910454,0.9420677,0.9704251,0.9577755,0.94523585,0.97811276,0.95568836,0.9640617,0.9688381,0.95520896,0.96474534,0.96757954,0.974786,0.7557277,0.96498317,0.81937665,0.952677,0.9626446,0.97437316,0.9465378,0.96109307,0.9686745,0.95618653,0.94247365,0.9532988,0.95112455,0.97740597,0.962365,0.9600661,0.949713,0.95917064,0.89089704,0.9606746,0.93946075,0.9518952,0.91084975,0.96488523,0.97396153,0.96794,0.9617716,0.9755174,0.9619114,0.98458445,0.9572927,0.95977855,0.9590812,0.9406753,0.9696856,0.9668026,0.95496136,0.95928085,0.94725406,0.98010325,0.95308596,0.96179485,0.87771523,0.9538945,0.96341664,0.9599186,0.9506831,0.95898354,0.96999145,0.98458445,0.96039885,0.9656827,0.9724857,0.9621052
arcticdogsmovie,0.9415486,0.9587483,0.9633777,0.9625579,0.95432276,0.9558744,0.9786353,0.9615415,0.97797656,0.97208446,0.9742115,0.94737,0.95992655,0.964776,0.9792061,1.0000004,0.9550615,0.9515765,0.93867373,0.941348,0.9430564,0.9522365,0.9612547,0.96325237,0.968778,0.6971594,0.94042504,0.93164855,0.969379,0.9731422,0.9674147,0.9422956,0.939888,0.936539,0.9037624,0.88987964,0.9470111,0.9479755,0.96550786,0.9516477,0.94575506,0.9637267,0.9161572,0.95284665,0.96200025,0.94698626,0.95627683,0.9545432,0.9466897,0.96052665,0.95859843,0.97234845,0.9593148,0.9225612,0.911023,0.94838154,0.94438756,0.9625985,0.97550374,0.94288236,0.93426824,0.9445287,0.943243,0.96584207,0.94119555,0.9595921,0.94196254,0.9568709,0.9518212,0.9320282,0.96006685,0.65524423,0.9290628,0.9577709,0.92750496,0.9272664,0.79214275,0.93241596,0.9604549,0.9392771,0.97170705,0.948267,0.9504794,0.92524207,0.95074725,0.9143742,0.95214474,0.9670813,0.93149596,0.9612379,0.9590285,0.96006685,0.93833387,0.9395131,0.9576565,0.9586659,0.9576068,0.9597019,0.9575446,0.93500715,0.95617604,0.96060145,0.9299894,0.96369714,0.9640715,0.96085656,0.9617782,0.96676755,0.96207225,0.95496273,0.97113496,0.75661516,0.9642853,0.7812215,0.93379784,0.94859993,0.9547772,0.9272496,0.9524953,0.9714059,0.9616936,0.93715364,0.947149,0.9449303,0.96465504,0.9671071,0.96652424,0.9473974,0.94246197,0.8900059,0.94881046,0.932215,0.9409645,0.8934771,0.9725849,0.97781676,0.95377654,0.93972033,0.9654838,0.96354055,0.97797656,0.9543731,0.9448241,0.9583198,0.95580614,0.9614258,0.93653107,0.94486874,0.94892293,0.9489121,0.9756215,0.9492557,0.9540648,0.8827557,0.9247092,0.9519534,0.9528834,0.94211835,0.9570288,0.9683656,0.97797656,0.94704515,0.96523744,0.9663005,0.9616304
arcticmovie,0.9578112,0.9478447,0.96804464,0.9637217,0.9643467,0.93720156,0.9644547,0.9559236,0.98066986,0.95403075,0.9609198,0.945751,0.9687009,0.96622276,0.96137166,0.9550615,0.99999994,0.97079724,0.9324681,0.95484984,0.9607566,0.95879424,0.96841234,0.9573863,0.94051975,0.7197597,0.9494491,0.96927404,0.96845436,0.9719177,0.94482505,0.961386,0.9249485,0.94872993,0.93878883,0.90072185,0.9616104,0.95935595,0.9616428,0.96709204,0.96604705,0.96232814,0.94875675,0.9707721,0.97139084,0.9465896,0.9682343,0.95539504,0.94916534,0.97064495,0.96900254,0.9710735,0.95238906,0.9377376,0.92569727,0.95005006,0.95353687,0.95949364,0.9620062,0.95990086,0.95299804,0.94796836,0.9575371,0.9732289,0.96437466,0.95579237,0.96651644,0.959985,0.952527,0.92870575,0.9640135,0.6803593,0.9255199,0.9699493,0.9362062,0.94660205,0.81785804,0.93253416,0.9692136,0.9425915,0.9520741,0.9551889,0.97427744,0.9378616,0.96170694,0.9358532,0.9526681,0.96183175,0.94842947,0.94910514,0.9644081,0.9640135,0.946278,0.951529,0.9730277,0.93101937,0.9521162,0.9547322,0.95750195,0.9475719,0.9541897,0.949014,0.95232046,0.96398115,0.948785,0.9662821,0.96353143,0.9695866,0.95657074,0.9608456,0.9679482,0.7644746,0.96183014,0.83422834,0.94722086,0.96694666,0.9724362,0.9480399,0.9525725,0.96222854,0.97127503,0.9587699,0.9775304,0.9502013,0.9629661,0.956406,0.96096915,0.94060296,0.94130623,0.89396083,0.95530885,0.9401858,0.9720939,0.95235765,0.9642781,0.96835685,0.94844496,0.96112186,0.96533245,0.9634562,0.98066986,0.9718601,0.94473195,0.9573499,0.94265014,0.9525573,0.94962245,0.94536686,0.97253865,0.95763147,0.96195346,0.9612764,0.94831985,0.885889,0.9374257,0.9598508,0.95499754,0.93950236,0.96504,0.9672434,0.98066986,0.9536852,0.9675142,0.9580574,0.9666875
artofracingmovie,0.9599652,0.9601275,0.97629434,0.9593968,0.9882219,0.9396471,0.9750668,0.9684465,0.9865818,0.9757715,0.96367544,0.9482938,0.9729199,0.9749096,0.96238905,0.9515765,0.97079724,0.9999998,0.9528948,0.9602784,0.9468037,0.9674792,0.9707008,0.9656761,0.94418454,0.713942,0.9641673,0.9668242,0.9783397,0.9609812,0.94873106,0.9614974,0.93176115,0.95899826,0.91868824,0.89221877,0.97559446,0.96644914,0.98101294,0.972409,0.9580619,0.9650442,0.94827455,0.9739267,0.9789161,0.94635755,0.96771103,0.96994525,0.96011966,0.9724062,0.97269887,0.97700965,0.9526689,0.9500721,0.9352403,0.9791601,0.9534617,0.96857756,0.96772105,0.96963245,0.94465464,0.9422885,0.9702414,0.9707368,0.9579607,0.96257627,0.9404792,0.96507215,0.96474874,0.951189,0.97243047,0.6700821,0.93901736,0.9764459,0.932571,0.9450396,0.85783535,0.96091646,0.9596392,0.94647205,0.96902573,0.97155815,0.96124125,0.94102895,0.9702222,0.9268045,0.956587,0.9655387,0.9511673,0.9596298,0.96021754,0.97243047,0.9566677,0.9582839,0.9811942,0.9530155,0.9520213,0.96690744,0.9543861,0.95061976,0.9576803,0.9422521,0.964218,0.97481614,0.955137,0.97011733,0.97627246,0.94186354,0.95435125,0.96318984,0.973302,0.7428877,0.967155,0.8588364,0.94781905,0.9679574,0.96977246,0.9545733,0.96794665,0.96561694,0.9635523,0.9772242,0.96282667,0.93561065,0.95871323,0.9612487,0.9596652,0.9599874,0.96790427,0.89012796,0.9465676,0.96786875,0.9569821,0.95386213,0.9643942,0.96318686,0.958441,0.9690433,0.96150696,0.9607471,0.9865818,0.9763819,0.94190633,0.9622659,0.93098664,0.9533764,0.962171,0.94186026,0.9543084,0.95140636,0.9687013,0.97385716,0.95138717,0.8934851,0.9429023,0.9644583,0.9674333,0.95251656,0.971304,0.9702953,0.9865818,0.97481006,0.9727886,0.9640705,0.9634934
avengers,0.9615111,0.9571368,0.94147474,0.90962094,0.93799216,0.95918226,0.96387935,0.9560889,0.96268946,0.96158755,0.9441521,0.9390797,0.9431573,0.9604106,0.9570688,0.93867373,0.9324681,0.9528948,0.9999998,0.9385068,0.9177491,0.9406725,0.9521974,0.94717175,0.92757314,0.6855936,0.9304295,0.926976,0.9502864,0.93751,0.95918936,0.925092,0.939369,0.9260315,0.86855567,0.85602105,0.9375864,0.93995386,0.9536227,0.9482461,0.94528997,0.941357,0.91978824,0.9406438,0.956036,0.9162675,0.9419182,0.9430663,0.93896013,0.9491377,0.95502895,0.9514558,0.9518562,0.916074,0.90107554,0.9507328,0.93185127,0.94635254,0.94196504,0.95703626,0.936745,0.9041241,0.93924826,0.95033795,0.9297438,0.95549464,0.9132036,0.93956417,0.94775563,0.9373161,0.95455945,0.63365227,0.9214987,0.9576953,0.8966619,0.942393,0.7875684,0.936007,0.92277175,0.9365838,0.94797856,0.94477683,0.95517063,0.9010017,0.9424155,0.90497375,0.9215494,0.94070345,0.925897,0.9536422,0.9241634,0.95455945,0.95210904,0.929928,0.9501588,0.94003737,0.93429,0.9557884,0.9620405,0.9478416,0.9261524,0.9365129,0.9662765,0.9466611,0.9519152,0.9534763,0.94949496,0.9220143,0.92673546,0.93978196,0.9439406,0.7218682,0.9433598,0.80389524,0.917738,0.95498276,0.9550889,0.92940843,0.95771474,0.953407,0.94756097,0.9632754,0.92691505,0.94013673,0.9182302,0.9486702,0.94677967,0.97063744,0.9479436,0.91176784,0.92685735,0.93796057,0.91583735,0.8979095,0.9478824,0.94107664,0.96563476,0.9392834,0.9426666,0.9300883,0.96268946,0.9584883,0.92195636,0.93473667,0.9232729,0.9330078,0.9473501,0.91049737,0.924388,0.9292655,0.9565693,0.9331272,0.9400381,0.8895726,0.93401945,0.9258721,0.95972824,0.9137087,0.94388384,0.9488375,0.96268946,0.93942344,0.95544136,0.9516451,0.94452953
beachbummovie,0.95683396,0.93406355,0.9659484,0.94194204,0.9488386,0.9401555,0.9603577,0.9472083,0.97059304,0.9491568,0.94472486,0.925645,0.9400404,0.9587257,0.9672688,0.941348,0.95484984,0.9602784,0.9385068,1.0,0.9562523,0.96706176,0.9673088,0.9600788,0.92905354,0.68644947,0.96159506,0.9537114,0.9587222,0.95336854,0.9370583,0.9323664,0.91957504,0.9179602,0.92952126,0.91739047,0.93834424,0.94932276,0.9611892,0.96867913,0.93714386,0.9562372,0.94159716,0.954318,0.9586523,0.9545877,0.96160966,0.92266226,0.95999175,0.9572195,0.9649019,0.9666938,0.96053743,0.92598647,0.91997874,0.9547806,0.93521297,0.9668364,0.93877906,0.9491674,0.9194348,0.9125419,0.9321789,0.9529234,0.9607125,0.96484464,0.95856136,0.9482458,0.9338582,0.93371695,0.9642419,0.6458715,0.9176592,0.9662011,0.9439717,0.93467337,0.8375313,0.9240776,0.92170966,0.9271132,0.95038915,0.9480409,0.9522121,0.9370424,0.9641707,0.9297298,0.95437837,0.95327234,0.9509031,0.9452353,0.9553559,0.9642419,0.9176677,0.93860894,0.9515571,0.9340844,0.9274943,0.9630537,0.9445503,0.9492943,0.9496187,0.93545496,0.9500678,0.9624876,0.93293357,0.9575805,0.959938,0.9409749,0.94932216,0.9547576,0.96002036,0.7588703,0.9588455,0.87677914,0.9561055,0.9555563,0.9630189,0.95912975,0.9521402,0.9523407,0.9520012,0.946576,0.9505443,0.9469838,0.95229816,0.926601,0.93477434,0.9350705,0.96606714,0.86697763,0.934359,0.9547481,0.95048976,0.9100383,0.9500491,0.9494955,0.9518453,0.9524201,0.9613897,0.9534148,0.97059304,0.9504687,0.9530892,0.93139356,0.90977657,0.955714,0.9636484,0.9470865,0.9600105,0.94297075,0.962481,0.9568249,0.9524527,0.872343,0.9605469,0.94456255,0.957437,0.9335325,0.9570373,0.9514874,0.97059304,0.95367837,0.95184827,0.96738756,0.95278805
bernadettefilm,0.9574772,0.9292772,0.97191596,0.949745,0.95047307,0.93482137,0.9419398,0.9396243,0.97093093,0.9351837,0.94823325,0.94635034,0.9516551,0.9522942,0.9591253,0.9430564,0.9607566,0.9468037,0.9177491,0.9562523,1.0,0.96535045,0.9628462,0.9530274,0.93780035,0.6772664,0.95415556,0.9487981,0.956836,0.9624654,0.931163,0.92741203,0.91197056,0.93533576,0.9465403,0.9342293,0.9361731,0.96831137,0.9578161,0.973289,0.94584644,0.95206076,0.94144785,0.9541812,0.9505784,0.9629894,0.96467996,0.93158716,0.95025384,0.9604918,0.9665564,0.9747321,0.9669746,0.94879127,0.93664145,0.94279873,0.9423722,0.95615125,0.94575465,0.93392205,0.9422109,0.9395434,0.9413747,0.95814556,0.97075903,0.95879793,0.9534185,0.96039736,0.93644005,0.93000335,0.95909023,0.637261,0.9028876,0.964621,0.95489514,0.9136443,0.82211584,0.9031771,0.92748076,0.9400591,0.94246006,0.94536597,0.9470595,0.9396445,0.972634,0.93380207,0.96280825,0.9526474,0.94272614,0.951414,0.96026486,0.95909023,0.93425316,0.95459694,0.9540842,0.92355907,0.94633883,0.94062555,0.9179187,0.9322498,0.9573511,0.94582015,0.93747336,0.96408784,0.93867236,0.96279913,0.94972503,0.9658895,0.92777866,0.9562128,0.9642899,0.7151888,0.9394318,0.84981745,0.9714546,0.94368035,0.9681681,0.94482213,0.9232739,0.93946177,0.94506973,0.92777234,0.96167666,0.9388067,0.97269607,0.95376223,0.94393057,0.93593967,0.9504264,0.8835435,0.97172624,0.92500335,0.96099263,0.9073444,0.9460802,0.9530735,0.9371195,0.9607972,0.97348833,0.963258,0.97093093,0.9428574,0.95788145,0.9454556,0.9348207,0.9505301,0.94711417,0.9656031,0.9739312,0.94419587,0.9564575,0.95155615,0.9464641,0.8486031,0.9450866,0.9544015,0.94728434,0.94306016,0.9448036,0.9515349,0.97093093,0.95183545,0.94888794,0.9617731,0.96072984
