movie,21bridgesmovie,47metersdown,abeautifuldaymovie,abominablemovie,adastramovie,adogsjourneymovie,aftermathmovie,aftermovie,ahiddenlifefilm,alitamovie,angelhasfallen,angrybirdsmovie,annabellemovie,annamovie,apollo11movie,arcticdogsmovie,arcticmovie,artofracingmovie,avengers,beachbummovie,bernadettefilm,blackandbluemovie,blackchristmas,blindedbythelightmovie,bombshellmovie,booksmart,breakthroughmovie,brianbanksmovie,brightburnmovie,brittanyrunsmov,captainmarvelofficial,captivestatemovie,catsmovie,charliesangels,childsplaymovie,clarathefilm,coldpursuitmovie,countdown,currentwarmovie,darkwatersmovie,detectivepikachumovie,disneyaladdin,disneyfrozen,disneymaleficent,doctorsleepmovie,dolemiteismyname,dontletgomovie,doramovie,downtonabbey_official,dumbo,escaperoom,everybodyknowsmovie,fastandfuriousmovie,fightingwmyfam,fivefeetapartfilm,fordvferrari,freaksthefilm,geminimanmovie,glassmovie,gloriabellmovie,godzillamovie,goldfinchmovie,goodboysmovie,goodliarmovie,gretafilm,halathemovie,happydeathdaymovie,harrietfilm,hellboymovie,hersmellmovie,highlifemovie,highstrungmovie,honeyboymovie,hotelmumbaifilm,httydragon,hustlemovie,hustlersmovie,isntitromantic,itmovieofficial,jayandsilentbob,johnwickmovie,jojorabbitmovie,jokermovie,judythefilm,jumanjimovie,justmercyfilm,knivesout,lalloronamovie,lastblackmansf,lastchristmasthemovie,latenightmovie,lighthousemovie,lionking,littlethemovie,littlewomenmovie,littlewoodsfilm,longshotmovie,lordsofchaosmovie,lucyintheskyfilm,mamovie2019,marriagestory,meettheaddams,meninblack,midsommarmovie,midwaymovie,missbalamovie,missinglinkfilm,motherlessbklyn,onceinhollywood,onthebasisofsex,overcomermovie,peanutbutterfalcon,petsematarymovie,piercingmovie,playingwithfire,playmobilthemovie,pomsmovie,queenandslim,rambomovie,readyornotfilm,richardjewellfilm,rocketmanmovie,scarystoriesmovie,secretlifeofpets,serenityfilm,shaftmovie,shazammovie,spidermanmovie,spiesindisguise,starwars,stormboymovie,stubermovie,taosdfilm,teenspiritmov,terminator,theaeronautsmov,thebestofenemies,thedeaddontdie,thefarewell,thehighwaymen,thehummingbirdprojectfilm,theintrudermovie,theirishmanfilm,thekitchenmovie,thelegomovie,themustangfilm,thenightingalefilm,theprodigymovie,thesunisalsoastar,theupsidefilm,tolkienmovie,toystory,triplefrontier,uglydolls,uncutgems,underthesilverlake,usmovie,wavesmovie,whatmenwant,wonderparkmovie,wrinklestheclown,xmenmovies,yardiefilm,yesterdaymovie,zombieland
21bridgesmovie,1.0,0.9211377,0.94596964,0.9255995,0.91409445,0.8722827,0.96550924,0.9288253,0.974604,0.9374427,0.936487,0.9180856,0.96860707,0.98383033,0.9637189,0.9532112,0.9838108,0.9168501,0.99802125,0.9521575,0.96692985,0.87084794,0.94614154,0.9665537,0.98510796,0.9991821,0.85692763,0.95621896,0.9240847,0.99774307,0.99397326,0.9274707,0.93153673,0.96114373,0.8573296,0.8728383,0.9664021,0.9138885,0.94753444,0.91720855,0.9543104,0.9799047,0.9363881,0.9763564,0.9514045,0.85900617,0.9369927,0.9505309,0.8649839,0.97139573,0.93116146,0.96022236,0.89717513,0.85943145,0.8876105,0.918026,0.8892363,0.9896405,0.93876004,0.94475216,0.9839145,0.99999857,0.9311496,0.93429154,0.9513807,0.98499644,0.95986325,0.9392271,0.9368958,0.8822382,0.954343,0.91503376,0.864269,0.963278,0.88080704,0.9991274,0.9535521,0.9562615,0.97412354,0.87271714,0.89919686,0.91633594,0.96348435,0.9088172,0.8883464,0.9417289,0.9055843,0.992344,0.89005584,0.99643075,0.9777011,0.954343,0.87945384,0.9465501,0.9174001,0.9107071,0.9202578,0.9640572,0.9371109,0.9143659,0.8624787,0.95701885,0.90625334,0.92585826,0.9636408,0.9202422,0.9468376,0.9149568,0.9478135,0.9093204,0.9535193,0.8896206,0.95231646,0.9154581,0.91480064,0.9496037,0.9931043,0.90950054,0.9890443,0.9492812,0.9601136,0.9494924,0.93905646,0.84329945,0.9474571,0.9609418,0.9454203,0.87194,0.9420122,0.99235165,0.9510532,0.9002798,0.97303444,0.9631781,0.9851011,0.9914838,0.9699474,0.9359591,0.9346869,0.9290186,0.974604,0.92133045,0.86742795,0.8684113,0.9005864,0.9575328,0.9519616,0.86788166,0.9064194,0.9946436,0.9529301,0.9527096,0.91374975,0.99459,0.8874328,0.9187816,0.9968236,0.93041813,0.9421315,0.9294664,0.974604,0.8849288,0.99284357,0.90555316,0.89954317
47metersdown,0.9211377,1.0,0.9975804,0.99993247,0.99984294,0.99383,0.99071217,0.9997952,0.98490834,0.99902254,0.9991397,0.9999698,0.9889835,0.97595674,0.9916126,0.9957071,0.9759805,0.9999408,0.89484054,0.99602187,0.9899475,0.9935012,0.9975434,0.99015445,0.97434425,0.9046439,0.98997533,0.9947203,0.99997085,0.94519484,0.9582554,0.99986225,0.99961853,0.992794,0.9900852,0.99395555,0.99023694,0.99983376,0.9972307,0.99995023,0.99536186,0.98026663,0.99915135,0.98349893,0.9962375,0.99053866,0.99907875,0.9964785,0.99208814,0.98721987,0.9996464,0.99318624,0.99833804,0.9906524,0.9968919,0.99996865,0.9971647,0.96747684,0.9988472,0.99783295,0.9758541,0.92179227,0.9996473,0.9993779,0.9962443,0.97449,0.99333495,0.99878114,0.9990907,0.9959168,0.9953515,0.9998815,0.99190855,0.99182415,0.99563867,0.93659174,0.99560183,0.9947055,0.9852758,0.9939282,0.9985925,0.99992603,0.9917256,0.99953324,0.9970167,0.9983907,0.99926895,0.96215814,0.9972982,0.9507069,0.98233753,0.9953515,0.99536866,0.99745405,0.9999548,0.999662,0.99999744,0.99144757,0.99906415,0.9998546,0.99145186,0.99443483,0.99932814,0.9999243,0.9916503,0.9999974,0.99739,0.9998784,0.9971652,0.9995695,0.9956121,0.99722767,0.9959755,0.99989706,0.9998724,0.99672323,0.9604177,0.99958205,0.96850485,0.9968058,0.9932314,0.9967519,0.9988055,0.98598796,0.99724865,0.99288124,0.99769646,0.9937521,0.9983425,0.96214134,0.9963357,0.99872094,0.98608,0.99187154,0.97435325,0.96398365,0.98816216,0.99920094,0.99933815,0.9997845,0.98490834,0.9999999,0.9926903,0.9929274,0.9987564,0.994246,0.9960788,0.99280006,0.99934244,0.95643675,0.9957925,0.9958588,0.99982756,0.95658743,0.9968616,0.99998194,0.9492108,0.99969846,0.99832195,0.99975866,0.98490834,0.99641913,0.96102923,0.9992662,0.9986342
abeautifuldaymovie,0.94596964,0.9975804,1.0000001,0.9983211,0.9961916,0.98371446,0.99776846,0.99878293,0.994558,0.99967843,0.99960536,0.9970101,0.9968817,0.9887487,0.9981988,0.9997329,0.98876506,0.9967654,0.9237092,0.99980694,0.9973852,0.9831843,0.9999999,0.99749035,0.9876337,0.9320833,0.9777607,0.99944806,0.9980825,0.9656074,0.9758142,0.99859685,0.99912006,0.9987229,0.977924,0.9839182,0.99753207,0.9961472,0.99998826,0.9968372,0.9996417,0.99163795,0.9995974,0.99369687,0.9998522,0.9786012,0.99964494,0.9998968,0.9809597,0.9959106,0.9990762,0.9988852,0.99191594,0.97877187,0.9890029,0.99699855,0.9895205,0.9827223,0.99976766,0.99999297,0.9886783,0.9465146,0.9990749,0.9994116,0.99985355,0.9877352,0.9989449,0.99979603,0.9996375,0.987231,0.99963886,0.9963915,0.9806824,0.9982963,0.9867436,0.9586878,0.9997061,0.99944335,0.9947783,0.9838738,0.992489,0.9966612,0.9982511,0.994991,0.98923826,0.99991757,0.99419343,0.9787744,0.98977804,0.96996486,0.9929695,0.99963886,0.9862771,0.99999845,0.9968752,0.9954359,0.99742115,0.99812174,0.9996538,0.9962498,0.9799822,0.9993532,0.99436224,0.9983605,0.9982163,0.9974183,0.9999964,0.9963752,0.99998355,0.9951111,0.9997088,0.9896416,0.9997966,0.9964802,0.9963423,0.9999351,0.97746027,0.9951537,0.9834722,0.99994624,0.9989034,0.9999391,0.99978584,0.9720048,0.99998933,0.9987596,0.9999986,0.9835883,0.99992806,0.9787617,0.99987113,0.9927895,0.9952537,0.9983179,0.9876399,0.9801415,0.9964369,0.999562,0.99944913,0.99880856,0.994558,0.99761474,0.9818979,0.982271,0.9928737,0.99928766,0.9998194,0.9820703,0.9944038,0.9744189,0.99975383,0.9997697,0.99611723,0.97453487,0.98894584,0.9971446,0.9687887,0.99898684,0.9999323,0.99886703,0.994558,0.98813003,0.9779232,0.99418557,0.9925856
abominablemovie,0.9255995,0.99993247,0.9983211,1.0,0.9995695,0.99247384,0.9922257,0.9999629,0.9868535,0.99946886,0.9995542,0.99981195,0.9906372,0.9784242,0.9930479,0.99671566,0.9784467,0.9997469,0.8999683,0.9969903,0.9915245,0.99211127,0.99829024,0.99171454,0.9768943,0.90953606,0.9882669,0.9958459,0.99999213,0.948926,0.9615138,0.99998766,0.999872,0.9941197,0.98838574,0.9926125,0.99179024,0.99955446,0.99802774,0.99976677,0.9964128,0.98249805,0.9995626,0.98553526,0.9971776,0.98887676,0.9995101,0.9973858,0.9905621,0.9890055,0.99988794,0.9944737,0.9976008,0.989,0.995909,0.99980915,0.9962228,0.97035164,0.99933773,0.9985303,0.9783269,0.926236,0.9998884,0.99972034,0.99718344,0.9770327,0.99460757,0.99928737,0.9995188,0.9948003,0.99640363,0.9996349,0.99036604,0.9932404,0.9944871,0.9406014,0.99662346,0.9958328,0.98719645,0.99258226,0.99790865,0.9997172,0.9931508,0.9991107,0.99605227,0.99898237,0.9987572,0.96526027,0.99637705,0.9542468,0.98444605,0.99640363,0.99418414,0.99821556,0.99977696,0.9992924,0.99990374,0.99289745,0.99949944,0.9995889,0.98986846,0.99559224,0.9988347,0.9999998,0.9930822,0.99990314,0.99816185,0.9996297,0.9979724,0.999161,0.9966325,0.9962955,0.9969499,0.99966276,0.9996192,0.9975961,0.96359044,0.9991785,0.97133344,0.9976667,0.9945144,0.9976207,0.99930596,0.9839825,0.9980429,0.9941986,0.99841756,0.99238783,0.998944,0.9652441,0.9972625,0.9980659,0.987946,0.99328345,0.9769029,0.9670098,0.98987854,0.999598,0.9996935,0.9999582,0.9868535,0.99993813,0.9912206,0.99148047,0.9981095,0.9954239,0.9970398,0.9913408,0.99885356,0.95976526,0.99679035,0.9968482,0.9995442,0.9599103,0.9958741,0.99984455,0.95280373,0.9999164,0.9989276,0.99994653,0.9868535,0.99536914,0.9641774,0.99875355,0.99795955
adastramovie,0.91409445,0.99984294,0.9961916,0.9995695,1.0000001,0.9956398,0.9881466,0.9992796,0.9816862,0.9980823,0.9982478,0.99995047,0.9862046,0.9719404,0.98916626,0.9939102,0.971966,0.99997663,0.8867885,0.9942862,0.9872854,0.9953625,0.9961452,0.987518,0.9702024,0.89694864,0.99232316,0.9927453,0.9996784,0.9392596,0.95303756,0.9994111,0.998972,0.99051416,0.9924193,0.9957452,0.9876109,0.99999994,0.99575603,0.9999701,0.9935006,0.9766092,0.9982645,0.98013806,0.9945452,0.9928154,0.9981614,0.994836,0.99415743,0.98424035,0.9990182,0.9909648,0.99920267,0.9929145,0.99813163,0.999952,0.9983418,0.96284163,0.9978396,0.9965101,0.9718296,0.9147764,0.9990196,0.99859595,0.9945533,0.9703593,0.9911361,0.9977495,0.9981781,0.9973604,0.9934882,0.99999744,0.9940029,0.9894067,0.99713576,0.930234,0.993785,0.99272794,0.98209083,0.9957223,0.9993757,0.99998456,0.9892947,0.99991775,0.99822813,0.9972288,0.9997896,0.9571776,0.9984435,0.94506174,0.97886693,0.9934882,0.9969162,0.99603355,0.99996614,0.99996585,0.9998804,0.9889788,0.9981407,0.9999998,0.9936086,0.99241143,0.9998208,0.9995491,0.98920906,0.999881,0.9959536,0.9999978,0.9956751,0.99993265,0.99379724,0.9983899,0.99423057,0.99999434,0.9999986,0.9951331,0.9553297,0.9999374,0.9639397,0.9952338,0.9910168,0.9951681,0.99778265,0.9887897,0.9957782,0.99061435,0.9963375,0.9955742,0.99716574,0.95715964,0.99466336,0.9994602,0.9829782,0.9894606,0.9702121,0.95911855,0.985288,0.9983356,0.9985365,0.99925965,0.9816862,0.99983406,0.9946735,0.9948756,0.99948317,0.9921914,0.9943544,0.9947671,0.9998281,0.95111233,0.99401206,0.9940911,0.9999997,0.95127183,0.9981081,0.99993145,0.9434853,0.9991063,0.9971389,0.9992123,0.9816862,0.99776125,0.9559787,0.99978817,0.9994034
adogsjourneymovie,0.8722827,0.99383,0.98371446,0.99247384,0.9956398,1.0,0.969518,0.99138224,0.959635,0.987956,0.9883755,0.9946618,0.96646345,0.94575995,0.97115946,0.97929746,0.9457954,0.99497753,0.8398092,0.97999316,0.9681525,0.99999577,0.983619,0.9685197,0.94337016,0.8517945,0.99953276,0.9772007,0.99295366,0.903149,0.92063135,0.99185246,0.9903876,0.9733773,0.9995563,0.99999934,0.9686665,0.99568695,0.98282915,0.99488723,0.97855055,0.95229316,0.98841834,0.957365,0.98047876,0.9996482,0.9881549,0.9810304,0.99989146,0.9634532,0.9905296,0.97413266,0.99857026,0.9996699,0.9994791,0.9946774,0.9993585,0.933451,0.98736036,0.9843786,0.945607,0.8731054,0.990534,0.9893004,0.980494,0.94358504,0.9744218,0.9871442,0.9881974,0.99978477,0.9785282,0.9954205,0.9998696,0.97155076,0.9998431,0.89194643,0.9790681,0.97716993,0.96023357,0.9999996,0.9983139,0.9951054,0.9713682,0.9967545,0.99942607,0.9859408,0.99734366,0.9259986,0.9992926,0.91044784,0.9555228,0.9785282,0.9998896,0.9833903,0.9948384,0.99637765,0.9940776,0.97085553,0.98810285,0.99557704,0.9998059,0.9766142,0.9972274,0.99238986,0.971229,0.994082,0.98322785,0.9954387,0.98266745,0.9966566,0.97909033,0.999328,0.9798896,0.9953192,0.99547553,0.9816021,0.9235954,0.9966211,0.9349123,0.98179764,0.97422045,0.9816698,0.9872235,0.9984067,0.9828738,0.97354454,0.9840167,0.99999976,0.9857995,0.9259753,0.9807021,0.99816674,0.96155417,0.9716388,0.94338346,0.9285372,0.96504974,0.9886029,0.98913777,0.99131364,0.959635,0.993775,0.99995154,0.9999691,0.9981239,0.9762305,0.9801206,0.9999601,0.997198,0.91815555,0.9794849,0.979631,0.99571866,0.9183602,0.99949145,0.99447876,0.9084564,0.99080676,0.98573977,0.99115366,0.959635,0.9996492,0.92443806,0.99734914,0.99826765
aftermathmovie,0.96550924,0.99071217,0.99776846,0.9922257,0.9881466,0.969518,1.0000001,0.9932608,0.999295,0.99575436,0.9954989,0.98962575,0.999926,0.9965302,0.999977,0.99904513,0.99653924,0.9891748,0.9472273,0.9988876,0.99998486,0.9687968,0.99780375,0.9999919,0.9958979,0.95419043,0.9615753,0.9994357,0.99172217,0.98081315,0.9882327,0.9928324,0.9940898,0.9998676,0.96178925,0.96979594,0.9999941,0.9880686,0.99808115,0.9893063,0.9991982,0.9980418,0.9954721,0.99896437,0.9987688,0.96267825,0.99563473,0.9986248,0.965803,0.99972045,0.9939773,0.99980813,0.98122936,0.9629029,0.9769207,0.9896042,0.97767115,0.9928875,0.99609727,0.99751204,0.99649096,0.96594656,0.9939738,0.99489117,0.99876505,0.9959564,0.99978215,0.9962162,0.9956088,0.9743917,0.9992026,0.98850054,0.9654331,0.9999645,0.97370565,0.975542,0.9990938,0.99944067,0.9993729,0.9697354,0.98210585,0.98898524,0.99997073,0.9860959,0.97726125,0.996829,0.9847898,0.9902742,0.97804666,0.98404187,0.9986572,0.9992026,0.9730523,0.9978867,0.98937625,0.9868422,0.99040306,0.99998474,0.9956662,0.98824924,0.9645022,0.9995243,0.9850631,0.9923106,0.99997497,0.9903976,0.99794424,0.9884716,0.9981349,0.98629594,0.9990892,0.9778475,0.99891204,0.9886592,0.98841304,0.9984646,0.98937553,0.9863672,0.9933669,0.9984072,0.9998004,0.9984449,0.99617285,0.9541472,0.9980662,0.99985546,0.9976542,0.96934605,0.9968957,0.9902656,0.9987117,0.9825701,0.9995304,0.9999613,0.99590147,0.9911948,0.9998448,0.99535537,0.9950027,0.9933211,0.999295,0.9907794,0.9670596,0.9675617,0.9827009,0.9995775,0.9988572,0.9672915,0.9851306,0.9872503,0.99900407,0.99897134,0.98801595,0.9873324,0.9768383,0.989877,0.9831784,0.9937525,0.9969237,0.99346036,0.999295,0.97566766,0.9896935,0.984777,0.9822547
aftermovie,0.9288253,0.9997952,0.99878293,0.9999629,0.9992796,0.99138224,0.9932608,1.0,0.9882089,0.99971247,0.9997743,0.9996078,0.9917763,0.98016745,0.99402493,0.99737614,0.9801891,0.999516,0.90369004,0.99762106,0.99260676,0.99099463,0.99875665,0.9927842,0.97869897,0.9130823,0.98691463,0.9965932,0.99992067,0.95160824,0.96384466,0.9999934,0.9999727,0.99501556,0.98704016,0.99153054,0.9928549,0.9992602,0.9985314,0.99954367,0.99710476,0.984066,0.99978024,0.9869584,0.99778724,0.9875589,0.99974257,0.9979712,0.98934466,0.9902425,0.99997973,0.99534106,0.99696743,0.98768926,0.9950937,0.9996037,0.99543786,0.97239745,0.999614,0.9989601,0.98007417,0.92944837,0.99998,0.99988693,0.9977924,0.97883195,0.9954639,0.9995754,0.9997489,0.9938862,0.9970965,0.9993651,0.9891365,0.9942033,0.993547,0.94349086,0.99729365,0.9965813,0.9885337,0.9914983,0.99731475,0.9994752,0.9941203,0.9987104,0.9952507,0.9993338,0.99829084,0.96747506,0.99560744,0.956787,0.9859227,0.9970965,0.9932197,0.99869287,0.9995579,0.9989313,0.9997471,0.99388534,0.9997348,0.9993048,0.9886087,0.9963631,0.9983819,0.9999686,0.99405676,0.9997462,0.9986468,0.99935824,0.99848366,0.99877113,0.99730176,0.9955178,0.9975851,0.9994019,0.9993443,0.9981559,0.9658578,0.9987924,0.973345,0.9982177,0.9953784,0.99817747,0.99958974,0.9824105,0.99854445,0.9950881,0.9988648,0.99129015,0.9993026,0.9674594,0.99786234,0.9974934,0.9892426,0.9942432,0.97870713,0.96916807,0.9910642,0.99980515,0.99986964,0.9999998,0.9882089,0.99980515,0.99004495,0.9903217,0.99754304,0.99621004,0.99766505,0.9901729,0.9984042,0.96214837,0.9974429,0.9974945,0.999247,0.96228904,0.9950555,0.99965554,0.9553833,0.99999064,0.9992893,0.99999857,0.9882089,0.9945042,0.96642643,0.99828655,0.99737257
ahiddenlifefilm,0.974604,0.98490834,0.994558,0.9868535,0.9816862,0.959635,0.999295,0.9882089,0.99999994,0.99159616,0.9912386,0.98353386,0.99967796,0.99895245,0.99901694,0.9967002,0.99895746,0.9829678,0.9585949,0.9964129,0.99948674,0.9588078,0.9946132,0.9994385,0.9985929,0.9647511,0.9505896,0.99746996,0.98620206,0.987441,0.9932787,0.9876451,0.9893129,0.99855155,0.95083153,0.95995426,0.9994186,0.9815894,0.9950526,0.9831326,0.9969904,0.99968654,0.9912013,0.99996835,0.99620205,0.95183796,0.99142843,0.99595225,0.9553874,0.99990326,0.989162,0.99836755,0.97329706,0.9520924,0.9682122,0.9835067,0.969092,0.9966574,0.992081,0.9941619,0.9989309,0.97497994,0.9891573,0.99039936,0.99619544,0.9986272,0.9982934,0.9922507,0.9913921,0.96526235,0.9969989,0.982126,0.9549662,0.9989426,0.9644659,0.983107,0.99679124,0.99748033,0.99999774,0.95988464,0.97434247,0.9827307,0.9989777,0.97916144,0.9686111,0.99313843,0.97757185,0.99479955,0.9695332,0.9900286,0.9998981,0.9969989,0.9637089,0.99474347,0.98322046,0.9800759,0.98451567,0.99907243,0.99147254,0.9818136,0.9539074,0.9976614,0.9779034,0.98696387,0.99900395,0.98450863,0.9948344,0.98209006,0.99513906,0.97940606,0.99678254,0.96929914,0.99645686,0.98232365,0.98201716,0.99568075,0.99413633,0.9794934,0.99698377,0.99558485,0.9983452,0.9956477,0.9921889,0.94223577,0.9950285,0.99851197,0.99438053,0.9594378,0.9932367,0.9947933,0.99610233,0.9748979,0.99997616,0.99892545,0.99859506,0.99546736,0.9998014,0.99103904,0.99055237,0.9882887,0.99999994,0.984994,0.9568206,0.95739424,0.9750546,0.99778134,0.99635845,0.9570855,0.97798544,0.99253047,0.99662435,0.9965645,0.98152405,0.99259335,0.9681157,0.98385036,0.98934263,0.98886144,0.99327797,0.98847294,0.99999994,0.96674776,0.9943722,0.9775564,0.97452044
alitamovie,0.9374427,0.99902254,0.99967843,0.99946886,0.9980823,0.987956,0.99575436,0.99971247,0.99159616,1.0,0.99999624,0.99864894,0.99456,0.98463744,0.9963564,0.9988253,0.9846565,0.99848276,0.9136974,0.9989872,0.99523175,0.98749894,0.99966484,0.99537414,0.9833404,0.9225975,0.9827645,0.9982843,0.9993312,0.95870346,0.969957,0.99961853,0.9998623,0.99712056,0.9829084,0.9881313,0.9954307,0.9980507,0.9995433,0.9985319,0.9986413,0.9880465,0.9999954,0.9905346,0.9990946,0.98350435,0.9999992,0.9992109,0.9855691,0.9932993,0.9998447,0.9973668,0.9948148,0.9836544,0.9924352,0.9986412,0.99286383,0.97771275,0.9999928,0.99976605,0.98455524,0.938028,0.9998441,0.99995995,0.99909794,0.98345804,0.99745905,0.99998665,0.99999875,0.99095297,0.9986357,0.99822336,0.9853273,0.99649554,0.99054164,0.951166,0.9987698,0.9982759,0.9918702,0.98809314,0.99527204,0.9984111,0.9964309,0.997206,0.9926304,0.99992156,0.9966025,0.9732626,0.99307626,0.9634845,0.9896485,0.9986357,0.9901465,0.9996314,0.99855775,0.99753577,0.9989204,0.9962472,0.9999995,0.9981235,0.9847155,0.99811983,0.9967314,0.9994909,0.9963813,0.9989185,0.99960667,0.9982119,0.99951655,0.9972955,0.9987753,0.9929638,0.9989637,0.9982855,0.9981888,0.99932444,0.9717922,0.9973272,0.97856444,0.9993617,0.99739486,0.9993375,0.99998915,0.97765046,0.99955064,0.9971757,0.99971986,0.9878473,0.9999106,0.9732484,0.9991424,0.9955099,0.99246585,0.9965266,0.9833476,0.97479767,0.9939776,0.99999106,0.99996924,0.9997248,0.99159616,0.99904436,0.9863853,0.98670894,0.9955764,0.99800926,0.99901587,0.98653495,0.996763,0.96840644,0.9988698,0.998904,0.99802935,0.9685352,0.9923879,0.9987388,0.9621911,0.9998068,0.9999058,0.9997526,0.99159616,0.99170786,0.97230965,0.99659646,0.9953487
angelhasfallen,0.936487,0.9991397,0.99960536,0.9995542,0.9982478,0.9883755,0.9954989,0.9997743,0.9912386,0.99999624,1.0,0.9987873,0.9942714,0.9841562,0.99611944,0.998689,0.98417556,0.9986296,0.91258246,0.99886036,0.99496126,0.98792636,0.9995903,0.99510765,0.9828395,0.921539,0.9832664,0.99812037,0.99942744,0.95792204,0.969288,0.99969035,0.999904,0.99690944,0.9834083,0.9885477,0.9951658,0.99821764,0.999457,0.9986763,0.9984951,0.9876212,0.99999994,0.99015546,0.99897444,0.98399544,0.999999,0.9990985,0.98602843,0.99297947,0.99988914,0.9971647,0.99508923,0.9841432,0.99276733,0.99877995,0.9931863,0.9771349,0.9999786,0.99970317,0.9840727,0.9370766,0.9998886,0.9999807,0.9989781,0.982959,0.9972604,0.9999688,0.9999993,0.9913164,0.9984892,0.99838257,0.9857904,0.9962631,0.9909132,0.95031816,0.9986305,0.9981116,0.9915185,0.98851025,0.99553394,0.9985615,0.99619627,0.99740654,0.9929581,0.99988353,0.99682397,0.97263074,0.99339384,0.9627486,0.98925227,0.9984892,0.99052584,0.9995533,0.99870086,0.99772394,0.99904364,0.99600667,0.9999984,0.9982872,0.9851881,0.9979484,0.9969486,0.9995744,0.99614507,0.9990419,0.9995262,0.9983717,0.99942774,0.9974928,0.99863625,0.9932839,0.9988355,0.9984418,0.9983496,0.9992202,0.9711436,0.9975233,0.97799754,0.99926025,0.9971939,0.9992342,0.99997264,0.97822183,0.99946487,0.9969666,0.9996514,0.98826873,0.9998703,0.9726164,0.9990254,0.9957651,0.99212706,0.9962951,0.98284686,0.9741839,0.9936742,0.99999887,0.99998695,0.9997852,0.9912386,0.9991602,0.98683137,0.98714966,0.99582964,0.997833,0.9988908,0.98697853,0.9969791,0.9677208,0.998736,0.99877226,0.99819726,0.96785086,0.992721,0.99887246,0.96144253,0.9998568,0.9998646,0.9998097,0.9912386,0.9920556,0.9716669,0.9968182,0.99560845
angrybirdsmovie,0.9180856,0.9999698,0.9970101,0.99981195,0.99995047,0.9946618,0.98962575,0.9996078,0.98353386,0.99864894,0.9987873,0.99999994,0.9878035,0.9742337,0.9905785,0.99495786,0.9742583,0.9999952,0.89134514,0.99529946,0.98881865,0.9943556,0.996969,0.9890369,0.9725662,0.9013053,0.99104285,0.9938929,0.99988127,0.9426294,0.9560049,0.99970317,0.99937373,0.9918329,0.99114674,0.9947785,0.989124,0.9999453,0.99662274,0.9999976,0.9945844,0.97870106,0.9988012,0.98206353,0.9955341,0.99157506,0.99871516,0.9957969,0.99303365,0.98595184,0.9994096,0.9922508,0.99875563,0.99168235,0.99747396,1.0,0.9977193,0.9654822,0.99844414,0.99729156,0.97412753,0.91875213,0.99941075,0.99907374,0.99554145,0.9727168,0.99240935,0.9983674,0.9987292,0.9965882,0.9945731,0.999971,0.992865,0.9908027,0.9963335,0.93384075,0.99484384,0.99387693,0.9839176,0.9947531,0.99897444,0.9999903,0.9906982,0.9997404,0.9975863,0.99791986,0.9995358,0.96001184,0.99783885,0.9482688,0.980854,0.9945731,0.9960856,0.9968698,0.9999984,0.9998338,0.99998474,0.9904036,0.99869794,0.9999569,0.99243563,0.99358624,0.99958277,0.9997984,0.9906184,0.99998504,0.9967989,0.9999694,0.9965505,0.99976736,0.9948549,0.99777573,0.99524903,0.99997836,0.9999663,0.99606466,0.95822424,0.9997765,0.96654093,0.99615514,0.99229896,0.9960961,0.99839574,0.9872543,0.99664253,0.99192584,0.9971393,0.99458927,0.9978652,0.9599945,0.995641,0.99908364,0.9847583,0.99085295,0.9725754,0.9618881,0.9869403,0.99886024,0.99902534,0.999593,0.98353386,0.99996585,0.9935981,0.99381983,0.99911356,0.99338365,0.9953613,0.99370074,0.999594,0.95413953,0.99505043,0.9951224,0.99994165,0.9542941,0.99744654,0.99999845,0.94673747,0.9994775,0.9978419,0.99955785,0.98353386,0.99704605,0.95885223,0.99953365,0.99901
annabellemovie,0.96860707,0.9889835,0.9968817,0.9906372,0.9862046,0.96646345,0.999926,0.9917763,0.99967796,0.99456,0.9942714,0.9878035,1.0,0.9974695,0.9998202,0.99843913,0.9974772,0.9873152,0.9510592,0.9982396,0.9999778,0.9657078,0.9969234,0.999967,0.99692553,0.9577618,0.958162,0.9989528,0.9900856,0.9831135,0.9900214,0.9913039,0.99269456,0.99959534,0.9583851,0.96675485,0.99996203,0.9861205,0.9972534,0.9874575,0.9986367,0.99872917,0.9942412,0.9994442,0.99809086,0.95931226,0.99442476,0.9979126,0.96257526,0.99993414,0.9925697,0.9994955,0.97880906,0.9595466,0.9742481,0.9877801,0.9750406,0.9942632,0.994949,0.99658,0.9974359,0.9690246,0.99256575,0.99358857,0.9980862,0.9969762,0.9994539,0.99508435,0.9943955,0.9715823,0.99864244,0.9865865,0.96218866,0.9997876,0.97086036,0.97814536,0.9985016,0.9989595,0.9997298,0.9666914,0.9797405,0.98711014,0.9998032,0.9839999,0.97460765,0.9957864,0.9826017,0.99189436,0.97543746,0.9861349,0.9992138,0.99864244,0.9701733,0.99702173,0.9875333,0.9848009,0.9886473,0.9998434,0.99446034,0.9863153,0.9612161,0.9990747,0.98289394,0.99073035,0.99981457,0.98864126,0.99709016,0.9865553,0.9973178,0.9842145,0.99849564,0.975227,0.99827033,0.9867578,0.98649204,0.99771625,0.9910718,0.98429096,0.994693,0.99764633,0.999483,0.9976922,0.99503505,0.9504326,0.9972355,0.9995743,0.9967469,0.9662833,0.9958633,0.9918865,0.99801993,0.98023444,0.9998293,0.9997799,0.99692863,0.9927332,0.99998516,0.9941097,0.9937135,0.991843,0.99967796,0.9890567,0.9638893,0.96441466,0.9803736,0.99914956,0.9982014,0.9641319,0.9829662,0.98911476,0.99838686,0.9983454,0.9860638,0.98919064,0.97416115,0.9880759,0.9853288,0.99232024,0.9958956,0.99199677,0.99967796,0.9729263,0.99136335,0.98258805,0.97989887
annamovie,0.98383033,0.97595674,0.9887487,0.9784242,0.9719404,0.94575995,0.9965302,0.98016745,0.99895245,0.98463744,0.9841562,0.9742337,0.9974695,1.0,0.99594194,0.99194187,1.0,0.97352856,0.97062194,0.99149674,0.9969738,0.9448052,0.988828,0.9968584,0.99997354,0.9757829,0.93538773,0.9931721,0.9775936,0.99363613,0.9975348,0.9794397,0.98160446,0.99504346,0.9356634,0.9461288,0.9968115,0.9718209,0.98946404,0.97373366,0.9923986,0.99978495,0.9841061,0.9992853,0.9911743,0.93681085,0.9844113,0.9907959,0.9408713,0.99821955,0.9814071,0.99470806,0.96177346,0.9371013,0.9557521,0.97419983,0.956788,0.9993517,0.98529446,0.9881832,0.99999994,0.98413074,0.9814009,0.9830364,0.9911641,0.9999781,0.9945754,0.98552555,0.9843625,0.95229506,0.9924121,0.9724842,0.94038826,0.9957924,0.9513656,0.9904527,0.9920844,0.9931891,0.9988525,0.9460484,0.96302265,0.9732338,0.9958626,0.96884274,0.9562215,0.98674685,0.9669108,0.9984183,0.9573083,0.99543756,0.99950385,0.9924121,0.9504836,0.98901564,0.973843,0.9699603,0.97546285,0.9960554,0.9844707,0.97209775,0.9391756,0.99348867,0.96731263,0.9785653,0.9959156,0.97545403,0.9891472,0.97243965,0.9895903,0.96914124,0.9920707,0.9570322,0.99156433,0.97272885,0.97234946,0.99038935,0.9980431,0.9692478,0.9994909,0.9902467,0.99466795,0.9903402,0.98544127,0.9259215,0.989429,0.99497056,0.9884946,0.94553214,0.9868833,0.9984148,0.9910227,0.96368825,0.99861264,0.9957583,0.9999738,0.9987765,0.9978421,0.98388875,0.9832394,0.98027074,0.99895245,0.9760646,0.942517,0.9431767,0.96387625,0.99368966,0.9914131,0.9428215,0.96741223,0.9970734,0.9918238,0.99173087,0.97174037,0.9971127,0.9556386,0.9746291,0.9949692,0.98101485,0.9869407,0.98050964,0.99895245,0.9540329,0.99817854,0.966892,0.96323586
apollo11movie,0.9637189,0.9916126,0.9981988,0.9930479,0.98916626,0.97115946,0.999977,0.99402493,0.99901694,0.9963564,0.99611944,0.9905785,0.9998202,0.99594194,1.0,0.9993187,0.9959518,0.9901484,0.94502854,0.9991847,0.99992436,0.9704575,0.9982305,0.99994135,0.9952605,0.9521367,0.9634174,0.99964076,0.9925712,0.9794667,0.9871712,0.99362105,0.994804,0.99995506,0.96362627,0.97142994,0.9999476,0.98909163,0.9984786,0.9902739,0.99944705,0.99759394,0.9960946,0.9986324,0.9990826,0.9644939,0.99624556,0.99895775,0.9675414,0.99953675,0.9946985,0.9999181,0.9825162,0.9647131,0.9783487,0.9905579,0.97907555,0.99205613,0.9966736,0.9979677,0.9958995,0.96416724,0.9946952,0.9955538,0.99907935,0.99532336,0.9999008,0.9967833,0.9962215,0.9758961,0.99945074,0.9895046,0.9671808,0.9999987,0.9752301,0.9740268,0.9993598,0.9996447,0.9991093,0.971371,0.9833621,0.9899675,0.99999964,0.98720163,0.9786786,0.99734634,0.9859469,0.9893065,0.97943914,0.9828108,0.9982824,0.99945074,0.97459567,0.9983049,0.9903406,0.9879174,0.9913187,0.99999917,0.99627477,0.9892644,0.9662731,0.9997107,0.98620963,0.9931282,0.99999994,0.9913135,0.99835646,0.9894769,0.9985264,0.98739356,0.9993559,0.9792463,0.9992057,0.98965615,0.98942095,0.9988177,0.9883654,0.9874619,0.9925631,0.99876726,0.99991304,0.9988004,0.9967434,0.95615786,0.9984652,0.9999478,0.99809605,0.97099215,0.9974074,0.98929745,0.9990333,0.9838097,0.9992992,0.999998,0.99526435,0.99027276,0.9997021,0.9959861,0.9956578,0.99408174,0.99901694,0.99167657,0.96876585,0.9692549,0.98393583,0.99975175,0.9991587,0.9689917,0.98627454,0.9861466,0.99928397,0.99925625,0.98904127,0.9862322,0.97826886,0.9908179,0.98191535,0.9944874,0.9974329,0.99421275,0.99901694,0.977134,0.98869824,0.9859346,0.98350567
arcticdogsmovie,0.9532112,0.9957071,0.9997329,0.99671566,0.9939102,0.97929746,0.99904513,0.99737614,0.9967002,0.9988253,0.998689,0.99495786,0.99843913,0.99194187,0.9993187,1.0,0.9919557,0.99464154,0.93231666,0.9999939,0.9987891,0.9787009,0.999745,0.9988603,0.9909934,0.94020665,0.9726522,0.9999488,0.9963852,0.9713587,0.98060596,0.9971061,0.9978837,0.99962384,0.97283316,0.979527,0.9988883,0.99385417,0.9998334,0.9947341,0.99999326,0.9943557,0.9986746,0.9960223,0.99998236,0.973584,0.99876195,0.9999618,0.976209,0.9977326,0.99781615,0.99970937,0.988718,0.9737735,0.9853204,0.9949428,0.98591894,0.9867375,0.9990024,0.9996395,0.9918822,0.9537192,0.99781394,0.99835193,0.999982,0.99108005,0.99973947,0.99906206,0.9987481,0.9832856,0.99999297,0.9941635,0.97589946,0.99937814,0.9827292,0.96500623,0.99999934,0.9999474,0.99687135,0.97947705,0.9893964,0.9945078,0.99935067,0.9924148,0.9855923,0.9993537,0.9914407,0.9832496,0.9862174,0.9753277,0.99544007,0.99999297,0.98219776,0.9997728,0.9947832,0.9929642,0.99549586,0.9992709,0.99877864,0.9939838,0.97511905,0.9999174,0.9916458,0.9967708,0.99932945,0.9954921,0.9997914,0.99414283,0.99984896,0.9925626,0.99999946,0.9860592,0.99999565,0.9942765,0.99410105,0.99993134,0.9820786,0.99261516,0.98739415,0.99991876,0.99971867,0.9999272,0.9990404,0.9663146,0.99982893,0.9996436,0.9996924,0.9791554,0.9993837,0.98323834,0.999975,0.9897538,0.99723697,0.9993912,0.99099874,0.98446286,0.99812,0.99861103,0.99841505,0.9974138,0.9967002,0.9957528,0.97725785,0.9776758,0.98985416,0.9998929,0.99999154,0.97745097,0.99169636,0.97935283,0.99999946,0.9999985,0.9938163,0.97945714,0.9852546,0.9951328,0.9742592,0.99767977,0.99939615,0.9975002,0.9967002,0.9843156,0.9824916,0.9914312,0.9895112
arcticmovie,0.9838108,0.9759805,0.98876506,0.9784467,0.971966,0.9457954,0.99653924,0.9801891,0.99895746,0.9846565,0.98417556,0.9742583,0.9974772,1.0,0.9959518,0.9919557,1.0,0.9735535,0.9705956,0.9915109,0.99698234,0.9448409,0.9888442,0.99686706,0.9999727,0.97575897,0.9354263,0.9931848,0.97761655,0.99362385,0.9975271,0.9794617,0.9816253,0.99505436,0.93570197,0.9461642,0.9968202,0.9718466,0.9894799,0.97375846,0.99241203,0.9997872,0.9841255,0.99928933,0.9911887,0.93684906,0.9844305,0.9908107,0.94090825,0.99822605,0.981428,0.99471927,0.9618034,0.93713945,0.9557842,0.97422445,0.9568198,0.9993477,0.98531306,0.98819995,0.9999999,0.9841113,0.9814218,0.98305637,0.9911786,0.9999774,0.9945867,0.9855441,0.98438174,0.9523284,0.9924255,0.97250956,0.94042546,0.9958024,0.9513992,0.9904376,0.99209803,0.9932018,0.9988577,0.9460838,0.9630521,0.9732589,0.99587256,0.96886975,0.95625347,0.98676455,0.9669387,0.9984121,0.9573398,0.99542713,0.99950725,0.9924255,0.9505176,0.9890318,0.9738678,0.96998686,0.9754869,0.99606514,0.9844899,0.9721234,0.9392131,0.9935011,0.96734035,0.97858775,0.99592537,0.97547805,0.98916316,0.9724651,0.989606,0.9691681,0.9920844,0.9570638,0.99157846,0.97275424,0.972375,0.99040437,0.99803627,0.9692747,0.99948734,0.9902619,0.9946792,0.9903553,0.98545974,0.92596275,0.9894448,0.99498147,0.9885111,0.9455677,0.9869009,0.9984086,0.99103725,0.9637174,0.99861836,0.9957683,0.99997306,0.99877113,0.9978493,0.98390824,0.9832594,0.9802923,0.99895746,0.97608835,0.94255346,0.943213,0.9639053,0.9937018,0.9914274,0.9428579,0.9674399,0.997065,0.9918377,0.9917448,0.97176605,0.99710435,0.9556708,0.9746535,0.9949582,0.98103595,0.98695827,0.98053104,0.99895746,0.95406556,0.9981719,0.9669199,0.9632652
artofracingmovie,0.9168501,0.9999408,0.9967654,0.9997469,0.99997663,0.99497753,0.9891748,0.999516,0.9829678,0.99848276,0.9986296,0.9999952,0.9873152,0.97352856,0.9901484,0.99464154,0.9735535,1.0,0.88993293,0.99499387,0.98835075,0.99468035,0.9967226,0.98857355,0.971839,0.89995563,0.9914529,0.99354535,0.9998286,0.94158804,0.9550893,0.99962264,0.99925905,0.991432,0.9915544,0.9950907,0.9886624,0.99997294,0.9963629,0.99999964,0.9942568,0.9780588,0.9986444,0.98147327,0.99523616,0.99197257,0.998553,0.9955077,0.99339485,0.98542833,0.99929816,0.9918601,0.9989057,0.99207735,0.9976898,0.9999957,0.99792415,0.96466863,0.9982661,0.9970584,0.9734209,0.9175215,0.9992994,0.9989353,0.9952438,0.9719916,0.99202263,0.9981852,0.99856794,0.9968397,0.9942452,0.99998987,0.9932306,0.99037766,0.99659437,0.9327253,0.9945241,0.9935291,0.9833581,0.9950661,0.9991103,0.99999917,0.9902709,0.99980634,0.9977972,0.9977149,0.9996256,0.95913774,0.9980381,0.94727826,0.98024446,0.9942452,0.9963553,0.9966195,0.999999,0.9998856,0.9999628,0.9899696,0.99853474,0.9999809,0.99281216,0.9932303,0.9996677,0.9997313,0.99018925,0.9999632,0.99654573,0.9999889,0.996288,0.99982953,0.99453557,0.9979779,0.99494183,0.9999939,0.99998707,0.99578464,0.95733136,0.99983734,0.9657396,0.9958783,0.9919095,0.9958172,0.998215,0.98774385,0.9963835,0.9915272,0.99689966,0.99490714,0.99765754,0.9591203,0.99534655,0.9992118,0.9842134,0.99042904,0.9718484,0.9610342,0.98643535,0.9987072,0.9988835,0.9994997,0.9829678,0.9999354,0.9939442,0.9941598,0.99923956,0.99302226,0.99505776,0.994044,0.9996777,0.9532052,0.994737,0.99481124,0.99997044,0.95336133,0.99766356,0.9999882,0.94573283,0.9993723,0.9976332,0.9994607,0.9829678,0.99727976,0.9579659,0.9996237,0.99914336
avengers,0.99802125,0.89484054,0.9237092,0.8999683,0.8867885,0.8398092,0.9472273,0.90369004,0.9585949,0.9136974,0.91258246,0.89134514,0.9510592,0.97062194,0.94502854,0.93231666,0.9705956,0.88993293,1.0000001,0.9310574,0.9489799,0.83821684,0.92391235,0.9485151,0.97234756,0.99974763,0.82282233,0.9359255,0.89822495,0.9915467,0.98511356,0.9021256,0.906828,0.94188446,0.8232656,0.8404261,0.948328,0.8865539,0.9255603,0.89034253,0.933633,0.96542364,0.91246706,0.96083224,0.93015903,0.825115,0.91317225,0.92911816,0.8317202,0.95454216,0.9063931,0.9407645,0.8676282,0.82558435,0.85689276,0.8912769,0.85871327,0.978655,0.9152365,0.92227226,0.9707351,0.99791384,0.90637946,0.91002613,0.9301307,0.97219616,0.9403286,0.91578275,0.9130591,0.85088927,0.93367213,0.8878596,0.8309293,0.94448876,0.84929293,0.99452406,0.93272465,0.93597656,0.9579845,0.8402915,0.8699056,0.8893457,0.94474137,0.8807865,0.85771656,0.91871494,0.8771216,0.9826147,0.85963154,0.9891513,0.96256196,0.93367213,0.8477847,0.9243954,0.89056146,0.8829331,0.8938319,0.9454432,0.9133101,0.88709795,0.8289499,0.936889,0.8778793,0.9002664,0.94493294,0.8938139,0.9247354,0.8877718,0.9258909,0.8813577,0.9326853,0.8591438,0.93124723,0.8883437,0.88759375,0.9280153,0.9837677,0.88156223,0.97780526,0.92763215,0.94063246,0.927883,0.91558313,0.80783737,0.9254687,0.9416387,0.92306054,0.8394287,0.9190476,0.98262614,0.9297403,0.8711269,0.9566056,0.9443666,0.97233826,0.98133326,0.952729,0.9119671,0.910486,0.9039134,0.9585949,0.89506155,0.8344258,0.8355152,0.87147266,0.9375088,0.9308235,0.83492833,0.87806743,0.98617625,0.93198043,0.9317169,0.8863958,0.9860903,0.856694,0.8921414,0.98984355,0.9055323,0.9191878,0.9044311,0.9585949,0.8538939,0.9833699,0.87708634,0.87029606
beachbummovie,0.9521575,0.99602187,0.99980694,0.9969903,0.9942862,0.97999316,0.9988876,0.99762106,0.9964129,0.9989872,0.99886036,0.99529946,0.9982396,0.99149674,0.9991847,0.9999939,0.9915109,0.99499387,0.9310574,0.9999999,0.99861246,0.97940654,0.99981725,0.9986888,0.99052316,0.9390203,0.97345144,0.99990773,0.9966737,0.9705292,0.9799206,0.99736357,0.9981031,0.9995227,0.9736298,0.9802189,0.9987189,0.9942319,0.9998906,0.99508333,0.99997455,0.9939819,0.9988469,0.9957074,0.99999684,0.9743696,0.9989283,0.999986,0.97695464,0.99749327,0.998039,0.9996198,0.9892312,0.9745562,0.9859062,0.9952849,0.98649263,0.9861689,0.9991511,0.99972653,0.9914354,0.9526711,0.998037,0.99854475,0.9999967,0.9906121,0.99965435,0.9992061,0.99891543,0.98391074,0.99997383,0.99453145,0.97664994,0.9992499,0.9833647,0.9640914,0.99998933,0.9999058,0.9965913,0.9801698,0.98989385,0.9948646,0.99921983,0.99283487,0.9861727,0.9994723,0.99188733,0.98261184,0.98678493,0.97455657,0.9951034,0.99997383,0.9828429,0.9998406,0.99513084,0.9933687,0.9958185,0.9991325,0.9989439,0.99435747,0.9758815,0.9998668,0.99208695,0.99704313,0.99919647,0.9958148,0.9998562,0.9945115,0.99990314,0.9929786,0.9999899,0.98662996,0.9999999,0.9946408,0.99447095,0.9999659,0.9814194,0.99302965,0.98683953,0.9999569,0.9996304,0.999963,0.9991862,0.9672009,0.999887,0.99954504,0.99977237,0.9798536,0.9994993,0.98260033,0.99999344,0.99024266,0.9969734,0.99926424,0.9905287,0.9838482,0.99790156,0.9987876,0.99860406,0.9976569,0.9964129,0.9960659,0.977987,0.9783982,0.99034065,0.9998361,0.9999997,0.97817695,0.9921362,0.9786462,0.99999666,0.9999983,0.99419516,0.9787522,0.9858417,0.9954683,0.9734719,0.9979097,0.9995105,0.99773914,0.9964129,0.9849211,0.9818399,0.99187803,0.9900059
bernadettefilm,0.96692985,0.9899475,0.9973852,0.9915245,0.9872854,0.9681525,0.99998486,0.99260676,0.99948674,0.99523175,0.99496126,0.98881865,0.9999778,0.9969738,0.99992436,0.9987891,0.99698234,0.98835075,0.9489799,0.99861246,1.0000001,0.9674157,0.9974234,0.999999,0.9963815,0.95582527,0.96004725,0.9992354,0.9909993,0.9818729,0.9890608,0.9921585,0.9934762,0.99976265,0.96026534,0.9684366,0.999998,0.9872045,0.99772465,0.98848724,0.9989623,0.9983714,0.99493295,0.9992,0.9984802,0.9611716,0.9951051,0.9983206,0.96435905,0.99983555,0.99335814,0.99968493,0.9801513,0.9614007,0.97572833,0.9887963,0.9764979,0.99352866,0.9955955,0.99710834,0.9969372,0.9673582,0.9933544,0.99431956,0.99847597,0.9964365,0.99965185,0.99572194,0.99507767,0.9731374,0.99896735,0.9876519,0.9639815,0.9999027,0.972435,0.97673887,0.9988439,0.9992411,0.99955285,0.9683747,0.9810527,0.98815423,0.9999132,0.9851649,0.9760775,0.99637514,0.983817,0.99102604,0.97688305,0.98500776,0.9989276,0.99896735,0.9717664,0.99751335,0.98855984,0.9859359,0.9896261,0.99993914,0.9951384,0.9873916,0.96303177,0.99933904,0.98409885,0.99161315,0.99992067,0.9896204,0.9975758,0.98762196,0.9977832,0.9853715,0.9988387,0.9766788,0.9986398,0.9878163,0.9875613,0.99814403,0.9901619,0.9854451,0.99398565,0.9980809,0.999675,0.99812245,0.9956759,0.9524825,0.99770826,0.9997465,0.99726164,0.9679769,0.9964465,0.9910178,0.99841684,0.9815304,0.9996841,0.9998975,0.996385,0.9919096,0.9999267,0.99480957,0.99443716,0.99266994,0.99948674,0.9900175,0.9656417,0.9661543,0.981665,0.99940205,0.99857855,0.9658784,0.9841685,0.9881128,0.9987428,0.9987062,0.98715,0.9881921,0.97564393,0.98907954,0.9841702,0.99312216,0.9964765,0.99281573,0.99948674,0.9744442,0.99046785,0.9838038,0.9812059
