movie,21bridgesmovie,47metersdown,abeautifuldaymovie,abominablemovie,adastramovie,adogsjourneymovie,aftermathmovie,aftermovie,ahiddenlifefilm,alitamovie,angelhasfallen,angrybirdsmovie,annabellemovie,annamovie,apollo11movie,arcticdogsmovie,arcticmovie,artofracingmovie,avengers,beachbummovie,bernadettefilm,blackandbluemovie,blackchristmas,blindedbythelightmovie,bombshellmovie,booksmart,breakthroughmovie,brianbanksmovie,brightburnmovie,brittanyrunsmov,captainmarvelofficial,captivestatemovie,catsmovie,charliesangels,childsplaymovie,clarathefilm,coldpursuitmovie,countdown,currentwarmovie,darkwatersmovie,detectivepikachumovie,disneyaladdin,disneyfrozen,disneymaleficent,doctorsleepmovie,dolemiteismyname,dontletgomovie,doramovie,downtonabbey_official,dumbo,escaperoom,everybodyknowsmovie,fastandfuriousmovie,fightingwmyfam,fivefeetapartfilm,fordvferrari,freaksthefilm,geminimanmovie,glassmovie,gloriabellmovie,godzillamovie,goldfinchmovie,goodboysmovie,goodliarmovie,gretafilm,halathemovie,happydeathdaymovie,harrietfilm,hellboymovie,hersmellmovie,highlifemovie,highstrungmovie,honeyboymovie,hotelmumbaifilm,httydragon,hustlemovie,hustlersmovie,isntitromantic,itmovieofficial,jayandsilentbob,johnwickmovie,jojorabbitmovie,jokermovie,judythefilm,jumanjimovie,justmercyfilm,knivesout,lalloronamovie,lastblackmansf,lastchristmasthemovie,latenightmovie,lighthousemovie,lionking,littlethemovie,littlewomenmovie,littlewoodsfilm,longshotmovie,lordsofchaosmovie,lucyintheskyfilm,mamovie2019,marriagestory,meettheaddams,meninblack,midsommarmovie,midwaymovie,missbalamovie,missinglinkfilm,motherlessbklyn,onceinhollywood,onthebasisofsex,overcomermovie,peanutbutterfalcon,petsematarymovie,piercingmovie,playingwithfire,playmobilthemovie,pomsmovie,queenandslim,rambomovie,readyornotfilm,richardjewellfilm,rocketmanmovie,scarystoriesmovie,secretlifeofpets,serenityfilm,shaftmovie,shazammovie,spidermanmovie,spiesindisguise,starwars,stormboymovie,stubermovie,taosdfilm,teenspiritmov,terminator,theaeronautsmov,thebestofenemies,thedeaddontdie,thefarewell,thehighwaymen,thehummingbirdprojectfilm,theintrudermovie,theirishmanfilm,thekitchenmovie,thelegomovie,themustangfilm,thenightingalefilm,theprodigymovie,thesunisalsoastar,theupsidefilm,tolkienmovie,toystory,triplefrontier,uglydolls,uncutgems,underthesilverlake,usmovie,wavesmovie,whatmenwant,wonderparkmovie,wrinklestheclown,xmenmovies,yardiefilm,yesterdaymovie,zombieland
21bridgesmovie,1.0,0.95621485,0.9737016,0.9819212,0.98392886,0.9850514,0.99115735,0.9891572,0.99091095,0.9695096,0.9860132,0.983615,0.975803,0.9837731,0.9848851,0.97477186,0.9845839,0.98662996,0.9930142,0.979477,0.9759894,0.97984827,0.9832978,0.98693806,0.9733865,0.9796128,0.9863429,0.9819721,0.98342186,0.98107463,0.99052083,0.9758303,0.98226815,0.9782865,0.9793461,0.97260165,0.9881653,0.9820577,0.98131716,0.9774611,0.97875005,0.97354794,0.96695524,0.975894,0.9895998,0.9756131,0.98159343,0.9812561,0.9814906,0.9788341,0.9840973,0.9785812,0.97254246,0.97719765,0.9744484,0.96575326,0.97842205,0.9732947,0.9868452,0.9876968,0.9718035,0.95929855,0.98435146,0.9746662,0.97196984,0.9787729,0.9684481,0.97686094,0.97582567,0.98145956,0.9896798,0.97578204,0.9679982,0.9886537,0.9820682,0.9853072,0.97933054,0.9862294,0.9796961,0.9849604,0.9695904,0.9908386,0.97206175,0.9756505,0.98068386,0.97920656,0.98199207,0.97411925,0.9796953,0.979451,0.9725869,0.9896798,0.9792757,0.986105,0.98609084,0.98667204,0.98538893,0.9756608,0.9866468,0.9790136,0.98040825,0.97746503,0.97982323,0.98693115,0.9784648,0.987505,0.97366154,0.97203773,0.9769527,0.96431196,0.99465775,0.9834127,0.97932297,0.97398186,0.9732207,0.9917889,0.99721366,0.97853076,0.98213214,0.9930582,0.9775482,0.98563707,0.97750044,0.98047745,0.98348534,0.98446226,0.97242093,0.9824056,0.9729312,0.97200704,0.9766945,0.9763445,0.9771798,0.9759375,0.98251575,0.9809726,0.9797559,0.9687371,0.9909539,0.99141794,0.99091095,0.9797486,0.98454565,0.9750258,0.9691684,0.9763289,0.9738965,0.9806746,0.9780189,0.983283,0.98540264,0.97114533,0.98178184,0.97962964,0.97841257,0.97632504,0.9808432,0.98665434,0.98438627,0.97729677,0.99091095,0.9796198,0.9872341,0.98487765,0.983747
47metersdown,0.95621485,1.0,0.9657249,0.9678168,0.9540146,0.9563891,0.9526419,0.95053154,0.9690154,0.94342315,0.96335363,0.93791467,0.97257066,0.962246,0.96959335,0.9840425,0.9610431,0.95111835,0.9504898,0.9671303,0.9614766,0.9583073,0.9675951,0.9762626,0.9645538,0.938335,0.9594976,0.94073385,0.9648455,0.97045296,0.9422239,0.94759476,0.9681879,0.94926924,0.97215474,0.9574672,0.9713745,0.9619399,0.94942313,0.9455705,0.9666888,0.953245,0.94417256,0.9488835,0.9516955,0.95278513,0.97106767,0.94964325,0.9525804,0.9548369,0.9678053,0.9487165,0.9686519,0.96888924,0.9487357,0.9533372,0.95805293,0.9656687,0.951332,0.95931023,0.966366,0.96606904,0.92736334,0.9751195,0.952092,0.95216733,0.9580806,0.9422601,0.9750396,0.9537761,0.95825636,0.9543251,0.956843,0.9532206,0.9674752,0.93172246,0.94875455,0.9557145,0.9567626,0.9651529,0.9469798,0.96020746,0.97944874,0.9573546,0.9551677,0.95090026,0.9665753,0.9633179,0.9487037,0.9450179,0.96366614,0.95825636,0.93016607,0.9539714,0.9708355,0.9658027,0.97048074,0.9579227,0.9564514,0.96003747,0.9525579,0.9725842,0.9514184,0.96367216,0.9542569,0.9729496,0.9655639,0.9653594,0.9578718,0.93505865,0.95438063,0.9643388,0.95375615,0.946677,0.9484365,0.95557517,0.9584566,0.96090555,0.9606679,0.9585057,0.9770754,0.94177276,0.9610215,0.94527644,0.9714527,0.9489561,0.9478861,0.9589814,0.9474047,0.9332714,0.9616973,0.95224106,0.94616795,0.9342824,0.96318746,0.9754413,0.9349917,0.95123965,0.9549661,0.95481676,0.9690154,0.9618458,0.95051444,0.96002567,0.9658973,0.94698817,0.96641886,0.97577304,0.97403663,0.9592001,0.9584269,0.96064883,0.9521318,0.94976044,0.95362747,0.94888616,0.96326864,0.9439832,0.95531416,0.9452945,0.9690154,0.9482658,0.97359806,0.9673008,0.964846
abeautifuldaymovie,0.9737016,0.9657249,0.9999998,0.97541505,0.98310333,0.97515476,0.9814902,0.9810326,0.98809516,0.96686554,0.9831872,0.9800116,0.9927026,0.9806507,0.98086095,0.98315537,0.98458564,0.9736957,0.97084033,0.9711652,0.98842627,0.98686445,0.9845736,0.9778514,0.9731826,0.971559,0.9777796,0.9727926,0.9880231,0.98519915,0.9777319,0.98499596,0.9800205,0.9777562,0.9837828,0.9825248,0.9822337,0.98665303,0.97172946,0.9753584,0.96893483,0.9867044,0.9797769,0.9849452,0.9750692,0.98532295,0.9794125,0.9791318,0.963257,0.9881193,0.9900682,0.977973,0.98494405,0.97261304,0.9778593,0.97408754,0.98074096,0.9840955,0.98058724,0.9858526,0.98336416,0.97918934,0.95776576,0.98333865,0.9806395,0.98192215,0.9716231,0.96648294,0.9818833,0.9815083,0.9845543,0.98022264,0.97416586,0.97716606,0.9789396,0.9750433,0.97060126,0.9821311,0.9819826,0.98306245,0.9749746,0.9849511,0.97835976,0.9741822,0.987236,0.97785467,0.9755102,0.98253053,0.978337,0.9733017,0.98175716,0.9845543,0.9701616,0.9784986,0.9862305,0.9775493,0.9852901,0.97429585,0.97733974,0.9782014,0.9786198,0.986794,0.97888374,0.9778768,0.955269,0.9923738,0.9787241,0.9812202,0.98485506,0.9731868,0.97337407,0.98496544,0.97189236,0.9747819,0.98288316,0.9800526,0.9760979,0.9794565,0.98612446,0.9739375,0.9851939,0.96401227,0.9664673,0.9737766,0.98985744,0.9667185,0.9832621,0.9811363,0.97746897,0.97586405,0.9838992,0.9730937,0.9755284,0.97204876,0.9793495,0.9856519,0.96691746,0.973408,0.98133963,0.976739,0.98809516,0.98908746,0.98419774,0.98142344,0.98084384,0.97548044,0.9858583,0.9823381,0.9739514,0.9755757,0.9835058,0.9887601,0.9829495,0.9575076,0.9810506,0.9700154,0.9866122,0.98002595,0.97932076,0.9736612,0.98809516,0.9705255,0.98576975,0.9692992,0.98599637
abominablemovie,0.9819212,0.9678168,0.97541505,1.0,0.9754867,0.98284155,0.9835831,0.9778996,0.98812807,0.9689016,0.9836599,0.97595704,0.9792224,0.9797435,0.98123693,0.98366916,0.97863925,0.9738271,0.9799278,0.9707018,0.97372943,0.97136104,0.9828171,0.9898731,0.97759974,0.97180206,0.97527266,0.9686783,0.9800708,0.9882496,0.9803632,0.96739477,0.97784746,0.9756071,0.9802726,0.9706635,0.9850549,0.9798414,0.97390115,0.9757078,0.9743268,0.97685075,0.9678016,0.96748084,0.9806605,0.98072344,0.97910476,0.97701496,0.9669828,0.9740807,0.9852624,0.97058195,0.9776763,0.9736457,0.97433114,0.9682022,0.97446126,0.9795813,0.97805345,0.98275924,0.97056663,0.97345835,0.97531873,0.9799489,0.97202456,0.97226465,0.9705038,0.9665832,0.9724604,0.9769994,0.98415637,0.9659446,0.97034484,0.9827811,0.98350614,0.9672776,0.9717476,0.9732071,0.97272104,0.98548317,0.968404,0.97727025,0.9732521,0.9827824,0.9802574,0.9755935,0.970576,0.9683421,0.976948,0.97392064,0.97595876,0.98415637,0.96605796,0.976382,0.9864503,0.98785454,0.9864819,0.96803474,0.9853521,0.9769836,0.98496836,0.98025185,0.9778444,0.98464435,0.9690016,0.98595256,0.98435,0.98542637,0.9794979,0.9653713,0.9803235,0.9844748,0.96603185,0.9612743,0.9643298,0.97642535,0.98295903,0.9775148,0.9738246,0.98239815,0.9781259,0.96775,0.97891945,0.9695617,0.98539954,0.97461957,0.969717,0.9823696,0.96786433,0.9631618,0.97664833,0.97195625,0.9701151,0.9655453,0.978389,0.9854448,0.9691204,0.96664923,0.98400325,0.9788512,0.98812807,0.97688943,0.9857626,0.98122466,0.9742051,0.9740611,0.9704966,0.9801187,0.98014116,0.9727896,0.98058164,0.9679713,0.9837876,0.9704422,0.9721194,0.9794397,0.9766245,0.9751226,0.9696341,0.95913714,0.98812807,0.9716539,0.99083734,0.97237504,0.98131204
adastramovie,0.98392886,0.9540146,0.98310333,0.9754867,1.0000001,0.98127997,0.98110193,0.9871959,0.98771375,0.98813343,0.98721457,0.98521227,0.9841827,0.98346126,0.9775089,0.97985417,0.97746986,0.99036616,0.972341,0.97058797,0.9817271,0.9909367,0.9748745,0.9752031,0.97765034,0.9849021,0.9869561,0.9736723,0.98915577,0.98060596,0.9791691,0.981068,0.9782608,0.9863757,0.981019,0.9824146,0.98798776,0.9804984,0.9837426,0.9789158,0.9742179,0.9824217,0.9728981,0.98308694,0.9808671,0.9827591,0.97049075,0.97872907,0.9773957,0.98645145,0.9901458,0.9869854,0.9735947,0.966024,0.96819335,0.9899977,0.98696905,0.9826128,0.98008597,0.9872585,0.97425264,0.96392363,0.9695805,0.98204195,0.98427784,0.98028743,0.9649283,0.9808927,0.9781522,0.9913565,0.9864189,0.98851514,0.9858053,0.9767127,0.98655033,0.98336947,0.990159,0.9883841,0.9836934,0.97954446,0.99179846,0.9789628,0.97343934,0.983279,0.9790721,0.9706496,0.9790872,0.9806946,0.977206,0.97453207,0.98292226,0.9864189,0.97768867,0.9740241,0.9892182,0.9785603,0.9804558,0.9726332,0.9748276,0.9895364,0.99066854,0.9781446,0.98634267,0.9809411,0.9639855,0.98851925,0.97532034,0.9802707,0.9820425,0.9811483,0.9845772,0.99055916,0.9828244,0.98580015,0.98071927,0.99111843,0.98808426,0.9857875,0.98342824,0.9776944,0.9845076,0.9748387,0.96589714,0.97959375,0.9840313,0.969767,0.9775795,0.9827012,0.98513395,0.9765522,0.97492594,0.9844434,0.972745,0.9809347,0.98288655,0.98211735,0.98879653,0.98229814,0.98490995,0.9844468,0.98771375,0.985702,0.9864799,0.9873751,0.9783144,0.9775306,0.97609717,0.97537756,0.979717,0.9782108,0.98298675,0.9799294,0.97783315,0.97056013,0.9854579,0.9725366,0.9834604,0.9879674,0.98252034,0.9813018,0.98771375,0.9850062,0.9839182,0.9671964,0.9823014
adogsjourneymovie,0.9850514,0.9563891,0.97515476,0.98284155,0.98127997,1.0,0.9872254,0.97977066,0.9891933,0.9788811,0.9879162,0.98552376,0.97788334,0.98423856,0.97668767,0.9789952,0.98327667,0.9814536,0.9818676,0.9737553,0.9676166,0.9810743,0.9883679,0.9857212,0.97927165,0.9838812,0.9800975,0.98399425,0.9877673,0.9777167,0.98117673,0.9722583,0.9854068,0.98562044,0.9820319,0.9815972,0.98862803,0.9775225,0.98619825,0.9777657,0.97555125,0.9779466,0.97376347,0.9736473,0.9899799,0.9740354,0.983405,0.98921204,0.9726716,0.97667074,0.98596525,0.9786293,0.97893256,0.96153414,0.97337335,0.9786959,0.9783738,0.9825382,0.9876358,0.9876998,0.9732178,0.9699809,0.9766557,0.9798048,0.97672766,0.9834197,0.96337354,0.97652537,0.97826797,0.98851955,0.98757803,0.9845254,0.98150325,0.98748446,0.98336184,0.9812663,0.98335946,0.9827691,0.9815075,0.9875466,0.971275,0.9816862,0.97526383,0.97667044,0.983599,0.97102803,0.98175484,0.9682602,0.98551875,0.97991467,0.97505075,0.98757803,0.9806896,0.9837568,0.9873019,0.9798663,0.9824597,0.97852325,0.9773522,0.98662466,0.986154,0.97672015,0.9786052,0.98326755,0.97771925,0.984878,0.9707831,0.9855391,0.9856124,0.967432,0.98603004,0.98953915,0.9783405,0.9732265,0.97657996,0.9804591,0.9855102,0.98887724,0.97803605,0.98370296,0.98142,0.98321,0.97437537,0.98906076,0.97926795,0.9884079,0.98194206,0.98863465,0.98161256,0.9767717,0.97799224,0.9794476,0.9748199,0.97352433,0.98434,0.9794923,0.9767381,0.9753519,0.9870599,0.981556,0.9891933,0.9822032,0.98426783,0.98465866,0.98251,0.9801736,0.9782916,0.9795024,0.9822265,0.9820235,0.98153377,0.973267,0.97433585,0.9790153,0.9785829,0.9719264,0.9863503,0.98189926,0.9833061,0.9800031,0.9891933,0.99048674,0.9866183,0.98246515,0.98568076
aftermathmovie,0.99115735,0.9526419,0.9814902,0.9835831,0.98110193,0.9872254,1.0,0.9850945,0.9940898,0.9685181,0.98845124,0.9894416,0.9846284,0.98476493,0.9881949,0.9809951,0.9899615,0.98534065,0.98589826,0.97866046,0.97860986,0.98335993,0.9912361,0.9859033,0.98115814,0.98468035,0.98690677,0.9839367,0.98505557,0.98447126,0.98450667,0.9866964,0.9776958,0.9854433,0.98494,0.97887474,0.9879206,0.9863926,0.98662645,0.98838836,0.9735445,0.98445624,0.97056824,0.9815981,0.98929954,0.9813323,0.98581934,0.98807466,0.9782809,0.982995,0.9876426,0.9846359,0.9852613,0.9759859,0.9843401,0.970031,0.979552,0.9843134,0.9901511,0.9910311,0.9777509,0.9737579,0.98639035,0.976574,0.98007107,0.98419803,0.9746013,0.9813841,0.9767809,0.9786476,0.9916779,0.9710728,0.97272277,0.9942491,0.987326,0.98401266,0.9734971,0.98616135,0.9786619,0.98859227,0.96662897,0.9909949,0.9732164,0.9825882,0.993833,0.9794215,0.9759503,0.9824874,0.9870386,0.9841181,0.97928876,0.9916779,0.98615456,0.9905947,0.98906124,0.98834884,0.9897373,0.98052317,0.9883742,0.98514456,0.98206806,0.9841382,0.97854245,0.9885627,0.98024666,0.98880655,0.98109573,0.9803653,0.9858369,0.97556376,0.9895895,0.9871092,0.9791749,0.97590655,0.98120266,0.98619086,0.9896497,0.98327416,0.98421526,0.9947855,0.97769326,0.9851855,0.9813215,0.98216873,0.9844285,0.9801216,0.9893903,0.9861331,0.98185456,0.97434235,0.9861461,0.97719365,0.9791472,0.9781794,0.9837453,0.97962844,0.9757421,0.9754847,0.9963528,0.9894225,0.9940898,0.9865249,0.9902281,0.9780474,0.97138,0.984992,0.9789811,0.98361045,0.9800313,0.98327845,0.99509543,0.9730283,0.9848299,0.97114813,0.98323846,0.9818461,0.9872116,0.9850175,0.98150444,0.98155314,0.9940898,0.98260087,0.9882755,0.9850751,0.9907021
aftermovie,0.9891572,0.95053154,0.9810326,0.9778996,0.9871959,0.97977066,0.9850945,0.9999998,0.9905467,0.97834986,0.98813903,0.9783347,0.982902,0.99050677,0.9838662,0.9687942,0.9814168,0.98652077,0.9800503,0.9774262,0.9780832,0.98640203,0.9787412,0.98240954,0.9697203,0.9859537,0.98752856,0.9821812,0.98699725,0.98075026,0.98801136,0.9786213,0.9769557,0.98449415,0.9822582,0.9812032,0.98658466,0.9914047,0.97688043,0.97772527,0.97831863,0.9737013,0.96646345,0.9716367,0.98400986,0.98213506,0.9755126,0.98124367,0.9795363,0.97646946,0.98947084,0.984346,0.975408,0.9689836,0.98384273,0.969896,0.985705,0.9723531,0.98922986,0.98712224,0.9782547,0.9657184,0.9761335,0.97644967,0.9701003,0.9804591,0.9715631,0.981525,0.9749753,0.9840456,0.9916333,0.98212963,0.96857965,0.98332155,0.97922504,0.98252606,0.9878883,0.98425746,0.9821386,0.98817277,0.9785255,0.9866204,0.96868205,0.9775352,0.9839231,0.9755371,0.9838909,0.9792881,0.9803789,0.98452985,0.9816314,0.9916333,0.9829013,0.9793854,0.9875123,0.98113984,0.9857637,0.96926457,0.98353106,0.98117906,0.9815405,0.9773446,0.9830869,0.984611,0.9779428,0.9903956,0.9796214,0.9728587,0.97447693,0.9674413,0.9920093,0.990422,0.98415375,0.98379624,0.97819227,0.99183434,0.99258983,0.97995585,0.9852832,0.987665,0.979752,0.9796657,0.98062617,0.9748859,0.9785701,0.9828838,0.9750807,0.9862022,0.9698206,0.9739016,0.97481394,0.9859411,0.97921824,0.97838056,0.98249054,0.9815821,0.9808982,0.9760483,0.9862552,0.9881665,0.9905467,0.98371065,0.9839785,0.9745552,0.9648824,0.9799308,0.978954,0.97961986,0.96885276,0.9854218,0.9845278,0.97678,0.9840605,0.98488766,0.9814923,0.9810949,0.98147523,0.9895507,0.9889455,0.98093134,0.9905467,0.98520815,0.98617506,0.9754849,0.9902389
ahiddenlifefilm,0.99091095,0.9690154,0.98809516,0.98812807,0.98771375,0.9891933,0.9940898,0.9905467,1.0000001,0.9794502,0.994802,0.9834059,0.9918969,0.9916409,0.992173,0.988211,0.9951203,0.986394,0.98813903,0.98801816,0.98869616,0.99081373,0.9927655,0.99086267,0.9880831,0.98697966,0.9904805,0.9880513,0.9922354,0.99021393,0.9867381,0.98923844,0.9846891,0.9848663,0.99023247,0.98615354,0.99653566,0.9897813,0.98910815,0.98911357,0.98648953,0.9833939,0.97348315,0.981001,0.991085,0.9907822,0.9889831,0.9893029,0.9860525,0.9856699,0.995561,0.9921048,0.9873012,0.9785037,0.98673964,0.98009604,0.9894728,0.9893018,0.99169314,0.9957137,0.9889292,0.9772124,0.98077625,0.98730564,0.98773724,0.9889187,0.98526394,0.98867047,0.979825,0.9883899,0.9973322,0.98102725,0.9817167,0.9928761,0.993582,0.9844742,0.9814753,0.9892378,0.9836725,0.9938214,0.975861,0.99059427,0.9865021,0.98683923,0.99039274,0.982567,0.98165816,0.98747605,0.99064827,0.9910485,0.9876144,0.9973322,0.98502636,0.9879773,0.99460286,0.9890753,0.9945206,0.9842732,0.98858386,0.9906233,0.9900808,0.9919822,0.9876124,0.99356174,0.983078,0.99638504,0.9877183,0.984947,0.9856424,0.9798869,0.99314713,0.99322927,0.98936605,0.9826681,0.9878774,0.9906363,0.9925575,0.98822,0.9890068,0.9916428,0.988747,0.9869647,0.98960453,0.9826606,0.98973626,0.9823422,0.9897478,0.992967,0.9793979,0.97748494,0.99080306,0.98444176,0.9865704,0.9802681,0.99329036,0.99089295,0.98139316,0.9863592,0.9955192,0.99319714,1.0000001,0.99185795,0.99252266,0.98272055,0.97718346,0.99186575,0.9881739,0.98829347,0.9834099,0.9878751,0.99044853,0.98042583,0.99043757,0.9784578,0.98974615,0.9879207,0.99131054,0.99088633,0.98980707,0.9873131,1.0000001,0.98433346,0.99276364,0.98524475,0.9954994
alitamovie,0.9695096,0.94342315,0.96686554,0.9689016,0.98813343,0.9788811,0.9685181,0.97834986,0.9794502,1.0000001,0.9822262,0.96993464,0.9723026,0.9815792,0.9673343,0.9652242,0.969802,0.98648983,0.9591097,0.95875686,0.970847,0.9825844,0.9627659,0.9660857,0.9732471,0.9856299,0.97922677,0.9756146,0.9816369,0.9684073,0.96851647,0.968568,0.96512145,0.9770497,0.97303426,0.9730417,0.9833176,0.9705142,0.9804634,0.9771222,0.9646008,0.96443915,0.96401066,0.96269965,0.9739567,0.97014433,0.9567867,0.97932047,0.9669976,0.9662341,0.9802545,0.9798732,0.9635858,0.9475044,0.96760565,0.9862169,0.98322684,0.976584,0.9798981,0.98331314,0.959891,0.9533664,0.96055436,0.968569,0.9750665,0.9670169,0.9589239,0.9821506,0.9653132,0.9833997,0.9833556,0.9825075,0.97904706,0.9672122,0.97478527,0.9754942,0.9852498,0.9716636,0.975884,0.97532505,0.98546827,0.96168804,0.9578251,0.97381717,0.96869177,0.9536894,0.9701443,0.9714645,0.9773772,0.9779957,0.9752817,0.9833556,0.9710279,0.9594113,0.98010814,0.9679373,0.96529716,0.9549122,0.95870215,0.9817891,0.9835052,0.9611463,0.9846419,0.98001647,0.9715306,0.97591966,0.958702,0.97249067,0.97608286,0.9701155,0.97696996,0.9848723,0.9809012,0.97319305,0.9730953,0.9790455,0.9751139,0.9776691,0.96440023,0.96685255,0.9694731,0.9763552,0.9652081,0.9743921,0.9706159,0.96845406,0.974176,0.97367126,0.9673869,0.9714734,0.96839714,0.9799042,0.970683,0.96892023,0.9806063,0.9697995,0.97453076,0.97925293,0.97849053,0.97552294,0.9794502,0.97336984,0.9759983,0.97551924,0.9617544,0.9757202,0.9652186,0.96618897,0.9627696,0.97083265,0.97354877,0.9666165,0.9660128,0.97371083,0.98425895,0.97428244,0.97255486,0.98639554,0.97541666,0.9752082,0.9794502,0.9847482,0.9744323,0.9520203,0.97525245
angelhasfallen,0.9860132,0.96335363,0.9831872,0.9836599,0.98721457,0.9879162,0.98845124,0.98813903,0.994802,0.9822262,1.0000001,0.9831059,0.9886977,0.9917912,0.9870864,0.9822923,0.9902263,0.9828394,0.9809772,0.9760557,0.982073,0.9891568,0.9872518,0.9859299,0.981387,0.9840199,0.9875326,0.98401946,0.9940136,0.9861123,0.9788255,0.983775,0.98421043,0.9868753,0.9854561,0.97997844,0.9913481,0.99040055,0.9810362,0.98509234,0.97886765,0.98562306,0.97500676,0.98099256,0.98478425,0.9886973,0.98276097,0.9862279,0.97900945,0.9847701,0.99502504,0.98908734,0.9798156,0.96717685,0.9843669,0.9801194,0.9827287,0.9894304,0.9874553,0.99293435,0.9779634,0.9759334,0.9733909,0.9880023,0.9795401,0.9878554,0.9763774,0.9884377,0.982815,0.98563856,0.9937921,0.98481864,0.9787628,0.9862446,0.9895662,0.98426527,0.98530906,0.98888224,0.98545104,0.9897107,0.98290974,0.98797846,0.9792707,0.9780201,0.9871081,0.9731345,0.9860552,0.98135555,0.98894966,0.9867857,0.98120403,0.9937921,0.98424524,0.9823465,0.98999876,0.9889211,0.9898375,0.97392184,0.9836659,0.9886164,0.98662657,0.9816945,0.99064445,0.9874339,0.9787945,0.9925227,0.98355025,0.98517877,0.97841454,0.97609025,0.98858744,0.9912963,0.9868312,0.97620213,0.98860776,0.99179626,0.9876482,0.98648447,0.98165923,0.9857962,0.9829121,0.98599523,0.9850648,0.982123,0.98594624,0.97827643,0.9835986,0.98792255,0.9815626,0.9762971,0.97875226,0.98168045,0.9843673,0.9784521,0.99157774,0.98540384,0.9788895,0.9886188,0.9913205,0.9847563,0.994802,0.99284303,0.98566866,0.9858878,0.97600806,0.98656577,0.9785136,0.98341215,0.9820189,0.985723,0.9853397,0.9804434,0.9832688,0.9833368,0.9857211,0.9814366,0.9891515,0.98671764,0.98829067,0.98790395,0.994802,0.9867261,0.98972535,0.9799548,0.9908751
angrybirdsmovie,0.983615,0.93791467,0.9800116,0.97595704,0.98521227,0.98552376,0.9894416,0.9783347,0.9834059,0.96993464,0.9831059,1.0,0.9768953,0.9789132,0.9739173,0.97508264,0.9757293,0.98178756,0.97731084,0.9612012,0.97415614,0.9792614,0.9787563,0.97424006,0.9665523,0.97568595,0.97723216,0.9724629,0.98199064,0.9794788,0.98122853,0.9754417,0.97859806,0.98607904,0.97325385,0.9682428,0.97592646,0.97601753,0.9794522,0.9742838,0.9614402,0.98790914,0.97053665,0.9821419,0.98108345,0.9744566,0.9709712,0.98340076,0.964702,0.98374647,0.98416644,0.97440016,0.97078586,0.9578415,0.9708384,0.9729633,0.97161853,0.9828579,0.98263603,0.9830349,0.9634845,0.96620846,0.98109233,0.9770485,0.97569895,0.98290884,0.95078856,0.96912616,0.97349954,0.98555756,0.9815836,0.9781657,0.96973556,0.97793347,0.9776034,0.9848211,0.97589153,0.9883026,0.98185897,0.9748505,0.97663033,0.98238397,0.9622805,0.97067916,0.9870714,0.9696839,0.97678053,0.96979535,0.9751126,0.9712536,0.9703678,0.9815836,0.979709,0.97755337,0.98170495,0.9798376,0.98043215,0.96314055,0.9803594,0.9799161,0.9811337,0.9735277,0.97762,0.97420555,0.95836115,0.9813383,0.9683343,0.98185956,0.98600423,0.96662104,0.97645324,0.982133,0.96830195,0.9666236,0.97533506,0.9845036,0.981452,0.982377,0.97239745,0.98102576,0.9735522,0.9747213,0.96198034,0.9857159,0.98179775,0.9717308,0.97698057,0.9775068,0.9895201,0.9723714,0.972601,0.9667493,0.96426827,0.9739004,0.97743905,0.97285575,0.97995824,0.97091305,0.98738045,0.9774099,0.9834059,0.98268664,0.9850602,0.98695934,0.9778695,0.9706105,0.9662751,0.97167784,0.97638786,0.9701122,0.9864,0.97443163,0.97289646,0.96453273,0.9797299,0.965861,0.9836462,0.9845389,0.974595,0.9727883,0.9834059,0.9830312,0.981696,0.9698897,0.9767179
annabellemovie,0.975803,0.97257066,0.9927026,0.9792224,0.9841827,0.97788334,0.9846284,0.982902,0.9918969,0.9723026,0.9886977,0.9768953,1.0000001,0.9842566,0.98624223,0.99006313,0.98602724,0.9764379,0.9706103,0.9792368,0.98584825,0.987665,0.98840374,0.9808263,0.9785231,0.9778558,0.9836155,0.9742314,0.98848677,0.98837644,0.9713981,0.9835702,0.9792463,0.98079574,0.9912888,0.986457,0.98570156,0.99198073,0.97768307,0.9819871,0.97527343,0.985755,0.97413063,0.9834205,0.97658956,0.9853159,0.9835575,0.98090506,0.97109437,0.98696643,0.9925699,0.9839664,0.988594,0.97326887,0.9828292,0.9786464,0.98266274,0.9890312,0.98258775,0.98794585,0.9876964,0.98020506,0.96385896,0.9870248,0.9808428,0.9849418,0.97668976,0.97632575,0.9827639,0.9822535,0.98698413,0.980101,0.97988355,0.9810721,0.98847353,0.9735236,0.97681487,0.98426443,0.98407567,0.9830954,0.9781975,0.9856096,0.9826714,0.98197985,0.9903311,0.9746678,0.98297304,0.99044234,0.98224235,0.975231,0.98825157,0.98698413,0.9729953,0.980231,0.9875628,0.9818996,0.9918881,0.9812225,0.97731787,0.9880338,0.9793783,0.9866199,0.9785314,0.98100656,0.97050256,0.99273914,0.9844915,0.98283255,0.9844057,0.97729015,0.98053753,0.98934466,0.98214036,0.9796482,0.983726,0.982518,0.9796136,0.9830622,0.9863983,0.98103565,0.98808885,0.96851754,0.97653985,0.9753768,0.9858325,0.9683792,0.9871291,0.9848859,0.9782547,0.97175455,0.98363346,0.97899556,0.97837436,0.97513884,0.9865909,0.9889291,0.9717924,0.9785638,0.9845006,0.98006713,0.9918969,0.9884406,0.98378664,0.9828095,0.9779376,0.97957367,0.9823981,0.9901976,0.9825383,0.98185706,0.9867696,0.9841758,0.9813916,0.96792173,0.98200834,0.973666,0.9899547,0.9790651,0.9842384,0.9818531,0.9918969,0.97725695,0.98855823,0.97826153,0.9896987
annamovie,0.9837731,0.962246,0.9806507,0.9797435,0.98346126,0.98423856,0.98476493,0.99050677,0.9916409,0.9815792,0.9917912,0.9789132,0.9842566,1.0,0.9854813,0.97805315,0.9833021,0.9868817,0.9750418,0.9798798,0.9829766,0.9850978,0.98472,0.98769695,0.9726351,0.98359555,0.9850618,0.9849111,0.9878692,0.9823422,0.98069406,0.9794718,0.98692083,0.9853272,0.98173034,0.9736285,0.9882366,0.9865627,0.9781669,0.9808156,0.9820897,0.9775362,0.9709889,0.97201717,0.98146385,0.98059326,0.9808212,0.98898345,0.97691035,0.9780618,0.9908911,0.9849292,0.97640944,0.9623493,0.98084384,0.9704886,0.9831253,0.97892666,0.98673135,0.9886597,0.98255724,0.96855783,0.9752898,0.98653483,0.97305065,0.9850626,0.97194356,0.98200196,0.97751606,0.9822535,0.99055725,0.9831667,0.9677707,0.9819736,0.98362833,0.9783457,0.9810368,0.98255426,0.97799915,0.9882708,0.9783542,0.9799372,0.9725366,0.97462106,0.982894,0.97420174,0.9858942,0.98303473,0.9836266,0.98880374,0.98062396,0.99055725,0.98564893,0.9765159,0.9876516,0.979016,0.9884363,0.96802354,0.98178935,0.98782235,0.9793669,0.97710246,0.9846283,0.9848632,0.98331964,0.98851526,0.9751758,0.97682214,0.97840947,0.96511006,0.9862283,0.9882544,0.98395747,0.9732215,0.98098683,0.9860045,0.9880561,0.9846191,0.97774583,0.9877402,0.98064655,0.983408,0.98274,0.9766795,0.9803148,0.9843253,0.97890365,0.98095727,0.97418594,0.9752787,0.98297375,0.9772565,0.978643,0.9758122,0.9867755,0.9806843,0.9772838,0.9795923,0.9864034,0.9844298,0.9916409,0.9862175,0.9796376,0.9747208,0.96720564,0.98432064,0.9754961,0.98181206,0.9717684,0.98036855,0.98281926,0.98048896,0.9809375,0.98418355,0.987566,0.9822273,0.98881173,0.9879797,0.9868664,0.97990274,0.9916409,0.98832107,0.98754346,0.97834456,0.9913534
apollo11movie,0.9848851,0.96959335,0.98086095,0.98123693,0.9775089,0.97668767,0.9881949,0.9838662,0.992173,0.9673343,0.9870864,0.9739173,0.98624223,0.9854813,1.0000001,0.9819295,0.9849014,0.9800174,0.97624445,0.9874883,0.98130167,0.9862636,0.9881522,0.98869264,0.98177093,0.97936594,0.989831,0.9762839,0.98438185,0.9872174,0.97919136,0.98361254,0.97982866,0.97323024,0.98809606,0.97545576,0.98879707,0.98712957,0.9788542,0.98606485,0.9860752,0.9735676,0.96111757,0.9707868,0.97943646,0.9791242,0.9904353,0.9841168,0.97888815,0.9744533,0.98987883,0.9852154,0.9843684,0.9839473,0.98767376,0.96545213,0.9878507,0.98256576,0.98413604,0.9915104,0.9846114,0.97953814,0.97111624,0.9785375,0.97886133,0.9739279,0.9792783,0.9790358,0.9775093,0.97369355,0.99144113,0.96896255,0.9692103,0.986371,0.98722756,0.9751136,0.9729193,0.9835843,0.97594243,0.98582643,0.9668363,0.9868249,0.9811977,0.9831221,0.9853707,0.9737797,0.9784294,0.9817714,0.9798295,0.98004586,0.98608917,0.99144113,0.9749403,0.9800563,0.98974085,0.9923434,0.98668027,0.96994936,0.987876,0.98027724,0.976811,0.9876061,0.9792659,0.992582,0.9797622,0.9925801,0.9817107,0.9755811,0.9793119,0.97346956,0.9863037,0.9883287,0.98034364,0.97523063,0.9792966,0.9835244,0.9855551,0.9842405,0.9828055,0.9876112,0.98351806,0.9787269,0.9866059,0.9674678,0.98876315,0.9717169,0.98062694,0.98460424,0.9694982,0.9603172,0.9840459,0.9702578,0.9780305,0.9733308,0.9845455,0.98363376,0.9692332,0.9761298,0.99186635,0.9816846,0.992173,0.9867892,0.9827112,0.9704484,0.9630643,0.9816406,0.98179513,0.98616314,0.9768401,0.9851767,0.9888579,0.97483253,0.98291564,0.97641104,0.9829692,0.9869614,0.98856544,0.979217,0.97923166,0.9784852,0.992173,0.9739746,0.98888695,0.9831691,0.99229985
arcticdogsmovie,0.97477186,0.9840425,0.98315537,0.98366916,0.97985417,0.9789952,0.9809951,0.9687942,0.988211,0.9652242,0.9822923,0.97508264,0.99006313,0.97805315,0.9819295,1.0000001,0.98022634,0.9732704,0.9691782,0.97854155,0.9805859,0.97890526,0.9855005,0.9840127,0.98200095,0.967102,0.979317,0.9620902,0.98070097,0.9867618,0.96396244,0.97313637,0.9796212,0.9767585,0.9865566,0.97768116,0.9850373,0.9755826,0.97984606,0.97186303,0.97686076,0.9819426,0.96327937,0.97620046,0.9764658,0.977115,0.982862,0.97401464,0.97209114,0.98141754,0.9861954,0.9751455,0.9836016,0.9720876,0.96604276,0.97916037,0.97637576,0.98883915,0.97310257,0.9801241,0.9825729,0.978973,0.9640032,0.9894378,0.98172104,0.97910583,0.9680551,0.9684785,0.97910863,0.98106956,0.97796047,0.97183216,0.9818963,0.97519505,0.99118596,0.9615752,0.9693021,0.98325783,0.97749823,0.97640854,0.9686099,0.97762305,0.9893942,0.98183155,0.9793554,0.97060215,0.9766331,0.98139745,0.97157437,0.96694124,0.98087287,0.97796047,0.96259016,0.9718635,0.9854319,0.9819742,0.9884261,0.9791198,0.97546864,0.98595107,0.9797471,0.9896311,0.97022754,0.9767957,0.9668933,0.98617,0.9819567,0.9842827,0.9839783,0.96702015,0.9735432,0.98343706,0.9740068,0.96984863,0.97264445,0.97595644,0.97671217,0.9842458,0.9770986,0.977426,0.9900126,0.96416277,0.9730473,0.9733624,0.98559827,0.9622423,0.9770368,0.9797031,0.97923476,0.9587168,0.98169905,0.96906877,0.96438825,0.9639205,0.98289883,0.98830533,0.96855897,0.97514886,0.980332,0.97674656,0.988211,0.9827443,0.9790749,0.9848459,0.98404044,0.9722185,0.97704166,0.9864447,0.9902163,0.9739888,0.98192364,0.97480583,0.9722216,0.9596278,0.97688407,0.9683661,0.9858918,0.9692502,0.9727149,0.9710838,0.988211,0.97195005,0.98787326,0.97936535,0.981655
arcticmovie,0.9845839,0.9610431,0.98458564,0.97863925,0.97746986,0.98327667,0.9899615,0.9814168,0.9951203,0.969802,0.9902263,0.9757293,0.98602724,0.9833021,0.9849014,0.98022634,0.9999999,0.97625184,0.98883563,0.9796259,0.9852483,0.9837149,0.98984796,0.9815663,0.9814893,0.98377407,0.9814185,0.9908764,0.9857656,0.9795598,0.98121476,0.9853497,0.9771038,0.9744783,0.98177046,0.9784696,0.9923723,0.98446125,0.9818028,0.9851671,0.97990113,0.9785011,0.9707265,0.98152167,0.9871526,0.9876808,0.9850221,0.98610526,0.97986466,0.9835052,0.98659444,0.9873211,0.98060656,0.9777613,0.98490685,0.96847147,0.98324996,0.9845189,0.98955023,0.9923411,0.9816746,0.96688443,0.97566503,0.97758013,0.98507506,0.9820173,0.98049694,0.98731947,0.97094345,0.9792819,0.99325204,0.9699992,0.9717257,0.9923983,0.9844269,0.9857477,0.96768975,0.98098123,0.9741833,0.9917968,0.9597629,0.9879882,0.9836686,0.9753743,0.9868569,0.97781104,0.9722772,0.9825083,0.9921162,0.9913873,0.97383666,0.99325204,0.9830133,0.9890967,0.98746943,0.9826783,0.98767155,0.9820794,0.9853539,0.98120177,0.9806813,0.9843511,0.9813338,0.98865366,0.9772127,0.9903359,0.97939944,0.97462636,0.97980106,0.9744303,0.98660874,0.9845695,0.98543173,0.9708532,0.98941106,0.9835665,0.98313695,0.9765314,0.9828764,0.985824,0.97992355,0.98631823,0.98540527,0.97810656,0.98663175,0.9748149,0.9903806,0.98486906,0.969293,0.97627366,0.985765,0.97266585,0.9913947,0.9786374,0.9888798,0.9808222,0.967243,0.97963226,0.99198586,0.98906004,0.9951203,0.98543483,0.9848136,0.97232246,0.9691545,0.9890569,0.98348844,0.98088914,0.97402114,0.9822721,0.9836039,0.9750325,0.9880075,0.96830225,0.9824876,0.98085237,0.98339283,0.98466456,0.9876382,0.9866881,0.9951203,0.9739701,0.9850222,0.97996837,0.9888067
artofracingmovie,0.98662996,0.95111835,0.9736957,0.9738271,0.99036616,0.9814536,0.98534065,0.98652077,0.986394,0.98648983,0.9828394,0.98178756,0.9764379,0.9868817,0.9800174,0.9732704,0.97625184,0.99999994,0.9731435,0.9741003,0.97406894,0.98459005,0.97710496,0.98029506,0.9784464,0.9878186,0.9833729,0.9764345,0.9826583,0.9734082,0.9817426,0.978631,0.9743303,0.98468757,0.9774901,0.97304267,0.9869746,0.97787416,0.9845997,0.9818685,0.9725668,0.9745004,0.96565443,0.97496426,0.9843194,0.97392994,0.9722543,0.9826343,0.9746782,0.9769096,0.98378044,0.9816928,0.9730726,0.9649269,0.97044796,0.97855973,0.9834891,0.9775208,0.98309654,0.984318,0.9696084,0.95668614,0.98026496,0.97636783,0.9741695,0.97184753,0.9608791,0.9803789,0.97166026,0.9826717,0.9863707,0.9760582,0.9740671,0.9771876,0.9825505,0.9771571,0.984502,0.97828263,0.9737857,0.9820436,0.9787293,0.97434586,0.9649947,0.9791761,0.9804671,0.9685991,0.9770937,0.97959995,0.9794712,0.9796124,0.97614324,0.9863707,0.9818244,0.97783947,0.98798335,0.97982436,0.97907346,0.96580255,0.97525275,0.9869499,0.9835436,0.973562,0.97893864,0.98431903,0.9768652,0.9820793,0.9698391,0.97681004,0.98376083,0.97012055,0.9843628,0.9867331,0.98061854,0.9759716,0.969622,0.98484063,0.9885767,0.98191386,0.97517645,0.9865889,0.97772574,0.9842079,0.9695802,0.9762447,0.97828317,0.97781724,0.9776497,0.97686857,0.9810256,0.9757604,0.9791587,0.98042107,0.9664789,0.9775504,0.9830112,0.97083783,0.9804512,0.9746127,0.9874149,0.9897136,0.986394,0.9779452,0.98291135,0.9775649,0.96321976,0.9764579,0.97091997,0.9748842,0.97583973,0.9738674,0.9864775,0.97562,0.9767806,0.9713776,0.98676395,0.9749497,0.98106045,0.9890032,0.9832049,0.97545016,0.986394,0.98750675,0.9837492,0.9719025,0.98472357
avengers,0.9930142,0.9504898,0.97084033,0.9799278,0.972341,0.9818676,0.98589826,0.9800503,0.98813903,0.9591097,0.9809772,0.97731084,0.9706103,0.9750418,0.97624445,0.9691782,0.98883563,0.9731435,1.0,0.97541064,0.9747174,0.96961653,0.98033786,0.9817434,0.96733654,0.97173953,0.9711741,0.98533124,0.9772543,0.9763144,0.99102455,0.9698818,0.9773986,0.9654345,0.9671415,0.96311593,0.9842297,0.9750528,0.9734564,0.97088957,0.9752285,0.9698157,0.9656873,0.97436726,0.9846699,0.97781515,0.97684413,0.9774223,0.9730855,0.97764724,0.97842544,0.97266984,0.9638351,0.9724961,0.9728881,0.9545561,0.96989703,0.970275,0.9847665,0.98367083,0.9671122,0.94796103,0.9809763,0.9693131,0.9711773,0.97478616,0.9699626,0.9726997,0.96416456,0.9763249,0.98653424,0.9648266,0.95713514,0.9880053,0.97330964,0.98453087,0.96322376,0.9772795,0.969768,0.98364973,0.95463294,0.9858731,0.9714445,0.9647861,0.97683704,0.9773033,0.970353,0.96661586,0.97950834,0.9807609,0.96030676,0.98653424,0.97634387,0.98806703,0.97988003,0.9775367,0.98292637,0.9744853,0.98514473,0.96963215,0.97598886,0.97405785,0.97541165,0.98171765,0.96814585,0.9835223,0.97057754,0.96800673,0.9695252,0.95912355,0.9866865,0.97407115,0.97155887,0.95800924,0.97140044,0.9826134,0.9873837,0.964918,0.9764608,0.98523456,0.97116274,0.9828769,0.9778539,0.9752909,0.9812936,0.98227453,0.9716015,0.9789292,0.96275485,0.9726851,0.97404844,0.96631104,0.97966915,0.97315145,0.9798553,0.9753751,0.9675974,0.9631981,0.9859457,0.9879,0.98813903,0.9734677,0.9815773,0.96784335,0.9630336,0.97356796,0.96909946,0.9699338,0.96913695,0.97123086,0.97515625,0.966804,0.98452085,0.9675469,0.9711219,0.9700499,0.9724222,0.98359364,0.9802546,0.97118914,0.98813903,0.9676395,0.9803296,0.9756064,0.97652906
beachbummovie,0.979477,0.9671303,0.9711652,0.9707018,0.97058797,0.9737553,0.97866046,0.9774262,0.98801816,0.95875686,0.9760557,0.9612012,0.9792368,0.9798798,0.9874883,0.97854155,0.9796259,0.9741003,0.97541064,1.0000001,0.9774407,0.97333676,0.9843771,0.9884528,0.9757824,0.97446203,0.97608626,0.9728691,0.97182083,0.97216964,0.97550976,0.9773798,0.9757339,0.96264505,0.98006934,0.973079,0.98647255,0.9721998,0.97940856,0.9701698,0.99247015,0.9605402,0.9540155,0.96309704,0.97938806,0.97535133,0.9881983,0.97540736,0.9816562,0.9682463,0.98015577,0.98175037,0.9767468,0.973378,0.9690665,0.9603054,0.9798368,0.97066957,0.9749639,0.9826839,0.992126,0.9570898,0.9676122,0.9762159,0.97660595,0.97468364,0.9760168,0.97439116,0.96255773,0.9738861,0.9848299,0.9644808,0.96463096,0.9795537,0.9833159,0.961707,0.9643383,0.9742937,0.96221626,0.97939575,0.95552975,0.97519654,0.98526186,0.9757175,0.9712048,0.9798081,0.97190946,0.98016554,0.9772596,0.9787517,0.9741204,0.9848299,0.97014236,0.97540843,0.9811195,0.97370625,0.985834,0.9794069,0.9783814,0.97781163,0.972306,0.9844385,0.9649469,0.9812774,0.97754097,0.9832723,0.9720823,0.9626507,0.96701926,0.9631485,0.9812308,0.9792692,0.9756571,0.9737347,0.96877265,0.9710837,0.9832939,0.97712106,0.9824331,0.9792842,0.98496944,0.97272843,0.98129267,0.9648325,0.97197604,0.9720264,0.97467375,0.9791029,0.9622054,0.9609582,0.98679316,0.9659606,0.96436894,0.9742906,0.97786826,0.97552127,0.96486056,0.96830875,0.98190296,0.98677033,0.98801816,0.9729089,0.97736585,0.9612614,0.9542373,0.9801239,0.98105603,0.9814107,0.96998554,0.97301793,0.9746509,0.9719069,0.9815037,0.96328294,0.9821337,0.9776098,0.984976,0.97533274,0.9763311,0.97114587,0.98801816,0.9704725,0.97553045,0.9818125,0.98867273
bernadettefilm,0.9759894,0.9614766,0.98842627,0.97372943,0.9817271,0.9676166,0.97860986,0.9780832,0.98869616,0.970847,0.982073,0.97415614,0.98584825,0.9829766,0.98130167,0.9805859,0.9852483,0.97406894,0.9747174,0.9774407,1.0,0.9810463,0.97614413,0.9766898,0.97170633,0.97125846,0.9785948,0.97651553,0.9779118,0.9823466,0.97757244,0.98400384,0.9730031,0.9678527,0.9771579,0.96940136,0.98512286,0.97868276,0.9759625,0.9773172,0.97705144,0.98001164,0.9728799,0.98005193,0.9717587,0.98617375,0.97273153,0.9789122,0.97334814,0.9847277,0.9850816,0.98353916,0.9737632,0.97104466,0.97449386,0.97113377,0.98009187,0.9818693,0.97901076,0.98788893,0.98191816,0.9626503,0.9611578,0.9777135,0.98701626,0.9822036,0.97528094,0.97503203,0.96736646,0.9785019,0.98703647,0.9734641,0.9681599,0.97618747,0.9784116,0.97719157,0.962947,0.9810001,0.9736883,0.97859013,0.9731898,0.97903645,0.9754989,0.97250104,0.97687197,0.98035914,0.96760184,0.9875621,0.9794051,0.9816888,0.9769062,0.98703647,0.9699855,0.96830714,0.98071927,0.97335166,0.9812582,0.96867746,0.9765994,0.97486573,0.97853655,0.98051035,0.97971064,0.98053056,0.96115446,0.9871864,0.9716524,0.9683298,0.9749027,0.9725629,0.9751192,0.9773724,0.9745704,0.96820325,0.9828317,0.9809513,0.97813845,0.9730707,0.98051363,0.9716261,0.97964483,0.96894825,0.9732039,0.9717592,0.9867985,0.96110415,0.9798804,0.9736,0.9682379,0.97262436,0.9892551,0.9645495,0.9766715,0.9759733,0.98262006,0.98231703,0.9680846,0.9750522,0.9848278,0.98340786,0.98869616,0.9818628,0.9840324,0.9722323,0.96431834,0.9827706,0.9752982,0.9777074,0.964958,0.9705437,0.97845805,0.98060834,0.98520046,0.9563721,0.9891675,0.9803234,0.98197466,0.9866228,0.9742464,0.97161216,0.98869616,0.96557415,0.9756315,0.9609445,0.98067135
