movie,21bridgesmovie,47metersdown,abeautifuldaymovie,abominablemovie,adastramovie,adogsjourneymovie,aftermathmovie,aftermovie,ahiddenlifefilm,alitamovie,angelhasfallen,angrybirdsmovie,annabellemovie,annamovie,apollo11movie,arcticdogsmovie,arcticmovie,artofracingmovie,avengers,beachbummovie,bernadettefilm,blackandbluemovie,blackchristmas,blindedbythelightmovie,bombshellmovie,booksmart,breakthroughmovie,brianbanksmovie,brightburnmovie,brittanyrunsmov,captainmarvelofficial,captivestatemovie,catsmovie,charliesangels,childsplaymovie,clarathefilm,coldpursuitmovie,countdown,currentwarmovie,darkwatersmovie,detectivepikachumovie,disneyaladdin,disneyfrozen,disneymaleficent,doctorsleepmovie,dolemiteismyname,dontletgomovie,doramovie,downtonabbey_official,dumbo,escaperoom,everybodyknowsmovie,fastandfuriousmovie,fightingwmyfam,fivefeetapartfilm,fordvferrari,freaksthefilm,geminimanmovie,glassmovie,gloriabellmovie,godzillamovie,goldfinchmovie,goodboysmovie,goodliarmovie,gretafilm,halathemovie,happydeathdaymovie,harrietfilm,hellboymovie,hersmellmovie,highlifemovie,highstrungmovie,honeyboymovie,hotelmumbaifilm,httydragon,hustlemovie,hustlersmovie,isntitromantic,itmovieofficial,jayandsilentbob,johnwickmovie,jojorabbitmovie,jokermovie,judythefilm,jumanjimovie,justmercyfilm,knivesout,lalloronamovie,lastblackmansf,lastchristmasthemovie,latenightmovie,lighthousemovie,lionking,littlethemovie,littlewomenmovie,littlewoodsfilm,longshotmovie,lordsofchaosmovie,lucyintheskyfilm,mamovie2019,marriagestory,meettheaddams,meninblack,midsommarmovie,midwaymovie,missbalamovie,missinglinkfilm,motherlessbklyn,onceinhollywood,onthebasisofsex,overcomermovie,peanutbutterfalcon,petsematarymovie,piercingmovie,playingwithfire,playmobilthemovie,pomsmovie,queenandslim,rambomovie,readyornotfilm,richardjewellfilm,rocketmanmovie,scarystoriesmovie,secretlifeofpets,serenityfilm,shaftmovie,shazammovie,spidermanmovie,spiesindisguise,starwars,stormboymovie,stubermovie,taosdfilm,teenspiritmov,terminator,theaeronautsmov,thebestofenemies,thedeaddontdie,thefarewell,thehighwaymen,thehummingbirdprojectfilm,theintrudermovie,theirishmanfilm,thekitchenmovie,thelegomovie,themustangfilm,thenightingalefilm,theprodigymovie,thesunisalsoastar,theupsidefilm,tolkienmovie,toystory,triplefrontier,uglydolls,uncutgems,underthesilverlake,usmovie,wavesmovie,whatmenwant,wonderparkmovie,wrinklestheclown,xmenmovies,yardiefilm,yesterdaymovie,zombieland
21bridgesmovie,1.0,0.98336333,0.99943775,0.9936567,0.99364203,0.989789,0.9994352,0.99764335,0.9987291,0.99550635,0.9825386,0.9887237,0.9967838,0.9960192,0.99866176,0.996065,0.9976606,0.9988726,0.999061,0.99335504,0.99148643,0.9956098,0.99620354,0.9967593,0.99096364,0.9892243,0.996169,0.9995555,0.9957406,0.9954408,0.9959995,0.9963961,0.9933854,0.98101974,0.99009615,0.9719536,0.9969779,0.9977285,0.99656767,0.9982162,0.9942201,0.9953147,0.9979814,0.9954618,0.9987791,0.989646,0.9961025,0.9986153,0.99330395,0.99592936,0.9920669,0.9975702,0.9889768,0.9920337,0.99596924,0.9972003,0.995047,0.9910341,0.9931779,0.99574065,0.99746114,0.9892067,0.9863815,0.9963809,0.98906106,0.9888403,0.99378085,0.9937146,0.9872613,0.9797607,0.99656034,0.9822739,0.9959405,0.9979476,0.9892043,0.9994103,0.9772612,0.9973284,0.99657667,0.99594647,0.97575706,0.99584436,0.9993766,0.9911571,0.9926714,0.98629415,0.98589605,0.9958634,0.9947764,0.9973981,0.9889769,0.99656034,0.99069965,0.9910497,0.98861593,0.9962714,0.981651,0.9949613,0.9993135,0.99170125,0.99474645,0.9814437,0.9869026,0.99559057,0.9970267,0.9935677,0.9997585,0.99795353,0.98476744,0.9942165,0.99952775,0.99231774,0.9942245,0.9940791,0.99651915,0.9982036,0.9982583,0.9815524,0.9971028,0.99320817,0.9966639,0.9971834,0.9980769,0.96739787,0.9953529,0.9992491,0.9933649,0.9742044,0.99663115,0.9973723,0.9971104,0.9950043,0.99818254,0.98775953,0.9936617,0.99299765,0.99471277,0.98970276,0.9968474,0.9891332,0.9987291,0.99747694,0.9988589,0.9967989,0.9973745,0.99227756,0.9832115,0.9880674,0.99821806,0.9878875,0.9990014,0.9992415,0.9965792,0.9826704,0.9889134,0.9990793,0.995283,0.99535275,0.99575377,0.9974864,0.9987291,0.9932898,0.99486566,0.9954149,0.99351734
47metersdown,0.98336333,1.0000001,0.98376274,0.98693025,0.97036725,0.99726206,0.97855365,0.9889305,0.98958474,0.9841964,0.99569994,0.9928347,0.9853208,0.98046064,0.987394,0.99330515,0.98039705,0.985744,0.9868456,0.99210906,0.9830133,0.99058974,0.9853229,0.99048245,0.9968803,0.9852373,0.9741688,0.9813636,0.98751163,0.9796599,0.9862185,0.97568107,0.9919261,0.9801189,0.98095435,0.9964259,0.9900024,0.97756344,0.99317986,0.97969735,0.9616741,0.99214286,0.9768128,0.9903147,0.9849244,0.99235183,0.9842261,0.9823078,0.9901539,0.9888099,0.9879374,0.987321,0.974884,0.97889125,0.97318673,0.9802866,0.9917819,0.98806804,0.968183,0.98308504,0.9777252,0.9814119,0.99759364,0.9800994,0.9898609,0.9950938,0.99425757,0.9875308,0.99280447,0.9872768,0.98910326,0.9932866,0.9934299,0.9766926,0.9951314,0.9848888,0.98994327,0.9787745,0.98047066,0.98488003,0.98921245,0.9893242,0.98261386,0.9929521,0.9886381,0.9852464,0.9959929,0.9923743,0.9898335,0.9901697,0.97570837,0.98910326,0.99122775,0.9930349,0.98809785,0.9919886,0.9895446,0.97891575,0.98704654,0.98395264,0.9858706,0.98871857,0.9944074,0.9910686,0.98307127,0.98957986,0.98224217,0.97193253,0.99595934,0.96826833,0.98242974,0.9877451,0.9856608,0.9878498,0.9848575,0.9917152,0.9812996,0.9871577,0.989363,0.9818273,0.97626793,0.98817116,0.986722,0.98847926,0.9793487,0.9878268,0.99049956,0.9877391,0.9890262,0.97582304,0.9816164,0.9922975,0.981339,0.98973215,0.986987,0.9764627,0.977022,0.9839918,0.98813236,0.9798128,0.98958474,0.98501927,0.9870806,0.9830181,0.98406935,0.9940113,0.9969956,0.98368466,0.97825485,0.9780328,0.9820581,0.9847609,0.97584194,0.9905226,0.9934458,0.98364425,0.9836025,0.98627734,0.97810006,0.97824043,0.98958474,0.9783959,0.9925,0.98492444,0.98247486
abeautifuldaymovie,0.99943775,0.98376274,0.99999994,0.9965578,0.992978,0.99148387,0.9991818,0.99865985,0.9991119,0.99386984,0.98476624,0.991963,0.99833226,0.9982057,0.99823165,0.9968765,0.9951037,0.99968636,0.9977063,0.9951663,0.99501103,0.9975288,0.99752414,0.9975415,0.9923904,0.99198073,0.9951905,0.9986568,0.9978101,0.9970382,0.99695724,0.9982858,0.99514294,0.98576427,0.9910077,0.9748341,0.998424,0.99764603,0.9975998,0.9988806,0.99249643,0.99455273,0.9963643,0.99459416,0.99831915,0.9922976,0.9976043,0.9971596,0.99565303,0.99441475,0.99528515,0.99826986,0.99230456,0.99315614,0.9949994,0.9979193,0.99583536,0.9924519,0.9923175,0.996326,0.9968416,0.9925346,0.987095,0.9981355,0.99272877,0.99107623,0.99202603,0.99642473,0.98945963,0.9843612,0.99684834,0.9847153,0.9960517,0.99836874,0.9917786,0.9989471,0.9813505,0.99662703,0.99845135,0.9959883,0.9807885,0.9974488,0.9999085,0.99343634,0.9956162,0.9901624,0.98868763,0.9970233,0.99579024,0.9986072,0.99169886,0.99684834,0.9919807,0.9930756,0.9924829,0.99777216,0.985781,0.9964484,0.99964726,0.994514,0.9972337,0.98582697,0.98998547,0.99672824,0.9986493,0.9962919,0.9997387,0.99800956,0.98596346,0.99265057,0.9994162,0.99554646,0.9960706,0.993986,0.9982089,0.99751556,0.99871373,0.9861652,0.9984152,0.9959281,0.998109,0.9982916,0.99631065,0.97283244,0.99735296,0.999568,0.99485683,0.97962314,0.9964098,0.9959877,0.99800766,0.9948424,0.997504,0.98779434,0.99417317,0.99495554,0.9969224,0.9935055,0.9973508,0.99186325,0.9991119,0.998626,0.9996467,0.99880373,0.99909836,0.99396276,0.9852155,0.99172866,0.999091,0.9901797,0.99989855,0.9993978,0.99483144,0.98489934,0.9906177,0.9981846,0.9973568,0.9944859,0.9964267,0.9982041,0.9991119,0.9943684,0.9967469,0.9978707,0.9961922
abominablemovie,0.9936567,0.98693025,0.9965578,1.0,0.9831676,0.99558336,0.99325764,0.9968122,0.9964636,0.9869561,0.9922298,0.9981726,0.9966887,0.9976789,0.9929781,0.9963268,0.9850712,0.9969054,0.9917599,0.9964593,0.9991745,0.9988012,0.99798715,0.995577,0.9945472,0.99404556,0.98602706,0.99136394,0.9987915,0.99400884,0.9939539,0.9957111,0.9969093,0.995561,0.9872636,0.98493403,0.998885,0.99078566,0.9974506,0.9944867,0.98001784,0.9926059,0.9874882,0.99224025,0.99435854,0.9975826,0.99789524,0.9891089,0.99860007,0.9902955,0.9996367,0.9951746,0.9939984,0.9887092,0.9857881,0.9930494,0.9940873,0.9911372,0.98186773,0.99257374,0.989154,0.99409693,0.99105227,0.9964777,0.99883413,0.9962776,0.9872702,0.99829096,0.99527353,0.99295837,0.9931911,0.98878616,0.99353105,0.9925725,0.99736845,0.99331075,0.9893702,0.9912246,0.9966902,0.99137574,0.99239194,0.99854046,0.99599946,0.9960606,0.9985097,0.99725986,0.99450773,0.99718666,0.99518734,0.9976985,0.9903218,0.9931911,0.99538934,0.99739695,0.9988885,0.9985296,0.9954018,0.9933034,0.9966054,0.9986445,0.9993192,0.9951045,0.99692154,0.99557656,0.998463,0.9990955,0.9945844,0.99080795,0.9887343,0.9810023,0.9947449,0.99927825,0.994924,0.98927724,0.99815315,0.9936286,0.9936437,0.9941374,0.99735814,0.9986304,0.9942953,0.9963502,0.98951477,0.986127,0.99526995,0.9967481,0.9971307,0.99132645,0.9919965,0.9887512,0.9940693,0.9913259,0.99007624,0.9875602,0.99053687,0.99197966,0.9948497,0.9974643,0.9938743,0.9958532,0.9964636,0.9966933,0.9973475,0.99800026,0.99826723,0.99522674,0.99075735,0.99564594,0.9946306,0.98848784,0.99670905,0.99586594,0.9850728,0.9871093,0.99185663,0.99111027,0.9964252,0.9878118,0.9911268,0.9935166,0.9964636,0.99106944,0.99831057,0.99942327,0.99861944
adastramovie,0.99364203,0.97036725,0.992978,0.9831676,0.99999994,0.97697234,0.9934222,0.9933833,0.9923111,0.9901663,0.96341306,0.9768635,0.99426466,0.99015594,0.9949531,0.9889716,0.99244183,0.99339926,0.99013203,0.9868261,0.9822895,0.9880243,0.9822657,0.9930619,0.9834614,0.9849167,0.9968887,0.9958001,0.98849446,0.99644154,0.99583316,0.99369943,0.9853391,0.9625318,0.9922424,0.9552859,0.98735005,0.99743026,0.9888256,0.99533397,0.9957507,0.9803041,0.99241215,0.9798494,0.9873306,0.9753121,0.9832901,0.9946289,0.98358554,0.98118246,0.98197275,0.9952031,0.98581284,0.99692744,0.9963021,0.99766713,0.99237776,0.99191266,0.9987895,0.9923441,0.99761784,0.9902095,0.96808034,0.9911762,0.97906196,0.9740718,0.9859274,0.9892634,0.9698502,0.9709227,0.99497527,0.97933555,0.9914652,0.9963838,0.9758146,0.9952177,0.9707068,0.98731464,0.9933465,0.9930179,0.9627438,0.98536086,0.99383,0.9859841,0.98720527,0.9727848,0.97646046,0.98807746,0.9867145,0.9916088,0.99403024,0.99497527,0.9715264,0.9752197,0.97761935,0.9874521,0.96555316,0.99435526,0.9914464,0.97622937,0.98473394,0.96890974,0.97306305,0.99246836,0.9865198,0.9864895,0.9944957,0.9963741,0.977316,0.99843043,0.99139357,0.98496383,0.9939916,0.9947056,0.987005,0.99015856,0.99737984,0.9744429,0.99248743,0.9814284,0.9961765,0.99361515,0.9894349,0.9557877,0.99525326,0.99093467,0.97821635,0.96374,0.9945284,0.98619384,0.9965112,0.9926962,0.9982374,0.97731304,0.9941902,0.99639916,0.9949257,0.9859095,0.9954888,0.9718434,0.9923111,0.99116606,0.99196625,0.9924941,0.9913063,0.9877909,0.97195685,0.98312986,0.99603426,0.9937867,0.99332815,0.9902231,0.99411094,0.9830999,0.98679644,0.9967862,0.99393064,0.9961065,0.99674034,0.9947835,0.9923111,0.9901452,0.9875472,0.98704606,0.98177975
adogsjourneymovie,0.989789,0.99726206,0.99148387,0.99558336,0.97697234,1.0,0.9872621,0.9946442,0.9950652,0.98876476,0.9982226,0.99824005,0.99264777,0.98965186,0.99121934,0.99761623,0.98333114,0.9924802,0.9913589,0.9956355,0.99366444,0.9971786,0.9938124,0.9952082,0.99879724,0.9899028,0.97948956,0.9870931,0.99565446,0.98802996,0.9916718,0.9863015,0.9978228,0.9912287,0.9836456,0.9953232,0.9968402,0.98416674,0.99772936,0.98872805,0.9699337,0.99543065,0.9820843,0.9942325,0.99174076,0.99711406,0.9923327,0.9861494,0.99755746,0.992308,0.9956539,0.99301094,0.9873562,0.9840931,0.9787338,0.9873041,0.99464095,0.990629,0.9742188,0.9876752,0.9850192,0.9888011,0.9978387,0.9885279,0.99701643,0.99821365,0.9937948,0.9947478,0.9982573,0.9916802,0.99250185,0.9946377,0.995419,0.98469144,0.9993327,0.9908361,0.99153554,0.98754036,0.98916554,0.9881617,0.9948059,0.99683124,0.9903094,0.997414,0.995548,0.99505067,0.99805075,0.99769557,0.9932241,0.9958044,0.9836207,0.99250185,0.9961266,0.99767536,0.99559844,0.9971535,0.99656105,0.9859289,0.99316114,0.99325913,0.99389315,0.9960681,0.99887204,0.99527,0.9927716,0.9962703,0.98936987,0.98178726,0.99685264,0.9739639,0.9895037,0.9953887,0.9914517,0.9894645,0.9924029,0.99507016,0.9883625,0.99236196,0.9950807,0.9929011,0.9860482,0.99347997,0.9891924,0.9910608,0.98837125,0.9937817,0.9955746,0.99262583,0.9928189,0.98281616,0.98946387,0.993795,0.986546,0.9937019,0.989398,0.98522985,0.98657936,0.99287677,0.9924703,0.9889652,0.9950652,0.9914482,0.9935173,0.9918933,0.99304515,0.9970763,0.99846435,0.99024206,0.98744494,0.98482215,0.9905274,0.9913943,0.97996783,0.99069,0.99492085,0.9886194,0.9914939,0.9879661,0.98440945,0.98580855,0.9950652,0.98393774,0.99784523,0.9943711,0.991597
aftermathmovie,0.9994352,0.97855365,0.9991818,0.99325764,0.9934222,0.9872621,1.0000001,0.9965114,0.99768895,0.9952346,0.97972155,0.9867495,0.99634427,0.9957046,0.9967449,0.9945801,0.9957356,0.99800396,0.99797976,0.9905468,0.99218106,0.994771,0.99607897,0.9954025,0.9881578,0.98635083,0.9947409,0.998643,0.9956797,0.99551797,0.9948893,0.99709076,0.9926252,0.9814621,0.9868369,0.9673814,0.99627835,0.99686205,0.99493045,0.99892586,0.9944802,0.9935355,0.9966447,0.9939686,0.9984787,0.98715204,0.9953967,0.99678206,0.99294204,0.99439275,0.99099666,0.99662554,0.9911471,0.99045926,0.9945739,0.9965975,0.99258035,0.98810935,0.9922586,0.99339634,0.99783885,0.9881595,0.98260206,0.99570185,0.9879127,0.98578197,0.99075925,0.99282616,0.9860192,0.976501,0.99443835,0.9793295,0.9932547,0.9975963,0.98689926,0.9988753,0.9729841,0.99838614,0.99624425,0.9932122,0.97382045,0.99561447,0.99902683,0.9894237,0.9915568,0.9867644,0.982506,0.9947984,0.9918063,0.99612504,0.9884226,0.99443835,0.9887716,0.98875415,0.9872874,0.99451756,0.98060477,0.9937021,0.9982371,0.99135435,0.9938274,0.980698,0.9846036,0.9937786,0.9975333,0.99230933,0.9992932,0.99883693,0.9821507,0.9933399,0.99890184,0.99135,0.9928117,0.9910922,0.9954667,0.99649644,0.9978034,0.9788488,0.9958351,0.9942949,0.9972551,0.99561083,0.9956748,0.9637716,0.9955188,0.99814093,0.991197,0.97151864,0.9952665,0.99681795,0.9972461,0.9922906,0.9971745,0.98719215,0.9907662,0.99321264,0.9949237,0.98949504,0.9951973,0.9882959,0.99768895,0.9960577,0.99783516,0.9968034,0.99764425,0.98985815,0.980468,0.9859766,0.9987035,0.98735607,0.9989846,0.9983246,0.9946772,0.97861403,0.9857213,0.99807304,0.99495536,0.9926734,0.9944722,0.99670124,0.99768895,0.99101996,0.9933952,0.9957106,0.9929138
aftermovie,0.99764335,0.9889305,0.99865985,0.9968122,0.9933833,0.9946442,0.9965114,1.0000001,0.9995698,0.99398017,0.98753285,0.9947033,0.9996281,0.9972361,0.99862635,0.99898905,0.99292845,0.999323,0.9962016,0.99768865,0.99548364,0.9990618,0.9952821,0.9997286,0.99673533,0.9944555,0.99380463,0.99711895,0.9986823,0.99829805,0.9993106,0.9970026,0.99760646,0.985501,0.99374413,0.9814517,0.9986758,0.9967312,0.99929357,0.99809456,0.98847604,0.9936822,0.9931239,0.9929805,0.99576855,0.99360335,0.9953013,0.9958289,0.9972078,0.992405,0.996323,0.99977636,0.9933786,0.996027,0.9932538,0.99840224,0.99899894,0.9968071,0.9917502,0.99638194,0.9964619,0.99611133,0.98915607,0.99702656,0.99532133,0.9931371,0.9942119,0.9986957,0.99087256,0.98891485,0.9991255,0.99215335,0.9987293,0.9968855,0.9944208,0.9985308,0.98791975,0.99341476,0.99814844,0.9965322,0.9861409,0.997686,0.9985091,0.9976452,0.99817425,0.9914409,0.99364656,0.9988245,0.9965559,0.99988186,0.99499106,0.9991255,0.9910242,0.99365807,0.99431545,0.9988547,0.98857003,0.99674773,0.99865806,0.9928034,0.9968183,0.9897032,0.9930055,0.99956065,0.9967909,0.99827754,0.99811673,0.99532974,0.9919317,0.99127156,0.99692386,0.99738085,0.9987836,0.99709874,0.9969955,0.9979682,0.998754,0.99085367,0.99993086,0.99467915,0.9975813,0.999665,0.99478465,0.9805599,0.99824536,0.9986804,0.9941647,0.98568547,0.9986071,0.9909967,0.99877757,0.99813384,0.99762875,0.99035335,0.9972015,0.9968351,0.9974304,0.9964019,0.99945945,0.98892474,0.9995698,0.99808186,0.9991875,0.9989588,0.99885744,0.998151,0.9907689,0.9941592,0.99805826,0.9947526,0.998522,0.9973704,0.9925834,0.99218047,0.99623626,0.99794936,0.999046,0.9967701,0.9966711,0.99688125,0.9995698,0.9938777,0.999016,0.9978069,0.99463475
ahiddenlifefilm,0.9987291,0.98958474,0.9991119,0.9964636,0.9923111,0.9950652,0.99768895,0.9995698,1.0,0.9959821,0.9886909,0.99397326,0.9987372,0.9963736,0.99872065,0.99922425,0.99463844,0.99922574,0.99821395,0.99654144,0.99489874,0.9987916,0.9966704,0.9993499,0.99626774,0.9921174,0.99341774,0.9977975,0.9984942,0.9968649,0.9981988,0.9961091,0.9976832,0.98573685,0.9913112,0.98127526,0.99910104,0.9961785,0.9993887,0.99820775,0.9889224,0.99627334,0.9943477,0.99581796,0.99785894,0.99344414,0.9960678,0.9965959,0.9972641,0.99548453,0.9954528,0.99929005,0.9923962,0.9936086,0.9929163,0.9973574,0.9980315,0.9945728,0.99057496,0.9954393,0.9968046,0.993156,0.99078137,0.9961783,0.9942289,0.99321383,0.9958587,0.9972502,0.99223155,0.9861944,0.9983609,0.9902623,0.9984908,0.99637973,0.9943469,0.999256,0.9848862,0.9959024,0.9970386,0.99578124,0.98461133,0.99836963,0.9987493,0.9965109,0.9966967,0.9914774,0.992378,0.9990905,0.996061,0.99955565,0.9918343,0.9983609,0.9928821,0.9942798,0.99312276,0.99870867,0.9884545,0.9950527,0.9992544,0.9933605,0.99638516,0.98891014,0.9926894,0.99867254,0.9975603,0.9971732,0.9986353,0.99550164,0.9918787,0.9908402,0.9979403,0.9960674,0.9969342,0.9958801,0.9969105,0.9992419,0.99819803,0.9880209,0.9993143,0.99520916,0.99659896,0.9988391,0.9964753,0.97797006,0.9967388,0.9993769,0.99496263,0.9830981,0.9986435,0.9933522,0.9981665,0.9977055,0.997495,0.9922971,0.99558437,0.9947656,0.9956827,0.99436843,0.9986726,0.9895777,1.0,0.99765295,0.9993248,0.99816614,0.9987079,0.9970203,0.9907999,0.99160975,0.99775076,0.99188626,0.9986622,0.9982942,0.99312925,0.9892612,0.99442416,0.9984215,0.9976148,0.9961442,0.99523777,0.99622047,1.0,0.9924918,0.9985258,0.99761707,0.994432
alitamovie,0.99550635,0.9841964,0.99386984,0.9869561,0.9901663,0.98876476,0.9952346,0.99398017,0.9959821,0.99999994,0.98108524,0.98322374,0.9928292,0.9860324,0.99386215,0.99541515,0.9930138,0.99265045,0.9973518,0.98603576,0.986527,0.99243325,0.99013627,0.99509263,0.99034095,0.97754914,0.9875268,0.9942824,0.99274224,0.99118185,0.9932798,0.9882349,0.9937673,0.97426623,0.98013735,0.9719408,0.9932315,0.990072,0.9939119,0.99529135,0.98589367,0.9943177,0.9897123,0.9940167,0.99540263,0.9814998,0.9867747,0.9926163,0.9915908,0.99477184,0.98408926,0.9949909,0.98816895,0.9860812,0.98662126,0.9914488,0.99177325,0.98576486,0.9856455,0.9853223,0.9968822,0.9822701,0.9839101,0.98575455,0.9836867,0.9823538,0.99634486,0.988389,0.98660475,0.9692362,0.99297607,0.984284,0.9935743,0.98958445,0.9851241,0.99739647,0.9692319,0.9967245,0.9879591,0.9869658,0.972741,0.99360484,0.9929518,0.98999476,0.98718077,0.9839735,0.9818395,0.9950719,0.9852872,0.99327725,0.9826892,0.99297607,0.98489517,0.9842527,0.98044896,0.9906676,0.9789042,0.9847061,0.9933553,0.98260266,0.9854579,0.9801035,0.98257124,0.9927863,0.991466,0.9875131,0.99386376,0.9915911,0.98994064,0.9874572,0.99244905,0.9854388,0.9888066,0.9899015,0.9867521,0.99728256,0.9932785,0.9723485,0.9927472,0.9886083,0.99044967,0.9914903,0.9929537,0.9632795,0.98972297,0.99373806,0.9847628,0.9681277,0.99720156,0.9891041,0.99464834,0.99395347,0.9945382,0.9955434,0.9877724,0.9885867,0.9873813,0.9847465,0.99362135,0.9761911,0.9959821,0.9883097,0.9926558,0.99073464,0.9928755,0.9901927,0.98631185,0.9764882,0.99286395,0.9860763,0.9927192,0.99209785,0.9879399,0.97940826,0.9868856,0.99631035,0.99059546,0.99222124,0.9869299,0.98778194,0.9959821,0.97999626,0.99155873,0.9904492,0.982471
angelhasfallen,0.9825386,0.99569994,0.98476624,0.9922298,0.96341306,0.9982226,0.97972155,0.98753285,0.9886909,0.98108524,1.0000001,0.9963694,0.98476726,0.9832721,0.9831161,0.9921555,0.97476023,0.985551,0.98530906,0.9903395,0.98988146,0.99221486,0.991192,0.9879208,0.9943351,0.98375815,0.9684387,0.9783992,0.9903972,0.9782728,0.9825871,0.9780337,0.99328595,0.9927855,0.97347534,0.99699914,0.9925106,0.97404486,0.99259204,0.9802479,0.95760036,0.9930366,0.97376114,0.99195313,0.9870977,0.99604917,0.9891617,0.97746253,0.9939052,0.9892546,0.9923955,0.9848132,0.980409,0.97250646,0.9678137,0.97735643,0.9870555,0.98166233,0.9607877,0.9796988,0.9745837,0.9802199,0.9984834,0.98161983,0.99424064,0.99743104,0.98794943,0.9885492,0.9987291,0.9891548,0.98394686,0.98885113,0.9884629,0.9752792,0.99804056,0.98277336,0.98810875,0.9818938,0.9814129,0.9798669,0.99487334,0.9930165,0.9830794,0.99193674,0.99005115,0.9939376,0.9952783,0.9926488,0.9880759,0.9895682,0.972593,0.98394686,0.9966766,0.9970261,0.9932588,0.9926162,0.9973348,0.9768017,0.98721534,0.99212706,0.9899893,0.9952557,0.9980994,0.9879552,0.98847836,0.9914295,0.9817511,0.9719753,0.99271566,0.9608546,0.98320436,0.9908381,0.9828007,0.9798198,0.98776907,0.98922724,0.9789375,0.98891735,0.9883055,0.989826,0.9766158,0.9860447,0.982873,0.99115235,0.97925556,0.98809546,0.9940674,0.9916379,0.9843451,0.97718394,0.9802055,0.9857327,0.97626996,0.9899597,0.9799904,0.97446567,0.9772837,0.9868612,0.9838181,0.98853576,0.9886909,0.9850601,0.98732257,0.9848593,0.98676664,0.99102545,0.9965626,0.9847282,0.9786052,0.9734989,0.98349136,0.98577124,0.97018105,0.9829967,0.98797095,0.9794427,0.98326373,0.9777915,0.97413594,0.97715336,0.9886909,0.97588915,0.99290776,0.9896317,0.98843163
angrybirdsmovie,0.9887237,0.9928347,0.991963,0.9981726,0.9768635,0.99824005,0.9867495,0.9947033,0.99397326,0.98322374,0.9963694,0.9999998,0.99371195,0.99347097,0.990254,0.99583435,0.98022676,0.9933678,0.98799354,0.9971562,0.9965824,0.9975921,0.9944339,0.9942205,0.9971036,0.9942973,0.98024863,0.9862139,0.9964122,0.98980373,0.99173164,0.98975384,0.9965988,0.99493694,0.98623073,0.99318266,0.99688876,0.9853925,0.9968576,0.9888942,0.970516,0.99144316,0.9814729,0.9903619,0.989851,0.9990103,0.9944009,0.98475385,0.9976813,0.9878135,0.99888825,0.99259686,0.9894923,0.9860343,0.97976214,0.98862916,0.99408317,0.99170065,0.97531044,0.98984987,0.9832778,0.99289346,0.9948195,0.9921764,0.9995689,0.9988254,0.98780894,0.9970822,0.99672216,0.99667037,0.99184406,0.9932227,0.99361366,0.98669153,0.99963874,0.9890747,0.99495727,0.98487204,0.99241066,0.9891781,0.99706155,0.9964591,0.9911831,0.99729794,0.997984,0.99666595,0.9986233,0.9963459,0.99470806,0.9960194,0.9874857,0.99184406,0.99548465,0.9983523,0.9993229,0.9977721,0.9978397,0.9894894,0.9931869,0.9962512,0.9970641,0.99746704,0.9996974,0.9949912,0.9940186,0.9985227,0.9895205,0.98302114,0.99262947,0.97396415,0.9897061,0.9985012,0.9933269,0.98867327,0.9950615,0.9918755,0.9890336,0.9971741,0.9956125,0.9947933,0.9884965,0.9943955,0.9864815,0.99376136,0.99098593,0.9935516,0.99662644,0.99653125,0.9901696,0.9820674,0.98971033,0.99142253,0.9855677,0.98768115,0.9898781,0.9876933,0.9901347,0.9963339,0.9920316,0.99312794,0.99397326,0.9935942,0.9941737,0.99419206,0.99433976,0.9966605,0.99538434,0.9955945,0.9888065,0.98654777,0.9917637,0.99167895,0.9795439,0.9912683,0.9945104,0.98683447,0.9934958,0.98615474,0.98680574,0.98837245,0.99397326,0.9877996,0.9981076,0.9962847,0.9955825
annabellemovie,0.9967838,0.9853208,0.99833226,0.9966887,0.99426466,0.99264777,0.99634427,0.9996281,0.9987372,0.9928292,0.98476726,0.99371195,1.0,0.99759173,0.9974933,0.9979416,0.9908972,0.9989191,0.9944333,0.99654865,0.9962248,0.99869066,0.994319,0.99919426,0.9951866,0.99397975,0.99338984,0.9963306,0.99878126,0.9993978,0.99943227,0.9981192,0.9970771,0.98536545,0.9932623,0.9783167,0.99796987,0.9967322,0.998208,0.9986702,0.98874146,0.9909674,0.9917298,0.9903048,0.99439245,0.9919101,0.9943337,0.9943937,0.99690264,0.98960054,0.9960543,0.99960965,0.9954543,0.9966991,0.9928249,0.9988479,0.99809146,0.996382,0.992224,0.99554384,0.9967883,0.9972879,0.9855532,0.9971616,0.99511135,0.99093556,0.99139583,0.99901146,0.98907256,0.9882424,0.99837005,0.9913895,0.9972396,0.99715847,0.9928197,0.99793726,0.98681384,0.992744,0.99869865,0.9953508,0.9855444,0.9971167,0.998263,0.9972135,0.99832946,0.99156743,0.99209,0.99801147,0.9949304,0.9993185,0.996715,0.99837005,0.98848397,0.9916339,0.9940203,0.99779683,0.9877149,0.99709123,0.9976819,0.99209344,0.99642676,0.9895023,0.9915214,0.99901974,0.9966648,0.99809664,0.9976572,0.99603957,0.9902679,0.99133795,0.996015,0.99749166,0.99910253,0.996091,0.9963531,0.99620557,0.9989954,0.99064904,0.9995599,0.9950098,0.99873894,0.9992435,0.99235064,0.97946984,0.9994117,0.99761575,0.992159,0.9852471,0.99789184,0.989343,0.99942946,0.9967877,0.99731547,0.9888696,0.9964645,0.99843127,0.9987675,0.997484,0.9990268,0.98780406,0.9987372,0.9974794,0.9985163,0.99951893,0.9991926,0.9972983,0.98886824,0.9942803,0.9987393,0.9963494,0.9985391,0.9962946,0.9912754,0.99135816,0.9953123,0.9972447,0.9998115,0.9956518,0.99690753,0.9969239,0.9987372,0.9933372,0.99835944,0.99810994,0.9942792
annamovie,0.9960192,0.98046064,0.9982057,0.9976789,0.99015594,0.98965186,0.9957046,0.9972361,0.9963736,0.9860324,0.9832721,0.99347097,0.99759173,0.9999999,0.9957593,0.99401313,0.9898837,0.9987125,0.992294,0.99632466,0.9960511,0.99663305,0.99610656,0.9952643,0.9906647,0.99604017,0.9936576,0.9954556,0.9968147,0.996624,0.99550575,0.9990484,0.99275047,0.9881753,0.99295306,0.9744512,0.9969209,0.9965695,0.99569076,0.996308,0.98949593,0.98928905,0.9933212,0.98921275,0.994089,0.9939592,0.99783385,0.9938185,0.99442565,0.9882442,0.997492,0.99619824,0.9917441,0.99365914,0.9936785,0.99713033,0.99458337,0.9931421,0.99083406,0.9972181,0.9922884,0.99552643,0.98450017,0.9998082,0.994613,0.9918011,0.98537856,0.9975429,0.9872849,0.9899881,0.99508446,0.9837873,0.99356836,0.99786466,0.99195343,0.9949717,0.9860336,0.9908383,0.99963534,0.99588966,0.9835216,0.99538594,0.998491,0.99279493,0.99705875,0.9903931,0.9898376,0.9944323,0.9966525,0.997482,0.99394643,0.99508446,0.9905449,0.99330604,0.99555176,0.9973985,0.9867437,0.99828,0.9978491,0.99590284,0.99896646,0.9868332,0.9908269,0.99548,0.9975263,0.9975609,0.9975324,0.9959691,0.9819025,0.9899014,0.9973035,0.99759823,0.9967306,0.9924589,0.9992288,0.99291587,0.9971631,0.99131805,0.997603,0.99550456,0.9978891,0.9978937,0.99204856,0.9771387,0.9977746,0.99756527,0.99508685,0.9843711,0.99228996,0.9924643,0.99595046,0.9917808,0.9943826,0.9804802,0.9939363,0.9952134,0.99820775,0.9956689,0.9955898,0.99449706,0.9963736,0.999191,0.99855506,0.9990452,0.9982061,0.99320585,0.98255235,0.99654126,0.9977542,0.9904189,0.9987546,0.9976442,0.9922297,0.98622006,0.99034095,0.99427867,0.9975819,0.9915688,0.9969264,0.998563,0.9963736,0.99686825,0.99608064,0.99781287,0.99851155
apollo11movie,0.99866176,0.987394,0.99823165,0.9929781,0.9949531,0.99121934,0.9967449,0.99862635,0.99872065,0.99386215,0.9831161,0.990254,0.9974933,0.9957593,1.0,0.9969036,0.99738765,0.99891067,0.99752015,0.9964696,0.9900095,0.9959042,0.9933736,0.99818027,0.9939797,0.9932998,0.99735856,0.99912375,0.9950912,0.9962864,0.99798363,0.99538594,0.9935546,0.97822577,0.9953357,0.9761493,0.99625295,0.9984366,0.9974846,0.99670595,0.99274236,0.9936675,0.9971228,0.9931637,0.99591863,0.99082094,0.9943187,0.9990903,0.99271446,0.99354213,0.99257493,0.99862427,0.9869729,0.995862,0.9969813,0.9982962,0.9982445,0.99603564,0.994975,0.99806225,0.99655706,0.9925551,0.9876059,0.9965214,0.99011654,0.9905719,0.99531937,0.99520576,0.9860096,0.98442656,0.9992144,0.9873686,0.9986582,0.99785405,0.9905206,0.9987625,0.98380417,0.99286795,0.9968877,0.998708,0.9781448,0.99440444,0.99846715,0.99367076,0.99436796,0.98442334,0.9898943,0.9961201,0.9971531,0.9982945,0.99229383,0.9992144,0.9891753,0.9912716,0.9896472,0.9972028,0.98146635,0.9969449,0.9987901,0.9895259,0.99455035,0.9819354,0.9883854,0.99796015,0.9943396,0.99491113,0.99879,0.9959632,0.9877089,0.99523133,0.99796,0.99342394,0.9970052,0.99827623,0.9961416,0.9982269,0.99869376,0.98592234,0.9983306,0.9900675,0.9961971,0.99891704,0.99808705,0.9727579,0.9959588,0.9986771,0.99315447,0.97836745,0.9979903,0.9941272,0.9971612,0.99821174,0.9990548,0.98644906,0.99796385,0.9944436,0.99535996,0.99103725,0.99902135,0.9869542,0.99872065,0.99813896,0.9987558,0.99657464,0.9962501,0.9955526,0.98575574,0.99139327,0.99719363,0.9913764,0.99780196,0.99803054,0.99721026,0.98979145,0.99390984,0.99928796,0.9963893,0.99873674,0.9977632,0.99783957,0.99872065,0.99569726,0.9961118,0.99408907,0.9924496
arcticdogsmovie,0.996065,0.99330515,0.9968765,0.9963268,0.9889716,0.99761623,0.9945801,0.99898905,0.99922425,0.99541515,0.9921555,0.99583435,0.9979416,0.99401313,0.9969036,0.9999999,0.99098533,0.9973722,0.9963758,0.9966893,0.99512815,0.9992121,0.99528646,0.9994313,0.99862087,0.99144363,0.98904616,0.9946345,0.9985353,0.9954271,0.9976714,0.99323976,0.99925715,0.9871548,0.9894737,0.9870435,0.99887854,0.99265856,0.9997661,0.9961529,0.98269844,0.9961124,0.9898057,0.9952157,0.99580485,0.994283,0.9939924,0.9933268,0.9984097,0.9943682,0.99560297,0.998576,0.9925827,0.9920822,0.9882865,0.99506444,0.9982705,0.9947909,0.98608553,0.9927638,0.994501,0.9931589,0.99310166,0.99340326,0.99582916,0.9947234,0.99660856,0.9974662,0.99471575,0.98822254,0.99770176,0.9944031,0.9986982,0.9927607,0.99644595,0.99746996,0.98798794,0.9935913,0.9947635,0.9933945,0.9891296,0.99856657,0.9961817,0.99854386,0.9972935,0.9934295,0.9952611,0.99987143,0.9948548,0.99917287,0.9909265,0.99770176,0.99317724,0.9949777,0.99405146,0.99856585,0.9917493,0.99233216,0.99733764,0.9924887,0.9952438,0.9925482,0.99519295,0.99896103,0.9959929,0.9975475,0.9958188,0.9913912,0.99605405,0.9860281,0.9948743,0.9964092,0.99645245,0.9951521,0.99491215,0.99872917,0.9959148,0.9900498,0.9988702,0.9946796,0.9939941,0.9978665,0.99392265,0.9836155,0.99516094,0.9976621,0.99435157,0.9872361,0.99854165,0.9887744,0.9967936,0.99804974,0.9950038,0.9950367,0.9947192,0.99337435,0.9936136,0.995214,0.9979916,0.9876527,0.99922425,0.9954599,0.99764735,0.9967835,0.9975544,0.9986134,0.9952625,0.99128294,0.9951049,0.9921906,0.99625367,0.9957164,0.98856556,0.99184954,0.99649054,0.99618673,0.99688953,0.9948524,0.99221855,0.9927573,0.99922425,0.98913443,0.9993087,0.9970856,0.9926762
arcticmovie,0.9976606,0.98039705,0.9951037,0.9850712,0.99244183,0.98333114,0.9957356,0.99292845,0.99463844,0.9930138,0.97476023,0.98022676,0.9908972,0.9898837,0.99738765,0.99098533,1.0,0.9947693,0.9975978,0.98896253,0.98079073,0.98861206,0.9897244,0.99224013,0.9856687,0.98441726,0.99688923,0.9985203,0.9879316,0.9895685,0.9916212,0.99003243,0.9857877,0.9677378,0.9891796,0.9642161,0.9906266,0.9961194,0.99157244,0.99283934,0.99513,0.9924635,0.9989991,0.9926345,0.9952703,0.98287416,0.9905523,0.99935436,0.9846553,0.9943182,0.9837138,0.9932594,0.97735906,0.9889746,0.9967671,0.99363697,0.99176335,0.9877929,0.99363714,0.9942437,0.9944254,0.98164016,0.9822805,0.99148387,0.97940075,0.982789,0.9935659,0.9861668,0.9784362,0.9712074,0.9941154,0.9752104,0.9936159,0.9950982,0.98163974,0.99656093,0.9700325,0.99285626,0.9909935,0.99542266,0.96340126,0.988459,0.99545294,0.9839697,0.98478985,0.9740987,0.9791373,0.9898259,0.9922311,0.9923711,0.98245436,0.9941154,0.98492944,0.9847889,0.9792381,0.991058,0.96986794,0.9913733,0.995889,0.9832321,0.98788553,0.96907824,0.9784403,0.99107206,0.9898307,0.9861254,0.99681336,0.9944542,0.9784938,0.9955782,0.9968071,0.98392993,0.98906755,0.99330044,0.9913314,0.995907,0.99474,0.97248036,0.99207014,0.98330945,0.99097514,0.99313974,0.9990612,0.9559253,0.98888403,0.9957251,0.98843807,0.9626431,0.99358976,0.9968177,0.9918673,0.9931365,0.99688125,0.9812201,0.9921102,0.9866928,0.98825365,0.9797353,0.9936339,0.981818,0.99463844,0.993725,0.9947497,0.99006176,0.9904114,0.9869042,0.9756306,0.981014,0.99324125,0.98121804,0.99414957,0.9961617,0.99865097,0.97830015,0.9843025,0.99770653,0.98867685,0.99552053,0.9934904,0.99458283,0.99463844,0.9915372,0.98843473,0.98698384,0.9863094
artofracingmovie,0.9988726,0.985744,0.99968636,0.9969054,0.99339926,0.9924802,0.99800396,0.999323,0.99922574,0.99265045,0.985551,0.9933678,0.9989191,0.9987125,0.99891067,0.9973722,0.9947693,1.0,0.9968751,0.9971159,0.9949745,0.9980199,0.9966869,0.99829215,0.9939951,0.99464107,0.99580956,0.9984628,0.99786454,0.99765056,0.99797976,0.99827784,0.9954213,0.98548955,0.993804,0.9773083,0.9984303,0.9981318,0.99825054,0.99827504,0.9917403,0.99381894,0.9960252,0.99356836,0.9970903,0.99360406,0.99739295,0.99735236,0.9957613,0.9932381,0.9962757,0.99885184,0.99173325,0.9951132,0.9955703,0.99860317,0.99746895,0.9950366,0.99311435,0.99781615,0.99621296,0.9946536,0.9880144,0.9987892,0.9939306,0.992532,0.9924044,0.99761504,0.989321,0.9875665,0.99815625,0.987251,0.9973654,0.99859136,0.99296534,0.9985861,0.9852365,0.9944823,0.9990892,0.9975504,0.98275006,0.99709404,0.9997496,0.9948987,0.99695647,0.9899514,0.99109834,0.99730736,0.99740064,0.99929756,0.9936334,0.99815625,0.99182713,0.99382395,0.99382585,0.99862444,0.9864556,0.9978446,0.9996633,0.99432266,0.99784917,0.98673886,0.9913337,0.9980065,0.99784243,0.99748594,0.9994551,0.9972146,0.987274,0.9929806,0.99893254,0.9967316,0.99769044,0.9959578,0.9986465,0.9974601,0.9990443,0.9891525,0.99926484,0.99503297,0.9981861,0.9993885,0.9962857,0.97626495,0.9979768,0.99954873,0.9953931,0.98254895,0.9968874,0.99464816,0.9981105,0.99626404,0.99782526,0.98690146,0.99634194,0.995864,0.9976549,0.99473864,0.9984431,0.9918416,0.99922574,0.9994066,0.9999128,0.99912316,0.998925,0.9957314,0.9865877,0.9941602,0.99882543,0.99194884,0.999647,0.9991334,0.99514,0.98851395,0.9931576,0.9981694,0.9982083,0.995932,0.99764735,0.99874645,0.99922574,0.99607265,0.9976812,0.9977533,0.9965199
avengers,0.999061,0.9868456,0.9977063,0.9917599,0.99013203,0.9913589,0.99797976,0.9962016,0.99821395,0.9973518,0.98530906,0.98799354,0.9944333,0.992294,0.99752015,0.9963758,0.9975978,0.9968751,0.9999999,0.9916725,0.9892233,0.9946443,0.9956681,0.9959711,0.9916816,0.9854361,0.99286956,0.99804807,0.99440956,0.9920121,0.9939614,0.9922485,0.9936408,0.9799581,0.9861664,0.97509634,0.9963858,0.9944467,0.99638957,0.9961113,0.99044275,0.99788624,0.99635017,0.99795324,0.9991695,0.98903495,0.9944799,0.9974696,0.9929378,0.99854636,0.9898451,0.996078,0.9861695,0.98801833,0.992523,0.99397415,0.9939618,0.9885302,0.98891634,0.99263805,0.9959569,0.98482543,0.9895146,0.99259406,0.9875054,0.98918694,0.9966742,0.9911625,0.9893032,0.97687864,0.9951719,0.98253095,0.99583507,0.99436545,0.9895894,0.9987146,0.97520256,0.9978192,0.9928018,0.99350905,0.975461,0.99567413,0.9972267,0.9905097,0.9903024,0.9857698,0.9857664,0.9960092,0.99308425,0.9961427,0.98391575,0.9951719,0.9921029,0.9913092,0.986425,0.9953154,0.9820632,0.9905885,0.99815863,0.990174,0.9922813,0.98130786,0.98714405,0.9943849,0.99555254,0.9915054,0.9979331,0.9946388,0.9872675,0.9907128,0.9980609,0.98978853,0.9911988,0.9924799,0.9941067,0.99921227,0.99559337,0.97847825,0.99548197,0.99173456,0.9928137,0.99510413,0.99854255,0.96697783,0.99157935,0.99834716,0.9930426,0.97256833,0.9965114,0.9966006,0.99479014,0.9949282,0.99630475,0.9913152,0.9913258,0.98882765,0.9902627,0.9865084,0.99526864,0.98704123,0.99821395,0.9948602,0.9972469,0.9938738,0.9953081,0.9916499,0.9856964,0.9838547,0.99523014,0.9841497,0.9966774,0.9979726,0.99441266,0.98105943,0.98807514,0.9980552,0.99223834,0.9941812,0.99174464,0.99381125,0.99821395,0.9890618,0.99405557,0.993464,0.9907113
beachbummovie,0.99335504,0.99210906,0.9951663,0.9964593,0.9868261,0.9956355,0.9905468,0.99768865,0.99654144,0.98603576,0.9903395,0.9971562,0.99654865,0.99632466,0.9964696,0.9966893,0.98896253,0.9971159,0.9916725,1.0000001,0.99337083,0.99736863,0.9932389,0.9970476,0.9972472,0.9985436,0.99076104,0.9929884,0.9957684,0.9941032,0.99624497,0.9933776,0.9948691,0.9864453,0.995643,0.9872059,0.9966684,0.9934626,0.9979851,0.99210066,0.9818179,0.9913801,0.98994005,0.9902812,0.99145144,0.9972559,0.9950186,0.9929004,0.9950365,0.98901427,0.9976314,0.99640185,0.9870343,0.9940964,0.99037355,0.9949124,0.9984212,0.99766165,0.98719597,0.9971613,0.98894966,0.99602664,0.9922712,0.99639034,0.99657303,0.9970002,0.9914214,0.9979802,0.9906554,0.99563324,0.99746215,0.9927632,0.9978702,0.99353814,0.99663955,0.99346906,0.9950199,0.9858437,0.99636346,0.9970627,0.98981565,0.99480236,0.9952413,0.9970458,0.9982048,0.98990935,0.99742717,0.9962667,0.99906635,0.998258,0.9929379,0.99746215,0.99246526,0.9962491,0.9968133,0.9989802,0.99019057,0.9962313,0.9965513,0.99340904,0.99748373,0.99034035,0.9958067,0.9981654,0.9934836,0.998646,0.9943722,0.9891493,0.9906001,0.9859644,0.9939557,0.99796784,0.9976841,0.99641585,0.99718994,0.99480677,0.9947401,0.9961571,0.99832004,0.9913711,0.9930148,0.99856305,0.9928206,0.98754084,0.99471897,0.9965577,0.9963847,0.99139154,0.99431485,0.98736674,0.99358803,0.9965274,0.99306387,0.984284,0.9973391,0.99253106,0.9943901,0.9954409,0.997108,0.9913768,0.99654144,0.99787956,0.99736494,0.9962609,0.9952904,0.9982644,0.9913071,0.9978495,0.9931155,0.9911326,0.99502623,0.9952428,0.98996013,0.9952791,0.9973834,0.99323255,0.9963184,0.9946011,0.99492455,0.9949636,0.99654144,0.9956491,0.9983323,0.995249,0.9955645
bernadettefilm,0.99148643,0.9830133,0.99501103,0.9991745,0.9822895,0.99366444,0.99218106,0.99548364,0.99489874,0.986527,0.98988146,0.9965824,0.9962248,0.9960511,0.9900095,0.99512815,0.98079073,0.9949745,0.9892233,0.99337083,0.99999994,0.9980983,0.9963535,0.9944495,0.9927234,0.9906006,0.9825046,0.9887406,0.9988071,0.9941183,0.99310386,0.99528366,0.9969637,0.99586517,0.98330015,0.98218876,0.9977371,0.98835355,0.9957602,0.9945588,0.9774187,0.9896578,0.98331946,0.989294,0.99235326,0.99448985,0.9952642,0.98530686,0.9986894,0.98706657,0.99823767,0.9941778,0.9971565,0.9872111,0.98210436,0.99176973,0.99185264,0.9887137,0.97937423,0.9886033,0.9889871,0.99377453,0.9869413,0.99422944,0.9982503,0.99288714,0.9841518,0.9977273,0.99435604,0.9902647,0.9909175,0.988373,0.99083006,0.9905587,0.9953755,0.9919423,0.98637205,0.9908081,0.99536437,0.9871701,0.99237007,0.9981181,0.99423015,0.9955472,0.9978108,0.99844086,0.9921255,0.99641657,0.9909092,0.9961694,0.99043095,0.9909175,0.9921245,0.9942956,0.99757403,0.9962703,0.9953561,0.99087554,0.99414223,0.99691045,0.9973064,0.9959936,0.9951401,0.99410003,0.99781567,0.997923,0.99255186,0.98994344,0.9882614,0.9782132,0.9920722,0.9984013,0.9937407,0.98616457,0.9955017,0.9912673,0.9924058,0.9922795,0.9959183,0.9991805,0.99413544,0.99433047,0.9850043,0.9849491,0.9952856,0.9943264,0.99343896,0.99044794,0.99090624,0.9849064,0.99412143,0.9888979,0.9881483,0.98830503,0.98743933,0.9925271,0.99464667,0.9981628,0.99216825,0.9926989,0.99489874,0.99381673,0.99519634,0.99751467,0.9980543,0.9937007,0.9899233,0.993277,0.99414486,0.98945916,0.9954194,0.9930623,0.9805414,0.98476887,0.98995346,0.98910135,0.9962579,0.9847238,0.98864883,0.99097097,0.99489874,0.9867905,0.9971137,0.99939084,0.9964204
