movie,21bridgesmovie,47metersdown,abeautifuldaymovie,abominablemovie,adastramovie,adogsjourneymovie,aftermathmovie,aftermovie,ahiddenlifefilm,alitamovie,angelhasfallen,angrybirdsmovie,annabellemovie,annamovie,apollo11movie,arcticdogsmovie,arcticmovie,artofracingmovie,avengers,beachbummovie,bernadettefilm,blackandbluemovie,blackchristmas,blindedbythelightmovie,bombshellmovie,booksmart,breakthroughmovie,brianbanksmovie,brightburnmovie,brittanyrunsmov,captainmarvelofficial,captivestatemovie,catsmovie,charliesangels,childsplaymovie,clarathefilm,coldpursuitmovie,countdown,currentwarmovie,darkwatersmovie,detectivepikachumovie,disneyaladdin,disneyfrozen,disneymaleficent,doctorsleepmovie,dolemiteismyname,dontletgomovie,doramovie,downtonabbey_official,dumbo,escaperoom,everybodyknowsmovie,fastandfuriousmovie,fightingwmyfam,fivefeetapartfilm,fordvferrari,freaksthefilm,geminimanmovie,glassmovie,gloriabellmovie,godzillamovie,goldfinchmovie,goodboysmovie,goodliarmovie,gretafilm,halathemovie,happydeathdaymovie,harrietfilm,hellboymovie,hersmellmovie,highlifemovie,highstrungmovie,honeyboymovie,hotelmumbaifilm,httydragon,hustlemovie,hustlersmovie,isntitromantic,itmovieofficial,jayandsilentbob,johnwickmovie,jojorabbitmovie,jokermovie,judythefilm,jumanjimovie,justmercyfilm,knivesout,lalloronamovie,lastblackmansf,lastchristmasthemovie,latenightmovie,lighthousemovie,lionking,littlethemovie,littlewomenmovie,littlewoodsfilm,longshotmovie,lordsofchaosmovie,lucyintheskyfilm,mamovie2019,marriagestory,meettheaddams,meninblack,midsommarmovie,midwaymovie,missbalamovie,missinglinkfilm,motherlessbklyn,onceinhollywood,onthebasisofsex,overcomermovie,peanutbutterfalcon,petsematarymovie,piercingmovie,playingwithfire,playmobilthemovie,pomsmovie,queenandslim,rambomovie,readyornotfilm,richardjewellfilm,rocketmanmovie,scarystoriesmovie,secretlifeofpets,serenityfilm,shaftmovie,shazammovie,spidermanmovie,spiesindisguise,starwars,stormboymovie,stubermovie,taosdfilm,teenspiritmov,terminator,theaeronautsmov,thebestofenemies,thedeaddontdie,thefarewell,thehighwaymen,thehummingbirdprojectfilm,theintrudermovie,theirishmanfilm,thekitchenmovie,thelegomovie,themustangfilm,thenightingalefilm,theprodigymovie,thesunisalsoastar,theupsidefilm,tolkienmovie,toystory,triplefrontier,uglydolls,uncutgems,underthesilverlake,usmovie,wavesmovie,whatmenwant,wonderparkmovie,wrinklestheclown,xmenmovies,yardiefilm,yesterdaymovie,zombieland
21bridgesmovie,1.0,0.9588271,0.9791221,0.95278215,0.9915944,0.9648891,0.9859244,0.9905337,0.99299353,0.97488064,0.9654235,0.9820485,0.9677751,0.9752986,0.9875521,0.9681799,0.977228,0.9806683,0.9929351,0.9880352,0.99037653,0.97749543,0.98696667,0.99333656,0.97743106,0.9392068,0.9724276,0.9706848,0.99036795,0.98316485,0.9777881,0.97875226,0.98291546,0.9798757,0.9473954,0.9622846,0.9893201,0.9866451,0.98625886,0.9839441,0.97731006,0.9930503,0.9559903,0.9918233,0.9938442,0.98978287,0.9820403,0.9818442,0.99061507,0.99408156,0.98771065,0.99233437,0.97598994,0.9708139,0.9870694,0.97994936,0.9757431,0.9855371,0.97559863,0.9841619,0.97354096,0.96780837,0.980775,0.97506046,0.9710631,0.93822813,0.9533739,0.99098957,0.97279924,0.97554624,0.9885872,0.966308,0.977159,0.99559927,0.9794237,0.9915992,0.9845832,0.98564583,0.96543074,0.9844485,0.9734854,0.97511935,0.9791174,0.9678737,0.977002,0.97073585,0.95147467,0.960145,0.9615684,0.98363715,0.97569126,0.9885872,0.9678263,0.93852955,0.97765183,0.97403395,0.9588267,0.9914282,0.9845827,0.97555804,0.9833673,0.9554824,0.98819256,0.9838137,0.9640361,0.99181265,0.9926315,0.96894765,0.960595,0.98708093,0.9859364,0.96239954,0.9851621,0.9579368,0.99241215,0.9902929,0.99812865,0.9701311,0.9953235,0.9862957,0.98047733,0.9885395,0.9775551,0.97048384,0.98357475,0.9848618,0.9656215,0.9665285,0.976369,0.9573435,0.99172574,0.9865998,0.98033583,0.95309794,0.98554766,0.9794891,0.9862536,0.9837139,0.9934775,0.977519,0.99299353,0.9723195,0.9843129,0.9679257,0.9807634,0.9891415,0.987223,0.9547564,0.97805554,0.9811913,0.99192774,0.9669509,0.98475045,0.9953759,0.9626528,0.98029995,0.9643688,0.9858494,0.97292197,0.97981817,0.99299353,0.9883995,0.9831921,0.99199206,0.9876711
47metersdown,0.9588271,1.0000001,0.9808679,0.9758471,0.9778684,0.9876793,0.97673965,0.95241684,0.968861,0.97659886,0.9903879,0.9697177,0.9791774,0.9834802,0.9729595,0.98466223,0.97423625,0.97800624,0.97083527,0.985972,0.953292,0.97515404,0.9779686,0.95407766,0.96294546,0.976567,0.98702717,0.98206675,0.98070526,0.97281456,0.9673489,0.9771669,0.95261323,0.9615073,0.9809366,0.98319376,0.97137904,0.9578439,0.96332794,0.94677293,0.97956884,0.9723725,0.9818954,0.9723229,0.9576483,0.96572876,0.97872865,0.97325194,0.95912695,0.9735655,0.9799591,0.97680926,0.9842359,0.96517855,0.97087127,0.9807839,0.95457804,0.9467336,0.9787963,0.96800864,0.97696024,0.97554785,0.962078,0.9814636,0.9825699,0.9826713,0.9566325,0.96467215,0.9835273,0.9723339,0.97551197,0.98756045,0.97949004,0.9661732,0.98498374,0.9664246,0.9606491,0.96678895,0.9793345,0.95530486,0.97548753,0.96836746,0.98636436,0.9807108,0.97548896,0.96790797,0.9841089,0.9770551,0.97706693,0.9691512,0.97705436,0.97551197,0.9725567,0.9749041,0.98371834,0.97188896,0.9847652,0.9779961,0.9774446,0.9863119,0.979854,0.9692386,0.9676778,0.9754743,0.98637384,0.9759966,0.97387755,0.9856031,0.9731766,0.95551795,0.9829409,0.98957556,0.9507746,0.9858389,0.95029557,0.97951096,0.9584895,0.98612875,0.9648439,0.98012197,0.97974527,0.9804869,0.97371435,0.9803035,0.95042634,0.96677613,0.9766297,0.97803783,0.9732595,0.9717772,0.9634497,0.9747018,0.9814541,0.98282564,0.9582964,0.9776203,0.9319036,0.9874952,0.9682303,0.97386354,0.968861,0.9677022,0.9699618,0.9881891,0.9702596,0.9711062,0.97181284,0.97384477,0.98833764,0.93255967,0.97037196,0.9801667,0.98650163,0.94712925,0.98087305,0.9788318,0.9949946,0.97114044,0.9620895,0.93214446,0.968861,0.9821963,0.9649795,0.9736242,0.97106564
abeautifuldaymovie,0.9791221,0.9808679,1.0,0.97741264,0.99083686,0.9843848,0.9915287,0.97011983,0.9865981,0.98767465,0.9866445,0.9805265,0.9873421,0.98956376,0.9915045,0.9890723,0.9837908,0.98709416,0.98154014,0.9906821,0.96938115,0.98075205,0.9876018,0.9746956,0.9841849,0.95838565,0.9829917,0.97040576,0.98517597,0.98312914,0.9779876,0.98629373,0.9722438,0.97932744,0.9792152,0.98714894,0.9858569,0.9788827,0.97660756,0.9631456,0.9768088,0.9875255,0.9728244,0.9837292,0.98138857,0.978435,0.9870227,0.9856664,0.97972906,0.9890913,0.9872345,0.98964465,0.99038494,0.9724777,0.99373066,0.9902301,0.9750636,0.9722036,0.9848505,0.97515833,0.9861945,0.98683596,0.9777655,0.99058235,0.97890127,0.9760826,0.97075343,0.9814736,0.99035466,0.98021555,0.9849266,0.98025703,0.98525375,0.97599363,0.9780768,0.981439,0.97393996,0.9726928,0.9737189,0.9701271,0.9763437,0.98032904,0.99171424,0.9869586,0.9932541,0.9777783,0.9800104,0.9807598,0.9843256,0.9856289,0.9842543,0.9849266,0.9694908,0.9544675,0.98619777,0.98368716,0.98489434,0.9900236,0.990822,0.9926111,0.9874123,0.9655913,0.9816173,0.97654957,0.9889432,0.9906067,0.9818738,0.98932964,0.9896539,0.9791297,0.98763734,0.98360693,0.95925725,0.9880093,0.96593827,0.9872613,0.9813436,0.97874415,0.9831627,0.993256,0.9889792,0.9901937,0.98845494,0.9867382,0.9796263,0.9764046,0.9733441,0.97208285,0.98126537,0.9721373,0.9832873,0.9876208,0.99007475,0.97290653,0.96847224,0.9878237,0.9560887,0.98656887,0.9856728,0.9865837,0.9865981,0.9770969,0.98527676,0.98283243,0.9725739,0.98345155,0.9941171,0.976759,0.9893281,0.9606667,0.9855137,0.9907894,0.99187535,0.9630189,0.9779057,0.97547185,0.9845637,0.980842,0.9599501,0.9396116,0.9865981,0.9860692,0.9820168,0.9872845,0.9833489
abominablemovie,0.95278215,0.9758471,0.97741264,1.0000001,0.96708184,0.9826,0.98107016,0.94255847,0.9723799,0.95134825,0.98233545,0.9502159,0.9885143,0.95560205,0.971969,0.9870583,0.9784612,0.9847066,0.96418166,0.9817765,0.93133116,0.96693206,0.9742285,0.95021534,0.9786909,0.9803123,0.9698002,0.97437316,0.9669279,0.9662379,0.9633405,0.974493,0.9523069,0.94706327,0.9924632,0.9735982,0.97601545,0.96552354,0.9661246,0.9075807,0.96235865,0.96491283,0.9837571,0.9707803,0.9570659,0.96762335,0.9772838,0.9672509,0.9564163,0.9683858,0.95950204,0.9706101,0.9716942,0.9650781,0.9709781,0.96669924,0.9323534,0.93550533,0.9864507,0.9762477,0.9828016,0.9810371,0.9587432,0.95648944,0.9669966,0.9753474,0.98913604,0.9709882,0.97723264,0.9386559,0.9738405,0.9657059,0.9642509,0.95393836,0.9741555,0.9687798,0.93575245,0.9583767,0.9901575,0.9261007,0.9522603,0.9821035,0.9889019,0.98080975,0.9684452,0.9893628,0.9830449,0.97688544,0.99088794,0.9787462,0.9690079,0.9738405,0.96802163,0.963595,0.9678127,0.9674602,0.9856879,0.9770877,0.9755488,0.9760458,0.9683377,0.9851843,0.9472433,0.96943414,0.9776897,0.96181214,0.9759705,0.97467285,0.9647504,0.93460304,0.98035246,0.9757123,0.9467522,0.978389,0.9315227,0.9656202,0.9562047,0.97706956,0.9521565,0.98335963,0.961354,0.9803734,0.9761628,0.9687535,0.936248,0.965184,0.9762356,0.96490806,0.960867,0.9672533,0.9626149,0.9693746,0.9900877,0.97587323,0.9552368,0.9730782,0.90976274,0.97704905,0.9656229,0.9693899,0.9723799,0.93631876,0.96088576,0.96436816,0.9749013,0.9689623,0.9693837,0.9930142,0.96860707,0.9223184,0.96416074,0.9898824,0.97973484,0.9371282,0.9753137,0.9591985,0.976298,0.95869875,0.9491637,0.9147911,0.9723799,0.9693566,0.97992337,0.95586723,0.94616866
adastramovie,0.9915944,0.9778684,0.99083686,0.96708184,1.0000001,0.9758524,0.9883977,0.98306495,0.9912331,0.9869211,0.97724104,0.9902959,0.9806351,0.9846588,0.9895387,0.97567064,0.98341256,0.9854164,0.9896972,0.9926607,0.98901325,0.9831248,0.99193007,0.9887957,0.9754793,0.9493248,0.98419744,0.9752111,0.99332356,0.98731697,0.98023725,0.9905717,0.9890443,0.9886346,0.9666075,0.9784529,0.9880838,0.980499,0.9790868,0.9796376,0.9852442,0.99335474,0.96830744,0.99199283,0.9883109,0.9856768,0.98960257,0.9935689,0.9875544,0.99538684,0.9965698,0.9967496,0.9855342,0.9725621,0.99284625,0.98828447,0.9799137,0.97568065,0.9831988,0.98053837,0.98448783,0.9754132,0.9797569,0.9893856,0.9831526,0.9549687,0.95969784,0.99300194,0.98431766,0.97871387,0.9870991,0.9840613,0.98627424,0.9914976,0.98358333,0.99082965,0.9799121,0.9895121,0.97578543,0.98514503,0.9820297,0.9778588,0.9900268,0.979689,0.98684627,0.9720714,0.96565306,0.96825725,0.96862817,0.98523736,0.9777074,0.9870991,0.97328913,0.9543431,0.98594964,0.9843741,0.9720184,0.9939777,0.98666483,0.9875324,0.9858325,0.9638251,0.99058807,0.9811102,0.977207,0.99791276,0.992463,0.98313856,0.9761459,0.99072224,0.99233,0.9752578,0.9713442,0.97511244,0.98211163,0.9919381,0.98945504,0.9793343,0.9927584,0.99048173,0.9852412,0.9902169,0.9832798,0.97977006,0.98173535,0.9876104,0.9701359,0.9764206,0.98076147,0.96699166,0.99288875,0.98846126,0.989131,0.9680807,0.9739128,0.9861426,0.9780587,0.99091333,0.98862845,0.9807297,0.9912331,0.97692704,0.9851835,0.9878986,0.98056895,0.9967537,0.99439144,0.9688861,0.98988664,0.9690473,0.9904763,0.9770737,0.99531525,0.9847139,0.9712187,0.98448324,0.981912,0.9857307,0.96726733,0.96120965,0.9912331,0.9951383,0.98359346,0.99691266,0.99327743
adogsjourneymovie,0.9648891,0.9876793,0.9843848,0.9826,0.9758524,0.99999994,0.98825336,0.9622891,0.97480935,0.9772033,0.9942527,0.96936023,0.99133277,0.9789644,0.97630924,0.9871002,0.98252046,0.99068236,0.978067,0.9920985,0.94863,0.9906416,0.9880902,0.9529157,0.98024684,0.9788914,0.9926177,0.9819863,0.9862968,0.9815094,0.9813748,0.97160566,0.9542535,0.96275127,0.9889633,0.98898387,0.9837273,0.9707137,0.9826282,0.9415481,0.98456013,0.982204,0.98930234,0.9796719,0.96608764,0.97960055,0.98789084,0.9726649,0.96815777,0.9795514,0.98078984,0.97713673,0.99431276,0.985488,0.9727437,0.98575926,0.9633752,0.9637409,0.9906771,0.97948956,0.9872971,0.9904841,0.9741259,0.9788971,0.98196965,0.9844188,0.9726215,0.96829647,0.9952993,0.977374,0.986339,0.9835231,0.9876912,0.9669216,0.99117327,0.96858984,0.97117996,0.9646109,0.9857854,0.9561304,0.9762702,0.9862818,0.9883693,0.9932322,0.9860593,0.98457307,0.99409944,0.98876387,0.9897576,0.97834057,0.9895371,0.986339,0.9728228,0.9773021,0.9916501,0.9648562,0.9967306,0.98510665,0.99050534,0.9949978,0.9919659,0.9770728,0.9770941,0.9853344,0.99082994,0.98000866,0.9803112,0.9902243,0.9767534,0.949919,0.98533833,0.99830693,0.95931226,0.99485296,0.95991576,0.985134,0.9687446,0.9929632,0.9684383,0.98756933,0.9848112,0.98581225,0.980705,0.9923835,0.95884234,0.975271,0.98750645,0.98442906,0.986656,0.9851693,0.96438843,0.98775375,0.98407495,0.9864553,0.97457963,0.985679,0.93509036,0.9907184,0.979315,0.9875171,0.97480935,0.9747966,0.98653066,0.9750164,0.97749263,0.96928465,0.97889537,0.97886777,0.9896434,0.9458451,0.98240066,0.9919799,0.9873635,0.9519138,0.9977308,0.9824326,0.990345,0.982559,0.96956414,0.93893206,0.97480935,0.9867224,0.9733719,0.972975,0.9744783
aftermathmovie,0.9859244,0.97673965,0.9915287,0.98107016,0.9883977,0.98825336,0.9999998,0.9798709,0.99478114,0.98134476,0.9868946,0.9785474,0.9910274,0.9809466,0.99196523,0.9888381,0.9902305,0.99621016,0.9909717,0.9944448,0.96710646,0.9896595,0.9960875,0.97767305,0.9936741,0.967724,0.98752713,0.97852653,0.9892197,0.9899648,0.98626107,0.9818572,0.97051495,0.9752568,0.9806245,0.9847711,0.99564266,0.9895794,0.9927671,0.9588562,0.9814019,0.99309003,0.9801265,0.99247694,0.9847972,0.99394554,0.9953366,0.9828102,0.98441595,0.9924448,0.98568577,0.98902625,0.9896136,0.9833077,0.9920837,0.9922217,0.9743466,0.9796173,0.99118185,0.9901482,0.9900695,0.9939791,0.9845596,0.97812676,0.9822381,0.96899796,0.98458046,0.98445594,0.99253947,0.975461,0.9941013,0.97665787,0.9896747,0.98350245,0.9896681,0.99126166,0.9779474,0.9780564,0.98570853,0.9642514,0.97003525,0.99601495,0.99232095,0.99170214,0.9889876,0.9917323,0.98251784,0.9854187,0.98964095,0.994906,0.9896633,0.9941013,0.97073513,0.9619827,0.9860599,0.9741495,0.9863983,0.9939112,0.99717283,0.9935525,0.9932222,0.98010445,0.9827438,0.98711026,0.9862906,0.989527,0.99270767,0.9843311,0.9791813,0.97215366,0.99268305,0.9853611,0.9775967,0.9842422,0.9738484,0.99104744,0.9891276,0.9858138,0.9849577,0.9980975,0.9871578,0.99282223,0.9915971,0.99005663,0.98172486,0.98294055,0.9854208,0.97447705,0.98509276,0.9777998,0.9830932,0.9954254,0.9927122,0.9815884,0.987628,0.9941117,0.95447856,0.9900758,0.993935,0.993385,0.99478114,0.9777113,0.9918864,0.97090447,0.98175037,0.98381615,0.99004674,0.9816176,0.9847942,0.9717938,0.9956128,0.9900352,0.9929152,0.97393835,0.9851154,0.97860557,0.98371696,0.9853593,0.9718898,0.9608887,0.99478114,0.9895482,0.9918281,0.98790854,0.98105174
aftermovie,0.9905337,0.95241684,0.97011983,0.94255847,0.98306495,0.9622891,0.9798709,1.0,0.9899422,0.98028284,0.96068376,0.96266484,0.9691908,0.9759422,0.9825482,0.9579434,0.9638512,0.977036,0.98222494,0.9823968,0.9792556,0.98097146,0.98284227,0.98727643,0.9745932,0.92934936,0.9766675,0.9535191,0.9866693,0.98758984,0.9745695,0.9581396,0.9681176,0.9591007,0.9331692,0.94985425,0.99062574,0.9850153,0.98899156,0.9756065,0.9766078,0.9892585,0.94587606,0.9846195,0.9946587,0.9817395,0.97489387,0.96871024,0.9867976,0.9847092,0.9825189,0.98546296,0.9685104,0.9638632,0.9787035,0.9789714,0.9810037,0.9872568,0.97050333,0.9827352,0.97404045,0.96913904,0.99339586,0.9752705,0.97738516,0.93360347,0.9449636,0.9756074,0.97229075,0.9759441,0.98979425,0.95406336,0.97463757,0.98258746,0.9759699,0.976813,0.98518765,0.9651062,0.9560216,0.982732,0.959625,0.96893364,0.9730904,0.96210796,0.9748371,0.9593348,0.94048846,0.96845794,0.9511092,0.97963166,0.97862786,0.98979425,0.94866425,0.9525662,0.9801533,0.9529141,0.9563778,0.98597616,0.97859716,0.9727876,0.98490113,0.9627421,0.9891163,0.98110825,0.9683688,0.9862261,0.98635423,0.9664965,0.9544589,0.9712069,0.9838373,0.9576956,0.9855338,0.95477134,0.9892035,0.98384476,0.99308217,0.96007246,0.9938255,0.9799363,0.9856665,0.9728286,0.9801719,0.97355014,0.9870406,0.9770843,0.9744429,0.9545705,0.98503727,0.9477533,0.98434025,0.98796374,0.9719251,0.94321513,0.98609453,0.98354906,0.9841296,0.9736634,0.9911695,0.9770463,0.9899422,0.9783928,0.9848686,0.95228624,0.98318166,0.97636175,0.97977376,0.9374703,0.97512424,0.98273224,0.9909853,0.9624871,0.97354305,0.97950083,0.9632949,0.9774279,0.9556457,0.9929028,0.9825406,0.98638093,0.9899422,0.9827542,0.9801918,0.9835789,0.9866117
ahiddenlifefilm,0.99299353,0.968861,0.9865981,0.9723799,0.9912331,0.97480935,0.99478114,0.9899422,1.0,0.98073727,0.97816086,0.972667,0.98223805,0.98003393,0.99592406,0.9809286,0.9818466,0.99196404,0.9883837,0.99148613,0.97736216,0.9818215,0.99115306,0.99196285,0.9912905,0.9561781,0.9807836,0.97187954,0.9879989,0.99215436,0.9773488,0.98051035,0.97422993,0.97134864,0.96287644,0.9681587,0.9968435,0.991791,0.99137896,0.9682231,0.9757845,0.9941076,0.964022,0.9914987,0.99432176,0.99037355,0.9878758,0.98040366,0.99099123,0.991992,0.9840578,0.9938492,0.97857726,0.96942794,0.9927687,0.9879301,0.9744306,0.9841739,0.98354805,0.9920131,0.9836247,0.98445314,0.9896607,0.97616905,0.98218006,0.95707977,0.9761147,0.9885988,0.98275083,0.9716051,0.9941956,0.9651996,0.98012125,0.988471,0.98345965,0.99396306,0.97737354,0.9789181,0.9777965,0.9721418,0.96233547,0.9863283,0.9882261,0.97702295,0.98225325,0.98143846,0.96280044,0.97941285,0.9766655,0.99632555,0.98518026,0.9941956,0.9622404,0.95656484,0.9800749,0.97599703,0.97404265,0.9935079,0.99042493,0.98378,0.9873172,0.9792197,0.9830259,0.9841231,0.9806125,0.9892728,0.99475384,0.9741932,0.96884865,0.97857577,0.99480414,0.9697163,0.9876084,0.96847814,0.9794216,0.99047834,0.99533874,0.9728455,0.991416,0.99615085,0.9869223,0.98845625,0.9919517,0.9803998,0.9851518,0.9803024,0.98274064,0.96158177,0.9832264,0.9590249,0.99122065,0.991315,0.9923338,0.96556556,0.98905814,0.9926844,0.96947134,0.9844124,0.9955258,0.9880716,1.0,0.9730077,0.9855563,0.9658023,0.98470956,0.9875949,0.98908335,0.97051734,0.9786712,0.97911143,0.99506223,0.9801942,0.9884433,0.9807096,0.97138554,0.9765619,0.97278774,0.9865303,0.9787183,0.9760673,1.0,0.98710316,0.9966119,0.9890671,0.98193395
alitamovie,0.97488064,0.97659886,0.98767465,0.95134825,0.9869211,0.9772033,0.98134476,0.98028284,0.98073727,0.9999998,0.9804219,0.97497034,0.9763598,0.9931105,0.98627996,0.9692359,0.97030306,0.97728765,0.9745113,0.9834676,0.97021925,0.98405075,0.9846138,0.973265,0.97325885,0.93859,0.9882568,0.955875,0.98524654,0.98697776,0.97231936,0.96756774,0.9636192,0.9742238,0.95686734,0.9777461,0.98013306,0.972368,0.9746679,0.9754132,0.9794241,0.9880045,0.95622015,0.9775268,0.98106563,0.9734146,0.9811496,0.9748895,0.9772157,0.98336846,0.98916864,0.98316824,0.98687977,0.9596087,0.9852468,0.9929392,0.9860347,0.97827405,0.9718914,0.9695608,0.97758186,0.97950006,0.9857346,0.99433166,0.9818628,0.9615694,0.9470754,0.96523607,0.9860909,0.98869103,0.9831056,0.97517914,0.9875175,0.972885,0.97863734,0.97069234,0.9829873,0.96241796,0.9563552,0.9798548,0.969361,0.9680327,0.97793067,0.9776254,0.9891929,0.9547679,0.96189064,0.97693646,0.96258295,0.9772088,0.98183316,0.9831056,0.9495623,0.9573887,0.9856626,0.9693658,0.97428703,0.9809259,0.9812326,0.99001783,0.98789996,0.9603381,0.9914188,0.97211516,0.9875988,0.9893727,0.9739276,0.9833047,0.9763294,0.9786965,0.9834204,0.97790545,0.9618035,0.97949564,0.97052294,0.98778677,0.97880036,0.97107416,0.9856212,0.98365045,0.99313205,0.9724824,0.982313,0.9908624,0.9863019,0.96877277,0.97299695,0.96140635,0.98807114,0.96094286,0.97398144,0.9857985,0.97659206,0.96345633,0.96882886,0.9898643,0.96575034,0.97834754,0.9844416,0.9850149,0.98073727,0.9904143,0.98781145,0.9745143,0.9673774,0.9734661,0.9890631,0.95236963,0.9889446,0.9724244,0.986322,0.9747848,0.98341376,0.9591223,0.9751197,0.9783027,0.97717065,0.98617476,0.96827006,0.95557314,0.98073727,0.9859787,0.9719296,0.9891232,0.9911828
angelhasfallen,0.9654235,0.9903879,0.9866445,0.98233545,0.97724104,0.9942527,0.9868946,0.96068376,0.97816086,0.9804219,1.0,0.9655708,0.9852972,0.9831213,0.9852019,0.9914621,0.9786517,0.9906111,0.9718578,0.9901919,0.95186126,0.9828105,0.9835508,0.9599523,0.98498726,0.9783883,0.9885234,0.9782553,0.98199624,0.9826263,0.96995246,0.9728518,0.95182717,0.9633535,0.98586863,0.98537743,0.9821445,0.97163534,0.97601455,0.94409865,0.9743963,0.98209846,0.9797563,0.9759631,0.9689652,0.9761656,0.98300505,0.9680699,0.96882826,0.97877544,0.9774708,0.9784928,0.9914749,0.97105086,0.97685325,0.98738706,0.9616076,0.96394193,0.98448414,0.97714746,0.97833735,0.98860955,0.9728633,0.97841144,0.97972894,0.98791456,0.975198,0.9668449,0.99139935,0.97658736,0.98426676,0.97823447,0.98301536,0.96540076,0.98685384,0.9727426,0.9694949,0.96480256,0.98336434,0.9518967,0.9704915,0.9814961,0.986217,0.9847196,0.9856589,0.97844714,0.98878205,0.9887423,0.9877425,0.98096555,0.9877167,0.98426676,0.9686392,0.97270954,0.98537165,0.97603583,0.9924684,0.98281604,0.98615235,0.9924184,0.98777115,0.97917837,0.9737289,0.97962713,0.9955363,0.97724104,0.97836506,0.98491126,0.9735751,0.95704573,0.9865803,0.9919223,0.9634949,0.98984134,0.9542456,0.98683435,0.96990603,0.9849547,0.9688406,0.99048615,0.9854964,0.9828293,0.982909,0.99153364,0.9614183,0.967266,0.9879979,0.97231567,0.98386437,0.97171545,0.9687949,0.9831708,0.98901623,0.98421746,0.9725412,0.9887779,0.93281823,0.9864307,0.98054516,0.9885473,0.97816086,0.97416157,0.98034793,0.97526735,0.97328335,0.96705055,0.97988147,0.98135424,0.9851341,0.953951,0.97949374,0.9901156,0.98554873,0.9500947,0.98733246,0.97366923,0.98983896,0.97884226,0.96903294,0.9417487,0.97816086,0.98363304,0.9782566,0.97300726,0.97045773
angrybirdsmovie,0.9820485,0.9697177,0.9805265,0.9502159,0.9902959,0.96936023,0.9785474,0.96266484,0.972667,0.97497034,0.9655708,1.0000001,0.9662767,0.97121334,0.97149724,0.96279037,0.9804941,0.9701461,0.98843324,0.9825984,0.9825418,0.9767998,0.98605907,0.968671,0.9574662,0.9349248,0.97346807,0.97124404,0.98560464,0.96891665,0.9795494,0.9837598,0.9868101,0.99686056,0.96400464,0.98390883,0.96993315,0.96331304,0.9651302,0.97669804,0.9811589,0.9833585,0.9676535,0.9846386,0.9674178,0.9828095,0.9865858,0.99163836,0.9724596,0.9892516,0.9927526,0.98200613,0.9849938,0.97431153,0.98237884,0.97786295,0.97162485,0.96238,0.9738238,0.962312,0.97186595,0.9619242,0.9555982,0.9799714,0.9644108,0.93823195,0.9437532,0.9829413,0.97514045,0.97394043,0.97110754,0.9891784,0.9858244,0.9862831,0.9784268,0.9825985,0.97529763,0.9907624,0.96532106,0.97701573,0.9867302,0.9710939,0.976464,0.9791512,0.97947,0.96498483,0.96508473,0.9462123,0.9587784,0.9670227,0.9620451,0.97110754,0.97518235,0.92917305,0.97615457,0.97538465,0.9606332,0.98121655,0.97919524,0.98157674,0.97763646,0.9358961,0.9849008,0.97080964,0.9585828,0.9914012,0.9798051,0.97721416,0.96975327,0.9881581,0.97396016,0.97398543,0.9502541,0.9708825,0.97715896,0.98476756,0.976317,0.9815358,0.9796072,0.9763616,0.96824366,0.9853629,0.96253645,0.9720342,0.9697301,0.9842761,0.94666964,0.98118114,0.9637207,0.9745634,0.97622305,0.97758925,0.9718839,0.9666865,0.9600022,0.9689944,0.9661741,0.9865729,0.97606266,0.9691083,0.972667,0.97040856,0.9810631,0.9872498,0.9616143,0.9880427,0.9861146,0.96144414,0.98466545,0.9571463,0.98031884,0.9637737,0.9905232,0.9834054,0.96570086,0.9783094,0.97759145,0.9698228,0.9418657,0.9411862,0.972667,0.9901684,0.9603198,0.99345464,0.9883395
annabellemovie,0.9677751,0.9791774,0.9873421,0.9885143,0.9806351,0.99133277,0.9910274,0.9691908,0.98223805,0.9763598,0.9852972,0.9662767,0.99999976,0.9754109,0.9786616,0.98684365,0.9852278,0.99031556,0.9797926,0.9913449,0.95019054,0.9902141,0.9902552,0.9591873,0.98369545,0.96850544,0.9888928,0.97101,0.98442864,0.9813844,0.98718464,0.9729223,0.9660995,0.9612299,0.987569,0.9853457,0.98901916,0.98078793,0.9828336,0.93394434,0.98420423,0.9802358,0.9886086,0.9858498,0.9736511,0.9813883,0.99016535,0.9782482,0.96899706,0.9837095,0.9810197,0.9799516,0.98626953,0.9843695,0.98323476,0.9841719,0.96775025,0.95738506,0.99512196,0.9819158,0.99693024,0.99283284,0.9810586,0.9795644,0.9820838,0.97097975,0.98100406,0.9742859,0.9926808,0.96640074,0.98804736,0.979955,0.9872367,0.9645487,0.985576,0.9729765,0.9663929,0.9625712,0.9876193,0.95194864,0.97041035,0.9905805,0.9954896,0.9936981,0.98779947,0.9895227,0.98713404,0.9865447,0.98921007,0.98230654,0.9826043,0.98804736,0.97345895,0.9752173,0.9890481,0.96120954,0.988835,0.9900216,0.9874097,0.99150705,0.9882634,0.9849158,0.974728,0.98332995,0.987086,0.98193014,0.98532194,0.9924478,0.98202205,0.95064735,0.9865257,0.9876915,0.95540375,0.99249357,0.9578472,0.97738177,0.97222435,0.98645663,0.97477233,0.98870325,0.9809,0.98405033,0.9863769,0.988467,0.9675262,0.9832855,0.98460513,0.979585,0.98279864,0.98385286,0.97344404,0.9908202,0.9883121,0.9812788,0.9685381,0.98742455,0.93716884,0.9863116,0.98212516,0.98127604,0.98223805,0.9706207,0.9854829,0.9721601,0.9861171,0.9766008,0.9833226,0.9819075,0.9868441,0.9497087,0.9825952,0.99528736,0.98688227,0.95217586,0.98777795,0.975063,0.98415434,0.9835529,0.96176755,0.9345262,0.98223805,0.9852751,0.9810124,0.9744941,0.9731563
annamovie,0.9752986,0.9834802,0.98956376,0.95560205,0.9846588,0.9789644,0.9809466,0.9759422,0.98003393,0.9931105,0.9831213,0.97121334,0.9754109,1.0,0.9852108,0.98132944,0.9679074,0.9772182,0.9759636,0.98558456,0.97039396,0.9798945,0.9815863,0.97012854,0.97286654,0.9516385,0.9870653,0.9652909,0.98497856,0.9838836,0.97323775,0.97002953,0.95573944,0.9662472,0.95785546,0.9761777,0.9802549,0.9725863,0.97464216,0.97427356,0.9782715,0.9843815,0.9614648,0.9765065,0.97815746,0.9693999,0.97778684,0.9708041,0.9753005,0.98183984,0.9864471,0.98478866,0.9853715,0.96357256,0.9825568,0.9896746,0.9820378,0.97507775,0.9741191,0.9689394,0.97526175,0.98028296,0.980914,0.9947375,0.98506004,0.97418326,0.9436731,0.9654162,0.9864062,0.9935024,0.9833573,0.97633594,0.9839042,0.9726663,0.9783967,0.969671,0.9844065,0.9605361,0.9592081,0.97636527,0.97364426,0.9638366,0.982095,0.97495514,0.9867042,0.9583899,0.9686854,0.98118496,0.9699887,0.97402173,0.9874175,0.9833573,0.9591369,0.9617773,0.9884063,0.9675507,0.97721756,0.9834976,0.98364925,0.9885365,0.9880051,0.9585919,0.9841001,0.9762233,0.9881795,0.986779,0.97466576,0.9855485,0.9851818,0.9734744,0.98303676,0.9813052,0.9639125,0.9818648,0.9712736,0.98585355,0.97687805,0.97354233,0.98443323,0.98333377,0.99581,0.97905415,0.98375577,0.9866929,0.98293245,0.96806395,0.9759908,0.9661881,0.98703325,0.96170706,0.9747371,0.9856912,0.97555584,0.9650658,0.96998173,0.98619825,0.9604516,0.9828458,0.9829865,0.98197186,0.98003393,0.9897865,0.9836789,0.97751784,0.9687105,0.9715432,0.98169154,0.95138174,0.9896916,0.9646573,0.9827852,0.977359,0.98198295,0.95787424,0.9746339,0.97816986,0.98403925,0.9863612,0.97162485,0.95367336,0.98003393,0.98337793,0.9693517,0.9840694,0.98656076
apollo11movie,0.9875521,0.9729595,0.9915045,0.971969,0.9895387,0.97630924,0.99196523,0.9825482,0.99592406,0.98627996,0.9852019,0.97149724,0.9786616,0.9852108,1.0,0.9840337,0.977566,0.98986983,0.9804403,0.9896295,0.9748953,0.97715527,0.9863141,0.98941565,0.9925084,0.95468,0.9786338,0.9672709,0.9837263,0.9909796,0.9686897,0.9797364,0.9691616,0.97348434,0.9653282,0.97157735,0.99163467,0.98510593,0.9836824,0.9688835,0.9685005,0.9931027,0.9583893,0.9836466,0.9915386,0.98360753,0.9835554,0.97752094,0.9894322,0.988399,0.9817168,0.99234164,0.9823361,0.96024865,0.99334455,0.98899084,0.97307885,0.9846068,0.978937,0.9845707,0.97718084,0.98419815,0.98606473,0.9804883,0.97901654,0.96733373,0.9747762,0.98317057,0.98323107,0.9759647,0.9895592,0.96427816,0.9778998,0.98248786,0.97895247,0.9893936,0.9758742,0.9749709,0.9720936,0.97122616,0.96159166,0.98011434,0.9848137,0.9751682,0.9863435,0.97488433,0.96414477,0.9818091,0.9770037,0.99457633,0.9859737,0.9895592,0.9572268,0.95105803,0.9782937,0.9848446,0.9777503,0.9884617,0.988755,0.9855065,0.98608214,0.9744071,0.9821647,0.9768629,0.9878046,0.9869526,0.98677903,0.97444415,0.97170275,0.9819832,0.99241716,0.97153354,0.98150927,0.97166073,0.9723866,0.9924126,0.99107814,0.96926236,0.98711354,0.99661285,0.98958725,0.9861324,0.99236566,0.983455,0.98368436,0.97094566,0.9807869,0.9554234,0.9830931,0.95381993,0.98865455,0.9860974,0.9930398,0.96320635,0.98293954,0.9932517,0.9645408,0.98136723,0.99260175,0.99100494,0.99592406,0.9737643,0.98334736,0.9684785,0.9762004,0.98206943,0.99164015,0.9716159,0.9791765,0.9779946,0.9905675,0.982088,0.98739624,0.97158456,0.9704821,0.9720877,0.9735032,0.9825913,0.9744238,0.9671664,0.99592406,0.9842568,0.99387014,0.9873446,0.9806207
arcticdogsmovie,0.9681799,0.98466223,0.9890723,0.9870583,0.97567064,0.9871002,0.9888381,0.9579434,0.9809286,0.9692359,0.9914621,0.96279037,0.98684365,0.98132944,0.9840337,0.99999994,0.97840345,0.9869903,0.9757157,0.98920953,0.95201087,0.97629803,0.98130774,0.958761,0.986271,0.97556937,0.9788304,0.9759461,0.97708756,0.9757393,0.97552675,0.97451806,0.9537189,0.9583906,0.9848073,0.9818262,0.9833593,0.97643906,0.9756688,0.93729186,0.9688591,0.9766243,0.98178524,0.97793436,0.96873343,0.9757897,0.98175484,0.9689239,0.9683116,0.9794782,0.9725006,0.97947764,0.9839467,0.974392,0.98233503,0.9795131,0.9593137,0.95770746,0.988145,0.9749805,0.97975314,0.9892491,0.9687158,0.9743377,0.976092,0.98347086,0.97921234,0.9709415,0.98684037,0.97031945,0.9822773,0.97400117,0.97764176,0.9638972,0.9796543,0.9752908,0.96592706,0.9631003,0.9844824,0.94381136,0.9681167,0.98197615,0.9907701,0.9832721,0.9838269,0.9873633,0.9883617,0.98609596,0.9929466,0.9804017,0.9846846,0.9822773,0.9756406,0.9612337,0.98129904,0.9705102,0.9869541,0.985498,0.987137,0.9861941,0.9835616,0.97525215,0.9636954,0.97829026,0.98799586,0.9744176,0.98016703,0.9845956,0.9837292,0.95423853,0.98221004,0.9850489,0.95909536,0.9872544,0.954407,0.978872,0.9705551,0.98141325,0.9694716,0.98972696,0.9806156,0.9883698,0.98607254,0.9821506,0.9640783,0.97129476,0.98166895,0.9712235,0.9752204,0.9727264,0.9736201,0.9827047,0.9879507,0.978026,0.9690371,0.9829337,0.9276328,0.985447,0.98006105,0.9808847,0.9809286,0.9668134,0.9765412,0.971588,0.97518086,0.9689319,0.97600853,0.98125374,0.97967637,0.9498534,0.9759594,0.9923256,0.98269475,0.95070356,0.9778919,0.9648542,0.986207,0.9743095,0.958506,0.9335709,0.9809286,0.9776097,0.97875357,0.9693851,0.9636273
arcticmovie,0.977228,0.97423625,0.9837908,0.9784612,0.98341256,0.98252046,0.9902305,0.9638512,0.9818466,0.97030306,0.9786517,0.9804941,0.9852278,0.9679074,0.977566,0.97840345,1.0000004,0.9848847,0.98987585,0.9876133,0.95408666,0.9814453,0.9879951,0.968051,0.9771443,0.9695815,0.98205113,0.9853966,0.98782545,0.96939003,0.981957,0.9867828,0.97219604,0.9765346,0.9823329,0.9870108,0.98083794,0.98636115,0.97915614,0.95098245,0.98623973,0.97981733,0.98724574,0.9931469,0.97495705,0.98665553,0.9889126,0.9796243,0.96396714,0.9914917,0.98161215,0.976989,0.9855566,0.9796281,0.9837191,0.9877867,0.9571117,0.95553863,0.98453313,0.98667425,0.9904606,0.9797172,0.9718753,0.97088116,0.96267015,0.95695263,0.9735297,0.97862023,0.98081845,0.9601329,0.98776853,0.98248065,0.98569304,0.98118776,0.9876056,0.9831249,0.96386063,0.9731197,0.97926384,0.9555752,0.97645205,0.99093103,0.9898152,0.98955584,0.9746999,0.9860295,0.98256505,0.9627346,0.9870164,0.9814218,0.96870315,0.98776853,0.9810244,0.95754564,0.97699434,0.97649676,0.9753994,0.9895113,0.98296124,0.9850117,0.97975975,0.972235,0.9744383,0.98881024,0.97123384,0.9827018,0.9854077,0.98483527,0.9644766,0.96428645,0.9839043,0.98137826,0.95952183,0.98053634,0.9581707,0.9788771,0.980257,0.9888491,0.9793482,0.98749506,0.9708138,0.9886216,0.96817005,0.9803135,0.96171004,0.98326546,0.96602833,0.9828883,0.96862054,0.9866669,0.96819454,0.9852118,0.9873144,0.98844534,0.96893585,0.9764145,0.94797164,0.9859178,0.9858114,0.97469854,0.9818466,0.9652791,0.9806343,0.9770546,0.97957075,0.9813604,0.9869904,0.9861672,0.9838459,0.9555715,0.9829922,0.98789763,0.9900375,0.97235274,0.98061466,0.98235744,0.9803383,0.9741247,0.9583103,0.9407293,0.9818466,0.98480654,0.9786486,0.9833153,0.971593
artofracingmovie,0.9806683,0.97800624,0.98709416,0.9847066,0.9854164,0.99068236,0.99621016,0.977036,0.99196404,0.97728765,0.9906111,0.9701461,0.99031556,0.9772182,0.98986983,0.9869903,0.9848847,0.99999976,0.98331136,0.9938807,0.96299726,0.9879179,0.99288905,0.9758625,0.99290115,0.9766901,0.9885667,0.98108697,0.9876998,0.99237305,0.97782594,0.98018175,0.96403277,0.9669186,0.9815097,0.9785998,0.9955719,0.9840874,0.9909898,0.9509816,0.9784514,0.99163336,0.97843707,0.987226,0.9818969,0.9886927,0.99099696,0.9781337,0.9829331,0.98662794,0.9819958,0.98817456,0.98713803,0.98060393,0.9830786,0.98931915,0.9664736,0.9775507,0.98981875,0.99113435,0.9870607,0.99174017,0.9823413,0.9737788,0.98544323,0.9761225,0.9851489,0.9838415,0.9929383,0.9717488,0.992829,0.9726559,0.9841839,0.9791864,0.9892572,0.98755586,0.9721845,0.9762548,0.98971194,0.96101785,0.9664048,0.99289244,0.99093044,0.98672694,0.98510814,0.98866594,0.98241585,0.9892191,0.9881977,0.9939835,0.9919219,0.992829,0.9671311,0.9734747,0.98654944,0.9739126,0.99022496,0.9920998,0.9947766,0.99223214,0.9914535,0.9857511,0.9791422,0.9860451,0.9888992,0.98582894,0.99223715,0.980138,0.97196853,0.96411365,0.99539655,0.985711,0.9807999,0.982231,0.9686669,0.9905894,0.9843097,0.98359793,0.97866035,0.99714243,0.98650527,0.98969775,0.9904497,0.9879404,0.9714362,0.9775962,0.99251145,0.97240293,0.9872826,0.970108,0.9816646,0.9924781,0.9942284,0.9813647,0.98815477,0.9942704,0.94995636,0.9893362,0.9891015,0.9939661,0.99196404,0.97190773,0.9861394,0.9689826,0.98199546,0.9811556,0.98507816,0.98263127,0.98245776,0.96329474,0.9925194,0.98850054,0.9908497,0.96834326,0.9869476,0.97803926,0.9846573,0.98538595,0.9790388,0.9616472,0.99196404,0.9884125,0.993115,0.9807077,0.97645783
avengers,0.9929351,0.97083527,0.98154014,0.96418166,0.9896972,0.978067,0.9909717,0.98222494,0.9883837,0.9745113,0.9718578,0.98843324,0.9797926,0.9759636,0.9804403,0.9757157,0.98987585,0.98331136,0.99999994,0.9920356,0.9782227,0.98684394,0.9937361,0.97913426,0.9764854,0.95567226,0.9819392,0.98191375,0.99422467,0.9785948,0.99136466,0.9812148,0.9814579,0.98131055,0.9665562,0.98027515,0.9884506,0.98762023,0.9883533,0.9727483,0.99009466,0.98937804,0.9795084,0.9975018,0.9840884,0.99502254,0.99177843,0.9861409,0.9792219,0.9963036,0.99086887,0.98664266,0.9846707,0.98634684,0.98686004,0.98484397,0.9731847,0.9734869,0.98530626,0.9865933,0.9858932,0.976801,0.97763586,0.9777485,0.9728269,0.9468756,0.9608725,0.98685235,0.9807359,0.9758922,0.9910154,0.98278224,0.9893807,0.99282277,0.99069697,0.98979795,0.9832032,0.98468125,0.975782,0.975252,0.98291934,0.9862288,0.98769015,0.9853951,0.97970057,0.98333275,0.97229713,0.9641334,0.97593755,0.98097867,0.9769539,0.9910154,0.9826041,0.9515755,0.984458,0.96868753,0.969134,0.9936002,0.98883957,0.9844432,0.9887078,0.9623822,0.98654735,0.9918286,0.9672993,0.9919945,0.9933154,0.98289275,0.97020024,0.97678375,0.9852767,0.9787313,0.975285,0.9744113,0.9859048,0.98788583,0.99119204,0.98783463,0.99108285,0.9866417,0.97889876,0.99340886,0.9751872,0.9792359,0.978195,0.9923845,0.96868,0.98438126,0.9756029,0.9820573,0.98171955,0.99174184,0.980818,0.97436535,0.9827082,0.9797205,0.97071624,0.99090976,0.9923769,0.97790855,0.9883837,0.97592264,0.9897693,0.97662896,0.9850054,0.9882272,0.986695,0.96858346,0.98726743,0.9704564,0.9920427,0.9774492,0.9910243,0.9901952,0.977244,0.98723483,0.9784201,0.98556006,0.9682445,0.96603817,0.9883837,0.9923556,0.9781168,0.9922327,0.986268
beachbummovie,0.9880352,0.985972,0.9906821,0.9817765,0.9926607,0.9920985,0.9944448,0.9823968,0.99148613,0.9834676,0.9901919,0.9825984,0.9913449,0.98558456,0.9896295,0.98920953,0.9876133,0.9938807,0.9920356,1.0000001,0.9770942,0.9926487,0.9956179,0.97934705,0.9862128,0.96914345,0.99178773,0.9851528,0.9963539,0.99026936,0.9888039,0.98426753,0.9791925,0.9784646,0.980692,0.9849738,0.99444634,0.9854695,0.99021715,0.9653548,0.9900255,0.9940805,0.98468494,0.9938137,0.9865574,0.9912348,0.9937158,0.9865531,0.98658675,0.9945621,0.99278,0.99402374,0.9934005,0.9862559,0.98881114,0.98911816,0.9771589,0.97674173,0.9952455,0.9890813,0.9908581,0.98834014,0.98500514,0.986754,0.98759836,0.9716583,0.9733027,0.988621,0.9932522,0.9825508,0.99490595,0.98621804,0.99036044,0.98679566,0.9939997,0.9869888,0.983706,0.98359996,0.98878783,0.9755827,0.98449755,0.98856026,0.9954062,0.9895189,0.99083644,0.9878478,0.98309195,0.9843689,0.9852277,0.98833144,0.98968667,0.99490595,0.98227465,0.96942437,0.9939958,0.9781889,0.987774,0.9973901,0.9941355,0.9936955,0.99479866,0.97863823,0.9888741,0.9922607,0.98753744,0.9932441,0.9958034,0.9907123,0.979497,0.9740493,0.99468404,0.98953897,0.976245,0.9874426,0.98148704,0.9943614,0.9884346,0.9915814,0.98875093,0.9950643,0.98977774,0.99557763,0.98893136,0.9893929,0.97645384,0.9907318,0.98629767,0.9859906,0.98963267,0.98082095,0.9877243,0.99442965,0.9929131,0.9788628,0.9837435,0.9907549,0.9645139,0.99735117,0.9927286,0.9879766,0.99148613,0.97950715,0.991859,0.98329616,0.99082404,0.9890048,0.9905186,0.9781339,0.99323213,0.96729386,0.99245816,0.9902997,0.994967,0.9782772,0.9884795,0.9886611,0.9881851,0.9921391,0.97669405,0.961709,0.99148613,0.9967691,0.98648363,0.9889057,0.98797333
bernadettefilm,0.99037653,0.953292,0.96938115,0.93133116,0.98901325,0.94863,0.96710646,0.9792556,0.97736216,0.97021925,0.95186126,0.9825418,0.95019054,0.97039396,0.9748953,0.95201087,0.95408666,0.96299726,0.9782227,0.9770942,1.0000001,0.96500355,0.9749477,0.9843579,0.95371187,0.91126186,0.9604855,0.95278376,0.98014045,0.97465986,0.9648102,0.9702494,0.98515064,0.9816985,0.92990005,0.95057774,0.9729341,0.96099424,0.9637562,0.9867218,0.9657837,0.98414344,0.93624777,0.9760435,0.97955924,0.97330165,0.96961534,0.98116386,0.9856971,0.98244554,0.98694026,0.988444,0.96602434,0.95599425,0.9768371,0.96393734,0.9759729,0.9744612,0.96194077,0.9578715,0.95442647,0.9470242,0.961662,0.97519195,0.9678697,0.92189425,0.9259903,0.9854204,0.9615403,0.97376925,0.96796703,0.96446335,0.9667393,0.9859816,0.9633803,0.97957575,0.9797707,0.9872703,0.9522272,0.9878597,0.97322404,0.950803,0.9652804,0.95028645,0.97222507,0.9463912,0.93252254,0.9430314,0.93375814,0.964097,0.9612957,0.96796703,0.95775914,0.9200646,0.97053427,0.9674042,0.94194996,0.9785165,0.9699194,0.9645631,0.9711683,0.92859775,0.98442024,0.9623673,0.95119494,0.9881808,0.98072547,0.9581285,0.956468,0.99159026,0.97291934,0.9490505,0.9660813,0.9454612,0.9909833,0.98323077,0.9828293,0.9558205,0.9856919,0.9700769,0.9703589,0.9757479,0.9664641,0.95578843,0.97631156,0.9773014,0.9471594,0.9579874,0.96576595,0.93853503,0.99095005,0.97147924,0.9652372,0.9313031,0.96468705,0.96642435,0.98649883,0.97634983,0.97535425,0.962036,0.97736216,0.96563417,0.97162336,0.97127056,0.96374536,0.9860449,0.97723067,0.9324165,0.9714042,0.9681329,0.9773568,0.9450594,0.97625333,0.9883765,0.94291884,0.9679236,0.9573313,0.97514045,0.9529581,0.9654509,0.97736216,0.9837178,0.962964,0.9871839,0.9887268
