movie,21bridgesmovie,47metersdown,abeautifuldaymovie,abominablemovie,adastramovie,adogsjourneymovie,aftermathmovie,aftermovie,ahiddenlifefilm,alitamovie,angelhasfallen,angrybirdsmovie,annabellemovie,annamovie,apollo11movie,arcticdogsmovie,arcticmovie,artofracingmovie,avengers,beachbummovie,bernadettefilm,blackandbluemovie,blackchristmas,blindedbythelightmovie,bombshellmovie,booksmart,breakthroughmovie,brianbanksmovie,brightburnmovie,brittanyrunsmov,captainmarvelofficial,captivestatemovie,catsmovie,charliesangels,childsplaymovie,clarathefilm,coldpursuitmovie,countdown,currentwarmovie,darkwatersmovie,detectivepikachumovie,disneyaladdin,disneyfrozen,disneymaleficent,doctorsleepmovie,dolemiteismyname,dontletgomovie,doramovie,downtonabbey_official,dumbo,escaperoom,everybodyknowsmovie,fastandfuriousmovie,fightingwmyfam,fivefeetapartfilm,fordvferrari,freaksthefilm,geminimanmovie,glassmovie,gloriabellmovie,godzillamovie,goldfinchmovie,goodboysmovie,goodliarmovie,gretafilm,halathemovie,happydeathdaymovie,harrietfilm,hellboymovie,hersmellmovie,highlifemovie,highstrungmovie,honeyboymovie,hotelmumbaifilm,httydragon,hustlemovie,hustlersmovie,isntitromantic,itmovieofficial,jayandsilentbob,johnwickmovie,jojorabbitmovie,jokermovie,judythefilm,jumanjimovie,justmercyfilm,knivesout,lalloronamovie,lastblackmansf,lastchristmasthemovie,latenightmovie,lighthousemovie,lionking,littlethemovie,littlewomenmovie,littlewoodsfilm,longshotmovie,lordsofchaosmovie,lucyintheskyfilm,mamovie2019,marriagestory,meettheaddams,meninblack,midsommarmovie,midwaymovie,missbalamovie,missinglinkfilm,motherlessbklyn,onceinhollywood,onthebasisofsex,overcomermovie,peanutbutterfalcon,petsematarymovie,piercingmovie,playingwithfire,playmobilthemovie,pomsmovie,queenandslim,rambomovie,readyornotfilm,richardjewellfilm,rocketmanmovie,scarystoriesmovie,secretlifeofpets,serenityfilm,shaftmovie,shazammovie,spidermanmovie,spiesindisguise,starwars,stormboymovie,stubermovie,taosdfilm,teenspiritmov,terminator,theaeronautsmov,thebestofenemies,thedeaddontdie,thefarewell,thehighwaymen,thehummingbirdprojectfilm,theintrudermovie,theirishmanfilm,thekitchenmovie,thelegomovie,themustangfilm,thenightingalefilm,theprodigymovie,thesunisalsoastar,theupsidefilm,tolkienmovie,toystory,triplefrontier,uglydolls,uncutgems,underthesilverlake,usmovie,wavesmovie,whatmenwant,wonderparkmovie,wrinklestheclown,xmenmovies,yardiefilm,yesterdaymovie,zombieland
21bridgesmovie,1.0000001,0.9775166,0.99180704,0.99170685,0.9916553,0.99045146,0.99240553,0.99182606,0.9948816,0.9845801,0.9964474,0.98100394,0.9906927,0.98649436,0.98476225,0.9872854,0.9947671,0.98680544,0.99390304,0.98501605,0.993568,0.9849546,0.99118257,0.9949115,0.98854923,0.98355806,0.9941208,0.9864823,0.991985,0.98207426,0.9937481,0.990546,0.9901528,0.9880166,0.9907557,0.9978193,0.99700165,0.9941523,0.98740023,0.99582803,0.9820171,0.9892102,0.98456043,0.9899262,0.9919403,0.9709751,0.9898157,0.9960784,0.99588895,0.99064606,0.9806114,0.9952275,0.98953307,0.991311,0.9827714,0.99108297,0.9958705,0.9915868,0.99353975,0.99146396,0.9886899,0.9943857,0.97882485,0.9928832,0.9861099,0.98228925,0.9858353,0.9898405,0.9897594,0.9946707,0.9912103,0.9897989,0.99222326,0.9976029,0.9926179,0.9834817,0.9774419,0.9797939,0.9933097,0.9877481,0.9928644,0.9957323,0.99427164,0.9941594,0.9853128,0.97532374,0.9920934,0.9912298,0.97424,0.994644,0.9942959,0.9912103,0.9705706,0.9809642,0.99298733,0.98523456,0.9899517,0.99430764,0.9946234,0.9922521,0.97682065,0.98920035,0.9838038,0.99192667,0.98258954,0.98452824,0.99173117,0.9834367,0.9664177,0.995046,0.99434555,0.9876341,0.9955275,0.9962706,0.973584,0.9945634,0.9992624,0.9914082,0.993999,0.9925074,0.98451066,0.993308,0.9955088,0.9887846,0.9919588,0.992418,0.99002546,0.99161905,0.99325603,0.9892891,0.9937695,0.9903809,0.9848796,0.9670883,0.99345756,0.9881212,0.9912527,0.9917174,0.9861276,0.9815726,0.9948816,0.99105644,0.97531074,0.9888809,0.97699744,0.9982271,0.9952588,0.98990685,0.98277617,0.99303114,0.98468626,0.9917228,0.9836815,0.991516,0.98911285,0.99336386,0.98535144,0.9963503,0.991914,0.9894749,0.9948816,0.98799634,0.99412876,0.9910299,0.99382585
47metersdown,0.9775166,0.9999999,0.96661407,0.9667772,0.9665735,0.96308327,0.97600186,0.96524113,0.97160953,0.9682382,0.9706169,0.9693753,0.96344846,0.9854245,0.95466095,0.97697824,0.9691735,0.9629537,0.98553014,0.9738438,0.9793602,0.9504391,0.96646774,0.9655923,0.96706855,0.9587822,0.96204907,0.96992165,0.9610347,0.970849,0.9776753,0.95542216,0.9793041,0.9676121,0.9604002,0.9687153,0.9778977,0.9613372,0.972446,0.98463696,0.9623256,0.9730158,0.9768168,0.9652777,0.95948213,0.94538325,0.9645901,0.98451185,0.97936237,0.9592565,0.9597588,0.9690901,0.9706965,0.97598284,0.97109294,0.96740836,0.96585315,0.9804355,0.9731239,0.96164936,0.96565765,0.9752234,0.9387587,0.9765924,0.95526016,0.98416656,0.97468203,0.95436627,0.9888058,0.96860063,0.96593606,0.97089136,0.97064286,0.9762491,0.96626794,0.9484531,0.92887217,0.94895375,0.98251873,0.96978265,0.96532863,0.98350966,0.9754546,0.96306175,0.95893234,0.96226126,0.9658847,0.95962036,0.9591653,0.9618517,0.9742218,0.96593606,0.92375374,0.97655314,0.9785671,0.95492333,0.9662673,0.9848827,0.9831409,0.97871006,0.9557914,0.9574183,0.9428303,0.9738309,0.98426044,0.96245164,0.97167957,0.9556987,0.95064884,0.9738653,0.9834748,0.96266496,0.9690253,0.9646849,0.95383984,0.9673816,0.9727012,0.9684559,0.96297157,0.9787886,0.9511537,0.95838934,0.97806555,0.96002287,0.9761799,0.97751063,0.9695305,0.9614141,0.97014755,0.97797114,0.9699001,0.9602907,0.9721528,0.9499456,0.97708136,0.96758264,0.96033776,0.9612425,0.9597042,0.96584487,0.97160953,0.95696914,0.9587485,0.9537197,0.9399812,0.9826991,0.96668077,0.9572095,0.9545759,0.9558342,0.96923107,0.9707524,0.96163,0.9591647,0.96638435,0.97508174,0.9638485,0.97285336,0.962207,0.9603247,0.97160953,0.9844577,0.97302943,0.97308725,0.9834785
abeautifuldaymovie,0.99180704,0.96661407,1.0,0.9921437,0.97231776,0.98403794,0.98219806,0.974149,0.98417145,0.9716706,0.9898384,0.9762022,0.9951701,0.9774988,0.97202927,0.98160344,0.9873612,0.9726551,0.98586196,0.97851557,0.9858645,0.99253345,0.98372215,0.9874279,0.97696906,0.9805619,0.9908114,0.98366386,0.9959639,0.963264,0.978391,0.995363,0.98748314,0.98863363,0.9886553,0.99358314,0.99515116,0.9873794,0.96472454,0.990167,0.961236,0.98018676,0.9709068,0.9847555,0.9817741,0.9752736,0.98387384,0.9804049,0.9846782,0.97967404,0.9886983,0.99140686,0.98306245,0.97688174,0.9830278,0.97501427,0.9851276,0.99044484,0.9815723,0.9903392,0.97548866,0.9878602,0.97678196,0.9904989,0.98540926,0.9674043,0.98451847,0.98391783,0.9827276,0.98136675,0.98596036,0.98781174,0.9796618,0.99170685,0.98066914,0.9758539,0.96964025,0.9568609,0.99047065,0.9796378,0.9961029,0.98677796,0.9922873,0.98604524,0.98821515,0.96487135,0.9956856,0.98668313,0.9668455,0.98294735,0.9916484,0.98596036,0.9791927,0.9805632,0.99546903,0.968723,0.9909074,0.98264635,0.98766154,0.99052423,0.983904,0.9776898,0.98988914,0.9818983,0.97312695,0.99015456,0.9809879,0.990202,0.9724338,0.9854911,0.9839894,0.99113566,0.993833,0.9878478,0.97923416,0.9892376,0.9916121,0.97487277,0.98556757,0.9806414,0.9873583,0.9883193,0.99253035,0.9849555,0.9781615,0.9758279,0.9921061,0.9916946,0.98445845,0.981616,0.9812318,0.9790882,0.97360235,0.97350526,0.988528,0.974105,0.98253006,0.9895061,0.97795445,0.9819572,0.98417145,0.99679965,0.9835134,0.9856325,0.98369694,0.9913098,0.9801892,0.98821026,0.983421,0.99090123,0.9697561,0.9883328,0.9822972,0.98525965,0.99348134,0.9898968,0.9780973,0.9888138,0.98605275,0.9875449,0.98417145,0.9779483,0.98383033,0.9736849,0.9924642
abominablemovie,0.99170685,0.9667772,0.9921437,0.9999999,0.983007,0.98318154,0.9845763,0.97906816,0.9909016,0.984153,0.99019575,0.9702534,0.99784553,0.9802863,0.9843174,0.9927139,0.98747265,0.98286426,0.98403,0.9780841,0.9857917,0.9884202,0.99173003,0.9947017,0.9897287,0.9945873,0.990435,0.97458345,0.9932694,0.97623366,0.9796442,0.99174184,0.98914367,0.9877186,0.9957301,0.9941039,0.9940828,0.9897957,0.97205454,0.99326783,0.97597003,0.98276734,0.96343017,0.9900218,0.9931431,0.9740382,0.9918822,0.98242235,0.990241,0.9864379,0.9783601,0.9967042,0.9921308,0.98446494,0.9884769,0.98534405,0.98867774,0.9885236,0.98141235,0.98913443,0.97194475,0.98864496,0.98736256,0.98754334,0.994572,0.96262765,0.992289,0.9916422,0.98344326,0.9902438,0.9896091,0.9875573,0.98454416,0.99106276,0.990903,0.991864,0.98535717,0.9712169,0.98983574,0.9863366,0.99383146,0.9910939,0.994156,0.9933598,0.9928955,0.9755588,0.9928794,0.9924148,0.9653763,0.9864868,0.9885303,0.9896091,0.98343635,0.97839266,0.9942155,0.97942555,0.9846388,0.98466057,0.98828006,0.9880501,0.9797003,0.9853734,0.98867273,0.9910342,0.97841305,0.9788091,0.98814964,0.99274486,0.9794853,0.9913998,0.98732436,0.99466014,0.9940744,0.99433523,0.9827413,0.98735607,0.99079573,0.985966,0.9945072,0.9807338,0.99133116,0.98851836,0.99606407,0.97936934,0.98464996,0.97353333,0.98898506,0.98516136,0.98720086,0.9717454,0.9833216,0.9880497,0.97651815,0.97494876,0.98914653,0.98476654,0.9809351,0.99309546,0.98580104,0.98669493,0.9909016,0.9893679,0.98040766,0.9817069,0.9842346,0.99287134,0.98095226,0.9937614,0.9825404,0.98221695,0.97664565,0.9868171,0.99113464,0.99213713,0.989089,0.98989636,0.98869556,0.9875405,0.9879122,0.99792224,0.9909016,0.9829566,0.9918004,0.98403543,0.98768264
adastramovie,0.9916553,0.9665735,0.97231776,0.983007,0.99999994,0.97868073,0.987206,0.99451506,0.9957557,0.98866355,0.99135554,0.96364015,0.9797843,0.979105,0.9943545,0.9883478,0.9908462,0.9931432,0.98334044,0.9770635,0.9861888,0.9715085,0.9935337,0.9946127,0.9926643,0.9799156,0.98465,0.9745172,0.97895443,0.99299383,0.9912001,0.9768338,0.97791594,0.9756954,0.9848331,0.9851293,0.9855702,0.98492754,0.9963299,0.98753035,0.99360526,0.9862662,0.9734803,0.9884212,0.9956686,0.95475626,0.99168,0.9907277,0.9939947,0.9932035,0.9604393,0.9894671,0.9902547,0.9897585,0.97203225,0.9962314,0.9920094,0.980302,0.9897509,0.9833737,0.9835786,0.98402876,0.9788891,0.9809379,0.9785735,0.972528,0.9827433,0.9870132,0.9820514,0.9903653,0.98772323,0.9765629,0.99295175,0.98870283,0.9965564,0.9869633,0.9816675,0.993408,0.98315233,0.98341954,0.9831376,0.9876859,0.98383415,0.9922689,0.97312707,0.9865659,0.97598517,0.99029565,0.9672498,0.9958577,0.98435986,0.98772323,0.96125823,0.965372,0.9787005,0.9934796,0.98165405,0.9911655,0.9867489,0.98119247,0.95753133,0.9865934,0.9679293,0.9930195,0.9675458,0.9649563,0.9931112,0.97161114,0.9581533,0.9922928,0.9908552,0.975916,0.98882747,0.9935281,0.9607087,0.9865914,0.9907417,0.9984872,0.99002635,0.9862806,0.9776782,0.9886586,0.98953843,0.9758408,0.9906329,0.9879546,0.976765,0.9789762,0.98719734,0.9734927,0.990518,0.9853051,0.981269,0.95461065,0.9867207,0.9956355,0.9856757,0.98249114,0.98727214,0.96699524,0.9957557,0.976678,0.9558391,0.9834158,0.96777976,0.98909307,0.9903499,0.9836221,0.97269887,0.9772469,0.9848448,0.98317164,0.9756428,0.9865608,0.97371197,0.9834585,0.98855454,0.98796535,0.98835385,0.9865528,0.9957557,0.98529124,0.99209225,0.9988401,0.97683936
adogsjourneymovie,0.99045146,0.96308327,0.98403794,0.98318154,0.97868073,0.9999998,0.9926403,0.97467124,0.98602456,0.96247077,0.9818144,0.9770321,0.9792577,0.97394353,0.97422504,0.97475106,0.9873918,0.98541105,0.992629,0.9874989,0.99355376,0.97177833,0.9855023,0.98077947,0.9844557,0.9826251,0.9805585,0.97815245,0.9814394,0.9671891,0.99178445,0.99197906,0.97687215,0.97682565,0.976081,0.9920716,0.98793674,0.9792201,0.97829974,0.98594123,0.96175236,0.9743226,0.9848578,0.98039955,0.9808677,0.969054,0.984799,0.98670745,0.9899526,0.9803627,0.9755991,0.9827535,0.9817734,0.9855954,0.9717851,0.9848567,0.9853945,0.9768678,0.98758817,0.97601783,0.9901245,0.99658716,0.9568124,0.9771288,0.9748019,0.96526736,0.9741712,0.9740479,0.9727876,0.9922941,0.9797473,0.98526466,0.979988,0.98455876,0.9781745,0.97644013,0.9641617,0.96769595,0.9748329,0.97756165,0.9799208,0.9910036,0.989085,0.981528,0.9883757,0.96629006,0.97922117,0.98493093,0.95217645,0.98747176,0.9769359,0.9797473,0.9515598,0.96529835,0.9830211,0.96541196,0.9701833,0.982395,0.9933706,0.9822682,0.9812997,0.98855335,0.979168,0.9747236,0.9834672,0.9782264,0.9830732,0.9805186,0.94343734,0.9927042,0.9901508,0.9755608,0.9824327,0.9825835,0.96516687,0.989042,0.99079317,0.97844124,0.993111,0.9899958,0.96722776,0.9841666,0.9846738,0.9976221,0.9863502,0.98608834,0.98401356,0.98035187,0.97929066,0.9776694,0.9926588,0.9949773,0.9856638,0.96967715,0.9825639,0.9775739,0.9719909,0.9776081,0.97179776,0.98608154,0.98602456,0.98025215,0.98065096,0.97365695,0.95876443,0.98685133,0.99186885,0.975047,0.968819,0.9866805,0.99046683,0.97720075,0.9803849,0.98606634,0.9900552,0.9799812,0.9834822,0.99266464,0.97908384,0.983178,0.98602456,0.97613204,0.98432046,0.97869164,0.9843459
aftermathmovie,0.99240553,0.97600186,0.98219806,0.9845763,0.987206,0.9926403,0.99999994,0.9878553,0.99453866,0.9770487,0.98346454,0.9819612,0.9791193,0.9902027,0.9812198,0.9863923,0.9964665,0.98941636,0.9963496,0.99700135,0.9991693,0.9753026,0.9919157,0.9856831,0.9884869,0.9777819,0.9797746,0.99076015,0.98373765,0.981868,0.99752724,0.98702514,0.9891131,0.98638594,0.9799062,0.98907226,0.99253017,0.97931004,0.9891627,0.99401397,0.9794575,0.9877116,0.9883318,0.989322,0.9865337,0.9738472,0.98975325,0.9910992,0.9918864,0.98934865,0.9830241,0.9875871,0.9894968,0.9867603,0.9841991,0.9912438,0.9818994,0.98479825,0.9968624,0.98589456,0.9908872,0.9976467,0.95914644,0.98804843,0.9776925,0.9758921,0.9881691,0.97520924,0.9893884,0.9934208,0.9924339,0.98833805,0.9870957,0.9917491,0.98246586,0.9826226,0.96051604,0.98132724,0.9848923,0.99003774,0.9841442,0.99177426,0.9955146,0.98165125,0.9884065,0.97888434,0.9785297,0.9849875,0.97055477,0.99216086,0.98428,0.9924339,0.9528994,0.97884166,0.98989224,0.96973723,0.9780339,0.9930789,0.996307,0.99120235,0.98230237,0.9823651,0.97562736,0.98926103,0.98457754,0.9836536,0.9960452,0.9848261,0.9517545,0.9943921,0.9976138,0.9778166,0.9889392,0.9872375,0.97568685,0.99336857,0.9934883,0.984402,0.9929847,0.99915344,0.97759885,0.9821789,0.99220145,0.99404114,0.998111,0.99487567,0.9890722,0.98321545,0.98234963,0.98127943,0.99500966,0.98725075,0.9981733,0.9794672,0.9904792,0.98909754,0.9765155,0.9772137,0.9866529,0.9877143,0.99453866,0.9830755,0.9812026,0.9842521,0.96437055,0.992222,0.9947322,0.9811749,0.98220533,0.98445815,0.9974525,0.9844344,0.98947924,0.9859999,0.99236304,0.99082893,0.99074906,0.99766445,0.9880877,0.9842771,0.99453866,0.9917064,0.99511725,0.98973274,0.9862245
aftermovie,0.99182606,0.96524113,0.974149,0.97906816,0.99451506,0.97467124,0.9878553,0.99999994,0.9929963,0.9881687,0.98832613,0.9728011,0.97613734,0.98542166,0.9838866,0.98134583,0.99394894,0.98191535,0.9821777,0.9798759,0.98558813,0.97656554,0.9864789,0.9905869,0.9812318,0.9658071,0.98542625,0.9852646,0.98233646,0.9852532,0.98985964,0.9742366,0.98571765,0.9834916,0.98385686,0.98586404,0.986949,0.9879346,0.99069226,0.98808813,0.9926272,0.9905148,0.9764435,0.9870225,0.9902514,0.9636157,0.983279,0.989779,0.98614836,0.99268204,0.9717773,0.9884487,0.9834299,0.9811731,0.9775793,0.9901108,0.986182,0.98262423,0.9930755,0.9903665,0.9815453,0.9831823,0.9732875,0.9893233,0.9778786,0.97883314,0.98096514,0.9834609,0.987517,0.9889084,0.9926783,0.97993964,0.99000937,0.99315065,0.9881651,0.98203975,0.9720009,0.9912067,0.9868103,0.98747927,0.98317724,0.9827952,0.98627305,0.9858674,0.9718193,0.972598,0.9782322,0.9813743,0.9812653,0.9933863,0.988373,0.9926783,0.96278584,0.9750491,0.98205876,0.9841344,0.98382735,0.9903196,0.9829534,0.9855661,0.96219593,0.9764324,0.97092533,0.99390006,0.96664983,0.9755236,0.99353355,0.97270435,0.95652884,0.986245,0.98781586,0.9756547,0.98984593,0.9936179,0.9676525,0.98982066,0.99332863,0.9894496,0.98625696,0.98993397,0.9827062,0.98423207,0.98755383,0.9761089,0.99247086,0.9923381,0.98051775,0.9845739,0.98753965,0.980067,0.987404,0.976311,0.98470646,0.95922446,0.9877526,0.98914915,0.9896706,0.9820022,0.9910788,0.96770203,0.9929963,0.9822071,0.95800054,0.9916356,0.971219,0.9904049,0.9935845,0.9860165,0.9842269,0.9846612,0.9811474,0.9856439,0.97874516,0.9834335,0.97639513,0.9906695,0.98011386,0.9913759,0.9924485,0.97882783,0.9929963,0.9870412,0.99389726,0.99281526,0.97954464
ahiddenlifefilm,0.9948816,0.97160953,0.98417145,0.9909016,0.9957557,0.98602456,0.99453866,0.9929963,0.99999994,0.9861233,0.9921958,0.97178507,0.9869066,0.9850451,0.9947505,0.99320954,0.9967217,0.9951429,0.99156964,0.98625207,0.9936222,0.98032117,0.99690574,0.9963784,0.99604183,0.98484975,0.9860975,0.9846941,0.9873836,0.9909115,0.9943713,0.9884817,0.9870441,0.9848249,0.99014914,0.99038225,0.9948224,0.9861583,0.9923934,0.994346,0.9893203,0.98974186,0.97871566,0.9950236,0.9970649,0.9653048,0.9948901,0.99138093,0.9946812,0.9965848,0.9748079,0.99512595,0.995605,0.9924282,0.98158485,0.9959888,0.99005836,0.986463,0.9946139,0.99156505,0.98760074,0.99264014,0.9800773,0.9882197,0.98635024,0.97178173,0.99150807,0.9896969,0.9883167,0.9928224,0.994888,0.98390424,0.99409413,0.9944258,0.995056,0.99163896,0.9785904,0.9900299,0.9879835,0.9918689,0.9917087,0.99201405,0.99329096,0.9938463,0.9851808,0.9885376,0.98341215,0.993823,0.9688219,0.99810916,0.9896844,0.994888,0.9700471,0.97671854,0.9893154,0.9881121,0.9875249,0.99632764,0.9921954,0.9878768,0.9721129,0.98989934,0.98049724,0.9966284,0.9735988,0.9768308,0.9975927,0.9849622,0.9616719,0.9954747,0.99561596,0.9836832,0.9953079,0.9949591,0.97275096,0.9918999,0.99461573,0.99526644,0.99461657,0.9926036,0.9876176,0.99075,0.99695987,0.9860164,0.99653786,0.99053353,0.985004,0.985612,0.9864675,0.9789874,0.9955307,0.988103,0.9896663,0.9696066,0.99145055,0.9975353,0.98506147,0.9848273,0.9927019,0.9786066,0.99999994,0.9867745,0.9706144,0.9898154,0.9761814,0.9935571,0.99230987,0.99039584,0.9840289,0.9847745,0.9903507,0.99094146,0.9877354,0.9921276,0.98663473,0.9904599,0.9939422,0.99495965,0.9917863,0.9921963,0.99999994,0.98943937,0.9979303,0.99624574,0.98262185
alitamovie,0.9845801,0.9682382,0.9716706,0.984153,0.98866355,0.96247077,0.9770487,0.9881687,0.9861233,1.0,0.9884116,0.9737238,0.98174256,0.98761654,0.9824282,0.99079835,0.98306197,0.97762924,0.9738064,0.972404,0.9757416,0.98156834,0.98574007,0.9909617,0.9786725,0.9744448,0.9880916,0.9749481,0.9842707,0.99005073,0.97666436,0.9669524,0.9871874,0.987263,0.9905944,0.9804366,0.98331696,0.987869,0.98154485,0.98953116,0.99550253,0.99385905,0.9641665,0.98961663,0.9893515,0.9724978,0.9840905,0.9838904,0.98306715,0.9884792,0.96758926,0.99084467,0.98942006,0.9772351,0.9870829,0.9888535,0.9840624,0.9901809,0.9755501,0.9865803,0.9566116,0.9714379,0.9826528,0.9882709,0.98687375,0.97963,0.9876621,0.9856222,0.9866385,0.9801646,0.98910767,0.9849049,0.9902376,0.9888212,0.9879253,0.9868239,0.9793223,0.9855505,0.99159336,0.9880334,0.9835995,0.9839826,0.98419267,0.9823728,0.976041,0.9755277,0.9834669,0.97630763,0.9861796,0.9814786,0.98957515,0.98910767,0.97301656,0.98228985,0.9833169,0.98220927,0.9835742,0.9824731,0.98027325,0.9854079,0.9669464,0.9662312,0.97107947,0.99421567,0.9698034,0.97218835,0.98858786,0.97847015,0.98508567,0.9860306,0.98465204,0.9879052,0.9886207,0.9915264,0.9808007,0.98554164,0.9850013,0.98855233,0.9809519,0.97718364,0.98471665,0.983387,0.9877321,0.9578738,0.9823752,0.9763883,0.97870237,0.9831372,0.99320143,0.97342163,0.9699212,0.96864635,0.9741849,0.96747833,0.9919795,0.9873243,0.98866487,0.98982525,0.99208045,0.9736684,0.9861233,0.97594094,0.96567446,0.98249394,0.98217136,0.9899344,0.9762575,0.9895336,0.9825087,0.9710841,0.9682613,0.98519754,0.98175275,0.9846348,0.97280294,0.9893397,0.9842614,0.98107076,0.99219394,0.9858569,0.9861233,0.9912754,0.98846525,0.99019223,0.98051614
angelhasfallen,0.9964474,0.9706169,0.9898384,0.99019575,0.99135554,0.9818144,0.98346454,0.98832613,0.9921958,0.9884116,1.0,0.9763067,0.99155813,0.9802179,0.98879164,0.988094,0.98967654,0.9866486,0.9867473,0.97488254,0.9850464,0.9879847,0.9903481,0.99708164,0.98673666,0.98309577,0.9969604,0.98069346,0.9927046,0.9859583,0.9869122,0.9875833,0.9842619,0.9858055,0.9940987,0.99341565,0.99414146,0.9950098,0.985266,0.9924138,0.98463666,0.9901442,0.977869,0.9920629,0.99310243,0.96778065,0.98935354,0.9923738,0.9928197,0.99179083,0.9736877,0.99620277,0.99145246,0.989975,0.9783495,0.9912815,0.9977998,0.99287087,0.98433083,0.99134403,0.978168,0.9844544,0.9882076,0.9899496,0.9886115,0.98045504,0.98373693,0.9946543,0.98411417,0.98620737,0.9882864,0.98722655,0.9953996,0.99532217,0.9950083,0.9845134,0.9846629,0.9810343,0.9928599,0.98543507,0.99511856,0.99286,0.988319,0.9951263,0.9809112,0.9787707,0.993886,0.99053234,0.9734858,0.9929049,0.996347,0.9882864,0.979432,0.9791351,0.98860306,0.99148506,0.99502885,0.9906648,0.98931843,0.9875831,0.97176814,0.9865631,0.98485327,0.9907915,0.9714745,0.9801816,0.98735124,0.98171055,0.9753841,0.99333984,0.9898941,0.99084586,0.9963142,0.9957644,0.9719103,0.9923598,0.9953338,0.99375993,0.9883667,0.98284775,0.9860878,0.9980196,0.9939234,0.9785488,0.98400253,0.9849293,0.984067,0.993427,0.9956954,0.9873612,0.9861772,0.98395395,0.9746606,0.96155757,0.99394596,0.9892724,0.9958766,0.995161,0.9867847,0.97386885,0.9921958,0.99001,0.9700761,0.9891777,0.9853446,0.9953855,0.98704326,0.9922068,0.9810414,0.98975796,0.97367465,0.99416083,0.97783434,0.99278176,0.9831046,0.98922616,0.98537177,0.9903891,0.9926397,0.9909142,0.9921958,0.9845745,0.9889754,0.99036723,0.9891919
angrybirdsmovie,0.98100394,0.9693753,0.9762022,0.9702534,0.96364015,0.9770321,0.9819612,0.9728011,0.97178507,0.9737238,0.9763067,0.99999994,0.9667482,0.98886764,0.95300305,0.9680303,0.97895795,0.9626591,0.9842306,0.98411965,0.98088783,0.9780051,0.96773285,0.9693304,0.95750046,0.95551425,0.9812335,0.98891366,0.98268855,0.96557933,0.9798682,0.9710755,0.98761684,0.9909154,0.9749932,0.9812728,0.98346895,0.98059976,0.9661493,0.98685193,0.9669596,0.98926663,0.98912793,0.9804601,0.9650065,0.9891429,0.964859,0.9840575,0.97075737,0.97562814,0.98466027,0.97869354,0.9748017,0.969302,0.9843603,0.9755368,0.9716905,0.9892946,0.9736069,0.98043895,0.9600143,0.97826904,0.94734436,0.9887616,0.975571,0.98919487,0.97116584,0.9650586,0.9808744,0.97449577,0.9808507,0.99524885,0.98023915,0.98673,0.9593419,0.9652181,0.9442533,0.9628359,0.9842142,0.9859522,0.9748291,0.9840921,0.9853419,0.9601283,0.98165923,0.94556355,0.98296964,0.9550854,0.9843264,0.969605,0.9856075,0.9808507,0.9526392,0.99195385,0.9833209,0.9469078,0.97343075,0.9755415,0.9836392,0.98617065,0.9898389,0.95614785,0.9769107,0.97357595,0.9834671,0.99062127,0.9764266,0.9788293,0.9623823,0.98153484,0.9833366,0.98113424,0.97892016,0.9747736,0.98356974,0.99023414,0.9843981,0.96228015,0.97298396,0.984543,0.9685803,0.9751031,0.976668,0.9756676,0.9789976,0.9836986,0.98043334,0.9887017,0.98677194,0.9909715,0.9676324,0.96467245,0.98204577,0.9798202,0.99003583,0.9658676,0.9807389,0.97942626,0.97839606,0.98686075,0.97178507,0.97555983,0.98667526,0.97692317,0.97016305,0.98730046,0.97944397,0.9767306,0.9834987,0.98364073,0.9701599,0.98322576,0.98086166,0.97946936,0.9847396,0.987476,0.9706977,0.98754114,0.98446363,0.9679713,0.97178507,0.9859634,0.9781228,0.96639276,0.98709285
annabellemovie,0.9906927,0.96344846,0.9951701,0.99784553,0.9797843,0.9792577,0.9791193,0.97613734,0.9869066,0.98174256,0.99155813,0.9667482,1.0000002,0.9762022,0.9807922,0.98978513,0.9856926,0.97739714,0.97971207,0.97385204,0.9823632,0.99211514,0.98978394,0.9936435,0.98426694,0.99089855,0.9924669,0.97386503,0.9949771,0.9708441,0.97481126,0.9919878,0.9861311,0.9865717,0.9939298,0.9927221,0.9921761,0.98924255,0.9678185,0.99003774,0.9706557,0.9801959,0.9588915,0.98664427,0.98995817,0.97241503,0.99086213,0.9784086,0.9885349,0.9822226,0.9801188,0.9946042,0.9882261,0.9782797,0.985434,0.97995126,0.98864806,0.9890887,0.97839296,0.98869175,0.9696915,0.98432714,0.9882878,0.9873473,0.990551,0.9613152,0.98981154,0.9897484,0.9815807,0.98449105,0.9868032,0.98532766,0.98120415,0.9894849,0.9895095,0.9856266,0.9844748,0.9639593,0.99077564,0.97927326,0.99576443,0.9869449,0.99126196,0.9920663,0.9888032,0.9734901,0.9945941,0.9926421,0.96601635,0.98409414,0.9894785,0.9868032,0.9851656,0.9750299,0.99378294,0.9783836,0.9887177,0.98073316,0.98604447,0.98879176,0.9776112,0.9802268,0.9869004,0.9872891,0.97170794,0.980911,0.9839237,0.99086833,0.9830654,0.98772407,0.9833947,0.9943903,0.9943403,0.9928982,0.9804628,0.986248,0.98961234,0.98309314,0.98974085,0.9757795,0.99046826,0.98936844,0.99436647,0.9766373,0.9775532,0.9693645,0.9907179,0.98677945,0.986997,0.9706894,0.9788135,0.98255515,0.96965617,0.97170526,0.98820084,0.97983617,0.98218215,0.9937943,0.9813288,0.98117346,0.9869066,0.99275917,0.97861016,0.9824838,0.9862563,0.9909012,0.9769374,0.99161714,0.98015547,0.9824766,0.96913546,0.98498386,0.9842742,0.9874315,0.9882893,0.98866034,0.98409,0.9842307,0.9873741,0.99549466,0.9869066,0.979306,0.98611754,0.9809566,0.98904705
annamovie,0.98649436,0.9854245,0.9774988,0.9802863,0.979105,0.97394353,0.9902027,0.98542166,0.9850451,0.98761654,0.9802179,0.98886764,0.9762022,0.9999999,0.9679544,0.98690265,0.98886955,0.97295606,0.98825985,0.9917713,0.98967713,0.97799265,0.98222643,0.9802574,0.97357905,0.96611077,0.98000526,0.9912917,0.9832733,0.98062915,0.9862068,0.9711735,0.99673516,0.99305964,0.9797417,0.9820222,0.988423,0.97960556,0.98026556,0.99505955,0.9829277,0.99397206,0.9822344,0.9859227,0.97767496,0.9815807,0.97981936,0.98786414,0.9829547,0.9819918,0.9855891,0.9851694,0.98480034,0.97521013,0.99419546,0.98296446,0.9739281,0.9927096,0.9865127,0.98581016,0.96957725,0.9847504,0.9569636,0.9946429,0.97739995,0.9885643,0.9901946,0.96955776,0.9973843,0.9829309,0.99121785,0.99151117,0.98371625,0.99135363,0.9744853,0.9750072,0.95136255,0.9737635,0.99356306,0.99087846,0.9807205,0.9873194,0.9928165,0.9710116,0.9821383,0.96863735,0.9808716,0.96962947,0.98935765,0.9781317,0.988311,0.99121785,0.9531862,0.9925525,0.9918379,0.96087784,0.9791534,0.98801154,0.9900615,0.9949522,0.98219794,0.9608433,0.96833223,0.9903951,0.9867327,0.9867497,0.9913822,0.98212653,0.97089636,0.9860108,0.99225324,0.98206455,0.9861575,0.98358697,0.9861167,0.98960257,0.9877398,0.97628903,0.98051345,0.99233377,0.9782026,0.9735182,0.9888077,0.9744149,0.9910919,0.98825085,0.988693,0.9833563,0.9866338,0.98337424,0.97687393,0.96837175,0.99129254,0.98249555,0.9935942,0.9807914,0.97889256,0.9795203,0.98763496,0.98669153,0.9850451,0.97837955,0.98159903,0.98135865,0.9691763,0.9929585,0.9829348,0.9809715,0.9863509,0.9757818,0.9821344,0.98397344,0.9880421,0.9779133,0.98615235,0.9953776,0.9818594,0.9899826,0.9888914,0.97706515,0.9850451,0.99855566,0.9906531,0.9842274,0.99021435
apollo11movie,0.98476225,0.95466095,0.97202927,0.9843174,0.9943545,0.97422504,0.9812198,0.9838866,0.9947505,0.9824282,0.98879164,0.95300305,0.9807922,0.9679544,1.0,0.98985815,0.9858604,0.99640477,0.97826344,0.9691853,0.98001665,0.97156453,0.9941454,0.994534,0.9958476,0.9842982,0.9795968,0.96704525,0.97794294,0.99259347,0.98384064,0.98044205,0.96996015,0.97053975,0.9866725,0.9790995,0.98420125,0.9782551,0.9889084,0.9830142,0.9880845,0.9809198,0.96329504,0.99148065,0.9967008,0.9485392,0.99261373,0.9813174,0.9887855,0.9939939,0.9539951,0.98978645,0.9939928,0.98961,0.9661999,0.9943629,0.9874906,0.9758448,0.9808371,0.98204345,0.9755188,0.9785252,0.9851309,0.973159,0.98221457,0.9561295,0.98319757,0.99013317,0.97232926,0.9817986,0.98479575,0.9705317,0.9919585,0.9832573,0.99594676,0.99144584,0.98522294,0.9907753,0.97601074,0.9823916,0.9857643,0.9835227,0.9797622,0.99262464,0.97451514,0.9928591,0.97399276,0.9923663,0.9523666,0.9942214,0.9807324,0.98479575,0.97038627,0.9602588,0.9748981,0.9937999,0.9822003,0.9875145,0.98099864,0.97252774,0.9554695,0.9886941,0.97321004,0.99003226,0.954315,0.958109,0.9890309,0.9752783,0.95770216,0.9901013,0.9860972,0.97709566,0.98854053,0.9890401,0.95868576,0.98129725,0.98349917,0.99671733,0.98702335,0.97688186,0.98106587,0.98988986,0.9894222,0.971509,0.9847607,0.9764874,0.96919304,0.9759328,0.97951055,0.96441215,0.9867422,0.9820567,0.9742813,0.9537857,0.9825214,0.99761474,0.9796581,0.97931856,0.98688376,0.9627866,0.9947505,0.97572047,0.9541996,0.9810532,0.9735936,0.9822855,0.9795783,0.98521185,0.9709703,0.9718988,0.9787565,0.98438007,0.97551,0.98903894,0.971903,0.9757851,0.99238724,0.9822634,0.9839809,0.99067515,0.9947505,0.9773617,0.98827106,0.9937114,0.96623456
arcticdogsmovie,0.9872854,0.97697824,0.98160344,0.9927139,0.9883478,0.97475106,0.9863923,0.98134583,0.99320954,0.99079835,0.988094,0.9680303,0.98978513,0.98690265,0.98985815,0.99999994,0.9880297,0.9888409,0.98490924,0.9822041,0.987211,0.9806697,0.99544173,0.9931354,0.9925347,0.98873675,0.98281205,0.97679394,0.98567706,0.9907643,0.9831631,0.9812706,0.9877072,0.9852108,0.98989356,0.9830594,0.99039334,0.97993284,0.98366565,0.9941402,0.98675936,0.9884641,0.9666537,0.99292666,0.9925921,0.96800846,0.9949466,0.9837759,0.99168074,0.98854136,0.97271556,0.99311006,0.9971751,0.9854831,0.9881678,0.9904793,0.9832759,0.98984003,0.98245627,0.9857176,0.9702241,0.98405206,0.9805747,0.9860847,0.98690045,0.9692304,0.9977342,0.9847758,0.9895001,0.98397166,0.9905339,0.9839188,0.9888552,0.9884677,0.9918227,0.99001455,0.9762422,0.9796747,0.99059117,0.9882056,0.9899231,0.98997563,0.9912368,0.98773193,0.98580825,0.99130106,0.98317045,0.9893205,0.9697385,0.9862718,0.9871864,0.9905339,0.9704818,0.9794265,0.9906537,0.98140305,0.9849764,0.9898582,0.99009013,0.9885066,0.97345126,0.9779412,0.974128,0.9951693,0.97543055,0.9733626,0.9932722,0.98731095,0.979479,0.9921384,0.99255466,0.9883236,0.99203193,0.98964477,0.98016715,0.9853487,0.98570067,0.99097365,0.98796004,0.98316723,0.9860503,0.9843101,0.99644285,0.9719528,0.98812616,0.9770234,0.98496807,0.97977585,0.98520106,0.96981406,0.98167926,0.97895694,0.98227197,0.9757136,0.9917767,0.9934401,0.97769386,0.9850017,0.98941094,0.9813896,0.99320954,0.98067915,0.9752332,0.9797975,0.97807634,0.99095625,0.9766888,0.9878293,0.97943693,0.96992755,0.9814519,0.9860888,0.98787886,0.9864622,0.98388577,0.98838323,0.99495333,0.9851787,0.9877692,0.99416614,0.99320954,0.9923536,0.9920819,0.9927691,0.98306024
arcticmovie,0.9947671,0.9691735,0.9873612,0.98747265,0.9908462,0.9873918,0.9964665,0.99394894,0.9967217,0.98306197,0.98967654,0.97895795,0.9856926,0.98886955,0.9858604,0.9880297,0.9999999,0.98790234,0.99133927,0.99262416,0.9960608,0.985689,0.9944692,0.99207395,0.9874252,0.97641826,0.98714155,0.9935794,0.99090433,0.98284596,0.9942546,0.9898447,0.99077433,0.9905249,0.98644996,0.9910715,0.9945022,0.9858172,0.9887069,0.99383837,0.9844214,0.9913254,0.9818749,0.9928307,0.9917286,0.9754511,0.99257386,0.9889815,0.9912982,0.9939402,0.98695266,0.99227095,0.99054366,0.98331904,0.98565876,0.9911895,0.985923,0.9882513,0.99768543,0.9942486,0.98901165,0.9939095,0.9718678,0.99304974,0.9821376,0.9749617,0.9906111,0.98272794,0.990859,0.99155116,0.9974401,0.9880893,0.98973787,0.9956949,0.9877283,0.9859944,0.9702228,0.9848301,0.98983526,0.9904133,0.99185437,0.98829424,0.9959303,0.98708236,0.98690057,0.9808565,0.9845978,0.98974663,0.9783536,0.99624944,0.9908217,0.9974401,0.96728325,0.9798398,0.99232167,0.9776428,0.98841864,0.9929775,0.993058,0.99393463,0.9802489,0.9810363,0.9809823,0.9938654,0.97423625,0.98786837,0.9978962,0.9877636,0.96125525,0.9929033,0.9948994,0.98297924,0.99555045,0.99352485,0.97885764,0.99619097,0.99656457,0.9875546,0.99271125,0.9961131,0.9877848,0.9882877,0.9950077,0.99084646,0.9959686,0.99325407,0.9924483,0.9900828,0.9866681,0.98155415,0.9933919,0.9831711,0.9936496,0.97813696,0.9930673,0.9911388,0.98551524,0.9838795,0.99227077,0.9822327,0.9967217,0.99225,0.9779637,0.99448687,0.97663873,0.99355876,0.9947677,0.98859614,0.98936784,0.9897418,0.9906687,0.98902965,0.9887482,0.98773897,0.99267614,0.9950108,0.9902117,0.99788076,0.99496895,0.9873362,0.9967217,0.9909847,0.9964352,0.9920697,0.98695433
artofracingmovie,0.98680544,0.9629537,0.9726551,0.98286426,0.9931432,0.98541105,0.98941636,0.98191535,0.9951429,0.97762924,0.9866486,0.9626591,0.97739714,0.97295606,0.99640477,0.9888409,0.98790234,0.99999994,0.98750937,0.97983617,0.98834693,0.9674638,0.9949012,0.9904392,0.9973672,0.98571986,0.9773507,0.972021,0.9763085,0.99215645,0.991915,0.98338175,0.97171366,0.9715966,0.9818257,0.9815428,0.98588765,0.975551,0.992882,0.9860668,0.98406816,0.9814253,0.97650397,0.99095076,0.9931828,0.95397437,0.9932621,0.9867978,0.99259824,0.99252325,0.95855194,0.9874331,0.9946113,0.9937694,0.9678337,0.99687886,0.9871217,0.97673976,0.985462,0.97835743,0.9837901,0.9868346,0.97270954,0.9732188,0.97868156,0.96238804,0.982624,0.9837372,0.97423327,0.9865438,0.9839236,0.9760881,0.99215883,0.98357797,0.99200153,0.9885993,0.9763091,0.98913586,0.9749439,0.98388535,0.9825017,0.9894638,0.9835188,0.98876274,0.97991,0.9924096,0.97237134,0.9908388,0.95102465,0.9945027,0.9787475,0.9839236,0.9581805,0.9625438,0.97661716,0.9865607,0.9771338,0.99010557,0.9890678,0.97576505,0.96443146,0.99148816,0.9721244,0.98685193,0.9672135,0.9626024,0.9905943,0.9765405,0.9501814,0.9950794,0.9926226,0.97480196,0.9861376,0.9858655,0.9597477,0.9849109,0.9856704,0.9949845,0.9902249,0.9852047,0.97355783,0.9885598,0.98928833,0.9822069,0.9897433,0.98391956,0.97254676,0.97582114,0.97952056,0.9701224,0.9923793,0.9886988,0.98377824,0.96103686,0.9845754,0.99700093,0.97574997,0.97615,0.9839368,0.972256,0.9951429,0.97340494,0.9638584,0.9772094,0.9651835,0.98450935,0.9852468,0.9801434,0.96861917,0.97396624,0.9896731,0.9831138,0.9783903,0.9896039,0.97814,0.97632825,0.99536175,0.9875719,0.98240817,0.98919547,0.9951429,0.98143655,0.9890701,0.99380183,0.97111547
avengers,0.99390304,0.98553014,0.98586196,0.98403,0.98334044,0.992629,0.9963496,0.9821777,0.99156964,0.9738064,0.9867473,0.9842306,0.97971207,0.98825985,0.97826344,0.98490924,0.99133927,0.98750937,0.99999994,0.9916926,0.9972055,0.9731652,0.9871442,0.98434335,0.9869397,0.9781195,0.98101676,0.9881777,0.98290664,0.98091555,0.99679285,0.9868934,0.98743594,0.9835287,0.97975045,0.98995996,0.99476624,0.9802929,0.9867214,0.99501806,0.97376037,0.9859051,0.99332774,0.9871813,0.9822416,0.9680039,0.9850079,0.9951491,0.99257785,0.98513967,0.97926825,0.9875036,0.9883319,0.99206555,0.9798586,0.98847705,0.98493606,0.98802793,0.9923623,0.983102,0.98975027,0.99649334,0.95920587,0.9874687,0.9771348,0.9823644,0.984237,0.9767098,0.989159,0.98954237,0.9862146,0.98809385,0.98850405,0.9921329,0.9820315,0.97566885,0.95681,0.9736052,0.98684806,0.9878071,0.9851545,0.9960885,0.99286556,0.9827931,0.984914,0.97621685,0.9823926,0.98282707,0.9651987,0.9886983,0.98713195,0.9862146,0.95178825,0.98211277,0.9901118,0.9712991,0.98114604,0.99551564,0.9971755,0.98907566,0.98009354,0.98506194,0.9761535,0.98557615,0.9878872,0.98229903,0.9895284,0.98059505,0.95240074,0.9939298,0.9972963,0.9790488,0.98813736,0.9841959,0.9700772,0.9907998,0.9928146,0.98384213,0.98854977,0.9960727,0.9732301,0.98414254,0.99218804,0.99198586,0.9938367,0.994214,0.98518366,0.98421586,0.98358876,0.989613,0.9940125,0.986829,0.9918476,0.97146237,0.99057007,0.9861026,0.9783356,0.9784631,0.9804098,0.98480725,0.99156964,0.98164475,0.9796922,0.9795805,0.9635307,0.9940001,0.9912978,0.97924644,0.97701937,0.98547405,0.99140483,0.98826313,0.98327583,0.9861145,0.9900372,0.9879579,0.98603165,0.99569887,0.983309,0.98212767,0.99156964,0.9894147,0.99081945,0.98592645,0.9901129
beachbummovie,0.98501605,0.9738438,0.97851557,0.9780841,0.9770635,0.9874989,0.99700135,0.9798759,0.98625207,0.972404,0.97488254,0.98411965,0.97385204,0.9917713,0.9691853,0.9822041,0.99262416,0.97983617,0.9916926,1.0000001,0.9969354,0.97434795,0.9869189,0.9763182,0.9779305,0.96938497,0.9738327,0.9921298,0.98098606,0.9735886,0.99143356,0.98153144,0.98861974,0.9874381,0.97177184,0.9820883,0.98660606,0.9707825,0.9811861,0.99042255,0.9715187,0.98552364,0.9851205,0.9839798,0.97662914,0.98060775,0.98534656,0.98314786,0.9850385,0.98102015,0.98848313,0.98008454,0.9838169,0.9741154,0.9869624,0.98330665,0.9710948,0.98363197,0.9917859,0.98092085,0.9827524,0.993028,0.9459329,0.9866495,0.9699924,0.97429526,0.98714316,0.9620673,0.9884947,0.98582244,0.9894321,0.98891705,0.97848547,0.9861309,0.97086716,0.97447795,0.9470971,0.9709922,0.98270273,0.9849322,0.97862893,0.985291,0.99383414,0.96860045,0.9878343,0.972546,0.9737992,0.97587764,0.97442055,0.9826718,0.9792974,0.9894321,0.9437808,0.97896487,0.98882914,0.9534579,0.972293,0.9849016,0.99429655,0.9928977,0.98766935,0.96708477,0.9687265,0.9826996,0.98423135,0.98748565,0.9923035,0.98499316,0.95296127,0.9888816,0.99420106,0.97439176,0.9833592,0.97909623,0.98056006,0.991214,0.98740447,0.9731057,0.9858079,0.9966196,0.9717359,0.9732627,0.98677665,0.99054676,0.99251765,0.9895744,0.99137825,0.9799154,0.9776524,0.9758673,0.9853107,0.97698134,0.9981188,0.9880097,0.98882824,0.98018235,0.9684197,0.971042,0.9818649,0.99034023,0.98625207,0.9796777,0.98747003,0.97935265,0.959735,0.98728985,0.987502,0.9737088,0.98058826,0.9776296,0.99423254,0.97679275,0.9881191,0.9768101,0.99357635,0.9896386,0.9870413,0.99343777,0.9851985,0.97756004,0.98625207,0.9922294,0.98853153,0.98240745,0.9856458
bernadettefilm,0.993568,0.9793602,0.9858645,0.9857917,0.9861888,0.99355376,0.9991693,0.98558813,0.9936222,0.9757416,0.9850464,0.98088783,0.9823632,0.98967713,0.98001665,0.987211,0.9960608,0.98834693,0.9972055,0.9969354,0.99999994,0.9767504,0.99247366,0.9858584,0.9883335,0.9796392,0.9810926,0.9903841,0.9849704,0.9798273,0.99688494,0.989022,0.988911,0.98595023,0.97932404,0.9901227,0.993263,0.9790859,0.98811126,0.9944007,0.97584695,0.9860529,0.9878305,0.98769015,0.9854132,0.97286767,0.9910861,0.99104404,0.9939989,0.9865176,0.9846992,0.98734975,0.98893833,0.98629254,0.98400605,0.9892255,0.983254,0.98638445,0.9966548,0.98493963,0.9923275,0.9983767,0.9592986,0.9884291,0.97604007,0.97644085,0.98887503,0.97439986,0.9903911,0.99254394,0.9907956,0.98833746,0.98561835,0.9915639,0.9831842,0.9795532,0.95992637,0.97613674,0.9867679,0.98656106,0.9859207,0.99259716,0.9958181,0.98256207,0.98823756,0.97991776,0.98048884,0.98725593,0.96931195,0.9912779,0.985068,0.9907956,0.9524062,0.97788936,0.9918169,0.96969,0.9801302,0.9930236,0.99818647,0.9931959,0.982709,0.982312,0.9746478,0.98788553,0.98576945,0.98510736,0.9946186,0.9849035,0.95443887,0.99445844,0.99790514,0.9786517,0.98957527,0.9868508,0.97478724,0.99300295,0.99381727,0.9841913,0.99237096,0.99830323,0.97645855,0.98291206,0.9932324,0.9949059,0.9958002,0.99370337,0.991793,0.9835708,0.9826679,0.98176175,0.99487656,0.98759156,0.9960858,0.97891474,0.99082667,0.9873217,0.976075,0.9781325,0.9832878,0.9875589,0.9936222,0.9850116,0.9826214,0.982982,0.96396893,0.9929398,0.993459,0.97970176,0.9796159,0.98441565,0.9962133,0.98371285,0.9870438,0.9841367,0.9938031,0.9907884,0.98993623,0.9969223,0.9870205,0.98478836,0.9936222,0.99135154,0.99311876,0.98934263,0.98971385
