movie,21bridgesmovie,47metersdown,abeautifuldaymovie,abominablemovie,adastramovie,adogsjourneymovie,aftermathmovie,aftermovie,ahiddenlifefilm,alitamovie,angelhasfallen,angrybirdsmovie,annabellemovie,annamovie,apollo11movie,arcticdogsmovie,arcticmovie,artofracingmovie,avengers,beachbummovie,bernadettefilm,blackandbluemovie,blackchristmas,blindedbythelightmovie,bombshellmovie,booksmart,breakthroughmovie,brianbanksmovie,brightburnmovie,brittanyrunsmov,captainmarvelofficial,captivestatemovie,catsmovie,charliesangels,childsplaymovie,clarathefilm,coldpursuitmovie,countdown,currentwarmovie,darkwatersmovie,detectivepikachumovie,disneyaladdin,disneyfrozen,disneymaleficent,doctorsleepmovie,dolemiteismyname,dontletgomovie,doramovie,downtonabbey_official,dumbo,escaperoom,everybodyknowsmovie,fastandfuriousmovie,fightingwmyfam,fivefeetapartfilm,fordvferrari,freaksthefilm,geminimanmovie,glassmovie,gloriabellmovie,godzillamovie,goldfinchmovie,goodboysmovie,goodliarmovie,gretafilm,halathemovie,happydeathdaymovie,harrietfilm,hellboymovie,hersmellmovie,highlifemovie,highstrungmovie,honeyboymovie,hotelmumbaifilm,httydragon,hustlemovie,hustlersmovie,isntitromantic,itmovieofficial,jayandsilentbob,johnwickmovie,jojorabbitmovie,jokermovie,judythefilm,jumanjimovie,justmercyfilm,knivesout,lalloronamovie,lastblackmansf,lastchristmasthemovie,latenightmovie,lighthousemovie,lionking,littlethemovie,littlewomenmovie,littlewoodsfilm,longshotmovie,lordsofchaosmovie,lucyintheskyfilm,mamovie2019,marriagestory,meettheaddams,meninblack,midsommarmovie,midwaymovie,missbalamovie,missinglinkfilm,motherlessbklyn,onceinhollywood,onthebasisofsex,overcomermovie,peanutbutterfalcon,petsematarymovie,piercingmovie,playingwithfire,playmobilthemovie,pomsmovie,queenandslim,rambomovie,readyornotfilm,richardjewellfilm,rocketmanmovie,scarystoriesmovie,secretlifeofpets,serenityfilm,shaftmovie,shazammovie,spidermanmovie,spiesindisguise,starwars,stormboymovie,stubermovie,taosdfilm,teenspiritmov,terminator,theaeronautsmov,thebestofenemies,thedeaddontdie,thefarewell,thehighwaymen,thehummingbirdprojectfilm,theintrudermovie,theirishmanfilm,thekitchenmovie,thelegomovie,themustangfilm,thenightingalefilm,theprodigymovie,thesunisalsoastar,theupsidefilm,tolkienmovie,toystory,triplefrontier,uglydolls,uncutgems,underthesilverlake,usmovie,wavesmovie,whatmenwant,wonderparkmovie,wrinklestheclown,xmenmovies,yardiefilm,yesterdaymovie,zombieland
21bridgesmovie,1.0,0.9769744,0.9795509,0.95031685,0.9794387,0.98424554,0.97958034,0.9801017,0.98890823,0.9378668,0.9632167,0.9456942,0.978797,0.9653141,0.98400766,0.96672535,0.9823196,0.9865642,0.99148047,0.96974796,0.98580295,0.9811503,0.9708661,0.98771596,0.95306146,0.9634624,0.97656024,0.96569973,0.9780756,0.96831244,0.9877421,0.95776814,0.9148024,0.9632867,0.97774565,0.93183637,0.9746138,0.9841119,0.97532225,0.95604825,0.9709976,0.98863685,0.9883527,0.98625034,0.98355734,0.9822567,0.9722158,0.94988626,0.9602599,0.9914685,0.9794852,0.9770209,0.9635691,0.9859728,0.9801095,0.95402926,0.91335565,0.986401,0.989961,0.9792384,0.9837099,0.97083634,0.98012954,0.9660376,0.9699248,0.9788124,0.91709113,0.95352745,0.9783636,0.9410634,0.9793089,0.9489964,0.92251706,0.97782135,0.96618855,0.97603816,0.9763485,0.9625644,0.97878706,0.9623256,0.9651629,0.9505894,0.9887436,0.95077753,0.97746724,0.9692021,0.96377015,0.9668193,0.97420174,0.9826941,0.9803887,0.9793089,0.9780715,0.96240294,0.9805922,0.9835286,0.9851599,0.9608743,0.97431034,0.9735281,0.9721518,0.9635534,0.9748414,0.9764571,0.9486273,0.97984415,0.98500323,0.9757503,0.9170908,0.93622667,0.96826065,0.966684,0.9791739,0.9458183,0.9832401,0.9913169,0.99599206,0.9680904,0.98195684,0.9786473,0.98943675,0.9730543,0.9738254,0.9706383,0.99018174,0.98411536,0.9739792,0.9777199,0.9812234,0.98863906,0.97345364,0.9897096,0.95324475,0.94686276,0.9805396,0.97371197,0.9806919,0.9487061,0.97249025,0.9779638,0.98890823,0.9667883,0.9747248,0.95370686,0.9771472,0.98232377,0.94494766,0.9749836,0.9723821,0.9702186,0.97015935,0.98775285,0.9769964,0.96652293,0.9731797,0.98115903,0.9818687,0.9664814,0.9673001,0.96724343,0.98890823,0.9662706,0.96443474,0.9704585,0.97563523
47metersdown,0.9769744,0.99999994,0.9652065,0.93743765,0.95656836,0.9697134,0.9619642,0.9755425,0.978895,0.8955199,0.9401495,0.9467719,0.96313155,0.9446527,0.9727281,0.97837,0.97242725,0.9608096,0.9703183,0.9718378,0.9707232,0.9891086,0.9655575,0.98057914,0.9658984,0.9653109,0.974991,0.9593559,0.9773322,0.9487547,0.9652792,0.9622306,0.90791726,0.9586568,0.9687445,0.9011082,0.96076137,0.9614583,0.96827203,0.9682737,0.9612241,0.97057706,0.9732958,0.9669571,0.9714342,0.98062646,0.96793234,0.95342356,0.9513846,0.9724709,0.9778365,0.97507215,0.9619956,0.9783259,0.9727698,0.92165834,0.90912503,0.9801206,0.9813575,0.9687432,0.9685073,0.96887827,0.9649144,0.96039367,0.9648546,0.9623816,0.9099341,0.9607722,0.96126086,0.89636105,0.9652071,0.9234882,0.8979232,0.96905667,0.9591068,0.9589803,0.9568277,0.93737787,0.963455,0.94323134,0.94234765,0.9379681,0.9727435,0.93391806,0.97630256,0.962892,0.9462405,0.9547291,0.96343154,0.9724884,0.9576603,0.9652071,0.96394813,0.96376336,0.9788886,0.9739225,0.97518414,0.951328,0.9531421,0.95767695,0.95474094,0.9786437,0.97771037,0.9698867,0.9250511,0.9793017,0.978594,0.9764934,0.90440404,0.9512139,0.9621004,0.94180554,0.9745001,0.9218538,0.97961134,0.9672265,0.97671354,0.96395844,0.9747047,0.96950394,0.98248905,0.9534801,0.94970137,0.9584057,0.97197086,0.9810907,0.94097286,0.97581846,0.9640791,0.9694501,0.95733595,0.9711342,0.9544663,0.92724276,0.9760782,0.9625819,0.9395816,0.94556737,0.9652646,0.94901884,0.978895,0.9650866,0.9584425,0.93876064,0.9603601,0.97438246,0.92140573,0.969923,0.96619254,0.9466666,0.94340825,0.9613527,0.97550595,0.959047,0.9603599,0.9721048,0.97195965,0.9399018,0.9738793,0.97248846,0.978895,0.94926983,0.94585663,0.96779835,0.9713451
abeautifuldaymovie,0.9795509,0.9652065,1.0000001,0.9665289,0.98694056,0.98565924,0.9760627,0.96066475,0.9909167,0.92751926,0.9886954,0.9628728,0.9872526,0.9809523,0.9858757,0.96855617,0.9671917,0.97343105,0.96710575,0.9776343,0.9909153,0.9791473,0.98697156,0.98840517,0.95418614,0.9425658,0.97156477,0.96202344,0.9899145,0.9701151,0.9703859,0.97179216,0.9400582,0.9755511,0.98379594,0.9484738,0.98103243,0.97732794,0.9793994,0.9626233,0.9642628,0.97866344,0.98078424,0.9741078,0.9841969,0.9799554,0.9866831,0.95500505,0.9723282,0.9784491,0.9929444,0.9834436,0.9660689,0.9860111,0.9604168,0.96868956,0.93175244,0.9749946,0.96852756,0.9891755,0.98370034,0.9699669,0.9857019,0.9818959,0.9719779,0.97115195,0.91293705,0.9726209,0.9832368,0.9486636,0.991725,0.96083397,0.9502369,0.98263127,0.97832865,0.97773504,0.98105925,0.9821837,0.9691219,0.98351246,0.98707247,0.97251993,0.989432,0.95129955,0.9862144,0.96370417,0.9790174,0.9740962,0.9811722,0.9873701,0.97158384,0.991725,0.9601239,0.94993675,0.9874915,0.98771596,0.9784108,0.98673165,0.976036,0.978496,0.98233813,0.9627789,0.98357284,0.98760587,0.9533436,0.99236554,0.98885274,0.9759929,0.9434781,0.9396007,0.978061,0.97844476,0.9658001,0.9690911,0.97125113,0.9786283,0.988561,0.96346587,0.99208707,0.97860926,0.98,0.96165186,0.9823772,0.995401,0.9825319,0.9767531,0.9755137,0.98504317,0.98186934,0.97823143,0.98294276,0.9772901,0.95636964,0.94473404,0.9635437,0.9710499,0.9688028,0.9612754,0.98565626,0.9765581,0.9909167,0.98659825,0.9821235,0.9585194,0.97793037,0.9854136,0.96254176,0.987424,0.96985507,0.9599336,0.9748719,0.9814357,0.9797833,0.95740783,0.9918687,0.98959154,0.98080736,0.9842064,0.9362688,0.93720603,0.9909167,0.9744432,0.9774612,0.98384523,0.99088913
abominablemovie,0.95031685,0.93743765,0.9665289,0.99999994,0.9810306,0.96315706,0.9662727,0.93533427,0.97219115,0.96571237,0.9701978,0.96690905,0.9522751,0.97734284,0.9735508,0.93914217,0.9592598,0.9729934,0.93278426,0.96442485,0.96632856,0.93760145,0.9695586,0.964319,0.94318026,0.91300076,0.9531917,0.95762795,0.9665762,0.98162556,0.9361749,0.9766318,0.9660457,0.9651953,0.9689005,0.95787716,0.9704494,0.97081035,0.9769269,0.9562165,0.96298295,0.94354755,0.93694144,0.9293395,0.9529939,0.95452815,0.96952367,0.95667106,0.9770171,0.9348075,0.9568002,0.9763526,0.9629436,0.96940386,0.9135196,0.9827956,0.95472103,0.9639772,0.9516176,0.9788236,0.9727685,0.97395664,0.95167184,0.9719329,0.9720115,0.9656293,0.9015405,0.96514493,0.95960414,0.9642441,0.9829279,0.96642804,0.96551156,0.9627241,0.97045726,0.9440973,0.95884115,0.9739689,0.95080876,0.971786,0.95288,0.9862965,0.9682064,0.9598821,0.9667748,0.9270458,0.96310073,0.9509584,0.96969,0.96776104,0.9574133,0.9829279,0.9092275,0.8910963,0.9624788,0.97220737,0.9420288,0.9620893,0.9627991,0.9685913,0.98045295,0.949459,0.946328,0.97860414,0.9701506,0.9585173,0.97202545,0.9606806,0.9614274,0.922748,0.9519396,0.988367,0.9372125,0.9702596,0.9316188,0.9503756,0.96643054,0.95655644,0.96202344,0.95879537,0.95101863,0.97094256,0.94745606,0.96930695,0.9506932,0.9411595,0.95257676,0.9420652,0.9705244,0.95738894,0.9659695,0.9514163,0.9530527,0.929238,0.94461554,0.97127974,0.95797807,0.9820407,0.97705805,0.9785431,0.97219115,0.9776016,0.9897777,0.9555837,0.9549438,0.95680416,0.9458328,0.97572476,0.9454685,0.91687965,0.97213966,0.935608,0.95497584,0.9557353,0.96996915,0.97433144,0.9573657,0.9806497,0.90021384,0.890177,0.97219115,0.97467357,0.98040277,0.96153104,0.9550444
adastramovie,0.9794387,0.95656836,0.98694056,0.9810306,1.0,0.9853327,0.97741663,0.95196766,0.9877063,0.96997076,0.9833425,0.9573706,0.9699553,0.9773769,0.987361,0.95085675,0.97012186,0.99004316,0.96240103,0.9700352,0.9826181,0.96224916,0.979426,0.98432493,0.94916475,0.939724,0.9659868,0.9685748,0.98183775,0.98698956,0.9680964,0.9665728,0.9392969,0.9752539,0.97968364,0.9537908,0.9754923,0.9852683,0.98139995,0.9482716,0.96967745,0.9737714,0.9749159,0.96174395,0.97341496,0.97030544,0.9781141,0.94383097,0.9806044,0.9698878,0.9774267,0.9801995,0.9610494,0.9855737,0.951531,0.98610723,0.92737705,0.9741727,0.9743319,0.989458,0.98387563,0.9746188,0.97491616,0.97364044,0.9791242,0.9785635,0.90892684,0.96321636,0.9796141,0.9677979,0.9931903,0.9692183,0.9614338,0.9743308,0.9765386,0.96870536,0.97431934,0.9778912,0.96811265,0.9785919,0.96908253,0.97701615,0.9827404,0.9543925,0.97730154,0.95586073,0.9671025,0.9575272,0.9802699,0.9839039,0.98215896,0.9931903,0.9488823,0.9376893,0.9768286,0.98223984,0.9690397,0.97238415,0.9728481,0.97762764,0.9815992,0.9554014,0.9688589,0.98251826,0.97214925,0.978663,0.9873531,0.9696793,0.9480078,0.92046434,0.9601005,0.9901249,0.9563858,0.96734226,0.9589928,0.97307914,0.9879989,0.9639431,0.9782735,0.97323817,0.9739654,0.9719821,0.9772854,0.98139185,0.9777393,0.97528243,0.96893793,0.97149795,0.98824114,0.97746074,0.9778495,0.9805653,0.95230544,0.9448576,0.957858,0.98405945,0.98465896,0.97013336,0.9807377,0.98854375,0.9877063,0.97797567,0.9924198,0.95332724,0.9727673,0.9765878,0.947797,0.98339486,0.9634771,0.9564476,0.9802508,0.96939594,0.9664676,0.97028595,0.98423684,0.98540246,0.9766565,0.9894185,0.9305171,0.9192087,0.9877063,0.9856587,0.9828462,0.97116977,0.9758579
adogsjourneymovie,0.98424554,0.9697134,0.98565924,0.96315706,0.9853327,1.0000001,0.97436416,0.95986503,0.9875455,0.9347649,0.97024244,0.9721061,0.9772171,0.9791147,0.9844906,0.95327616,0.9814146,0.9817243,0.9756326,0.97725165,0.9855994,0.97545606,0.9800621,0.98437774,0.95392567,0.9644682,0.9706826,0.9736701,0.9865432,0.9829562,0.9738527,0.96331275,0.9410666,0.98511654,0.9833092,0.9369939,0.9697616,0.9842613,0.98733413,0.9568021,0.9809643,0.98957044,0.9846708,0.98041004,0.97981817,0.9849728,0.9810636,0.9546853,0.98060507,0.98218054,0.9849922,0.9822608,0.9580397,0.9866513,0.9677494,0.96113926,0.92106485,0.9898613,0.9749772,0.9838094,0.98911244,0.9712489,0.97781557,0.9812931,0.97314847,0.98546034,0.9045807,0.9673243,0.98383486,0.94953334,0.9847392,0.97009146,0.94630116,0.9785448,0.9810062,0.9836189,0.9879982,0.97635514,0.9743819,0.9769644,0.97203124,0.9716811,0.9875347,0.9497717,0.98100215,0.9634782,0.9759149,0.9593959,0.99031734,0.97876936,0.9679159,0.9847392,0.96285355,0.94711053,0.97981477,0.9859083,0.9712853,0.96995515,0.9658327,0.9792658,0.9758052,0.97106326,0.9763505,0.9808848,0.96024257,0.9845532,0.99071836,0.97982055,0.9334408,0.95038354,0.9660211,0.9787013,0.96494824,0.9538601,0.9770019,0.98299104,0.98831075,0.9780037,0.9859387,0.9708877,0.98677367,0.97906965,0.9715128,0.9809913,0.9784568,0.97841835,0.963072,0.9821206,0.9952199,0.9869068,0.975491,0.9823577,0.9637519,0.9546338,0.9686963,0.9766887,0.97067446,0.9666643,0.9789444,0.9810443,0.9875455,0.97652674,0.98565936,0.9640664,0.9819732,0.9831302,0.94412357,0.98573285,0.9768717,0.9479731,0.96853405,0.9782357,0.97837734,0.9666216,0.9850707,0.9833428,0.9817063,0.9784775,0.9478771,0.94610834,0.9875455,0.98299634,0.9766568,0.9780558,0.9827668
aftermathmovie,0.97958034,0.9619642,0.9760627,0.9662727,0.97741663,0.97436416,1.0000001,0.96058154,0.9923803,0.94682765,0.9742465,0.9706294,0.9737826,0.9845337,0.9894008,0.9622302,0.9788998,0.97910625,0.9845861,0.98283327,0.9790903,0.973934,0.9865184,0.9798276,0.96831566,0.95175934,0.96971214,0.97855854,0.98540807,0.9717954,0.98574126,0.9766031,0.9636218,0.9646531,0.9848795,0.9583109,0.99088585,0.9696726,0.98358446,0.9712247,0.97877496,0.9730927,0.9722488,0.9743972,0.973195,0.9595283,0.98769385,0.96479034,0.9735295,0.9727848,0.9796029,0.9900209,0.9747271,0.9832443,0.9485636,0.9649055,0.9574202,0.98153657,0.9696904,0.9861217,0.98249817,0.9663531,0.9657284,0.980493,0.96050465,0.98272324,0.9289938,0.9699592,0.9728129,0.95963115,0.9861526,0.9686239,0.95863706,0.9923847,0.9792319,0.976723,0.9709707,0.982024,0.98251164,0.9642725,0.9709966,0.9794177,0.9844834,0.9789797,0.9829534,0.97351515,0.98262846,0.97589225,0.97939825,0.9874079,0.9701782,0.9861526,0.95226234,0.91789854,0.98257834,0.98902756,0.9748671,0.9749518,0.9867801,0.9950043,0.98833716,0.96017116,0.9818325,0.9838048,0.95591754,0.98193514,0.98707485,0.9758668,0.96410155,0.95018125,0.98167354,0.97881675,0.9710292,0.9730529,0.954126,0.9793672,0.98563397,0.9811984,0.98670423,0.9954462,0.9797384,0.96643025,0.9658392,0.9772782,0.98188496,0.96083766,0.9777673,0.9733894,0.97423226,0.9768628,0.99006486,0.96516967,0.9764869,0.9728784,0.9702593,0.9700081,0.974871,0.9642168,0.9896574,0.9686961,0.9923803,0.98295933,0.97922975,0.9566862,0.9887266,0.97312576,0.96469086,0.98012054,0.9571665,0.9403706,0.9907295,0.96222615,0.96781254,0.96410966,0.97967386,0.9849195,0.9875624,0.9744968,0.93780273,0.9504207,0.9923803,0.9705177,0.9782675,0.98752594,0.9669517
aftermovie,0.9801017,0.9755425,0.96066475,0.93533427,0.95196766,0.95986503,0.96058154,1.0000002,0.97348773,0.9033849,0.93742365,0.94116986,0.9726209,0.9407419,0.9606295,0.9758958,0.95983666,0.9679818,0.97114575,0.9598853,0.97366667,0.98224086,0.95159787,0.97259086,0.9524839,0.95740306,0.98784095,0.9386116,0.9569092,0.9430458,0.9696217,0.959405,0.9002733,0.95184815,0.96745455,0.91892046,0.96892935,0.9709018,0.9558688,0.96543026,0.96318346,0.9678455,0.97353363,0.9754248,0.9728209,0.971679,0.9554233,0.9673981,0.9383668,0.97778374,0.96454424,0.9610609,0.9643164,0.9790077,0.98372006,0.9193395,0.91789937,0.97541046,0.97929114,0.963252,0.97447616,0.973526,0.9669696,0.9581963,0.9606223,0.9560483,0.88876647,0.9450498,0.9485276,0.9107213,0.9574056,0.9161569,0.8914542,0.9681296,0.95341676,0.9600048,0.9698553,0.9373171,0.9729438,0.95309097,0.93955785,0.9345688,0.9821428,0.94431776,0.97669363,0.9631283,0.942469,0.9616316,0.9657982,0.96994394,0.97122014,0.9574056,0.9736927,0.9574393,0.98039126,0.9739137,0.97739303,0.9568589,0.9707672,0.95201004,0.9550574,0.95461684,0.9730386,0.96654177,0.9309397,0.9640684,0.96828634,0.9814199,0.90471864,0.95198345,0.96399945,0.94175714,0.988176,0.93425125,0.983324,0.97581637,0.9808744,0.95339394,0.9607736,0.9704619,0.98419034,0.96240854,0.97160447,0.9562868,0.9806486,0.9692289,0.95885,0.9561338,0.9500419,0.97642803,0.95645565,0.9820559,0.9414597,0.9251677,0.9897889,0.96156394,0.9417554,0.92799646,0.96352637,0.94788253,0.97348773,0.9621688,0.9541145,0.96508306,0.96160835,0.9609937,0.93804246,0.96688896,0.97844154,0.9712165,0.95691025,0.9712134,0.9752326,0.94868994,0.9610439,0.97133136,0.95781666,0.933307,0.9822523,0.9794598,0.97348773,0.9515587,0.9290015,0.95427346,0.961503
ahiddenlifefilm,0.98890823,0.978895,0.9909167,0.97219115,0.9877063,0.9875455,0.9923803,0.97348773,1.0,0.9437809,0.9822997,0.97353804,0.9864782,0.9836649,0.9962554,0.9786719,0.9865935,0.98449516,0.9848441,0.9897665,0.99028164,0.98726,0.9916096,0.9930939,0.9761648,0.9650482,0.98296964,0.9802636,0.99424314,0.98047924,0.9858486,0.98026586,0.9538166,0.97836924,0.9927822,0.95599806,0.99142134,0.98417854,0.9895892,0.97786856,0.9816158,0.9848207,0.98440045,0.98164904,0.98258454,0.9819433,0.99192417,0.9716437,0.98198986,0.9847673,0.99102515,0.9950025,0.9833973,0.99154127,0.96980035,0.97149515,0.9489997,0.9890349,0.9803481,0.99593735,0.99098945,0.9810197,0.9807153,0.9855238,0.97627896,0.9846546,0.93548375,0.9815216,0.98655254,0.95209146,0.99519247,0.9686722,0.95849735,0.9935993,0.9879252,0.98483765,0.9818453,0.98368216,0.9869041,0.98054594,0.981068,0.9782618,0.9933765,0.97369105,0.98972076,0.98168355,0.98304427,0.98378104,0.9890494,0.9954356,0.97999793,0.99519247,0.9684807,0.9482628,0.99360645,0.9947894,0.98866457,0.98251504,0.9831322,0.991802,0.9912793,0.9749693,0.98914105,0.99340993,0.95660055,0.9916186,0.9946787,0.98470736,0.9555335,0.9588646,0.9870545,0.983559,0.97864544,0.97366774,0.9752944,0.98859787,0.9961001,0.9832275,0.9950998,0.9923351,0.98976666,0.97264546,0.9789748,0.98753405,0.9906527,0.9802356,0.98221624,0.98659474,0.9842798,0.98470557,0.9915692,0.98175025,0.97771615,0.9659617,0.9774415,0.9820016,0.9768105,0.96967447,0.99309605,0.97906405,1.0,0.99130124,0.9869562,0.9615028,0.98819184,0.9869874,0.96406317,0.9902584,0.97244555,0.95837986,0.985176,0.97630465,0.9858521,0.9739505,0.9900267,0.99544835,0.9919177,0.9833844,0.9560878,0.95829093,1.0,0.98005515,0.982538,0.9915639,0.9827869
alitamovie,0.9378668,0.8955199,0.92751926,0.96571237,0.96997076,0.9347649,0.94682765,0.9033849,0.9437809,1.0000001,0.94047695,0.9125826,0.91623455,0.94241,0.9524503,0.8949587,0.9375113,0.9682889,0.9161993,0.92301124,0.9370445,0.8937681,0.93570864,0.93462485,0.8961304,0.87791985,0.92137873,0.9326768,0.9299476,0.9614931,0.9265933,0.9276171,0.9145405,0.9160759,0.9321698,0.9510502,0.94090253,0.951908,0.9432947,0.8962966,0.9313376,0.914907,0.91370225,0.8983364,0.9110682,0.90926695,0.9327611,0.89678365,0.9423382,0.9088004,0.913981,0.93583286,0.92609596,0.9390417,0.88611853,0.9735286,0.91242516,0.9294379,0.93292147,0.9469843,0.943741,0.94069487,0.9112287,0.9254702,0.9385397,0.9459385,0.8720763,0.90490586,0.93412006,0.96925104,0.9546912,0.9432393,0.94301736,0.9255387,0.9342423,0.9040984,0.9185724,0.9425052,0.92968553,0.93110895,0.9118301,0.9459981,0.9347501,0.93581617,0.9280773,0.90876645,0.9219284,0.9120773,0.93279684,0.94204754,0.95001394,0.9546912,0.88815963,0.86365753,0.92408365,0.9371206,0.9125932,0.9128572,0.93379873,0.94043994,0.9533581,0.8901965,0.91173816,0.93724746,0.95771796,0.9176453,0.9405227,0.91982365,0.93665206,0.8559601,0.91018456,0.96698165,0.90135455,0.94525254,0.89059466,0.92828214,0.9467526,0.9221672,0.9196356,0.93117964,0.9180768,0.94314593,0.92422223,0.9248958,0.93342435,0.91560674,0.93594503,0.90551245,0.9498548,0.9277874,0.94162285,0.93475384,0.9094635,0.9129752,0.91485244,0.94971263,0.9675301,0.9391241,0.9413334,0.96695626,0.9437809,0.9310699,0.96464825,0.90843403,0.9286371,0.92284894,0.92138445,0.933239,0.91080475,0.9086763,0.9596696,0.90772945,0.91051555,0.9327779,0.92851925,0.9371271,0.9371607,0.95965093,0.8765242,0.8501988,0.9437809,0.9484537,0.95460033,0.9204208,0.9106369
angelhasfallen,0.9632167,0.9401495,0.9886954,0.9701978,0.9833425,0.97024244,0.9742465,0.93742365,0.9822997,0.94047695,0.9999999,0.95160204,0.975669,0.98150647,0.98167497,0.9472706,0.95635974,0.9675795,0.95133954,0.96949583,0.97871107,0.96000355,0.98242414,0.97923654,0.9435658,0.92161745,0.95668024,0.95620525,0.9853196,0.96662366,0.9579875,0.97415614,0.94215053,0.9629184,0.97327244,0.9637037,0.9787313,0.97054034,0.9730875,0.95378906,0.9585935,0.9569922,0.96292627,0.9505634,0.96924865,0.9607846,0.9820997,0.9383845,0.97526705,0.95499194,0.9814604,0.97904104,0.9552838,0.97412467,0.93642604,0.9796847,0.930316,0.95836717,0.94678324,0.9850276,0.97517043,0.95890325,0.9726729,0.9687632,0.9675875,0.96545756,0.910688,0.9659752,0.9757732,0.9636281,0.98981816,0.9679147,0.96381485,0.9757169,0.97167665,0.9673571,0.9675811,0.9886553,0.9607461,0.983803,0.98392457,0.9784349,0.97835106,0.9510926,0.9740292,0.94987917,0.979011,0.9638839,0.9687744,0.9806984,0.962015,0.98981816,0.9422361,0.92474806,0.97443783,0.9777894,0.9657459,0.97907597,0.976479,0.9745383,0.98471236,0.9421278,0.97092456,0.9825432,0.9599696,0.9817046,0.9756751,0.9561166,0.949184,0.9198872,0.96724534,0.98695546,0.941436,0.9777904,0.9417051,0.9704329,0.97643214,0.94885164,0.9811484,0.97200394,0.96185243,0.94989425,0.97271407,0.9902306,0.9710041,0.9605864,0.97421014,0.9788033,0.9696976,0.9642777,0.9797045,0.95371455,0.94399035,0.9483718,0.94022954,0.95861113,0.9679308,0.9608605,0.9804709,0.9760711,0.9822997,0.9841583,0.98167634,0.9406117,0.97373104,0.9791891,0.9661153,0.9762939,0.9454214,0.94821167,0.98068994,0.96342534,0.9663586,0.9469065,0.97973466,0.98374844,0.97654086,0.9882177,0.90446144,0.9048271,0.9822997,0.9692285,0.9732479,0.97440434,0.9796852
angrybirdsmovie,0.9456942,0.9467719,0.9628728,0.96690905,0.9573706,0.9721061,0.9706294,0.94116986,0.97353804,0.9125826,0.95160204,0.9999998,0.9654184,0.9801304,0.96767235,0.9487294,0.9663589,0.95243984,0.94930667,0.97417897,0.9676941,0.95580524,0.97747785,0.9604408,0.9675818,0.94570005,0.96298414,0.96726125,0.97229,0.9680226,0.9456751,0.9721076,0.98123664,0.9812262,0.97364926,0.9461422,0.9721022,0.956818,0.98467433,0.9774593,0.976912,0.9590298,0.94659793,0.9542246,0.9517698,0.95829546,0.97832966,0.98184735,0.98183024,0.9474001,0.96598786,0.98209655,0.96930325,0.9698198,0.9288628,0.944805,0.9664688,0.97381896,0.93716335,0.9743761,0.97861063,0.97015065,0.945716,0.98944795,0.9556996,0.9673429,0.9055017,0.9787615,0.95501196,0.934873,0.9725752,0.9659004,0.9590637,0.9753097,0.98407763,0.9673273,0.97377133,0.97421324,0.9682474,0.9698155,0.96070987,0.98482984,0.97333586,0.96682817,0.97572035,0.95614994,0.977871,0.9657119,0.9876404,0.96561956,0.93582124,0.9725752,0.92489856,0.8907088,0.974944,0.9769325,0.9437804,0.9686209,0.9588853,0.98071903,0.976606,0.96429455,0.96666455,0.98117524,0.9439685,0.96527773,0.9745435,0.97873294,0.9610324,0.97864556,0.9716512,0.96948475,0.94865876,0.9635976,0.94859856,0.95291394,0.96127397,0.9813257,0.9718664,0.9694884,0.9671173,0.96742725,0.9437594,0.97005254,0.95404786,0.9336804,0.9497676,0.95292014,0.9657962,0.9587663,0.9726279,0.9449345,0.9834164,0.9606898,0.952538,0.95635664,0.93173915,0.97073615,0.9849791,0.95002306,0.97353804,0.9835834,0.97074014,0.97158056,0.97590923,0.957018,0.94871956,0.97712564,0.9625505,0.90190345,0.9664183,0.9303497,0.9705867,0.9477894,0.9771316,0.9736974,0.96514946,0.9662011,0.9173429,0.922895,0.97353804,0.972895,0.96584743,0.98031145,0.9575297
annabellemovie,0.978797,0.96313155,0.9872526,0.9522751,0.9699553,0.9772171,0.9737826,0.9726209,0.9864782,0.91623455,0.975669,0.9654184,1.0000001,0.97373337,0.98212254,0.97652364,0.9653345,0.96424115,0.97140247,0.97528327,0.99058205,0.9807121,0.98516774,0.98312604,0.9536773,0.9453601,0.9819113,0.95563465,0.9827322,0.95200384,0.9697548,0.96681327,0.9371541,0.96863174,0.9776165,0.9578132,0.9857006,0.9759189,0.9775778,0.9684386,0.9669149,0.9726972,0.9776114,0.97519773,0.9798965,0.97744787,0.9837336,0.963569,0.96692663,0.9744927,0.9882418,0.97713256,0.97277117,0.9788382,0.9702076,0.95084614,0.94417334,0.9712715,0.9568209,0.9810265,0.9867626,0.9729819,0.98049307,0.9783581,0.95897967,0.9632387,0.91393775,0.9653552,0.9704299,0.93782043,0.982542,0.95026374,0.94230145,0.98165756,0.9787559,0.97425765,0.9814461,0.9796957,0.9726814,0.9784951,0.9851621,0.96580714,0.9906591,0.9560039,0.98617375,0.97217304,0.98233634,0.9859774,0.9799095,0.9855199,0.96063757,0.982542,0.96009386,0.9416724,0.991376,0.9838338,0.97747004,0.9789611,0.97546476,0.9772007,0.9826047,0.95286113,0.9868732,0.98654807,0.9363684,0.9857662,0.9769476,0.9768277,0.9366664,0.95231736,0.9855115,0.9688418,0.9665918,0.9717116,0.97453344,0.9803652,0.98405296,0.9609683,0.9851302,0.97851527,0.98176193,0.95496494,0.97614694,0.98878634,0.98549825,0.961091,0.98222375,0.9799582,0.9665962,0.9751459,0.9850087,0.9725005,0.95681316,0.9480372,0.9685198,0.9514194,0.958212,0.94309694,0.98549765,0.96383584,0.9864782,0.98526776,0.96901363,0.9603706,0.98100346,0.9818899,0.97688234,0.9805129,0.9716264,0.9630828,0.97268647,0.9727331,0.9902442,0.9420489,0.9827547,0.98500586,0.9839313,0.9747173,0.94649965,0.9474489,0.9864782,0.9624913,0.9614766,0.9832414,0.98477054
annamovie,0.9653141,0.9446527,0.9809523,0.97734284,0.9773769,0.9791147,0.9845337,0.9407419,0.9836649,0.94241,0.98150647,0.9801304,0.97373337,1.0,0.98202604,0.9406386,0.9693573,0.9723959,0.96089906,0.97681266,0.9813397,0.9604471,0.9868114,0.97339314,0.95560277,0.93473303,0.95515925,0.96579206,0.9838418,0.9738127,0.9598887,0.9779539,0.9779538,0.9718822,0.9772537,0.96039444,0.97969574,0.9644903,0.98799425,0.965502,0.9698054,0.9646736,0.95781493,0.956474,0.9679273,0.96649855,0.99011916,0.9583157,0.9807738,0.9542665,0.97819424,0.98672724,0.9675534,0.97657037,0.9255949,0.974561,0.9580082,0.9738314,0.95049965,0.9857896,0.9818574,0.9608159,0.96633923,0.9875609,0.9639319,0.9769898,0.8989296,0.97424614,0.97715086,0.96624976,0.98846567,0.9776963,0.96705467,0.9813744,0.97873205,0.97143435,0.97630584,0.9912177,0.9667625,0.97434914,0.98264426,0.9876938,0.9807405,0.97144616,0.9806606,0.9490866,0.98818266,0.9710689,0.980769,0.9739267,0.9471817,0.98846567,0.9350824,0.89819,0.97320503,0.98786414,0.95425844,0.9765646,0.9729472,0.9877622,0.98803604,0.9611653,0.9712641,0.9848981,0.97246116,0.9791011,0.98239636,0.9698597,0.96377724,0.95034724,0.9703575,0.9855362,0.9453272,0.9719915,0.9454456,0.97158706,0.9760352,0.9752881,0.9852435,0.97546774,0.9658283,0.97252613,0.9547983,0.9841874,0.9654012,0.9480693,0.96384436,0.96690345,0.98120135,0.9658783,0.9806963,0.9555553,0.9665529,0.96190155,0.9497779,0.95927674,0.9612144,0.977655,0.9903185,0.97557765,0.9836649,0.9862903,0.9860966,0.9636257,0.98101467,0.9727135,0.9644443,0.9803232,0.9577084,0.91854084,0.98277473,0.95424485,0.9694705,0.95311236,0.9802372,0.98354334,0.97950846,0.98784775,0.9020997,0.9172736,0.9836649,0.96958274,0.98370296,0.98726267,0.975662
apollo11movie,0.98400766,0.9727281,0.9858757,0.9735508,0.987361,0.9844906,0.9894008,0.9606295,0.9962554,0.9524503,0.98167497,0.96767235,0.98212254,0.98202604,1.0000001,0.9734426,0.9856949,0.97972965,0.97945935,0.98886895,0.9864864,0.97795725,0.9935969,0.98949987,0.96758574,0.9557833,0.9754328,0.9827952,0.9934714,0.97846645,0.9817816,0.9739402,0.95442873,0.9695094,0.98843277,0.96251106,0.9880909,0.9816184,0.98867476,0.967414,0.9757353,0.97816586,0.97870797,0.97116184,0.97406185,0.9759695,0.99228865,0.96128464,0.98035413,0.97552305,0.9873329,0.9905098,0.98049337,0.98313683,0.95976186,0.9749734,0.9520624,0.983582,0.97236913,0.9920494,0.9863347,0.9756764,0.9736825,0.9777471,0.9667334,0.98497266,0.94053787,0.97673595,0.98573714,0.954855,0.99398506,0.9712554,0.96521163,0.98863167,0.9859478,0.9767961,0.97152126,0.98343146,0.97682345,0.9754651,0.9790181,0.97683233,0.98573667,0.9714001,0.98311675,0.9759443,0.9814463,0.9799367,0.98227,0.9929066,0.97345674,0.99398506,0.95584506,0.9370287,0.9866688,0.9898836,0.9811188,0.9735331,0.97407585,0.99077296,0.9928849,0.9665611,0.98359513,0.98846334,0.9509229,0.98830205,0.98973805,0.97296196,0.9598123,0.94534135,0.9841722,0.98410535,0.9640488,0.97642404,0.9627126,0.9828488,0.9910949,0.97829825,0.9923546,0.98508567,0.9810652,0.9635163,0.9674294,0.983626,0.9846838,0.97328866,0.97939664,0.9844726,0.98397595,0.9776044,0.992467,0.973601,0.9748824,0.96186465,0.96580184,0.97404975,0.9767188,0.9660239,0.98928857,0.9794309,0.9962554,0.9876511,0.98638785,0.94475347,0.98164463,0.9835277,0.96697295,0.985197,0.9589732,0.9469548,0.9816315,0.96827215,0.98038554,0.97156346,0.9835986,0.99003285,0.9937263,0.98531955,0.94472027,0.94325286,0.9962554,0.9739153,0.98618215,0.9898207,0.9769703
arcticdogsmovie,0.96672535,0.97837,0.96855617,0.93914217,0.95085675,0.95327616,0.9622302,0.9758958,0.9786719,0.8949587,0.9472706,0.9487294,0.97652364,0.9406386,0.9734426,0.9999998,0.9638197,0.94591534,0.9640717,0.9734805,0.97423,0.9800196,0.97141,0.97302693,0.96309423,0.945043,0.9838005,0.9561857,0.9711108,0.9371885,0.96703494,0.9624275,0.9148118,0.944651,0.97215617,0.9345186,0.9791122,0.96004677,0.9601375,0.97512627,0.9517383,0.95973694,0.9654627,0.96588904,0.96240395,0.96265966,0.9686845,0.97207373,0.94283736,0.9693296,0.97346336,0.9698068,0.97569084,0.96917623,0.9689404,0.9220496,0.9413204,0.9659949,0.96366006,0.96594685,0.96494395,0.97260135,0.95875365,0.9619516,0.9472245,0.9519846,0.93768543,0.95794743,0.94934213,0.9036086,0.9639141,0.9232567,0.9154317,0.97596854,0.9660324,0.9520791,0.94996023,0.9439027,0.96636623,0.9538307,0.9502671,0.94023466,0.97455114,0.9480763,0.9761645,0.97482455,0.95512396,0.9758171,0.9614438,0.9825547,0.9653665,0.9639141,0.95866936,0.9514706,0.98759973,0.9693805,0.9768415,0.9612276,0.9590344,0.96041954,0.96801525,0.95153993,0.9792729,0.97315705,0.8974997,0.9730221,0.97153205,0.974208,0.93441117,0.94881684,0.9864906,0.9412386,0.97701514,0.95503986,0.9690773,0.96058404,0.97433096,0.9562157,0.9734087,0.97442555,0.97680306,0.934268,0.9584756,0.966342,0.97884,0.9623607,0.9697721,0.9672395,0.94595224,0.96210283,0.97522944,0.9630569,0.96310884,0.93287545,0.97419155,0.9519591,0.9365116,0.9300668,0.97067237,0.94072086,0.9786719,0.9729204,0.94970554,0.93581307,0.959088,0.96324396,0.95626503,0.9701266,0.95785886,0.9519428,0.9521477,0.95645183,0.97740805,0.9404271,0.96895635,0.97001916,0.9691343,0.9416661,0.96930575,0.9607429,0.9786719,0.94807386,0.94259226,0.9699554,0.95938617
arcticmovie,0.9823196,0.97242725,0.9671917,0.9592598,0.97012186,0.9814146,0.9788998,0.95983666,0.9865935,0.9375113,0.95635974,0.9663589,0.9653345,0.9693573,0.9856949,0.9638197,1.0000001,0.9740635,0.98044825,0.97454625,0.9767164,0.96748453,0.97536415,0.9818948,0.97015864,0.97001255,0.971032,0.984293,0.98081905,0.9799689,0.97765106,0.96173817,0.9410208,0.96510905,0.9759443,0.9411952,0.97163785,0.9748277,0.9844599,0.96906996,0.9759334,0.98151803,0.9670002,0.9714662,0.9582181,0.97633433,0.97538453,0.9640046,0.9722367,0.9759533,0.9692697,0.9847781,0.97444975,0.97551584,0.9581669,0.95473146,0.9335797,0.9914545,0.9737529,0.978798,0.9787224,0.9756785,0.95349526,0.96785945,0.96544075,0.98415023,0.9490792,0.96791846,0.9815113,0.9342666,0.9783162,0.965156,0.93971455,0.97623277,0.977431,0.97279173,0.9641437,0.96722627,0.98112273,0.9640887,0.9594286,0.95858943,0.9775326,0.96301883,0.9694207,0.97443664,0.96505564,0.9702585,0.9766959,0.97703964,0.9641652,0.9783162,0.96547294,0.94321877,0.97581404,0.97871816,0.9725802,0.94745094,0.9572307,0.97812885,0.9802875,0.9706909,0.9654167,0.9798366,0.9407152,0.9698961,0.9827046,0.97156334,0.9370581,0.95773596,0.9736265,0.9704516,0.9635769,0.95296687,0.9669474,0.9819837,0.98623496,0.9813661,0.98098195,0.9738105,0.98110646,0.97423744,0.9479424,0.9614153,0.9769143,0.97006345,0.9673715,0.9707329,0.98075545,0.97355556,0.97511077,0.96707916,0.98054445,0.96755606,0.9683874,0.97306293,0.9680639,0.9614564,0.9754094,0.97509724,0.9865935,0.97202855,0.9743621,0.94462997,0.97721773,0.97668505,0.9440789,0.96743166,0.9580124,0.9329831,0.96752363,0.9609577,0.9771028,0.9720118,0.96567714,0.9779759,0.9845422,0.9688602,0.95737153,0.95039433,0.9865935,0.96892416,0.97210646,0.9761599,0.95901275
artofracingmovie,0.9865642,0.9608096,0.97343105,0.9729934,0.99004316,0.9817243,0.97910625,0.9679818,0.98449516,0.9682889,0.9675795,0.95243984,0.96424115,0.9723959,0.97972965,0.94591534,0.9740635,0.99999994,0.9721597,0.9636801,0.97866523,0.9660909,0.96581626,0.9831337,0.9474425,0.9492726,0.9684502,0.96331215,0.97235477,0.98270226,0.9735771,0.9674894,0.93039674,0.9709218,0.9740566,0.9379719,0.97038823,0.98399776,0.9769044,0.9521865,0.9724136,0.9770633,0.9733157,0.96830374,0.976236,0.9729893,0.9690799,0.94879127,0.97161853,0.9741536,0.97019804,0.9774373,0.9586446,0.98589164,0.95886165,0.9721494,0.9169759,0.9813712,0.9848374,0.9831944,0.9841312,0.9746253,0.9718056,0.96673304,0.98160917,0.9795501,0.8943825,0.95335424,0.97259915,0.9598367,0.9833754,0.9556693,0.9368747,0.97317135,0.963994,0.9688216,0.97553307,0.966962,0.97240937,0.96741253,0.95591927,0.96626014,0.98391646,0.952498,0.97597516,0.9507767,0.95996726,0.95288527,0.9771013,0.9746902,0.98145926,0.9833754,0.9589882,0.9401287,0.9739646,0.98451304,0.9701591,0.96011937,0.9779113,0.9721996,0.97189397,0.95921296,0.9648049,0.97610193,0.97934717,0.9712038,0.98522013,0.9733329,0.9306744,0.9291265,0.9526205,0.9805134,0.96698236,0.9489758,0.96461385,0.98153245,0.9894537,0.96477705,0.96968275,0.974513,0.9790136,0.9845707,0.9735085,0.9676579,0.9816024,0.9755972,0.96117544,0.9641149,0.9839557,0.9807757,0.96654373,0.9850937,0.94655794,0.94163185,0.9708812,0.9851686,0.98286873,0.96536547,0.9744281,0.98732924,0.98449516,0.9692098,0.98821133,0.9615361,0.9711241,0.97229356,0.9364182,0.97570014,0.9679604,0.9594816,0.9785374,0.97008216,0.96633595,0.9674447,0.9725461,0.9809545,0.97117364,0.97541326,0.9454344,0.9398798,0.98449516,0.9771893,0.9710247,0.96278304,0.9710114
avengers,0.99148047,0.9703183,0.96710575,0.93278426,0.96240103,0.9756326,0.9845861,0.97114575,0.9848441,0.9161993,0.95133954,0.94930667,0.97140247,0.96089906,0.97945935,0.9640717,0.98044825,0.9721597,1.0000001,0.9718921,0.9737373,0.97978055,0.9687485,0.97687185,0.95995754,0.9691367,0.9705373,0.97277004,0.9745487,0.95751053,0.99434614,0.9535543,0.9214328,0.95584446,0.9778806,0.92382705,0.97472453,0.97041017,0.97162724,0.95855516,0.972344,0.9875497,0.98451686,0.9916107,0.9754409,0.9666489,0.9709241,0.955279,0.95440954,0.9904648,0.97458756,0.9759671,0.9599044,0.977966,0.97416127,0.9343412,0.91920686,0.9845821,0.9787467,0.9707488,0.97561884,0.9570258,0.9675194,0.96317714,0.94998777,0.97979575,0.9259301,0.9523911,0.96664864,0.92936254,0.96801007,0.94553804,0.9205078,0.9834095,0.96415496,0.97987473,0.96846396,0.95654136,0.98064685,0.95017964,0.958156,0.9470671,0.98199487,0.95584124,0.9714757,0.97545564,0.9671139,0.9660008,0.97095865,0.97862285,0.96906245,0.96801007,0.9740265,0.9457283,0.9765758,0.97904754,0.9814309,0.9558555,0.97332096,0.97907853,0.9675648,0.9599631,0.9750295,0.96829367,0.92664844,0.97547686,0.98024327,0.97228926,0.9230472,0.9469188,0.9744654,0.9540753,0.97855,0.9419315,0.97288615,0.9856607,0.98684,0.97476965,0.981178,0.98309153,0.9878995,0.9601704,0.9622175,0.96071935,0.9853317,0.9721625,0.9710268,0.9762208,0.97014755,0.9840942,0.9752624,0.97408617,0.9652866,0.95931244,0.97581506,0.9615274,0.96725774,0.9388995,0.9688988,0.957427,0.9848441,0.9623049,0.9607477,0.94475406,0.98126435,0.97127366,0.9415894,0.96942264,0.9610236,0.9502279,0.96761584,0.97814554,0.9683294,0.95940596,0.9681178,0.9728994,0.9797607,0.9516675,0.96308553,0.97593635,0.9848441,0.9579553,0.9559287,0.9721792,0.96103835
beachbummovie,0.96974796,0.9718378,0.9776343,0.96442485,0.9700352,0.97725165,0.98283327,0.9598853,0.9897665,0.92301124,0.96949583,0.97417897,0.97528327,0.97681266,0.98886895,0.9734805,0.97454625,0.9636801,0.9718921,0.9999999,0.9768786,0.9816164,0.9861363,0.97459495,0.9685882,0.9538067,0.9723753,0.9664271,0.98768234,0.9677042,0.9705828,0.9762295,0.9633806,0.9653364,0.9912872,0.9527603,0.9846924,0.97469527,0.979636,0.977271,0.97853124,0.96479887,0.9716368,0.9662634,0.96766263,0.97104067,0.98682845,0.97331685,0.97469276,0.9659222,0.9811131,0.9898607,0.97770023,0.97918296,0.9562616,0.95841306,0.9596864,0.9797842,0.96196854,0.98485357,0.9830441,0.967419,0.96586657,0.9857718,0.9607692,0.9731791,0.91757035,0.98036253,0.9744048,0.946613,0.98246235,0.9668472,0.9629135,0.98861355,0.98484707,0.97393733,0.97553074,0.97597116,0.97950995,0.9704325,0.97165734,0.97726893,0.98225427,0.97669184,0.98039144,0.97248715,0.9829224,0.97245246,0.98472273,0.9895681,0.9617348,0.98246235,0.94866294,0.918512,0.9816147,0.9880221,0.977093,0.9837988,0.96912044,0.9861538,0.9850292,0.96617913,0.9835734,0.9821824,0.94014394,0.9819158,0.98534364,0.9775274,0.9613853,0.96185225,0.9828459,0.9733055,0.9712198,0.9721831,0.9617527,0.9757521,0.98106956,0.985402,0.98816866,0.98270357,0.9757868,0.95935154,0.96532077,0.98030955,0.9736678,0.9600415,0.97036225,0.9764746,0.9720044,0.9729274,0.98745495,0.9650344,0.9763694,0.9590378,0.9714981,0.97018117,0.9556004,0.97065705,0.9863097,0.9632133,0.9897665,0.9852652,0.9800897,0.9539135,0.9771579,0.9761618,0.96059215,0.98932517,0.9639522,0.93563163,0.9718379,0.9567549,0.9750985,0.96033525,0.9858329,0.98473537,0.98152196,0.9674193,0.94517374,0.9548976,0.9897665,0.968406,0.97568893,0.9890469,0.96935576
bernadettefilm,0.98580295,0.9707232,0.9909153,0.96632856,0.9826181,0.9855994,0.9790903,0.97366667,0.99028164,0.9370445,0.97871107,0.9676941,0.99058205,0.9813397,0.9864864,0.97423,0.9767164,0.97866523,0.9737373,0.9768786,0.9999997,0.9795813,0.9876709,0.9902381,0.9547946,0.94497484,0.9841959,0.9658651,0.98781854,0.9665193,0.97399235,0.97383887,0.93980587,0.96976733,0.97842413,0.9618632,0.9847731,0.98111105,0.98494315,0.97209144,0.966976,0.97912663,0.9815271,0.9758098,0.98127246,0.9840113,0.9876777,0.96500474,0.96966875,0.9783608,0.9881196,0.9833365,0.9709838,0.9898319,0.96520305,0.96051276,0.94380015,0.98141664,0.97268784,0.9829825,0.9893951,0.9819189,0.97837,0.9842877,0.97565347,0.97583395,0.91281885,0.96256363,0.97517264,0.9557278,0.98731554,0.9632834,0.94049704,0.98353416,0.97692513,0.97243047,0.9809126,0.9784318,0.975398,0.9800383,0.98075086,0.96957487,0.9945812,0.9574455,0.9928671,0.9663358,0.9776629,0.97620803,0.98119754,0.9876578,0.97280014,0.98731554,0.97121584,0.9519645,0.99061084,0.99031484,0.9715737,0.97779197,0.9779092,0.9778364,0.9858996,0.9580075,0.985356,0.98931617,0.9590913,0.98769444,0.9895934,0.9850169,0.94451344,0.9484199,0.981625,0.97687376,0.9709362,0.96978873,0.97932905,0.98091877,0.9911637,0.9673386,0.98785543,0.98147166,0.98644173,0.9741699,0.9758012,0.99156135,0.99048305,0.9728418,0.97808325,0.9801291,0.98315275,0.98128426,0.98519933,0.9813144,0.9604176,0.9522361,0.97684324,0.96524394,0.9698305,0.9598569,0.9889553,0.9832158,0.99028164,0.98566407,0.9821403,0.968241,0.9824318,0.98695415,0.97449964,0.98322374,0.9814596,0.96530753,0.9804985,0.9801629,0.9880108,0.9536933,0.98571277,0.9873184,0.98654413,0.97956145,0.9526275,0.94524145,0.99028164,0.9726957,0.9681292,0.9821327,0.98796856
