movie,21bridgesmovie,47metersdown,abeautifuldaymovie,abominablemovie,adastramovie,adogsjourneymovie,aftermathmovie,aftermovie,ahiddenlifefilm,alitamovie,angelhasfallen,angrybirdsmovie,annabellemovie,annamovie,apollo11movie,arcticdogsmovie,arcticmovie,artofracingmovie,avengers,beachbummovie,bernadettefilm,blackandbluemovie,blackchristmas,blindedbythelightmovie,bombshellmovie,booksmart,breakthroughmovie,brianbanksmovie,brightburnmovie,brittanyrunsmov,captainmarvelofficial,captivestatemovie,catsmovie,charliesangels,childsplaymovie,clarathefilm,coldpursuitmovie,countdown,currentwarmovie,darkwatersmovie,detectivepikachumovie,disneyaladdin,disneyfrozen,disneymaleficent,doctorsleepmovie,dolemiteismyname,dontletgomovie,doramovie,downtonabbey_official,dumbo,escaperoom,everybodyknowsmovie,fastandfuriousmovie,fightingwmyfam,fivefeetapartfilm,fordvferrari,freaksthefilm,geminimanmovie,glassmovie,gloriabellmovie,godzillamovie,goldfinchmovie,goodboysmovie,goodliarmovie,gretafilm,halathemovie,happydeathdaymovie,harrietfilm,hellboymovie,hersmellmovie,highlifemovie,highstrungmovie,honeyboymovie,hotelmumbaifilm,httydragon,hustlemovie,hustlersmovie,isntitromantic,itmovieofficial,jayandsilentbob,johnwickmovie,jojorabbitmovie,jokermovie,judythefilm,jumanjimovie,justmercyfilm,knivesout,lalloronamovie,lastblackmansf,lastchristmasthemovie,latenightmovie,lighthousemovie,lionking,littlethemovie,littlewomenmovie,littlewoodsfilm,longshotmovie,lordsofchaosmovie,lucyintheskyfilm,mamovie2019,marriagestory,meettheaddams,meninblack,midsommarmovie,midwaymovie,missbalamovie,missinglinkfilm,motherlessbklyn,onceinhollywood,onthebasisofsex,overcomermovie,peanutbutterfalcon,petsematarymovie,piercingmovie,playingwithfire,playmobilthemovie,pomsmovie,queenandslim,rambomovie,readyornotfilm,richardjewellfilm,rocketmanmovie,scarystoriesmovie,secretlifeofpets,serenityfilm,shaftmovie,shazammovie,spidermanmovie,spiesindisguise,starwars,stormboymovie,stubermovie,taosdfilm,teenspiritmov,terminator,theaeronautsmov,thebestofenemies,thedeaddontdie,thefarewell,thehighwaymen,thehummingbirdprojectfilm,theintrudermovie,theirishmanfilm,thekitchenmovie,thelegomovie,themustangfilm,thenightingalefilm,theprodigymovie,thesunisalsoastar,theupsidefilm,tolkienmovie,toystory,triplefrontier,uglydolls,uncutgems,underthesilverlake,usmovie,wavesmovie,whatmenwant,wonderparkmovie,wrinklestheclown,xmenmovies,yardiefilm,yesterdaymovie,zombieland
21bridgesmovie,1.0,0.9656938,0.9893372,0.9675814,0.98482686,0.98670936,0.98707324,0.98290336,0.9943322,0.97356266,0.9874813,0.99111974,0.9803228,0.9939163,0.9815496,0.9807756,0.9912394,0.98163986,0.9910039,0.982533,0.9842394,0.98363787,0.98099583,0.99041367,0.98169225,0.9773493,0.9748854,0.973007,0.98172355,0.963151,0.99072516,0.97482246,0.98531044,0.9900714,0.9788976,0.9756483,0.989919,0.9902376,0.979254,0.96678084,0.9735532,0.98769766,0.9814446,0.9908457,0.99197143,0.9814461,0.98110116,0.9754228,0.9659573,0.9880994,0.98480594,0.9857449,0.9583517,0.97612,0.9729204,0.9883703,0.97749573,0.9932582,0.9859637,0.98971844,0.96463424,0.9732447,0.9835381,0.98825425,0.9800392,0.97913647,0.98179185,0.98030233,0.9705643,0.9693701,0.9934782,0.981392,0.97916174,0.9921541,0.9745042,0.98136073,0.97679377,0.98941284,0.97911495,0.9850548,0.9736313,0.97722554,0.9807325,0.9887592,0.9784714,0.98230016,0.9824441,0.9893564,0.985739,0.98645294,0.98506975,0.9934782,0.9789721,0.9773166,0.98227483,0.9844551,0.9653176,0.97947764,0.98298174,0.98994255,0.98448706,0.9637406,0.98424494,0.99035454,0.98584825,0.98027587,0.9795003,0.97968405,0.9853121,0.9676809,0.9866219,0.98637676,0.98249793,0.97577196,0.9679875,0.9921746,0.99762523,0.9800269,0.9823682,0.97620475,0.99161553,0.9868784,0.9861263,0.97333336,0.98776656,0.9876671,0.98961216,0.98320866,0.9898893,0.98771834,0.98998517,0.98655635,0.9849316,0.9610488,0.9878715,0.96890175,0.98814255,0.9687712,0.9954018,0.97388756,0.9943322,0.9754255,0.9806498,0.9749546,0.9811477,0.9903471,0.973363,0.9726302,0.97873247,0.98292947,0.9748763,0.9849155,0.973475,0.9656748,0.990656,0.9913926,0.97123104,0.98446065,0.9879464,0.97819,0.9943322,0.97939444,0.9853685,0.98190266,0.9792197
47metersdown,0.9656938,1.0,0.973359,0.95829356,0.96397907,0.9526451,0.97599864,0.96391535,0.9729697,0.94150394,0.9692781,0.953008,0.958033,0.97755796,0.95591134,0.9807862,0.9720919,0.9569932,0.9630378,0.961037,0.97219115,0.9589129,0.95702684,0.9620552,0.96440035,0.9532969,0.9675378,0.9361747,0.9619876,0.93688613,0.9699742,0.9493068,0.95299166,0.9632933,0.9574059,0.9548987,0.97602284,0.9694271,0.96197146,0.93002445,0.9495832,0.96296513,0.95926356,0.9661087,0.9694464,0.9510317,0.9569839,0.94659275,0.9443932,0.9654026,0.96226156,0.9530274,0.9356282,0.9409723,0.9503295,0.9598557,0.96527904,0.9638752,0.9750515,0.9683476,0.947575,0.9753688,0.9579176,0.97665685,0.9543442,0.96371526,0.96121275,0.948838,0.9536146,0.9589864,0.96750396,0.9591957,0.9516925,0.96453243,0.9536557,0.9706328,0.96608526,0.95910406,0.9780866,0.96046853,0.9583918,0.94824827,0.9713935,0.96277905,0.9586407,0.94789356,0.96299666,0.95995164,0.9626026,0.9656831,0.9545693,0.96750396,0.9634493,0.9828918,0.96402407,0.95915943,0.9323628,0.9614358,0.97360116,0.9626959,0.9621505,0.9537776,0.9471076,0.9561288,0.97522265,0.9600375,0.96451294,0.9643443,0.9557045,0.93923616,0.9769735,0.9656016,0.9619953,0.9611809,0.9515832,0.9686217,0.9703897,0.963688,0.9601387,0.97312206,0.9721329,0.9793116,0.96226406,0.9429559,0.95940685,0.9762469,0.9780417,0.9603713,0.96946466,0.9675051,0.97120994,0.9593668,0.95662844,0.92393124,0.95732474,0.9451727,0.9598119,0.93981177,0.96701854,0.9550018,0.9729697,0.96333575,0.95374745,0.9680659,0.96810997,0.9590534,0.9725905,0.9468016,0.9603299,0.952205,0.9695949,0.9711255,0.94526756,0.97304136,0.96190155,0.96121305,0.94895005,0.9621386,0.965249,0.956392,0.9729697,0.9529909,0.95675766,0.95792264,0.9645937
abeautifuldaymovie,0.9893372,0.973359,1.0,0.9703497,0.9804044,0.97941744,0.9803484,0.9783562,0.99018383,0.95756024,0.9874607,0.9830748,0.980799,0.9901395,0.9791336,0.9826651,0.98801875,0.9767526,0.9839187,0.9798621,0.97590154,0.98873276,0.9744223,0.9841066,0.97957337,0.976246,0.96973246,0.9560784,0.9859712,0.95152164,0.98446834,0.96786684,0.9860507,0.98930997,0.97216123,0.9665724,0.9896226,0.9913062,0.97119504,0.972521,0.9779103,0.98038656,0.9847089,0.98750824,0.98780555,0.97901344,0.975548,0.9647979,0.9553359,0.9834417,0.98973584,0.97469866,0.9552873,0.967713,0.9773128,0.9831581,0.9594695,0.98065406,0.97855955,0.98386765,0.97595084,0.9733344,0.9807148,0.99370605,0.9789065,0.9647023,0.9862469,0.9734384,0.976084,0.9601334,0.98584044,0.9750764,0.9593413,0.9827814,0.97473234,0.98532677,0.9788011,0.98425823,0.9744461,0.9717685,0.9798217,0.96887004,0.983896,0.9839762,0.98133373,0.972374,0.9723986,0.98311347,0.97798204,0.97846293,0.98092324,0.98584044,0.98348457,0.9841331,0.98559916,0.97712076,0.9632662,0.9784329,0.9810829,0.9832832,0.97865826,0.97036004,0.9842086,0.98364127,0.9736639,0.98632514,0.9818951,0.98885757,0.9797656,0.9713392,0.98374695,0.9787872,0.9832783,0.96695685,0.95452964,0.99003613,0.9911766,0.97443575,0.9843994,0.97071606,0.9918907,0.98589057,0.9834457,0.9635919,0.9911698,0.9888412,0.98931676,0.9813701,0.9771516,0.988729,0.98169065,0.98591393,0.97561365,0.97382706,0.9797937,0.95661455,0.9872106,0.9518438,0.9898045,0.9726159,0.99018383,0.9884158,0.975715,0.9731283,0.98051137,0.9803931,0.9673927,0.95949686,0.9823258,0.9738255,0.9705848,0.9879387,0.9624297,0.96034694,0.97996336,0.9755784,0.9730632,0.97271025,0.9865506,0.97128934,0.99018383,0.9653111,0.98147833,0.9747635,0.9830872
abominablemovie,0.9675814,0.95829356,0.9703497,0.99999994,0.9814625,0.96499956,0.9772521,0.9825322,0.9790939,0.9421276,0.9717013,0.96142447,0.9840259,0.9738509,0.9687332,0.9765928,0.97598153,0.9723969,0.97708476,0.98163176,0.9694896,0.98404294,0.9741584,0.9590637,0.98371905,0.93949485,0.9362931,0.9654328,0.98443264,0.92302984,0.9704085,0.96879655,0.9707997,0.9756048,0.96523154,0.9465842,0.97975796,0.9720779,0.96794975,0.95262206,0.98195225,0.9634785,0.9668672,0.9682477,0.9751686,0.9779962,0.97739536,0.93309426,0.9496699,0.9703682,0.9835052,0.9800313,0.978474,0.9738236,0.98170286,0.9685031,0.95649624,0.97251374,0.9764203,0.96510094,0.981986,0.9695857,0.9769296,0.9787827,0.9809319,0.9514124,0.9465309,0.9696009,0.9646399,0.9664757,0.96984446,0.95982486,0.956097,0.9656014,0.9850662,0.94834113,0.98356426,0.9561904,0.96626985,0.9697457,0.9931646,0.96705645,0.98832995,0.9740035,0.9795428,0.9532376,0.9699553,0.97590846,0.9491142,0.9789581,0.94433707,0.96984446,0.97641647,0.9550811,0.9862366,0.9752979,0.97900015,0.9734947,0.9804874,0.9682135,0.9787154,0.986748,0.9754961,0.96563923,0.9583871,0.98330396,0.9849096,0.9802483,0.9769601,0.9762082,0.97107846,0.9744141,0.95164984,0.9620638,0.95279545,0.9706097,0.9753084,0.9774458,0.986076,0.97130436,0.96742177,0.97299737,0.9754454,0.9658573,0.9597784,0.9659567,0.9674313,0.9873002,0.9704635,0.9682422,0.9716099,0.96839327,0.9772064,0.9569748,0.9480691,0.92616624,0.9667692,0.9635899,0.96866924,0.9797213,0.9790939,0.9801431,0.97632015,0.9778228,0.9689015,0.96765137,0.9471478,0.9652872,0.97798264,0.96200174,0.9631994,0.95646214,0.97692376,0.9568072,0.96745425,0.9556682,0.9677873,0.9577086,0.9689539,0.9558131,0.9790939,0.96602505,0.97947603,0.9768996,0.9746883
adastramovie,0.98482686,0.96397907,0.9804044,0.9814625,0.99999994,0.9852469,0.9904143,0.9867315,0.99222153,0.9707258,0.9830473,0.9777311,0.984922,0.9833522,0.989329,0.9837022,0.98804545,0.9857626,0.9870163,0.99405307,0.9882186,0.98003906,0.9863119,0.98212844,0.9822237,0.9651824,0.97077745,0.96889025,0.9849279,0.9538869,0.98560303,0.98501647,0.98764706,0.9863625,0.97517467,0.96957964,0.99041647,0.9856834,0.98788446,0.9605406,0.97297317,0.9811747,0.9823705,0.98547316,0.98071754,0.9872412,0.98577625,0.9608903,0.9778729,0.98650557,0.98506963,0.98675317,0.9672033,0.9735056,0.98398364,0.9924303,0.97369856,0.98511225,0.9853615,0.9841699,0.96924734,0.9808063,0.980721,0.9852899,0.9824109,0.968955,0.9648416,0.98307717,0.97706044,0.96653724,0.99070126,0.973327,0.9716604,0.9840318,0.9732399,0.9715862,0.98728997,0.97772646,0.9819684,0.98740554,0.9824144,0.9823502,0.98407257,0.9831854,0.9825714,0.9739283,0.98169655,0.98298687,0.9821849,0.9825738,0.9671727,0.99070126,0.9793426,0.9755079,0.98541415,0.9935741,0.9697825,0.98922455,0.992799,0.98205847,0.9892836,0.9729924,0.9813349,0.98186266,0.97614336,0.98033303,0.980749,0.9856589,0.986957,0.9641855,0.9900617,0.994742,0.96101147,0.97892326,0.9681827,0.97925955,0.98874676,0.98028994,0.98930925,0.9877448,0.9865171,0.9877334,0.9878178,0.97874624,0.98017603,0.97920674,0.9787559,0.9898126,0.989031,0.9784655,0.9884585,0.987555,0.9817658,0.9561489,0.9711249,0.9581365,0.974892,0.97230804,0.986549,0.987276,0.99222153,0.97597563,0.9906017,0.98494506,0.98743963,0.98292935,0.9713361,0.9749385,0.9844604,0.9740921,0.98413306,0.97482985,0.9796833,0.9786616,0.98909926,0.98408395,0.97911054,0.9804415,0.97662413,0.9728641,0.99222153,0.980717,0.9851912,0.98569745,0.981341
adogsjourneymovie,0.98670936,0.9526451,0.97941744,0.96499956,0.9852469,1.0000002,0.98308915,0.9801007,0.9887361,0.96497256,0.97588277,0.97692496,0.9701134,0.978079,0.9852989,0.98236066,0.9815121,0.9742322,0.99230283,0.9839184,0.9785095,0.9780667,0.99034464,0.9831432,0.9656783,0.95751,0.9607447,0.96550494,0.98061484,0.94529855,0.9795122,0.97284603,0.98701566,0.9843574,0.96151775,0.96070415,0.9882128,0.975128,0.9896961,0.96181464,0.9655685,0.98055005,0.98527354,0.98644364,0.9809121,0.98382515,0.9877106,0.9562621,0.9623477,0.98682815,0.98238164,0.9844525,0.9660644,0.9786338,0.9710458,0.9825301,0.9635289,0.97951907,0.97687066,0.9791594,0.9627481,0.96268857,0.978868,0.97849345,0.9780719,0.95751405,0.976201,0.97591,0.97627985,0.95096725,0.9874847,0.9637251,0.95879054,0.98569775,0.9666784,0.96362597,0.97031444,0.97491574,0.9736421,0.9829808,0.97426873,0.9718853,0.9771871,0.97685105,0.9738203,0.97267187,0.9723457,0.98118925,0.9791667,0.9814512,0.96592546,0.9874847,0.9784628,0.9667294,0.98514736,0.98770905,0.9679714,0.97617817,0.98330075,0.9873043,0.9797172,0.96346647,0.98639053,0.9870155,0.9721681,0.97782826,0.98021203,0.9838274,0.97570395,0.9523862,0.9791611,0.9830821,0.9615964,0.96095973,0.9616518,0.9767163,0.98495984,0.96814865,0.983782,0.9763492,0.9861758,0.981028,0.9861791,0.98334014,0.97967017,0.96939236,0.97787946,0.9836804,0.98010874,0.9860397,0.9820017,0.9880512,0.9796715,0.96102095,0.9701232,0.95120656,0.96749204,0.9639306,0.9836436,0.9747833,0.9887361,0.97431713,0.9807677,0.9735293,0.9728541,0.98880595,0.95537716,0.9545388,0.982164,0.9642136,0.98450696,0.97417885,0.9782978,0.95769155,0.9844752,0.98128974,0.9871444,0.96967566,0.9698627,0.96837676,0.9887361,0.98364526,0.9822365,0.99021184,0.97643435
aftermathmovie,0.98707324,0.97599864,0.9803484,0.9772521,0.9904143,0.98308915,0.99999994,0.9851992,0.9946665,0.9669224,0.98327017,0.9736267,0.9800707,0.986517,0.9817773,0.9905747,0.98294055,0.98430806,0.98938113,0.98885506,0.9889016,0.97654027,0.98872817,0.9825067,0.97573745,0.9622966,0.964519,0.97169554,0.98206383,0.9679178,0.9844582,0.9789743,0.9855242,0.97945666,0.9773285,0.9758014,0.9956395,0.98117095,0.9856933,0.9567375,0.96694523,0.98708,0.9865611,0.9910945,0.98499304,0.9869338,0.9900186,0.96018887,0.97494906,0.991989,0.97791487,0.98680747,0.96718305,0.9815998,0.9737192,0.985506,0.97601014,0.98284924,0.9830909,0.97836375,0.96043867,0.9735106,0.9844234,0.98821753,0.9839477,0.9773154,0.96622914,0.9839983,0.97227204,0.9807133,0.987068,0.97518075,0.9818641,0.9866265,0.9799022,0.971604,0.98775077,0.9783185,0.98075676,0.9865558,0.98292506,0.9854932,0.9881362,0.98276186,0.9751391,0.97878045,0.9769365,0.98493016,0.9769054,0.99431884,0.96641445,0.987068,0.9847467,0.9754588,0.9825489,0.987343,0.96958095,0.9832649,0.99642235,0.982283,0.9939431,0.9764329,0.9795057,0.98153025,0.98499393,0.97584164,0.9864541,0.9829999,0.9833975,0.95806515,0.9894398,0.9915831,0.96373826,0.9771557,0.95975846,0.98132336,0.9897186,0.9847558,0.98650026,0.99521416,0.98817974,0.98709303,0.9872874,0.97048795,0.97386694,0.98567045,0.98525906,0.98453504,0.9898348,0.9853996,0.9870802,0.982202,0.9857988,0.94968206,0.9694719,0.9712206,0.98114306,0.96767104,0.9883066,0.9899086,0.9946665,0.9762636,0.9904588,0.9865669,0.9831044,0.98893785,0.9756213,0.9768922,0.98394316,0.9654142,0.9901555,0.9829021,0.9865446,0.98233724,0.9848019,0.9815847,0.97727436,0.9783486,0.9813387,0.9702447,0.9946665,0.9850167,0.9893526,0.98869085,0.97200036
aftermovie,0.98290336,0.96391535,0.9783562,0.9825322,0.9867315,0.9801007,0.9851992,1.0000001,0.9887124,0.97058934,0.97849846,0.97906023,0.9866472,0.9812042,0.981336,0.98116595,0.98724914,0.97873646,0.9890964,0.9891902,0.9793714,0.9884016,0.98660994,0.98293746,0.9822912,0.9575315,0.95538664,0.97055405,0.98863,0.94303614,0.98151535,0.9809251,0.9840497,0.99079454,0.9668229,0.95263886,0.988186,0.9790432,0.97993046,0.9722809,0.9738041,0.97955906,0.9822944,0.98102176,0.9799598,0.9802317,0.98496664,0.9544045,0.9575556,0.9810824,0.9901548,0.98612386,0.9824363,0.9793339,0.9878885,0.98127365,0.97562075,0.986455,0.98091775,0.9804572,0.97702277,0.9747996,0.9833639,0.9837485,0.9854426,0.9670832,0.96038246,0.9764424,0.9649733,0.9690084,0.98399305,0.96965426,0.9639114,0.98033994,0.97692823,0.96778905,0.98296666,0.9669807,0.97920704,0.9812968,0.9847758,0.972305,0.9827398,0.9856492,0.9883775,0.97559017,0.97373915,0.9905664,0.9667954,0.9855636,0.96894044,0.98399305,0.9893748,0.9744681,0.98372483,0.9809324,0.9797479,0.98287183,0.9837828,0.98018944,0.9808079,0.9764523,0.9764269,0.97853833,0.9779701,0.9894249,0.9888578,0.97862464,0.97618705,0.97499394,0.9797416,0.9868778,0.9692818,0.96838486,0.9766628,0.97480327,0.98344904,0.975729,0.98927534,0.97631437,0.9803451,0.98824775,0.9881062,0.9779683,0.9773448,0.9778055,0.97634727,0.99052423,0.9832453,0.9842847,0.98473054,0.988024,0.9879787,0.9700624,0.9768708,0.94605535,0.9741296,0.962043,0.9858015,0.97829014,0.9887124,0.98578954,0.9790583,0.9737662,0.97804356,0.987531,0.95713127,0.96652776,0.98136914,0.9746558,0.9760469,0.9713497,0.9800161,0.9715379,0.9780826,0.9767985,0.9804933,0.96555233,0.9813023,0.97728306,0.9887124,0.9831878,0.98736364,0.98721135,0.98677844
ahiddenlifefilm,0.9943322,0.9729697,0.99018383,0.9790939,0.99222153,0.9887361,0.9946665,0.9887124,1.0,0.9703105,0.9882368,0.98302495,0.98370624,0.9921598,0.9907166,0.99215245,0.9930279,0.98714286,0.99346536,0.9917212,0.9878869,0.98567533,0.9905686,0.9924892,0.98525196,0.97051424,0.9725056,0.97459626,0.9858328,0.96221656,0.9923353,0.9855314,0.99240834,0.9883863,0.9765483,0.9715331,0.9969217,0.99092466,0.9888752,0.97223455,0.97581387,0.98911184,0.9877183,0.9940093,0.99232185,0.98831964,0.9893155,0.9714593,0.972316,0.99328184,0.9876258,0.9920583,0.9737218,0.984231,0.97991323,0.9901811,0.97346383,0.9891674,0.988577,0.98784524,0.9720047,0.97517186,0.9890976,0.9911725,0.98452055,0.9732983,0.98214215,0.9885257,0.97840345,0.97149533,0.9950787,0.97573954,0.97640276,0.9941323,0.9799504,0.9806332,0.9830009,0.9862023,0.982077,0.98708963,0.9841166,0.98221785,0.99005747,0.9867056,0.9803767,0.98418266,0.9826904,0.9917823,0.98606956,0.99322146,0.974825,0.9950787,0.98895687,0.9796006,0.9898804,0.99102104,0.9737198,0.9874943,0.992659,0.98892975,0.9900307,0.977827,0.9853094,0.99139595,0.9836449,0.9840839,0.9910521,0.98554355,0.98743874,0.9696457,0.994654,0.9894563,0.97634304,0.9727676,0.97004163,0.9894723,0.9968556,0.9822757,0.9935447,0.98690903,0.99256337,0.99146247,0.99359655,0.9764335,0.9889734,0.9885576,0.9885364,0.98972136,0.9901076,0.9902488,0.9918351,0.9890602,0.9883856,0.96779543,0.9797353,0.9668162,0.98414344,0.9716415,0.9943028,0.986189,1.0,0.98389256,0.9861927,0.9804229,0.98171943,0.99274653,0.97088856,0.9741904,0.9831626,0.9770309,0.9856973,0.9874169,0.9828734,0.97392666,0.99075395,0.9884411,0.9847074,0.98404783,0.9847567,0.98086274,1.0,0.9849956,0.9912094,0.9913682,0.9810783
alitamovie,0.97356266,0.94150394,0.95756024,0.9421276,0.9707258,0.96497256,0.9669224,0.97058934,0.9703105,1.0000001,0.969974,0.98155314,0.9690719,0.97058195,0.9671791,0.95671046,0.9756333,0.9637333,0.9642608,0.9659025,0.98029363,0.9587244,0.9564752,0.9725019,0.95973766,0.9720571,0.9688988,0.9554066,0.95506865,0.95145184,0.9833451,0.96878755,0.9642549,0.969953,0.97336954,0.97199345,0.9616362,0.96791255,0.9674751,0.9483672,0.94781727,0.96918994,0.9641126,0.97262293,0.9576316,0.9638678,0.9506949,0.9709866,0.9654397,0.96850425,0.96116745,0.96220875,0.9410613,0.95039433,0.96442455,0.9793558,0.9827818,0.98462605,0.9709217,0.9788579,0.9224098,0.9639366,0.9448627,0.9642104,0.946648,0.97924477,0.9449855,0.9602001,0.93915296,0.9588397,0.9776197,0.980798,0.9739371,0.96957225,0.94238573,0.9726328,0.9644842,0.9693424,0.9622976,0.9808887,0.9455526,0.9689603,0.9453317,0.9807714,0.9730494,0.97556955,0.97438097,0.9798583,0.9714296,0.96291924,0.97557175,0.9776197,0.95912635,0.9617175,0.9573533,0.97190285,0.93686485,0.958041,0.96701396,0.957218,0.96887374,0.92797726,0.94389707,0.97018695,0.9777949,0.95610213,0.9488252,0.9545286,0.96018267,0.93834627,0.965079,0.9813092,0.9605658,0.9788124,0.97678363,0.97113454,0.9750497,0.9590878,0.9548717,0.95300657,0.9694702,0.97748524,0.96072984,0.96706796,0.9727765,0.9693978,0.95819736,0.9638882,0.9872884,0.97098815,0.987087,0.9661295,0.9773551,0.93823075,0.98318166,0.95744294,0.96239257,0.9664169,0.9834261,0.95528734,0.9703105,0.9442611,0.9692074,0.96396166,0.9721188,0.96770304,0.96292365,0.9734366,0.95178616,0.9732314,0.95102715,0.9657959,0.95917565,0.96665955,0.9780339,0.98128426,0.95219743,0.97502613,0.97077996,0.9810409,0.9703105,0.9764813,0.95404094,0.95569706,0.95964855
angelhasfallen,0.9874813,0.9692781,0.9874607,0.9717013,0.9830473,0.97588277,0.98327017,0.97849846,0.9882368,0.969974,1.0,0.9771488,0.98179036,0.9876062,0.9780659,0.9742335,0.986548,0.9813516,0.97947246,0.98503083,0.98359793,0.9855762,0.97513247,0.97832394,0.9836389,0.98429805,0.97070295,0.9628129,0.98260957,0.9469038,0.9871911,0.9761762,0.97806114,0.98760545,0.98543274,0.9817984,0.98791903,0.9846731,0.9761512,0.95853233,0.97860426,0.98521566,0.9813365,0.9894731,0.9870012,0.98871213,0.97674555,0.970108,0.97341645,0.98744154,0.9829173,0.98112243,0.9576711,0.96888053,0.9746249,0.98716813,0.9709842,0.985099,0.97812766,0.9888832,0.96180797,0.98135525,0.9753814,0.9872382,0.97700363,0.9812216,0.97090757,0.9788817,0.98031497,0.9698188,0.9899512,0.98249346,0.97699493,0.9764112,0.97874403,0.9820769,0.9828619,0.987304,0.97603816,0.9789991,0.9788319,0.97669107,0.9813987,0.9899243,0.9776284,0.97254926,0.9856988,0.98499703,0.984038,0.9841271,0.9840636,0.9899512,0.97825265,0.9723626,0.9860723,0.9851347,0.96031094,0.9850313,0.98562497,0.9815286,0.98715395,0.9722804,0.9761298,0.9833127,0.9779444,0.97593445,0.9740927,0.98663217,0.9834575,0.96988165,0.981414,0.9861559,0.97937113,0.9824537,0.9642667,0.99028635,0.99082005,0.97967434,0.9773192,0.9745222,0.99278027,0.98623127,0.97234833,0.969488,0.98271203,0.98307204,0.98382545,0.9802635,0.98640114,0.9842292,0.98723406,0.9757187,0.98234445,0.9576201,0.9770375,0.95755637,0.9790495,0.97184134,0.9906409,0.9774233,0.9882368,0.9762658,0.98456115,0.9865722,0.9888501,0.982332,0.96974784,0.97653717,0.98233324,0.9786159,0.9729095,0.98233384,0.9679076,0.9640017,0.98987573,0.9831193,0.96669316,0.9801473,0.97863066,0.9709603,0.9882368,0.9721029,0.9735414,0.97561944,0.97485423
angrybirdsmovie,0.99111974,0.953008,0.9830748,0.96142447,0.9777311,0.97692496,0.9736267,0.97906023,0.98302495,0.98155314,0.9771488,1.0000002,0.9801425,0.98661184,0.97018015,0.9685613,0.98577625,0.9710112,0.97984976,0.9706344,0.98059803,0.9822018,0.9666074,0.9824565,0.97663236,0.9759393,0.96895194,0.96928793,0.97694564,0.957112,0.98960435,0.9665211,0.9798445,0.98712283,0.9798693,0.9704191,0.97511905,0.98694336,0.96716756,0.966201,0.9676067,0.975669,0.9749052,0.9816085,0.97560835,0.9703827,0.965709,0.9736044,0.95669276,0.97599524,0.98190385,0.9729212,0.9464041,0.9667654,0.9739841,0.9805188,0.97313696,0.99172235,0.98384,0.9827892,0.9548785,0.96665156,0.96946,0.98162735,0.9679535,0.9762217,0.9678696,0.9682613,0.9541038,0.96792907,0.98317516,0.9856885,0.97235656,0.9836507,0.96619475,0.9785533,0.97628796,0.9821329,0.97296166,0.9798709,0.96497035,0.9739898,0.9659457,0.99222064,0.9854346,0.9763916,0.97809994,0.98524976,0.9719418,0.9719669,0.9810708,0.98317516,0.9721318,0.97627115,0.97294056,0.9736979,0.9562701,0.9665352,0.9710357,0.9777231,0.9737528,0.94816434,0.9741771,0.98376286,0.9800016,0.97978854,0.96860933,0.972875,0.97664547,0.9657087,0.9716293,0.98036623,0.97544515,0.9767508,0.97007155,0.9892692,0.9903238,0.974366,0.9712599,0.9583302,0.9795309,0.9840546,0.97847116,0.97129494,0.98394984,0.9827853,0.9806442,0.9765422,0.9847637,0.98272574,0.9884506,0.98097456,0.97983396,0.96369874,0.99148315,0.9570146,0.98368955,0.96080106,0.9914257,0.96076983,0.98302495,0.96916354,0.9731899,0.9658593,0.97499543,0.97509027,0.96212,0.9719663,0.968558,0.9868826,0.9576172,0.97693485,0.9641164,0.95907295,0.9810019,0.9830442,0.96235776,0.98120505,0.99026334,0.9828297,0.98302495,0.97583425,0.97706145,0.9672993,0.9756287
annabellemovie,0.9803228,0.958033,0.980799,0.9840259,0.984922,0.9701134,0.9800707,0.9866472,0.98370624,0.9690719,0.98179036,0.9801425,0.9999998,0.9836691,0.9724582,0.97631335,0.98471195,0.9742853,0.981494,0.98470306,0.97877383,0.98711157,0.9690963,0.9726018,0.98679864,0.9615311,0.9505649,0.96297574,0.9901071,0.9390001,0.98205346,0.9790342,0.978356,0.9865627,0.9757969,0.9631967,0.98242843,0.9844819,0.97292656,0.9665121,0.98179823,0.9730552,0.97399586,0.9775174,0.97890425,0.978898,0.97093093,0.9480882,0.9713414,0.9750967,0.99032193,0.9818,0.9629971,0.9675518,0.9890314,0.9799357,0.9723133,0.9847248,0.9783177,0.9826637,0.9760613,0.9723701,0.97858405,0.9875599,0.9837517,0.9741832,0.95887774,0.9761815,0.9650471,0.97630066,0.9821593,0.9733077,0.969657,0.97326154,0.9795526,0.968988,0.98757875,0.9734799,0.96693814,0.97779053,0.98566824,0.9801679,0.9790903,0.9845176,0.9909707,0.96525455,0.9798921,0.9884205,0.96786165,0.98046017,0.967595,0.9821593,0.979449,0.9706164,0.98054516,0.97831887,0.9714411,0.98331016,0.98234,0.96935385,0.9832281,0.97060007,0.9759666,0.9726893,0.9714344,0.98760283,0.9781527,0.9826894,0.9829382,0.9842316,0.9755764,0.98531026,0.9659485,0.979637,0.9626828,0.9826942,0.9836255,0.9821747,0.9829241,0.9728512,0.98098254,0.9823643,0.97950685,0.9638323,0.9781008,0.9820386,0.97506034,0.98719233,0.982536,0.9778265,0.98350555,0.97567093,0.987066,0.9581129,0.97470677,0.94326216,0.9819598,0.9658111,0.9879466,0.97809905,0.98370624,0.9807858,0.9815885,0.97639847,0.98229533,0.97555166,0.96402353,0.97714716,0.9807703,0.97310543,0.9657714,0.9648764,0.9741037,0.9607617,0.97707486,0.9716625,0.96307343,0.971141,0.98275584,0.9709299,0.98370624,0.96647996,0.9792735,0.9754255,0.9838728
annamovie,0.9939163,0.97755796,0.9901395,0.9738509,0.9833522,0.978079,0.986517,0.9812042,0.9921598,0.97058195,0.9876062,0.98661184,0.9836691,0.99999994,0.9759123,0.9876691,0.9918206,0.9803914,0.98635566,0.97694594,0.98323023,0.9834028,0.9733743,0.9859363,0.98524946,0.97831184,0.9782373,0.9676391,0.980891,0.95687294,0.9927897,0.9727148,0.97789305,0.9857245,0.9792828,0.9750968,0.9896122,0.9919924,0.9771714,0.9669866,0.97761315,0.97956,0.97441447,0.9858497,0.992084,0.974158,0.9730786,0.97506976,0.96596557,0.98280054,0.98462903,0.98323226,0.95450926,0.97294784,0.9728662,0.98447037,0.9804283,0.9928926,0.9904331,0.99035203,0.9638688,0.9831083,0.97846246,0.9897607,0.97991186,0.9807438,0.98045605,0.98051405,0.96266395,0.972009,0.99203944,0.98037773,0.9756509,0.99104816,0.9742819,0.98350924,0.97953415,0.9869679,0.98189026,0.98223454,0.9746725,0.9765921,0.98215085,0.9866486,0.98156154,0.97200125,0.9819202,0.98972887,0.9829379,0.9825803,0.98197484,0.99203944,0.97656083,0.98385334,0.98360705,0.9798144,0.95519847,0.9737417,0.9844226,0.9876272,0.9801664,0.96276623,0.9778394,0.99002635,0.980617,0.98150223,0.98001003,0.9816626,0.986962,0.9744716,0.9876201,0.98265064,0.9891873,0.9787332,0.9707919,0.9918666,0.9947337,0.98138744,0.9797908,0.9769622,0.9906978,0.99050313,0.98286474,0.973739,0.9862302,0.99375176,0.9942631,0.9812735,0.99034065,0.9856351,0.98936766,0.98189646,0.98271674,0.95678085,0.987578,0.9611899,0.98747915,0.9677204,0.9915169,0.969129,0.9921598,0.9776059,0.97508,0.97957796,0.9822242,0.98214746,0.98044705,0.97193086,0.9785525,0.98631036,0.97410154,0.98233455,0.9663635,0.9702352,0.9859632,0.98853815,0.969361,0.98609185,0.99167037,0.9822998,0.9921598,0.97229785,0.97764504,0.9747273,0.9827643
apollo11movie,0.9815496,0.95591134,0.9791336,0.9687332,0.989329,0.9852989,0.9817773,0.981336,0.9907166,0.9671791,0.9780659,0.97018015,0.9724582,0.9759123,1.0,0.9800432,0.983188,0.97355396,0.98664415,0.9928819,0.98131144,0.97154117,0.9876106,0.9905518,0.9724989,0.959968,0.969362,0.9507338,0.97245586,0.94649994,0.98398757,0.97957706,0.98811394,0.9785887,0.95983833,0.95784634,0.985333,0.9757411,0.9859443,0.9625784,0.9602702,0.97448504,0.9810202,0.98257625,0.97998357,0.9825274,0.98489755,0.95963395,0.95847076,0.9826596,0.978323,0.9800582,0.976332,0.97248524,0.9720478,0.9873632,0.9591959,0.97801894,0.97875774,0.9839514,0.96245575,0.9663316,0.9768339,0.9784098,0.9680414,0.949796,0.9722471,0.97589743,0.9777494,0.9414434,0.99057746,0.9598469,0.9585707,0.9846009,0.95605475,0.9663786,0.96660346,0.9743203,0.9713075,0.9736992,0.9743034,0.9655993,0.9774081,0.9731844,0.9699945,0.9756585,0.97066194,0.9848484,0.9813089,0.97914463,0.9673074,0.99057746,0.9788843,0.968858,0.9817324,0.9939957,0.97011256,0.98039806,0.9844042,0.98256534,0.9778275,0.9640209,0.9712984,0.98230326,0.9731382,0.972511,0.9814689,0.97856903,0.973473,0.9509505,0.9893529,0.9842825,0.9605293,0.95621926,0.9672625,0.9715854,0.9843556,0.9568249,0.9898573,0.97892094,0.98497844,0.9849063,0.9836652,0.9726162,0.98531294,0.9742842,0.9727389,0.9789585,0.97877294,0.97672987,0.9851217,0.9851188,0.974482,0.9682354,0.9688361,0.9565153,0.96283096,0.9582578,0.9837147,0.97774863,0.9907166,0.9715798,0.9784097,0.9702757,0.9709315,0.98216146,0.955922,0.95701957,0.97706884,0.9649448,0.9788506,0.9762287,0.9738101,0.96410376,0.9864784,0.98120785,0.98392725,0.9701209,0.9627606,0.9693279,0.9907166,0.979247,0.9796129,0.9850729,0.97280306
arcticdogsmovie,0.9807756,0.9807862,0.9826651,0.9765928,0.9837022,0.98236066,0.9905747,0.98116595,0.99215245,0.95671046,0.9742335,0.9685613,0.97631335,0.9876691,0.9800432,0.9999999,0.9852446,0.9771232,0.98726463,0.97977746,0.9799561,0.9765256,0.9831555,0.98136497,0.97387207,0.952689,0.9651843,0.96427053,0.97925776,0.9491293,0.98434407,0.9762455,0.9820679,0.97586334,0.9616312,0.95792735,0.99285805,0.98259497,0.9880712,0.9648293,0.96909976,0.97545904,0.9782606,0.98339766,0.98404795,0.97340035,0.98007727,0.95591885,0.9643619,0.9831417,0.98116636,0.98451126,0.9675849,0.97674,0.9721017,0.9757262,0.9680342,0.97767055,0.98630583,0.9775858,0.9667953,0.97129416,0.97976565,0.98495895,0.9796653,0.96221185,0.97786844,0.9814075,0.9663887,0.96482664,0.9851981,0.96119606,0.9604618,0.98934275,0.97172904,0.97119105,0.97676736,0.9721219,0.9788686,0.9803731,0.9787705,0.9742458,0.98521537,0.97245014,0.9759867,0.96750724,0.97214144,0.9838647,0.976231,0.9854731,0.95570374,0.9851981,0.9835417,0.9815062,0.9856936,0.97983783,0.95960855,0.9753013,0.98821187,0.98087037,0.9792154,0.9709576,0.9754224,0.98300785,0.9732334,0.980023,0.98946744,0.9814855,0.9770273,0.96148866,0.99002063,0.97831905,0.96841365,0.9631275,0.96385926,0.9791077,0.98492354,0.9765794,0.9869087,0.98617953,0.9837169,0.9883356,0.9899515,0.97369653,0.9779293,0.98483723,0.98530096,0.9835501,0.98244685,0.98503476,0.98318326,0.9801497,0.9793608,0.95539135,0.9670803,0.9511186,0.97286934,0.9605342,0.9820975,0.9767413,0.99215245,0.9816176,0.9735374,0.9753921,0.9712927,0.9829679,0.9690418,0.9592751,0.9771159,0.9637257,0.98762536,0.97853565,0.9746594,0.9741108,0.9764441,0.9773877,0.9840088,0.9742854,0.9776103,0.9771951,0.99215245,0.9763928,0.9811031,0.98472697,0.9798262
arcticmovie,0.9912394,0.9720919,0.98801875,0.97598153,0.98804545,0.9815121,0.98294055,0.98724914,0.9930279,0.9756333,0.986548,0.98577625,0.98471195,0.9918206,0.983188,0.9852446,0.9999999,0.9813099,0.9840337,0.984501,0.9860864,0.98647815,0.977873,0.9849764,0.98737985,0.9754471,0.97983086,0.97179604,0.98271215,0.94768655,0.9912327,0.9823345,0.9813656,0.99093235,0.97813123,0.96950257,0.98773175,0.99221164,0.9835416,0.96653265,0.9809175,0.98541427,0.97803575,0.9867789,0.9868514,0.97945136,0.9744975,0.97442526,0.9686602,0.98559207,0.9904537,0.9840658,0.9648243,0.9674234,0.98324275,0.98934746,0.98064196,0.9925329,0.9894814,0.9927096,0.97311777,0.98421395,0.9764162,0.9874119,0.975481,0.9765255,0.97955275,0.9767538,0.9753317,0.96662676,0.9928675,0.9792647,0.97190136,0.98702806,0.9732758,0.9857319,0.9793992,0.98273915,0.9855745,0.98805225,0.975799,0.9708577,0.9804237,0.98739374,0.98725563,0.9786329,0.9903725,0.98849505,0.9871418,0.98150396,0.9785236,0.9928675,0.9804111,0.9810438,0.98815787,0.9846116,0.96252066,0.9855775,0.98108095,0.9813703,0.9814867,0.96960545,0.97585654,0.9846193,0.9826464,0.9848104,0.97897947,0.9802948,0.982369,0.9696986,0.99034685,0.9862645,0.98069084,0.9782432,0.97975063,0.99059045,0.9941024,0.97997236,0.98550975,0.9737707,0.98751616,0.99135214,0.98549545,0.97685933,0.9890037,0.9840734,0.98360294,0.9890714,0.9910198,0.9846974,0.99364054,0.9838372,0.9858004,0.9608775,0.9846056,0.9549777,0.98086613,0.97564924,0.99229217,0.97382134,0.9930279,0.9792081,0.97758627,0.9773582,0.98288876,0.98489094,0.9739521,0.97459286,0.9744809,0.98325497,0.9732982,0.9831399,0.97090155,0.9717794,0.99028397,0.98895514,0.9733793,0.98415977,0.9842472,0.9856776,0.9930279,0.97674936,0.98011893,0.9801158,0.98716855
artofracingmovie,0.98163986,0.9569932,0.9767526,0.9723969,0.9857626,0.9742322,0.98430806,0.97873646,0.98714286,0.9637333,0.9813516,0.9710112,0.9742853,0.9803914,0.97355396,0.9771232,0.9813099,0.9999999,0.9767497,0.98025143,0.9698058,0.98040384,0.9777463,0.9761999,0.9794934,0.97045463,0.96271163,0.9796136,0.97716534,0.96412784,0.98062634,0.9868613,0.9864983,0.9820747,0.97150093,0.9657764,0.9873271,0.98811805,0.974887,0.97461545,0.9742133,0.9860528,0.9803102,0.9860124,0.97707343,0.98495275,0.9738011,0.9694887,0.9735396,0.9846364,0.97720903,0.9872262,0.96328986,0.9769885,0.980088,0.98697454,0.9707785,0.9801889,0.97049683,0.96888405,0.96340215,0.97245973,0.97771794,0.9812817,0.9832243,0.97117656,0.96485704,0.990803,0.95893985,0.9687224,0.980275,0.9776448,0.97003734,0.9771527,0.9794188,0.9804336,0.98251164,0.9755707,0.9697287,0.9872577,0.97563183,0.9843497,0.98134017,0.9786095,0.97175425,0.98367304,0.9697736,0.9788835,0.9749824,0.98106927,0.9690285,0.980275,0.9837012,0.964318,0.9801855,0.97587514,0.96137327,0.978099,0.98551387,0.9729447,0.98746204,0.97851634,0.9808537,0.98227584,0.9632328,0.97465914,0.97961026,0.97198194,0.98251647,0.9669751,0.98224956,0.9849191,0.96993285,0.97198564,0.95821047,0.9780881,0.98673576,0.9838209,0.98227936,0.96923333,0.97866446,0.9745117,0.98360044,0.9713264,0.9777444,0.9757029,0.97180325,0.9904492,0.9860409,0.98399794,0.97622675,0.9836682,0.9825041,0.9611255,0.96656656,0.9644911,0.98223865,0.9761939,0.9819448,0.9864288,0.98714286,0.9800938,0.9831395,0.9749608,0.9805678,0.98740184,0.9661434,0.9741034,0.9696026,0.9738426,0.9666021,0.97815186,0.97106653,0.9783914,0.97701174,0.9774671,0.97515994,0.97267616,0.9822527,0.97595155,0.98714286,0.97906697,0.9796007,0.97557086,0.9738833
avengers,0.9910039,0.9630378,0.9839187,0.97708476,0.9870163,0.99230283,0.98938113,0.9890964,0.99346536,0.9642608,0.97947246,0.97984976,0.981494,0.98635566,0.98664415,0.98726463,0.9840337,0.9767497,1.0000001,0.9892025,0.98083407,0.98353404,0.9912531,0.9889599,0.97635865,0.9557995,0.9565262,0.96596044,0.98757905,0.95007443,0.98297393,0.974231,0.9875858,0.98729193,0.96139157,0.9570168,0.9931159,0.97956777,0.98552406,0.9700787,0.97048676,0.9811915,0.98524946,0.9857519,0.9913305,0.9830957,0.99063194,0.95163125,0.959395,0.9857557,0.9879801,0.9886521,0.97725683,0.98309916,0.9771142,0.98198843,0.96947384,0.9843953,0.9829356,0.98264605,0.9736623,0.96627694,0.9899827,0.98752695,0.98714167,0.96277,0.9758821,0.97977704,0.97112215,0.9624426,0.98915565,0.96338207,0.9641062,0.9902047,0.97532713,0.96453834,0.97492117,0.9734818,0.97202903,0.97837555,0.9851595,0.9742882,0.98777175,0.9805068,0.9788735,0.97459626,0.9716704,0.98989576,0.97478133,0.98988736,0.9695252,0.98915565,0.98564476,0.972077,0.9861187,0.98621523,0.98197234,0.9787774,0.9885829,0.9895089,0.982984,0.9713909,0.987104,0.9861308,0.98022634,0.98595715,0.9894732,0.9845316,0.9805384,0.97050405,0.9845504,0.9853461,0.97074026,0.96260107,0.9634601,0.97943586,0.988333,0.9736097,0.99129695,0.98304015,0.98776674,0.98512924,0.99303454,0.97679794,0.9816169,0.9812931,0.9821643,0.9871581,0.9824765,0.9881249,0.9835578,0.98977166,0.98520446,0.9670736,0.97525257,0.95456827,0.9755506,0.9597786,0.9884937,0.9807078,0.99346536,0.98175377,0.9808287,0.97448874,0.9766687,0.99145705,0.95991504,0.9576084,0.9874526,0.96781844,0.9832436,0.97593117,0.9838443,0.9614711,0.9841293,0.980072,0.98551756,0.9693732,0.97818565,0.96944755,0.99346536,0.9796785,0.9897471,0.99261534,0.9833761
beachbummovie,0.982533,0.961037,0.9798621,0.98163176,0.99405307,0.9839184,0.98885506,0.9891902,0.9917212,0.9659025,0.98503083,0.9706344,0.98470306,0.97694594,0.9928819,0.97977746,0.984501,0.98025143,0.9892025,0.99999994,0.98546046,0.98183703,0.990204,0.9826148,0.9811997,0.9592518,0.95902926,0.9634201,0.9859415,0.9481552,0.9811556,0.9847354,0.98785913,0.9860207,0.96913505,0.9621063,0.99015355,0.97828627,0.9843895,0.9605374,0.9719509,0.9832408,0.98535746,0.9864671,0.9837002,0.99198544,0.99029416,0.9513931,0.96927905,0.98808664,0.98595726,0.9860872,0.98045397,0.9763525,0.98424006,0.9891408,0.966809,0.98040926,0.97794944,0.9820365,0.97471464,0.97324735,0.9868565,0.98623323,0.98168236,0.9618634,0.9619611,0.9794279,0.9828122,0.9635612,0.9881998,0.966405,0.96946466,0.97861373,0.9758754,0.9654375,0.9821961,0.97259563,0.97563666,0.9804834,0.98663706,0.9739896,0.98769933,0.98131603,0.97883594,0.97710806,0.9777167,0.9849335,0.97672826,0.9878748,0.9668599,0.9881998,0.9847206,0.96659476,0.98664826,0.9945676,0.9833098,0.9916856,0.99163085,0.9787044,0.9897734,0.98093015,0.979413,0.97698414,0.9780159,0.98118,0.98470867,0.9848966,0.97883785,0.96380997,0.98732054,0.991706,0.95817095,0.9686191,0.96427804,0.97546583,0.98542583,0.97423387,0.99217814,0.9859042,0.98560923,0.98410225,0.98543364,0.97083056,0.9797373,0.9734364,0.9725435,0.98872805,0.98222566,0.97937757,0.9854137,0.98424596,0.98462766,0.96339965,0.96559805,0.95647776,0.9709555,0.96875364,0.9858537,0.99055034,0.9917212,0.97887397,0.99018025,0.98214173,0.9832091,0.9860819,0.95917314,0.9703212,0.98576695,0.96336603,0.9812049,0.97469485,0.98629624,0.9683225,0.9882415,0.97738177,0.97975105,0.9693383,0.96902233,0.964348,0.9917212,0.9799684,0.98853815,0.9911017,0.9780901
bernadettefilm,0.9842394,0.97219115,0.97590154,0.9694896,0.9882186,0.9785095,0.9889016,0.9793714,0.9878869,0.98029363,0.98359793,0.98059803,0.97877383,0.98323023,0.98131144,0.9799561,0.9860864,0.9698058,0.98083407,0.98546046,0.99999994,0.9724925,0.9804791,0.9785503,0.97773594,0.97257775,0.9780532,0.9653776,0.9723364,0.9522624,0.98969936,0.97525823,0.9760189,0.9774488,0.98497844,0.98197114,0.98284507,0.9788818,0.98348206,0.94228613,0.9593557,0.9827447,0.97881794,0.98833776,0.9777313,0.98137754,0.98051924,0.9693036,0.9745981,0.98905134,0.97363424,0.97550774,0.9569397,0.9665157,0.969034,0.98541737,0.9770563,0.9855999,0.9913059,0.98658854,0.9462647,0.9801639,0.9712072,0.9806197,0.9634193,0.9808928,0.9581796,0.9697445,0.9725557,0.976272,0.9886615,0.9789554,0.9835657,0.98302543,0.9679132,0.97305363,0.9833097,0.97804546,0.9861164,0.98501354,0.9720178,0.97383326,0.9747838,0.988437,0.97783357,0.9699795,0.9889903,0.9813993,0.98223364,0.98392975,0.97005886,0.9886615,0.97216475,0.9757554,0.977155,0.9896715,0.95834136,0.981614,0.98699135,0.9781823,0.9861568,0.96035236,0.9626324,0.97745335,0.9921543,0.967783,0.9696854,0.97800964,0.97975487,0.95005804,0.98680514,0.99049795,0.9591253,0.9841761,0.97593445,0.98357993,0.9874879,0.97803134,0.9755031,0.98629445,0.98362577,0.9909602,0.97695816,0.9712658,0.9741416,0.9813023,0.98181355,0.9749002,0.9906218,0.97903705,0.99434215,0.97101694,0.97855043,0.93980926,0.9767762,0.95869386,0.9706466,0.96907485,0.98873603,0.97569007,0.9878869,0.95989084,0.9846592,0.9849731,0.98228586,0.975088,0.97191876,0.9801417,0.9728544,0.97275084,0.981396,0.9819821,0.97965634,0.9751452,0.9930581,0.98619884,0.96548504,0.98764074,0.974829,0.97480804,0.9878869,0.9804133,0.97785395,0.98087525,0.96590936
