movie,21bridgesmovie,47metersdown,abeautifuldaymovie,abominablemovie,adastramovie,adogsjourneymovie,aftermathmovie,aftermovie,ahiddenlifefilm,alitamovie,angelhasfallen,angrybirdsmovie,annabellemovie,annamovie,apollo11movie,arcticdogsmovie,arcticmovie,artofracingmovie,avengers,beachbummovie,bernadettefilm,blackandbluemovie,blackchristmas,blindedbythelightmovie,bombshellmovie,booksmart,breakthroughmovie,brianbanksmovie,brightburnmovie,brittanyrunsmov,captainmarvelofficial,captivestatemovie,catsmovie,charliesangels,childsplaymovie,clarathefilm,coldpursuitmovie,countdown,currentwarmovie,darkwatersmovie,detectivepikachumovie,disneyaladdin,disneyfrozen,disneymaleficent,doctorsleepmovie,dolemiteismyname,dontletgomovie,doramovie,downtonabbey_official,dumbo,escaperoom,everybodyknowsmovie,fastandfuriousmovie,fightingwmyfam,fivefeetapartfilm,fordvferrari,freaksthefilm,geminimanmovie,glassmovie,gloriabellmovie,godzillamovie,goldfinchmovie,goodboysmovie,goodliarmovie,gretafilm,halathemovie,happydeathdaymovie,harrietfilm,hellboymovie,hersmellmovie,highlifemovie,highstrungmovie,honeyboymovie,hotelmumbaifilm,httydragon,hustlemovie,hustlersmovie,isntitromantic,itmovieofficial,jayandsilentbob,johnwickmovie,jojorabbitmovie,jokermovie,judythefilm,jumanjimovie,justmercyfilm,knivesout,lalloronamovie,lastblackmansf,lastchristmasthemovie,latenightmovie,lighthousemovie,lionking,littlethemovie,littlewomenmovie,littlewoodsfilm,longshotmovie,lordsofchaosmovie,lucyintheskyfilm,mamovie2019,marriagestory,meettheaddams,meninblack,midsommarmovie,midwaymovie,missbalamovie,missinglinkfilm,motherlessbklyn,onceinhollywood,onthebasisofsex,overcomermovie,peanutbutterfalcon,petsematarymovie,piercingmovie,playingwithfire,playmobilthemovie,pomsmovie,queenandslim,rambomovie,readyornotfilm,richardjewellfilm,rocketmanmovie,scarystoriesmovie,secretlifeofpets,serenityfilm,shaftmovie,shazammovie,spidermanmovie,spiesindisguise,starwars,stormboymovie,stubermovie,taosdfilm,teenspiritmov,terminator,theaeronautsmov,thebestofenemies,thedeaddontdie,thefarewell,thehighwaymen,thehummingbirdprojectfilm,theintrudermovie,theirishmanfilm,thekitchenmovie,thelegomovie,themustangfilm,thenightingalefilm,theprodigymovie,thesunisalsoastar,theupsidefilm,tolkienmovie,toystory,triplefrontier,uglydolls,uncutgems,underthesilverlake,usmovie,wavesmovie,whatmenwant,wonderparkmovie,wrinklestheclown,xmenmovies,yardiefilm,yesterdaymovie,zombieland
21bridgesmovie,1.0,0.9921841,0.9835682,0.98951745,0.9867543,0.98397094,0.9914896,0.98345625,0.99207675,0.9838333,0.98847234,0.97782046,0.98764384,0.9934493,0.99062794,0.99398607,0.99072784,0.9856212,0.99632716,0.9846607,0.99315995,0.98900974,0.98638594,0.98023075,0.96484303,0.95119417,0.98005265,0.9832592,0.99086475,0.9837097,0.9888407,0.9827468,0.9839377,0.98527896,0.9817176,0.95682037,0.9904584,0.98942953,0.9750774,0.9790459,0.9845862,0.99659115,0.98962796,0.9968201,0.99771506,0.9860848,0.9868854,0.99341655,0.9664274,0.99564636,0.9896824,0.98687387,0.9770857,0.99146354,0.97326726,0.9894007,0.98045456,0.9916154,0.9933852,0.9893382,0.9868318,0.9961516,0.99740714,0.98798114,0.97776777,0.9889512,0.9811401,0.9846618,0.9731291,0.99121773,0.9888112,0.95434606,0.9939666,0.9971263,0.98559994,0.97447175,0.95696115,0.98982066,0.9871907,0.98350483,0.97973233,0.9890551,0.99564624,0.98819727,0.99027747,0.97937125,0.98754275,0.9689694,0.9946696,0.9911244,0.983165,0.9888112,0.98245,0.98853964,0.9826405,0.9885949,0.9802523,0.98911476,0.9880522,0.9853183,0.99023914,0.9906282,0.9685858,0.9906197,0.9936424,0.9893192,0.9916901,0.99480116,0.9814624,0.9649723,0.9858913,0.97803825,0.9956355,0.9600589,0.99072623,0.9912485,0.99787486,0.992625,0.9848844,0.98816085,0.9939369,0.9887553,0.98490965,0.99038786,0.9900617,0.99141914,0.9744222,0.9778516,0.9817828,0.9867861,0.9912944,0.9765311,0.962262,0.96509254,0.9951873,0.99442214,0.99547035,0.9818545,0.9895054,0.9757973,0.99207675,0.9860517,0.9856659,0.98621666,0.9800663,0.9796321,0.9593735,0.98714143,0.9956589,0.9939922,0.98557246,0.995931,0.98792166,0.96211374,0.9842278,0.9842825,0.98574424,0.99368465,0.98932093,0.9913284,0.99207675,0.97558326,0.9913184,0.9936587,0.9969299
47metersdown,0.9921841,1.0,0.9804129,0.9918552,0.987678,0.9841607,0.989354,0.98827904,0.98764557,0.98779976,0.9886435,0.9802458,0.99336463,0.9872311,0.98811245,0.9898549,0.9793729,0.98395514,0.99564683,0.98579323,0.9890627,0.99200815,0.9844824,0.9768207,0.97367495,0.9671287,0.9879296,0.96412045,0.98924536,0.99150705,0.9858476,0.9843532,0.990322,0.9866538,0.9918811,0.9702327,0.9864537,0.9885693,0.98304856,0.98329943,0.98913574,0.99396807,0.9899043,0.9927919,0.9897519,0.98627573,0.9848268,0.9874194,0.97888625,0.99105537,0.98651385,0.98859346,0.97326213,0.9803169,0.98438156,0.9921531,0.98306143,0.9914902,0.9859134,0.98880345,0.99037814,0.99258345,0.9909066,0.9934124,0.98480463,0.9919876,0.9801921,0.99012595,0.9743034,0.9894562,0.9861721,0.9732427,0.99465734,0.9907284,0.99147725,0.9849654,0.9698406,0.99188113,0.9938201,0.98973584,0.97352314,0.99234086,0.99318856,0.99274075,0.9844761,0.97489,0.98973876,0.974781,0.9899911,0.9905443,0.9914991,0.9861721,0.985667,0.9938864,0.9749336,0.9885141,0.9835952,0.9888498,0.98596925,0.98259354,0.98871034,0.9926587,0.9762114,0.988884,0.98631716,0.98303324,0.9845959,0.9906627,0.98340374,0.97464156,0.9856282,0.98891926,0.9968144,0.974667,0.9894092,0.98808545,0.9892501,0.990057,0.97957987,0.98650676,0.9956671,0.9921848,0.9891087,0.9924608,0.9836956,0.9923008,0.9822943,0.98679924,0.9924741,0.9919264,0.9822324,0.9886117,0.95234597,0.9783037,0.9902065,0.99310476,0.98624194,0.98601705,0.98517495,0.9701717,0.98764557,0.98470145,0.98465335,0.9916872,0.98457307,0.9864004,0.9659911,0.9926108,0.9947606,0.9909487,0.9878014,0.99137044,0.991932,0.9765071,0.98895836,0.9832849,0.98875976,0.9902176,0.9899589,0.9903351,0.98764557,0.98680615,0.9858643,0.99013835,0.9924818
abeautifuldaymovie,0.9835682,0.9804129,0.99999994,0.9828366,0.99248874,0.9951666,0.9955377,0.9867909,0.99615055,0.97473365,0.99422175,0.99212366,0.9895977,0.99142945,0.9966603,0.99156046,0.9888709,0.990406,0.9842089,0.99677384,0.994392,0.9911408,0.99460167,0.9907489,0.9843131,0.9474625,0.9854008,0.979069,0.9950167,0.9732704,0.9892551,0.99453634,0.98700523,0.9904724,0.9779028,0.9698208,0.9978394,0.972026,0.98974997,0.9737594,0.9772999,0.98737866,0.964902,0.9830422,0.9815231,0.9932413,0.9947544,0.9844648,0.9667134,0.986696,0.99756575,0.994015,0.9946246,0.989653,0.9712471,0.9865804,0.98305196,0.9941869,0.9892964,0.9947853,0.9846944,0.98435014,0.9876254,0.98812824,0.99091315,0.9738514,0.99248344,0.9886829,0.9934454,0.9928616,0.9939552,0.9543702,0.99022275,0.98634094,0.9905087,0.9624686,0.94063896,0.9831386,0.9824999,0.97601515,0.9895447,0.9777369,0.98982954,0.98635477,0.99317116,0.979362,0.97653794,0.99303705,0.98419166,0.9966619,0.98030394,0.9939552,0.99354297,0.9878442,0.9976068,0.99470824,0.99664766,0.9870019,0.98409456,0.9906105,0.994665,0.98482364,0.9884493,0.9923015,0.9860546,0.9956733,0.99400777,0.9937569,0.98409545,0.9764244,0.99137205,0.9688488,0.9819893,0.97128236,0.9905178,0.9891743,0.9891038,0.98525256,0.99476075,0.9958494,0.9901932,0.98937774,0.9877094,0.9882244,0.98936015,0.9927687,0.99178094,0.982441,0.97618926,0.9693905,0.99365455,0.9791776,0.9775531,0.9573851,0.987335,0.98694247,0.9709946,0.97580045,0.99588203,0.9842586,0.99615055,0.9982005,0.98700017,0.9926969,0.96717435,0.98786116,0.98147,0.98296285,0.9921517,0.9760088,0.9927439,0.98725545,0.98648846,0.9378757,0.97026235,0.9927287,0.9923863,0.9882657,0.991019,0.9861041,0.99615055,0.97884697,0.9960357,0.99204093,0.99143255
abominablemovie,0.98951745,0.9918552,0.9828366,1.0,0.98314965,0.99232084,0.9913267,0.9803207,0.98681587,0.9907504,0.9920846,0.9863882,0.99530244,0.98873246,0.9875868,0.99514747,0.97585917,0.9927921,0.9948968,0.98555124,0.98553705,0.99273676,0.9876572,0.9735034,0.9708428,0.95713246,0.98647696,0.9663936,0.99246037,0.9909362,0.986249,0.980252,0.9921557,0.99350953,0.9918821,0.9596242,0.98879,0.99543697,0.97895914,0.9712893,0.98193127,0.99502265,0.98477316,0.9952725,0.99040455,0.99297696,0.98814404,0.9921261,0.96424896,0.99570477,0.9905962,0.98994,0.9784217,0.9861304,0.97625095,0.98632044,0.9691844,0.99480367,0.98062146,0.98850465,0.9881336,0.9869176,0.98473567,0.99158543,0.9884861,0.990284,0.97569567,0.9916381,0.98404044,0.98998237,0.98458785,0.9679196,0.99530625,0.9903483,0.99462134,0.9724372,0.96241194,0.99093306,0.9794394,0.9931818,0.98466283,0.99443537,0.9906057,0.9957614,0.99403244,0.98985004,0.99342126,0.97252196,0.9970034,0.99358934,0.9833277,0.98458785,0.9898696,0.9958751,0.9826137,0.99276096,0.9892537,0.9823625,0.98233235,0.9946946,0.9933449,0.9848717,0.98516285,0.987934,0.99022675,0.9895394,0.97963595,0.99294585,0.98738337,0.97629416,0.9800328,0.98706704,0.9899233,0.9628418,0.9957166,0.9923596,0.98780674,0.9969069,0.9820656,0.9867664,0.9902708,0.9940258,0.98456556,0.9924413,0.9728593,0.985712,0.98371553,0.9914915,0.98573726,0.99004936,0.9775374,0.97999233,0.9451623,0.9687566,0.9934721,0.99325264,0.98646665,0.97977465,0.9846332,0.97909784,0.98681587,0.9834317,0.9875064,0.99170035,0.9854199,0.98088795,0.95685637,0.9939642,0.9901898,0.98501664,0.990033,0.99110883,0.9960973,0.95650476,0.9847483,0.9832997,0.981844,0.98544204,0.98743343,0.9885416,0.98681587,0.9739639,0.98959184,0.9914322,0.9948936
adastramovie,0.9867543,0.987678,0.99248874,0.98314965,0.9999999,0.99101627,0.99543744,0.9908716,0.9956476,0.986048,0.9940769,0.98826444,0.9930222,0.99348366,0.99605256,0.98588324,0.9928009,0.9903223,0.98874813,0.99304146,0.9954991,0.9952099,0.99188125,0.99029034,0.9909905,0.9674926,0.9960496,0.9752986,0.9951842,0.98432326,0.9949157,0.99779516,0.98715556,0.9889665,0.98596126,0.9821337,0.9914199,0.9805124,0.9913318,0.9898279,0.98559684,0.9891916,0.980281,0.9872479,0.98113394,0.9874243,0.99229336,0.98483646,0.9801619,0.98783153,0.99230075,0.9949061,0.9923071,0.98932123,0.98743033,0.9975607,0.9902999,0.99188346,0.9921435,0.9975693,0.99404836,0.9932758,0.9907318,0.99363613,0.99027854,0.985339,0.99758095,0.9934485,0.985867,0.9958965,0.99510854,0.97181994,0.9936955,0.9899497,0.9929238,0.9811595,0.967598,0.9919394,0.9927331,0.9849819,0.9810257,0.9851929,0.99447286,0.9884537,0.98932004,0.97605383,0.98165137,0.989383,0.9859179,0.99363,0.9900164,0.99510854,0.98447293,0.9886784,0.98579055,0.9928185,0.98916215,0.99178666,0.9940054,0.9846912,0.9903002,0.99002624,0.98396266,0.99664015,0.99149376,0.99041414,0.99605966,0.99137795,0.9839823,0.98521477,0.9961826,0.9827723,0.9876673,0.9859067,0.992292,0.9887459,0.99262804,0.98949254,0.9912764,0.9956152,0.99581665,0.98694223,0.99664605,0.9920023,0.9906606,0.9976421,0.98984015,0.98869497,0.9883688,0.9830122,0.9922969,0.9925468,0.9771458,0.9811699,0.9868385,0.99004126,0.9811655,0.9865502,0.9970712,0.9789372,0.9956476,0.996293,0.98898554,0.98905885,0.9780949,0.99548954,0.98676306,0.9903788,0.9947133,0.9897296,0.99560344,0.9885918,0.9913384,0.96467596,0.97865623,0.9961887,0.996892,0.99089926,0.9903796,0.9894406,0.9956476,0.993774,0.99055016,0.9930857,0.99027836
adogsjourneymovie,0.98397094,0.9841607,0.9951666,0.99232084,0.99101627,1.0,0.9958931,0.98271835,0.99155563,0.9840097,0.9941839,0.99767506,0.99433386,0.9915583,0.9925683,0.9946151,0.9813561,0.9928305,0.98789054,0.99408245,0.9914587,0.9955927,0.9947075,0.98004395,0.98541653,0.95862514,0.98964727,0.96761155,0.99744636,0.9841086,0.9883287,0.991034,0.99104273,0.9976404,0.9868277,0.96845865,0.99378926,0.98401946,0.9895532,0.9754273,0.9821403,0.9900951,0.97234297,0.9873743,0.98295987,0.99573934,0.9943781,0.9900846,0.96955043,0.990201,0.9975619,0.9941704,0.9932741,0.98969895,0.97499716,0.9869472,0.97601265,0.99624234,0.98172367,0.99357724,0.9907015,0.9853236,0.9837475,0.99134517,0.9940705,0.9843177,0.9870705,0.9923249,0.9930928,0.99475527,0.98854584,0.9665439,0.9927906,0.9868965,0.9960619,0.96892077,0.95588756,0.9878322,0.9802155,0.9894211,0.98589504,0.98580164,0.9885396,0.99033606,0.99556667,0.98547083,0.98177606,0.9871623,0.99239,0.99675256,0.98552084,0.98854584,0.99261904,0.99201787,0.99283814,0.9981203,0.997476,0.9880862,0.9848151,0.9977872,0.9960366,0.98576283,0.99527687,0.9901429,0.98850185,0.99768984,0.9871386,0.9926335,0.9923032,0.98446834,0.98566437,0.9802802,0.98595625,0.9704239,0.99364996,0.9896475,0.987981,0.99221015,0.9886693,0.9940957,0.9912365,0.9898061,0.9870376,0.99259883,0.9799718,0.9889084,0.9942093,0.99261487,0.98387295,0.9815066,0.9857515,0.9812454,0.958792,0.9694153,0.9912996,0.991571,0.9776952,0.9779431,0.9913954,0.9804007,0.99155563,0.9949883,0.98601335,0.9930339,0.9756129,0.98617303,0.9736516,0.99090654,0.9909814,0.97924805,0.9965864,0.988946,0.9923681,0.9475322,0.97060746,0.98936754,0.9890661,0.9833017,0.9872626,0.9834881,0.99155563,0.9801238,0.99435747,0.99468064,0.9935076
aftermathmovie,0.9914896,0.989354,0.9955377,0.9913267,0.99543744,0.9958931,1.0,0.9875461,0.9975311,0.98936576,0.99808717,0.99331206,0.9967249,0.9971616,0.99792624,0.99516815,0.9904116,0.992687,0.9949104,0.9951336,0.9948465,0.99751925,0.9936083,0.9881021,0.9842766,0.9611433,0.9916286,0.9785984,0.99832475,0.98844314,0.99570245,0.9964883,0.9912189,0.9928502,0.98618156,0.9713551,0.9967206,0.9860096,0.98781216,0.986271,0.9886961,0.9951665,0.9831587,0.99303097,0.98796725,0.9936854,0.99361813,0.99335504,0.97204965,0.9945607,0.9964732,0.998176,0.9922768,0.9956774,0.98228186,0.9918644,0.9858998,0.99871355,0.99250984,0.9991186,0.992118,0.99448764,0.993137,0.9957083,0.9932744,0.9883178,0.9941378,0.9947233,0.9935607,0.9972101,0.99664795,0.9661939,0.9966305,0.99301106,0.9937045,0.9760434,0.9590792,0.99058443,0.987284,0.9894128,0.98887366,0.99165857,0.99531037,0.99235386,0.99683833,0.98080593,0.9889176,0.98771566,0.9928072,0.9987393,0.9907632,0.99664795,0.99236727,0.995582,0.99155825,0.99817085,0.9938878,0.99139124,0.98910993,0.9930728,0.9965359,0.9903871,0.9865134,0.9975844,0.99579155,0.99641865,0.9944333,0.99812007,0.9866074,0.98466486,0.99295366,0.9818928,0.9913149,0.9766987,0.9957007,0.99201906,0.9943404,0.9947752,0.99258864,0.9994119,0.9964466,0.9941957,0.9943498,0.99632746,0.9917972,0.9965921,0.9896825,0.9887713,0.9855647,0.9861726,0.99193966,0.98698974,0.96876895,0.9689786,0.9957452,0.9957503,0.9854446,0.98821,0.99768215,0.9822656,0.9975311,0.9951061,0.99081725,0.99446416,0.97952163,0.9931049,0.9809513,0.99191684,0.9975494,0.99041986,0.9981739,0.99431777,0.993522,0.9569379,0.9808864,0.9965251,0.99432564,0.9938393,0.99444115,0.9902499,0.9975311,0.98272693,0.99645567,0.9968585,0.99554455
aftermovie,0.98345625,0.98827904,0.9867909,0.9803207,0.9908716,0.98271835,0.9875461,0.99999994,0.99213386,0.9704451,0.9909721,0.97708505,0.98896515,0.9905538,0.98927045,0.9841078,0.98593694,0.9849379,0.98461324,0.99254215,0.99400485,0.9880844,0.9939011,0.99206114,0.98844725,0.97229034,0.9889539,0.9767222,0.98648816,0.9786492,0.99231493,0.9866435,0.99360967,0.9829402,0.99011016,0.99077463,0.98903537,0.97746295,0.99459124,0.9803215,0.9688289,0.98487574,0.97618794,0.9815551,0.9839745,0.9887926,0.99435335,0.9737867,0.9865407,0.9845645,0.9896514,0.99227613,0.9857705,0.98265743,0.9857922,0.9930432,0.99565405,0.9847559,0.9862434,0.98942405,0.9782194,0.9854469,0.98740506,0.99348295,0.9885998,0.9803082,0.9905601,0.99330133,0.97911143,0.9914827,0.98818564,0.9768826,0.9932025,0.99106705,0.9907906,0.9846083,0.96731275,0.99426866,0.99442524,0.973282,0.9779488,0.9815233,0.9937532,0.9925847,0.98538774,0.96957976,0.9808613,0.9871427,0.9776792,0.9890053,0.9818171,0.98818564,0.98176134,0.9887339,0.9845285,0.9881385,0.98240054,0.98963547,0.99423677,0.9801014,0.9905693,0.9929372,0.981833,0.9889736,0.9848667,0.9836638,0.99077106,0.9889687,0.9845722,0.9781537,0.994336,0.9840252,0.9843689,0.9885546,0.98689085,0.9930435,0.98847044,0.98514587,0.9866531,0.9875744,0.993826,0.9870883,0.9924364,0.9908351,0.9858577,0.9939452,0.98827845,0.98694474,0.9889149,0.9741034,0.9836531,0.9889127,0.9792078,0.97268575,0.9766961,0.98785084,0.9691167,0.98683256,0.988208,0.98413944,0.99213386,0.99065083,0.9921998,0.99264693,0.9846927,0.9931643,0.9849324,0.98945475,0.9926888,0.9800675,0.9838549,0.9785376,0.9909194,0.96668,0.9838598,0.98866946,0.99586,0.9848991,0.99520326,0.9939289,0.99213386,0.9883579,0.9910729,0.9902083,0.9887961
ahiddenlifefilm,0.99207675,0.98764557,0.99615055,0.98681587,0.9956476,0.99155563,0.9975311,0.99213386,1.0000001,0.9824926,0.9971729,0.9857378,0.9934673,0.996975,0.9989192,0.992414,0.99616224,0.9936139,0.9918917,0.994614,0.9973831,0.9928087,0.994442,0.99551785,0.982734,0.954467,0.99017084,0.98855364,0.99498194,0.98016834,0.99637777,0.9952003,0.9892891,0.98770034,0.9828605,0.97444195,0.9977108,0.9812642,0.987617,0.9815259,0.98058915,0.99276155,0.9786425,0.99083084,0.9888688,0.9916665,0.9951004,0.9871775,0.9700711,0.9926287,0.99619955,0.99639326,0.9928148,0.9940715,0.9789283,0.9936277,0.989653,0.9950972,0.9969372,0.99783564,0.9876238,0.9925766,0.9944039,0.99306434,0.98911715,0.98150164,0.9955534,0.9926081,0.99045396,0.9951215,0.9982067,0.9597423,0.9958746,0.9950673,0.9919574,0.9724853,0.9527412,0.99099284,0.9886537,0.98024404,0.9919347,0.985831,0.99780214,0.9920323,0.99519545,0.9804777,0.9858447,0.99019414,0.98840755,0.99769264,0.983588,0.9982067,0.9901194,0.99206066,0.9940003,0.99471295,0.9913214,0.9889447,0.99202347,0.9891261,0.9948843,0.98909503,0.9815545,0.99760956,0.99460703,0.99375856,0.9983341,0.99794203,0.98203176,0.9762614,0.9974409,0.9762795,0.98784024,0.97727007,0.99507093,0.99488115,0.99635094,0.99214894,0.997343,0.997301,0.9953951,0.9927311,0.9936371,0.99253845,0.994212,0.998188,0.9883419,0.9842861,0.9812172,0.9779594,0.99582285,0.98445666,0.98258346,0.9640262,0.99075955,0.99186695,0.9825054,0.9845123,0.9988336,0.9865236,1.0000001,0.9958368,0.9925928,0.9939827,0.97687626,0.99259424,0.98312646,0.9877413,0.99739057,0.98802686,0.9928129,0.99100345,0.9918675,0.95140535,0.9824981,0.9965671,0.99611044,0.99528235,0.9969734,0.9952689,1.0000001,0.982277,0.9969515,0.9947101,0.9954088
alitamovie,0.9838333,0.98779976,0.97473365,0.9907504,0.986048,0.9840097,0.98936576,0.9704451,0.9824926,1.0,0.9880982,0.98097736,0.9925469,0.98344356,0.9859921,0.9825663,0.97529936,0.9865696,0.9929472,0.9768663,0.9775386,0.9914193,0.97427243,0.9689508,0.9686106,0.9567614,0.9891694,0.95708317,0.9889178,0.9931734,0.9853424,0.9847189,0.979869,0.98393685,0.98363066,0.9553846,0.97982657,0.9900439,0.96916217,0.98234856,0.9910068,0.990636,0.9889411,0.9923465,0.9775594,0.979127,0.97515404,0.9894876,0.9595082,0.9895727,0.978791,0.9864711,0.9715725,0.9821695,0.982564,0.987263,0.96607566,0.99061745,0.9812954,0.9897899,0.99319345,0.989852,0.9821094,0.98834604,0.9825521,0.989615,0.97881156,0.9874442,0.9792621,0.9854134,0.9860688,0.96603554,0.9893661,0.981954,0.98657507,0.9736059,0.9667519,0.98405457,0.9779999,0.9945407,0.9758623,0.9940922,0.98619425,0.98622787,0.9851248,0.9788654,0.9915499,0.9665545,0.9905454,0.9870807,0.98772734,0.9860688,0.9802813,0.9900798,0.96739596,0.98520267,0.9805817,0.97696185,0.9774807,0.98109424,0.98177284,0.97746986,0.972275,0.9904787,0.9895934,0.97940415,0.97734183,0.9864175,0.9724114,0.97901434,0.9786779,0.9845703,0.9858195,0.9664035,0.99140114,0.9798753,0.982674,0.99170667,0.97619015,0.98640984,0.9868761,0.98757654,0.9882,0.9873714,0.97310007,0.985842,0.9734102,0.98451334,0.98285216,0.993716,0.9745792,0.9857761,0.9407541,0.9748731,0.9908623,0.9872917,0.98834544,0.9823524,0.985485,0.965936,0.9824926,0.97697115,0.9805369,0.9803338,0.9784633,0.9835433,0.9597283,0.9890348,0.98607564,0.99204844,0.9914457,0.99001676,0.990023,0.9627945,0.9828747,0.9864669,0.9789093,0.98711526,0.9793977,0.9808375,0.9824926,0.9778548,0.97742665,0.98357326,0.9842706
angelhasfallen,0.98847234,0.9886435,0.99422175,0.9920846,0.9940769,0.9941839,0.99808717,0.9909721,0.9971729,0.9880982,0.99999994,0.98987097,0.9972428,0.9957803,0.997637,0.9934832,0.98871446,0.99551547,0.9939401,0.9960396,0.9930019,0.99650186,0.99446696,0.99199283,0.98563695,0.9619208,0.9925204,0.98020434,0.9967456,0.98798484,0.9972641,0.9941611,0.99475425,0.99208534,0.98965645,0.97608584,0.996916,0.9870947,0.989292,0.9824476,0.98179996,0.994605,0.98223567,0.99259984,0.9874016,0.99575394,0.99516076,0.98961157,0.972632,0.9951964,0.99515903,0.99922884,0.99075615,0.9941489,0.98581904,0.99259543,0.9858464,0.99727505,0.9915418,0.9984487,0.9875919,0.9912927,0.99114954,0.99681896,0.99600077,0.9859548,0.993587,0.9976244,0.9949617,0.9962581,0.9971369,0.9704876,0.9978097,0.9925517,0.9947557,0.976592,0.96062076,0.9925244,0.9872162,0.98593456,0.9924193,0.99254704,0.9958169,0.99637675,0.9975498,0.9846627,0.9928211,0.9878928,0.99035656,0.99810505,0.9868173,0.9971369,0.99372476,0.9970787,0.991926,0.99626815,0.99347574,0.9883178,0.98952484,0.99174345,0.9972849,0.9893199,0.98822004,0.9980001,0.99501544,0.9930656,0.99240625,0.9978958,0.9853372,0.98540765,0.99348426,0.9845563,0.9870414,0.9797884,0.9976338,0.9954508,0.9918527,0.9951474,0.99300545,0.9973838,0.9948054,0.9968531,0.9962106,0.9956913,0.9875013,0.9960592,0.98915076,0.9904407,0.9860069,0.9833408,0.9880213,0.98953855,0.97252476,0.9672824,0.9917234,0.99379027,0.9801854,0.98932207,0.99684095,0.9900825,0.9971729,0.9935287,0.9963486,0.9954287,0.9848283,0.99495625,0.98126805,0.9935494,0.9956734,0.98715276,0.9957197,0.99104047,0.9966642,0.9553975,0.9873141,0.9977605,0.99353534,0.99347085,0.9964083,0.9938578,0.9971729,0.9822223,0.9963041,0.9947074,0.9940961
angrybirdsmovie,0.97782046,0.9802458,0.99212366,0.9863882,0.98826444,0.99767506,0.99331206,0.97708505,0.9857378,0.98097736,0.98987097,0.99999994,0.9903373,0.9870581,0.9881097,0.9907963,0.97352445,0.9838578,0.9840443,0.99286443,0.98649997,0.99510324,0.9902812,0.97196156,0.9858364,0.96254337,0.9852863,0.95487213,0.9957672,0.98455745,0.983568,0.9902552,0.9877317,0.99633294,0.98349875,0.9657627,0.98926085,0.9783271,0.98877853,0.9786694,0.9849366,0.98625493,0.9700237,0.9818473,0.9762311,0.99242276,0.9892277,0.98912024,0.97255856,0.9849877,0.9932066,0.991672,0.9890677,0.98637414,0.97576946,0.98142284,0.97378397,0.99362713,0.9747451,0.99081016,0.98860353,0.98315805,0.9801094,0.98909914,0.99381626,0.98394334,0.98475575,0.98908067,0.99022186,0.9930031,0.9838123,0.968527,0.987711,0.9793415,0.99086267,0.9700042,0.95637834,0.9816904,0.97854143,0.9885424,0.9754742,0.98341745,0.9813073,0.98351395,0.99012357,0.97573143,0.9764398,0.98285043,0.9875725,0.9921266,0.9889834,0.9838123,0.9897985,0.988514,0.9868244,0.99566686,0.9945897,0.98916346,0.9784495,0.99278224,0.9926908,0.9852501,0.99447215,0.9860239,0.9829206,0.995018,0.98197037,0.98737645,0.991655,0.9886448,0.978885,0.97910905,0.98448527,0.9693975,0.9865945,0.9807957,0.98139644,0.98586124,0.9796043,0.99247026,0.9885362,0.9851757,0.98481655,0.99102783,0.9781074,0.9848063,0.9908949,0.98931056,0.983967,0.9811513,0.98043436,0.98130655,0.9482236,0.9695475,0.989013,0.98974,0.9718893,0.97868234,0.98713887,0.9722893,0.9857378,0.9925237,0.98006034,0.9883034,0.971939,0.9843741,0.9727797,0.98854953,0.98737925,0.97588915,0.9964636,0.9866435,0.9864675,0.9507063,0.9633822,0.986121,0.9854326,0.97832114,0.98096013,0.9733871,0.9857378,0.9796267,0.98982364,0.9921197,0.98733795
annabellemovie,0.98764384,0.99336463,0.9895977,0.99530244,0.9930222,0.99433386,0.9967249,0.98896515,0.9934673,0.9925469,0.9972428,0.9903373,1.0,0.9934326,0.99391395,0.9923326,0.9829583,0.9937809,0.99475825,0.9916366,0.9907403,0.9970137,0.99145085,0.9842611,0.9852705,0.96866417,0.99587667,0.96940815,0.99505967,0.9927733,0.99377394,0.9925733,0.99463654,0.9921766,0.9931042,0.97674155,0.991954,0.98971766,0.9884779,0.9842896,0.9867874,0.99335307,0.9846879,0.9920928,0.984917,0.9926704,0.9916418,0.9886947,0.97468317,0.9929676,0.9931073,0.9972526,0.98816663,0.9886666,0.9862083,0.9929008,0.9835839,0.99683136,0.98664856,0.9963752,0.99246365,0.99090415,0.9871904,0.99782073,0.99444884,0.99041873,0.98974127,0.99746734,0.9918902,0.99428874,0.9926554,0.9763306,0.9974462,0.9911715,0.9974985,0.98065823,0.96821016,0.99365366,0.98753136,0.9936478,0.98678297,0.9945657,0.9945182,0.99682385,0.9941672,0.98150975,0.9922118,0.9870785,0.99182,0.99714386,0.9912255,0.9926554,0.9910077,0.9985639,0.985169,0.9967877,0.99271035,0.9873395,0.98875874,0.99266374,0.9944578,0.9887982,0.9886826,0.9948709,0.9930552,0.99108493,0.98771095,0.99520874,0.986612,0.98667353,0.9914711,0.9891271,0.990427,0.9819807,0.9963697,0.9924008,0.98976094,0.9960994,0.98904794,0.9952453,0.9957918,0.9953576,0.9944907,0.9966291,0.98307765,0.9946478,0.99205595,0.99493665,0.9902633,0.9897337,0.9832857,0.9906507,0.96023166,0.97578955,0.9918723,0.9944098,0.98268527,0.98853576,0.9925696,0.9796198,0.9934673,0.9902569,0.9905317,0.9965632,0.9845245,0.9940926,0.97929245,0.995432,0.99535197,0.98884535,0.99656713,0.9897638,0.9975985,0.96353835,0.98523796,0.9934255,0.9934019,0.98981786,0.9943163,0.9916896,0.9934673,0.98514855,0.9920985,0.9937744,0.9936714
annamovie,0.9934493,0.9872311,0.99142945,0.98873246,0.99348366,0.9915583,0.9971616,0.9905538,0.996975,0.98344356,0.9957803,0.9870581,0.9934326,1.0000001,0.99430436,0.9939082,0.99291265,0.99030703,0.99354935,0.9925744,0.9965924,0.99442977,0.9953989,0.9884677,0.98359084,0.9665349,0.9892417,0.9847756,0.9949926,0.9862488,0.99776936,0.99149233,0.991395,0.9895867,0.9867001,0.97527975,0.9938409,0.98809916,0.9873354,0.9861743,0.98093444,0.99343085,0.98556924,0.99215424,0.9914803,0.99192744,0.9952184,0.99039745,0.9753805,0.99428135,0.9953278,0.9963953,0.99234,0.99777323,0.98151267,0.9917983,0.9898654,0.99386024,0.9918714,0.99603176,0.9867548,0.99489915,0.993762,0.9951864,0.9890981,0.9894371,0.99328387,0.99397475,0.9872467,0.9975289,0.9932075,0.9681376,0.99679565,0.9975851,0.99153256,0.9803687,0.9651196,0.9944031,0.9874816,0.98560864,0.98555773,0.99035645,0.9968416,0.99223036,0.9962923,0.97710776,0.9871639,0.9833465,0.99174815,0.9952939,0.98694843,0.9932075,0.98434585,0.99276364,0.9900959,0.996465,0.9862056,0.992858,0.9947637,0.9916091,0.9956502,0.9925723,0.9822577,0.99501,0.99808484,0.9954871,0.99528927,0.996985,0.9881165,0.9820678,0.9935398,0.9830938,0.99081385,0.9776271,0.99356866,0.9946782,0.9973637,0.9957844,0.99084485,0.9962883,0.9967042,0.98956263,0.99285525,0.99679536,0.99164206,0.99515736,0.9864936,0.9879563,0.9858742,0.9847658,0.9903086,0.9836137,0.97222805,0.96953297,0.99233496,0.9967636,0.987321,0.9900101,0.9949808,0.9833952,0.996975,0.99250984,0.9919977,0.9921039,0.984119,0.99144644,0.9802318,0.99198574,0.99737686,0.9914755,0.99328995,0.99046254,0.9930709,0.96137893,0.9803642,0.9938212,0.99447286,0.99063885,0.99521494,0.9923125,0.996975,0.9805008,0.99725103,0.9983361,0.99628663
apollo11movie,0.99062794,0.98811245,0.9966603,0.9875868,0.99605256,0.9925683,0.99792624,0.98927045,0.9989192,0.9859921,0.997637,0.9881097,0.99391395,0.99430436,1.0,0.9921346,0.99396366,0.99409693,0.9924909,0.9952971,0.9951489,0.9942411,0.99221826,0.994109,0.981943,0.95141685,0.9903718,0.98411363,0.99650884,0.98177946,0.9947495,0.99662775,0.9884343,0.98934466,0.98256934,0.9708614,0.99821186,0.9808551,0.9866609,0.9815733,0.9845201,0.9939435,0.97854275,0.99173295,0.98697245,0.99207586,0.99315953,0.98924965,0.9684246,0.9930762,0.99520785,0.9963412,0.99042106,0.99267155,0.9805374,0.9934966,0.9859511,0.9967934,0.9966468,0.9986888,0.98993164,0.99247533,0.9941821,0.99256927,0.9909325,0.9812685,0.9948389,0.9924753,0.99188095,0.9946604,0.99932826,0.95917296,0.9952585,0.99170685,0.9918236,0.97064173,0.9508584,0.98851293,0.98847246,0.9816892,0.99203366,0.9868781,0.9960919,0.99133354,0.9946905,0.9832145,0.98741513,0.9892372,0.9888763,0.9980405,0.9852327,0.99932826,0.993553,0.9925272,0.99305403,0.9939503,0.99385864,0.98800766,0.9882544,0.98818994,0.9945576,0.9877749,0.9826578,0.99869895,0.99293727,0.99283564,0.9967958,0.99747705,0.98064893,0.97771806,0.99528646,0.9763654,0.98756164,0.97528404,0.9958401,0.9926899,0.9939146,0.9910606,0.9961196,0.99760836,0.9943345,0.9946457,0.9943871,0.991452,0.9929799,0.99789,0.9872885,0.983754,0.98127025,0.9792526,0.9955387,0.9867875,0.97926205,0.9644245,0.9921786,0.99079174,0.9817031,0.9837823,0.9994662,0.98651206,0.9989192,0.9961523,0.9923909,0.9929564,0.97578067,0.99250704,0.98073393,0.9878966,0.9962668,0.98767805,0.99461305,0.9934015,0.99172354,0.950306,0.98389137,0.9974799,0.99408525,0.9968572,0.9946969,0.99317557,0.9989192,0.9834655,0.9952168,0.99307305,0.9939182
arcticdogsmovie,0.99398607,0.9898549,0.99156046,0.99514747,0.98588324,0.9946151,0.99516815,0.9841078,0.992414,0.9825663,0.9934832,0.9907963,0.9923326,0.9939082,0.9921346,0.9999999,0.98342353,0.98978865,0.99478966,0.992736,0.99271244,0.9936921,0.99340796,0.9797005,0.9732401,0.9540577,0.98152596,0.9764553,0.9958919,0.98582155,0.9885667,0.9850677,0.99229246,0.99493563,0.98669475,0.95986,0.9957699,0.98935956,0.9836308,0.9743168,0.982913,0.9966618,0.9817581,0.9944978,0.9952465,0.9965399,0.9932744,0.99551964,0.9679629,0.9965841,0.9966423,0.99250597,0.9845945,0.9931098,0.97282356,0.98518467,0.977526,0.9971029,0.98661196,0.99136233,0.98572016,0.9903943,0.9922071,0.99140483,0.9893233,0.98811764,0.9816229,0.9900615,0.98642033,0.9943683,0.9885721,0.96056736,0.9954268,0.9936212,0.9918458,0.9709723,0.9531208,0.9890888,0.9829774,0.9870023,0.98588645,0.99043274,0.9923374,0.99252576,0.9967041,0.98538136,0.98842484,0.97738236,0.9963376,0.99637806,0.98462284,0.9885721,0.9931907,0.99425805,0.99202603,0.99607587,0.9919766,0.9902724,0.9843213,0.9958822,0.9979631,0.990875,0.98565155,0.98989916,0.99154586,0.99669826,0.98819536,0.997035,0.99103355,0.9751761,0.9834996,0.9803777,0.9930512,0.9614753,0.9933841,0.99341315,0.9931254,0.9942025,0.9863658,0.99214906,0.9932996,0.9939267,0.9848449,0.9942457,0.985206,0.9893525,0.98517567,0.9860819,0.98341304,0.9846941,0.9876656,0.977043,0.9569118,0.9612528,0.99662256,0.9963502,0.9859754,0.98144054,0.98972297,0.982636,0.992414,0.9909708,0.98859656,0.993619,0.9811623,0.9817867,0.9632921,0.9910443,0.9948165,0.9847366,0.99137187,0.9948462,0.99181795,0.9526247,0.9799752,0.98611134,0.9863006,0.9892652,0.9910736,0.98836005,0.992414,0.97334176,0.9970575,0.9966879,0.9982725
arcticmovie,0.99072784,0.9793729,0.9888709,0.97585917,0.9928009,0.9813561,0.9904116,0.98593694,0.99616224,0.97529936,0.98871446,0.97352445,0.9829583,0.99291265,0.99396366,0.98342353,1.0,0.98764795,0.9850873,0.9854313,0.99481535,0.9840279,0.987276,0.9931287,0.97388023,0.94354016,0.98351634,0.99303895,0.98797697,0.9691377,0.9922794,0.9894426,0.9766929,0.97766405,0.97161686,0.9667482,0.9905753,0.974603,0.9776647,0.9773565,0.9731329,0.9864695,0.97470444,0.9861966,0.9853604,0.9804794,0.98843014,0.9807513,0.9620241,0.9866015,0.98880297,0.98719424,0.9873708,0.9906387,0.97097737,0.9916297,0.9857626,0.9856173,0.99756277,0.99183226,0.9830865,0.99055785,0.9929284,0.983403,0.9757663,0.9741303,0.9922356,0.98273987,0.97732633,0.9892997,0.99390453,0.9463315,0.9888688,0.9928114,0.9824076,0.96565825,0.946849,0.9859891,0.98431134,0.9699017,0.9847404,0.97601336,0.99475896,0.9819499,0.9875848,0.9745585,0.976363,0.9808068,0.9825379,0.9892774,0.97394204,0.99390453,0.97698355,0.9797131,0.9871415,0.9850983,0.97947854,0.98366153,0.9914176,0.97874224,0.98529387,0.9826267,0.9667678,0.9933261,0.9917625,0.986827,0.9985139,0.9911581,0.97202873,0.9635519,0.9948532,0.9659409,0.9816714,0.9688717,0.98876643,0.98930246,0.9962692,0.9857733,0.99415463,0.9900583,0.98952854,0.98137075,0.98763007,0.9832461,0.9929184,0.99395984,0.9767547,0.97287416,0.97204936,0.970197,0.99669445,0.9762012,0.9875448,0.9602874,0.9839411,0.98420894,0.9834943,0.9763346,0.99564993,0.98032165,0.99616224,0.9906512,0.98610973,0.9817512,0.9685408,0.98462623,0.9760046,0.9783732,0.99179006,0.98725235,0.9840478,0.9862628,0.9830584,0.94604975,0.9756776,0.9912364,0.99064815,0.9921243,0.9890769,0.9914734,0.99616224,0.97812676,0.98988366,0.98865354,0.9899691
artofracingmovie,0.9856212,0.98395514,0.990406,0.9927921,0.9903223,0.9928305,0.992687,0.9849379,0.9936139,0.9865696,0.99551547,0.9838578,0.9937809,0.99030703,0.99409693,0.98978865,0.98764795,1.0,0.9886157,0.98873717,0.98970366,0.990342,0.99113166,0.9887331,0.97824305,0.94737566,0.99138975,0.9806901,0.99286675,0.9796284,0.9914855,0.9872528,0.98854387,0.9901405,0.98579246,0.9677042,0.99297357,0.98671895,0.98220205,0.96836436,0.97304094,0.9904529,0.974132,0.990821,0.9846552,0.99193376,0.99268377,0.9845645,0.9594132,0.99245197,0.99300694,0.99217224,0.9887102,0.987943,0.97511053,0.99147844,0.97373563,0.9928541,0.988533,0.99298716,0.98729354,0.98420644,0.98435986,0.9892073,0.9887926,0.97871906,0.9862673,0.9922279,0.9901441,0.9903267,0.9925099,0.9601394,0.9942751,0.99017704,0.9950833,0.96415484,0.9528548,0.99049354,0.97881716,0.98292196,0.99505186,0.9858373,0.993555,0.9944624,0.9955977,0.99379116,0.98830277,0.98425215,0.9907774,0.9954138,0.974973,0.9925099,0.98977584,0.99105054,0.990857,0.99154675,0.9922871,0.978429,0.98743725,0.99241585,0.9923259,0.9793867,0.9857198,0.9934718,0.991433,0.9898493,0.9884047,0.9934643,0.98093504,0.97402555,0.9902497,0.97816265,0.9799389,0.9692736,0.99883294,0.99555033,0.98988956,0.9945901,0.9945107,0.98996353,0.9882547,0.9921033,0.9887711,0.9875651,0.9767594,0.99035823,0.98720855,0.9890853,0.97832066,0.977303,0.9860275,0.98104936,0.97141016,0.96482545,0.9870532,0.9862866,0.97985214,0.9750586,0.9930616,0.9891753,0.9936139,0.9900645,0.9922581,0.9905478,0.9784512,0.9860452,0.9697279,0.9887954,0.98913115,0.9813045,0.9901426,0.9867637,0.99561906,0.941243,0.98288876,0.9917319,0.9872267,0.9884016,0.99006927,0.993641,0.9936139,0.9772956,0.99148834,0.989107,0.9928511
avengers,0.99632716,0.99564683,0.9842089,0.9948968,0.98874813,0.98789054,0.9949104,0.98461324,0.9918917,0.9929472,0.9939401,0.9840443,0.99475825,0.99354935,0.9924909,0.99478966,0.9850873,0.9886157,1.0000001,0.9880799,0.989929,0.99501157,0.98663586,0.98014164,0.9716697,0.96149576,0.98653936,0.97474617,0.9940453,0.9939165,0.99214095,0.987006,0.99048907,0.9893629,0.9892622,0.9628789,0.9913334,0.9939092,0.97916406,0.98502296,0.9904238,0.99904555,0.9943178,0.99876404,0.9942854,0.9901258,0.98712766,0.9958544,0.9711424,0.99803567,0.989426,0.992873,0.9775015,0.99194735,0.9840357,0.99082416,0.9808209,0.9961796,0.99080986,0.99361825,0.9899593,0.9969115,0.9953237,0.9946525,0.9873285,0.99415344,0.98384994,0.99214643,0.9818691,0.993471,0.9916888,0.9675821,0.9972181,0.9945826,0.99008805,0.9810129,0.9658884,0.99180424,0.9886999,0.9914022,0.98225784,0.9975274,0.9954011,0.9937874,0.99296427,0.9812995,0.99607015,0.9723734,0.9957409,0.99396247,0.99068874,0.9916888,0.98846126,0.99631697,0.9809561,0.9920981,0.9850528,0.9894173,0.98634034,0.98764104,0.9931631,0.9917569,0.9763614,0.99439746,0.9952737,0.98894954,0.988143,0.9965205,0.98336256,0.9778121,0.9860574,0.98738796,0.996175,0.9690655,0.9944916,0.9915302,0.99377346,0.9959909,0.98348695,0.9921257,0.99572486,0.9954184,0.991517,0.99546975,0.98726547,0.9931886,0.97850347,0.9854831,0.9883361,0.9938026,0.98559546,0.98627687,0.95548034,0.9704679,0.9973217,0.99718446,0.99285704,0.99010175,0.9908532,0.97849435,0.9918917,0.98576003,0.9901793,0.9906472,0.987193,0.98723614,0.96510255,0.99379915,0.99649066,0.99557745,0.9919389,0.997018,0.9939173,0.9686613,0.990889,0.98966736,0.9872823,0.9950666,0.99188507,0.9914528,0.9918917,0.9794325,0.99122596,0.99414027,0.9955372
beachbummovie,0.9846607,0.98579323,0.99677384,0.98555124,0.99304146,0.99408245,0.9951336,0.99254215,0.994614,0.9768663,0.9960396,0.99286443,0.9916366,0.9925744,0.9952971,0.992736,0.9854313,0.98873717,0.9880799,1.0000001,0.994446,0.99521005,0.9967902,0.98999876,0.9893559,0.96387935,0.9872934,0.9745749,0.99631834,0.98240215,0.9923943,0.99325466,0.9945557,0.9938087,0.9877958,0.97876245,0.9970315,0.9789672,0.9953779,0.98086107,0.979027,0.99095434,0.9745676,0.98610115,0.9854238,0.99706435,0.9968852,0.98677945,0.9806807,0.9902393,0.996378,0.9968454,0.99087167,0.99073535,0.98367697,0.9896066,0.9883262,0.9943683,0.9872303,0.9951105,0.9838709,0.98780715,0.9903377,0.9940133,0.996642,0.98224205,0.9925856,0.9944747,0.9910915,0.99658084,0.99296284,0.97092485,0.9940979,0.98831683,0.99235123,0.97665185,0.95723164,0.9891313,0.9899467,0.9794503,0.9843911,0.98514265,0.99121207,0.99135065,0.9933938,0.9790128,0.9835163,0.98889154,0.9853855,0.9954208,0.98677295,0.99296284,0.99404573,0.992134,0.99398434,0.99502414,0.99430573,0.99330455,0.987684,0.98923117,0.9975722,0.9929492,0.9917779,0.9931836,0.98732334,0.99401987,0.99216247,0.9939745,0.9903076,0.98549235,0.99019754,0.9814101,0.9864262,0.97909236,0.99110997,0.9917222,0.9886884,0.98752135,0.98875606,0.99518526,0.99380744,0.9926028,0.99294776,0.9935706,0.98860914,0.99377674,0.9909013,0.9877383,0.98686296,0.97701037,0.9888102,0.9881378,0.97324353,0.9669499,0.9874975,0.99183804,0.97146726,0.98626894,0.99398047,0.9886098,0.994614,0.99743205,0.9932525,0.99404716,0.9810836,0.9923519,0.9819884,0.9910109,0.99386394,0.97954834,0.99349314,0.9884946,0.9912299,0.9555521,0.9795576,0.99356997,0.9933531,0.9887346,0.99289507,0.98797953,0.994614,0.985025,0.9966951,0.9947288,0.99181974
bernadettefilm,0.99315995,0.9890627,0.994392,0.98553705,0.9954991,0.9914587,0.9948465,0.99400485,0.9973831,0.9775386,0.9930019,0.98649997,0.9907403,0.9965924,0.9951489,0.99271244,0.99481535,0.98970366,0.989929,0.994446,0.9999999,0.99255013,0.9967253,0.9908106,0.98509115,0.96238595,0.9890846,0.98426694,0.99452674,0.97983253,0.9936147,0.9921861,0.9898328,0.9900935,0.98554695,0.9779973,0.99501926,0.98198265,0.991488,0.9825136,0.97985613,0.9914216,0.9789332,0.98906446,0.9909851,0.9915235,0.9967759,0.98658156,0.9789683,0.9907572,0.9970647,0.99346316,0.99268734,0.9920051,0.97850716,0.99446857,0.99169934,0.9921328,0.9932665,0.9943295,0.9885017,0.99282205,0.99441016,0.9922658,0.9872295,0.9846886,0.9931224,0.9910854,0.98296463,0.99646163,0.9925828,0.9648907,0.9951463,0.99614626,0.9927061,0.97810984,0.9603766,0.99355125,0.9922459,0.9809176,0.9832094,0.98322964,0.99679756,0.99023706,0.99231297,0.9778501,0.9802942,0.98766744,0.9891219,0.99506503,0.9851823,0.9925828,0.9858431,0.98884565,0.9923994,0.9945537,0.9890011,0.9943597,0.9956318,0.9894442,0.9944966,0.9938194,0.9832752,0.9931867,0.99194574,0.9949705,0.99800986,0.99472165,0.9891395,0.97634155,0.9953562,0.9793392,0.99130565,0.97761625,0.99160224,0.99412227,0.99747676,0.99074775,0.9929943,0.99392563,0.9969281,0.9877354,0.9909169,0.9929498,0.9932623,0.99637276,0.99003893,0.98633957,0.9860921,0.9795121,0.9955394,0.9836008,0.9790752,0.9724287,0.9889492,0.9931949,0.9835366,0.9832715,0.99501127,0.9822882,0.9973831,0.9972198,0.9895617,0.9925467,0.9787118,0.9896149,0.9805015,0.9892385,0.9972228,0.9873295,0.9910224,0.9898192,0.9905588,0.96011007,0.97771686,0.9911198,0.996492,0.9904542,0.99387944,0.99289256,0.9973831,0.986839,0.9965981,0.99694335,0.9965183
