movie,21bridgesmovie,47metersdown,abeautifuldaymovie,abominablemovie,adastramovie,adogsjourneymovie,aftermathmovie,aftermovie,ahiddenlifefilm,alitamovie,angelhasfallen,angrybirdsmovie,annabellemovie,annamovie,apollo11movie,arcticdogsmovie,arcticmovie,artofracingmovie,avengers,beachbummovie,bernadettefilm,blackandbluemovie,blackchristmas,blindedbythelightmovie,bombshellmovie,booksmart,breakthroughmovie,brianbanksmovie,brightburnmovie,brittanyrunsmov,captainmarvelofficial,captivestatemovie,catsmovie,charliesangels,childsplaymovie,clarathefilm,coldpursuitmovie,countdown,currentwarmovie,darkwatersmovie,detectivepikachumovie,disneyaladdin,disneyfrozen,disneymaleficent,doctorsleepmovie,dolemiteismyname,dontletgomovie,doramovie,downtonabbey_official,dumbo,escaperoom,everybodyknowsmovie,fastandfuriousmovie,fightingwmyfam,fivefeetapartfilm,fordvferrari,freaksthefilm,geminimanmovie,glassmovie,gloriabellmovie,godzillamovie,goldfinchmovie,goodboysmovie,goodliarmovie,gretafilm,halathemovie,happydeathdaymovie,harrietfilm,hellboymovie,hersmellmovie,highlifemovie,highstrungmovie,honeyboymovie,hotelmumbaifilm,httydragon,hustlemovie,hustlersmovie,isntitromantic,itmovieofficial,jayandsilentbob,johnwickmovie,jojorabbitmovie,jokermovie,judythefilm,jumanjimovie,justmercyfilm,knivesout,lalloronamovie,lastblackmansf,lastchristmasthemovie,latenightmovie,lighthousemovie,lionking,littlethemovie,littlewomenmovie,littlewoodsfilm,longshotmovie,lordsofchaosmovie,lucyintheskyfilm,mamovie2019,marriagestory,meettheaddams,meninblack,midsommarmovie,midwaymovie,missbalamovie,missinglinkfilm,motherlessbklyn,onceinhollywood,onthebasisofsex,overcomermovie,peanutbutterfalcon,petsematarymovie,piercingmovie,playingwithfire,playmobilthemovie,pomsmovie,queenandslim,rambomovie,readyornotfilm,richardjewellfilm,rocketmanmovie,scarystoriesmovie,secretlifeofpets,serenityfilm,shaftmovie,shazammovie,spidermanmovie,spiesindisguise,starwars,stormboymovie,stubermovie,taosdfilm,teenspiritmov,terminator,theaeronautsmov,thebestofenemies,thedeaddontdie,thefarewell,thehighwaymen,thehummingbirdprojectfilm,theintrudermovie,theirishmanfilm,thekitchenmovie,thelegomovie,themustangfilm,thenightingalefilm,theprodigymovie,thesunisalsoastar,theupsidefilm,tolkienmovie,toystory,triplefrontier,uglydolls,uncutgems,underthesilverlake,usmovie,wavesmovie,whatmenwant,wonderparkmovie,wrinklestheclown,xmenmovies,yardiefilm,yesterdaymovie,zombieland
21bridgesmovie,1.0,0.98744845,0.99329287,0.97773725,0.9851221,0.9769776,0.99776566,0.98417526,0.9919787,0.9701586,0.9986203,0.9852865,0.99517846,0.99248,0.99443245,0.99396366,0.99586755,0.98861414,0.9970373,0.99643433,0.9913677,0.9879042,0.9907657,0.99332654,0.98538053,0.9850217,0.98785645,0.9950107,0.9926995,0.97450244,0.98908734,0.9734705,0.9905397,0.9840255,0.9763971,0.97080964,0.9916275,0.9946895,0.99374896,0.98387533,0.9964358,0.9969465,0.98938745,0.9910697,0.9908843,0.9935589,0.9914923,0.976671,0.9925661,0.99436814,0.9936206,0.99080515,0.9810418,0.9870173,0.9823117,0.991713,0.9854449,0.99525625,0.9868537,0.97885466,0.98475105,0.9807386,0.98712164,0.99393886,0.9916021,0.993483,0.98158175,0.99215996,0.9906782,0.9938205,0.9862961,0.96973354,0.9876597,0.9919483,0.9846312,0.9725383,0.9750014,0.9842166,0.9965325,0.9790107,0.99298763,0.99225116,0.9870825,0.987254,0.99487656,0.9788649,0.9826818,0.9957652,0.9903655,0.98947245,0.98281586,0.9862961,0.9889591,0.98626626,0.99677986,0.99812925,0.99043703,0.98898906,0.98786294,0.9852598,0.9916533,0.98565704,0.9967356,0.9824909,0.9598132,0.993268,0.9909092,0.99393576,0.9889449,0.9790418,0.9904942,0.98413396,0.98600644,0.96436894,0.99085075,0.98952943,0.9993865,0.9883169,0.9921772,0.9955392,0.9920885,0.9910369,0.9819024,0.96193063,0.9904473,0.986941,0.9908518,0.9941824,0.98996586,0.9877927,0.9936283,0.985111,0.9932679,0.96432805,0.9958901,0.9810664,0.9963919,0.98185515,0.98811054,0.99292916,0.9919787,0.99180037,0.991453,0.9864894,0.97562903,0.9910645,0.9781244,0.9675482,0.9874336,0.9930484,0.9964265,0.993753,0.99138784,0.9829431,0.9722909,0.98401177,0.9759993,0.9880009,0.9907074,0.9926068,0.9919787,0.9801526,0.9954717,0.9897901,0.98907477
47metersdown,0.98744845,1.0,0.9817121,0.9827472,0.98040295,0.98857546,0.98502415,0.97858554,0.9871346,0.972657,0.9843244,0.986884,0.9924974,0.98635536,0.98170966,0.991005,0.99616814,0.9793123,0.9849473,0.9880772,0.9873244,0.987035,0.99286467,0.9855012,0.96503615,0.9853314,0.9912028,0.9855686,0.99207866,0.9825359,0.9789562,0.9751087,0.99670595,0.9907199,0.98913854,0.9850163,0.9832541,0.99638474,0.99257797,0.986978,0.97608244,0.982404,0.9778575,0.9879192,0.9833987,0.9874875,0.99128807,0.9787786,0.9832127,0.9860598,0.9884832,0.9867866,0.9803232,0.97615707,0.97419,0.9893471,0.9923922,0.9865122,0.990967,0.98393595,0.9829573,0.9831459,0.98795223,0.98940134,0.98791003,0.97520995,0.9922904,0.9801926,0.9851088,0.97813916,0.9869192,0.9844199,0.99712276,0.98119193,0.9943212,0.9786399,0.9844472,0.99042493,0.9893982,0.9789545,0.9774037,0.98638475,0.98111767,0.99396574,0.99069566,0.96253324,0.97657394,0.9943604,0.9842759,0.9934907,0.9902291,0.9869192,0.98257095,0.9966798,0.98585826,0.981671,0.98193026,0.9844996,0.9705383,0.9928373,0.98497105,0.98908293,0.98510796,0.9821474,0.9779615,0.9852531,0.985342,0.98522824,0.9690254,0.9834313,0.99001163,0.9847408,0.97802013,0.980173,0.9835341,0.98456216,0.9897676,0.9930197,0.981866,0.98575056,0.991035,0.98816967,0.9746334,0.98278266,0.9790528,0.9961636,0.9927187,0.991551,0.9793927,0.9842945,0.98183674,0.9711149,0.9866558,0.97598064,0.99082416,0.9867953,0.99466187,0.9779841,0.98687416,0.98279893,0.9871346,0.9899999,0.99278563,0.97501767,0.98680437,0.98842126,0.98567766,0.9833753,0.97839594,0.9878154,0.98901576,0.9815755,0.98502314,0.99230653,0.98119104,0.98250794,0.98690104,0.98662835,0.9904262,0.9886812,0.9871346,0.99229085,0.98964906,0.9838039,0.99220866
abeautifuldaymovie,0.99329287,0.9817121,1.0,0.9733291,0.9894919,0.9757468,0.99122083,0.975362,0.99093235,0.9816004,0.9959236,0.9903379,0.9894752,0.98983747,0.9889268,0.9886312,0.98761815,0.9892608,0.9930275,0.99154985,0.97916114,0.9960256,0.98853844,0.98202485,0.98817635,0.98978007,0.98901457,0.98997116,0.9958909,0.98432046,0.98813766,0.978869,0.9856524,0.99048406,0.98654103,0.9749001,0.9850429,0.99368006,0.99667007,0.98793393,0.9926542,0.9924505,0.97995585,0.9848365,0.9951863,0.99508625,0.99344426,0.9662494,0.97871524,0.9875244,0.99833107,0.9847595,0.99353564,0.9850182,0.97229266,0.9927083,0.97596496,0.9908713,0.98264974,0.98394203,0.9809998,0.97720087,0.99467915,0.9930903,0.98114747,0.97726524,0.98424286,0.9880356,0.9912302,0.9802684,0.989088,0.971161,0.9853046,0.9900003,0.9833146,0.97838986,0.97979665,0.9833473,0.98859096,0.9747125,0.9949614,0.98510885,0.97588784,0.97815734,0.9945388,0.9666909,0.98910874,0.9935737,0.98215306,0.98611474,0.98407865,0.989088,0.97927123,0.98129845,0.9967346,0.9949949,0.9895796,0.98062855,0.9687527,0.98501474,0.98696196,0.9915151,0.99653697,0.9891378,0.9552991,0.9991348,0.9908544,0.9853258,0.9766333,0.9895514,0.988501,0.9742549,0.9945337,0.96970177,0.979688,0.99196935,0.99463254,0.9817171,0.9939564,0.98929644,0.9842955,0.986827,0.9773451,0.96204305,0.99272966,0.97504747,0.98778,0.9955246,0.9933487,0.9801921,0.9794702,0.9862534,0.9880316,0.9742312,0.9944596,0.98276854,0.99040365,0.9806922,0.98662376,0.9844169,0.99093235,0.99664235,0.99085397,0.97934955,0.96957546,0.9944581,0.98517495,0.97844964,0.9823507,0.9892321,0.9947483,0.98913985,0.97790074,0.9808443,0.98185426,0.98271483,0.9840039,0.9891827,0.98922884,0.99535334,0.99093235,0.984666,0.99045,0.987227,0.99395627
abominablemovie,0.97773725,0.9827472,0.9733291,1.0,0.9876782,0.99083364,0.98119146,0.9850568,0.98371166,0.97984165,0.9789983,0.987501,0.9880033,0.9812143,0.9798105,0.97876155,0.98515844,0.9854179,0.98443586,0.9820228,0.98300606,0.974343,0.9873906,0.98582315,0.9835622,0.98784304,0.98937017,0.9843464,0.97736156,0.97571355,0.98887676,0.9867893,0.9778753,0.97414047,0.97632384,0.9897502,0.9898412,0.9827286,0.9854926,0.9910078,0.97722006,0.98420596,0.9906078,0.9934688,0.9853624,0.9875056,0.9849512,0.991087,0.98074883,0.99090075,0.97370934,0.9754832,0.9811491,0.970685,0.9871515,0.9859813,0.99060684,0.9839776,0.99432147,0.9811594,0.9946782,0.99048835,0.9826086,0.99226606,0.96372145,0.96688473,0.9734816,0.97461116,0.9919502,0.96953744,0.9833576,0.99271935,0.9872714,0.983759,0.9937958,0.9920993,0.98701125,0.9926064,0.9823687,0.99320287,0.98051643,0.9913107,0.9925979,0.98264396,0.9851548,0.97840214,0.9845774,0.98207873,0.9877869,0.98822284,0.9828982,0.9833576,0.98512834,0.9915345,0.97992015,0.9776914,0.99293417,0.9826863,0.97686225,0.9927539,0.98819417,0.98385155,0.9710571,0.9839737,0.9802923,0.9719356,0.9885289,0.98783827,0.978334,0.9823663,0.98420274,0.99373156,0.96832955,0.98687,0.97042716,0.9895218,0.9797186,0.9901229,0.9795056,0.9793357,0.9870299,0.9834394,0.98436683,0.98310924,0.97915065,0.9898054,0.99108475,0.98968834,0.9867526,0.9957883,0.97629553,0.98467165,0.9658255,0.978959,0.98268646,0.98149985,0.9853027,0.9748135,0.9869447,0.9878873,0.98371166,0.97370195,0.9910821,0.9906436,0.9949193,0.98360676,0.9905727,0.97665447,0.9898708,0.993179,0.9824755,0.9887764,0.98307633,0.99263996,0.9849709,0.9861192,0.97934383,0.99083245,0.9923559,0.986615,0.98371166,0.98843825,0.98245174,0.9885636,0.9862961
adastramovie,0.9851221,0.98040295,0.9894919,0.9876782,1.0000001,0.9892753,0.9900805,0.9902869,0.9931359,0.994652,0.98755527,0.99532723,0.98974884,0.9937509,0.9877238,0.9853014,0.98606545,0.99843186,0.9930816,0.9912389,0.9834258,0.9876275,0.9904349,0.98517805,0.99042505,0.9921285,0.9964518,0.9914383,0.9898923,0.9915116,0.9966726,0.99667615,0.97698754,0.9880935,0.9840327,0.98149246,0.9928492,0.98941016,0.9927291,0.9982445,0.98881775,0.9918737,0.990189,0.99420786,0.99551857,0.9948922,0.9937709,0.9838835,0.98492885,0.9936699,0.98883677,0.9879358,0.99017423,0.9832756,0.9845583,0.99684536,0.98116994,0.9909229,0.9915307,0.9945079,0.9935036,0.9914521,0.9934708,0.99354863,0.9754385,0.96791446,0.9806825,0.98891175,0.99383277,0.9682865,0.99630976,0.97811127,0.98855835,0.9908697,0.992242,0.99502194,0.978833,0.9942981,0.98719865,0.99113923,0.9865909,0.98822814,0.98548335,0.98511815,0.9935667,0.9813095,0.98446363,0.9905731,0.9911523,0.99087656,0.9897856,0.99630976,0.9918344,0.9884628,0.9895928,0.98984945,0.9965127,0.98883843,0.9723181,0.99324083,0.9868946,0.9959598,0.9815995,0.99510837,0.98130256,0.98848057,0.9942462,0.9890524,0.9827514,0.99215126,0.99099654,0.9857344,0.9882941,0.9808144,0.9826592,0.9889101,0.98849136,0.9891122,0.99077743,0.98990196,0.99020797,0.9923008,0.98831946,0.9783065,0.99537605,0.98258305,0.9932943,0.9952475,0.995911,0.9901579,0.9799534,0.9956787,0.9780362,0.98921096,0.99377376,0.99085885,0.9846697,0.98824096,0.9964523,0.9893037,0.9931359,0.98833597,0.9923589,0.9851088,0.9875581,0.99559474,0.993912,0.98352367,0.98994195,0.9939072,0.99092996,0.9908024,0.9858261,0.9826813,0.99106616,0.99689704,0.99042904,0.9987883,0.99635285,0.99785185,0.9931359,0.9876359,0.9900189,0.9934601,0.99469787
adogsjourneymovie,0.9769776,0.98857546,0.9757468,0.99083364,0.9892753,1.0000001,0.9794697,0.9841113,0.988999,0.9889894,0.9765669,0.99504113,0.9838525,0.98499167,0.9809668,0.98397374,0.987281,0.98638844,0.98242563,0.98515165,0.978964,0.9836518,0.9936408,0.98425156,0.97142154,0.98176146,0.9923645,0.9852483,0.9867935,0.9905373,0.98865485,0.9934653,0.97813916,0.9874945,0.98672503,0.98231226,0.9861295,0.98632205,0.9867407,0.992051,0.9724568,0.98301023,0.98126525,0.988921,0.98805887,0.9846709,0.9931822,0.99339795,0.9806677,0.98684216,0.9818273,0.9860176,0.9836245,0.98257846,0.97614264,0.987209,0.9820046,0.98829156,0.9948025,0.9923064,0.98840064,0.99360466,0.98480135,0.98823994,0.9722218,0.96666276,0.9847834,0.9817442,0.9906341,0.96258765,0.9910772,0.98471546,0.98869824,0.9878856,0.9978098,0.99343854,0.9790707,0.9914617,0.98223007,0.98760027,0.97808295,0.9811779,0.9845412,0.98771393,0.98931885,0.9724566,0.9778179,0.98488253,0.98682356,0.9964458,0.9953487,0.9910772,0.9846387,0.9971748,0.9821945,0.97745967,0.98886645,0.98595893,0.9630183,0.9984635,0.9767788,0.98864955,0.9717724,0.99086344,0.9892587,0.9791149,0.9909591,0.9844273,0.96835893,0.98776376,0.9920772,0.9837867,0.9795779,0.980875,0.97206014,0.9830903,0.9804549,0.9966977,0.98606735,0.97756577,0.9888745,0.99202645,0.98335326,0.99681133,0.9826134,0.99125546,0.9964822,0.9891467,0.98227906,0.98701304,0.9731851,0.97750443,0.9738257,0.9861935,0.9882891,0.9922884,0.98238915,0.98867226,0.9911879,0.97963613,0.988999,0.9842755,0.98993444,0.98057115,0.99601233,0.9892195,0.9910845,0.99264556,0.988767,0.99147904,0.98038304,0.98032093,0.9824436,0.9864877,0.9943292,0.9900788,0.99094886,0.9924505,0.99259317,0.9891936,0.988999,0.98974544,0.98549294,0.99153495,0.9922015
aftermathmovie,0.99776566,0.98502415,0.99122083,0.98119146,0.9900805,0.9794697,1.0000001,0.9916603,0.99560887,0.97656125,0.9960874,0.9855642,0.99686277,0.99729013,0.996262,0.9949012,0.99448,0.9946557,0.9986494,0.99713004,0.99563247,0.98597986,0.9918851,0.995797,0.9878244,0.9863226,0.9899066,0.99795187,0.9912117,0.9786157,0.99368453,0.97975385,0.98577994,0.98166907,0.9727843,0.9698144,0.9964927,0.9930156,0.9924108,0.98813164,0.99821967,0.9967688,0.9925179,0.9944507,0.9926539,0.9944575,0.9918461,0.9808646,0.99668545,0.99708444,0.9908065,0.99409294,0.9790419,0.98524356,0.9894883,0.9939936,0.9877638,0.9951176,0.9895689,0.98505497,0.99118334,0.9876306,0.9879416,0.9944982,0.9907841,0.9892966,0.9824932,0.9954867,0.9908407,0.9869016,0.9908892,0.96783006,0.9878024,0.9936898,0.98573536,0.9794574,0.9710694,0.9895104,0.99833715,0.98582554,0.99040043,0.9943203,0.9918772,0.98976165,0.9950547,0.9885322,0.97800565,0.99583375,0.99583936,0.9908371,0.9859256,0.9908892,0.99496835,0.9869036,0.9944299,0.9983616,0.993815,0.99288243,0.9903988,0.98715776,0.99244183,0.9890456,0.9922002,0.98531646,0.9700686,0.9902085,0.99307764,0.99712783,0.9949802,0.9786272,0.9928937,0.98570025,0.9855654,0.9647892,0.9938472,0.98656803,0.99864477,0.9890382,0.99283373,0.9987827,0.9960226,0.9944237,0.9895794,0.96308994,0.9945678,0.9878475,0.99233735,0.99430335,0.9906205,0.98904365,0.9967571,0.98951936,0.99320227,0.9707299,0.99593365,0.98664063,0.99354964,0.9866936,0.994104,0.9958238,0.99560887,0.9886113,0.9917126,0.9880779,0.9797535,0.9936328,0.97959197,0.967166,0.9902106,0.9940607,0.99602294,0.9931262,0.99599326,0.9825093,0.9742978,0.9909963,0.98033273,0.99285394,0.99305636,0.99441814,0.99560887,0.9789417,0.99817806,0.9926135,0.9897927
aftermovie,0.98417526,0.97858554,0.975362,0.9850568,0.9902869,0.9841113,0.9916603,0.9999999,0.9923559,0.98210424,0.9835256,0.9814177,0.9911597,0.9920576,0.99262655,0.989842,0.9888982,0.9943569,0.9931403,0.99319506,0.9942834,0.9750899,0.9899466,0.99450535,0.9806743,0.9767465,0.9907261,0.99470115,0.98136896,0.97977513,0.99054813,0.9850159,0.9708903,0.9713643,0.96398246,0.96951514,0.9976138,0.98373777,0.9817385,0.98784447,0.98642343,0.9889817,0.99331623,0.9960985,0.9876594,0.9892643,0.9868809,0.99062914,0.99504095,0.99575835,0.97651714,0.9877165,0.96821076,0.9821411,0.9964752,0.988084,0.9854511,0.9854701,0.98641896,0.9879217,0.99581295,0.9951856,0.98235786,0.9890751,0.97639716,0.9757594,0.977212,0.985871,0.9876873,0.97211593,0.9922553,0.9665607,0.9824,0.988689,0.9860658,0.9841714,0.96044624,0.9919077,0.98821604,0.9961796,0.9761289,0.9921344,0.9943819,0.9928885,0.9845416,0.99439406,0.9668885,0.98812,0.993005,0.9895457,0.9858835,0.9922553,0.9967494,0.9867184,0.9840651,0.988022,0.99260145,0.9978912,0.9828247,0.98687524,0.98827493,0.98480004,0.9708935,0.9873548,0.98576695,0.9747428,0.9919337,0.99576813,0.99284583,0.96981144,0.99136776,0.990016,0.9693524,0.97026557,0.9866846,0.97801834,0.9869945,0.9905576,0.98471504,0.99302566,0.99618775,0.99100894,0.9962646,0.9728976,0.9856009,0.98841184,0.9909506,0.9870276,0.98231304,0.9895414,0.992579,0.9901753,0.9820002,0.97948706,0.98652285,0.9893166,0.9805149,0.9826308,0.99530077,0.9952957,0.9923559,0.9755403,0.9892618,0.9894055,0.9903887,0.9856896,0.9811758,0.9655145,0.9923201,0.99229515,0.98849094,0.9869838,0.99661136,0.9742857,0.97763836,0.99696565,0.98014003,0.99372375,0.9887724,0.9882952,0.9923559,0.97741157,0.9913743,0.99397165,0.98378026
ahiddenlifefilm,0.9919787,0.9871346,0.99093235,0.98371166,0.9931359,0.988999,0.99560887,0.9923559,1.0,0.98909235,0.9916051,0.9917238,0.9945522,0.9973609,0.99671507,0.9973042,0.993346,0.9961082,0.9960824,0.99674964,0.9923029,0.99293005,0.9979175,0.9949436,0.9840357,0.984923,0.9932351,0.9985905,0.99536365,0.99130136,0.99448615,0.9877977,0.9821911,0.98661274,0.98081917,0.9733759,0.996201,0.9932164,0.9931522,0.9920002,0.99215466,0.99329907,0.9867855,0.9931184,0.9973167,0.9946292,0.9975545,0.986236,0.9924201,0.9946012,0.9925785,0.9949176,0.9848593,0.9899221,0.9878179,0.9930914,0.9854461,0.9940751,0.9917069,0.9950293,0.99349666,0.9954178,0.99257296,0.99515456,0.98478466,0.9811613,0.99193287,0.9947087,0.99383795,0.97557366,0.9973932,0.97176045,0.9880249,0.99722046,0.9909707,0.9884432,0.9716526,0.99324524,0.994807,0.98975074,0.989753,0.99103457,0.9912095,0.9915808,0.9953497,0.9869966,0.9782684,0.99549973,0.9941364,0.99682164,0.9961755,0.9973932,0.99171627,0.99176025,0.9943023,0.9949145,0.994951,0.99453187,0.977035,0.9938343,0.9883753,0.99354964,0.9872176,0.99441695,0.98051405,0.991384,0.99789286,0.9960958,0.98748666,0.98379415,0.9991299,0.98212206,0.98901635,0.970365,0.9855509,0.9863772,0.9950663,0.99365425,0.9973001,0.99436367,0.99726325,0.9975881,0.99480945,0.9773945,0.9944897,0.98840386,0.99694026,0.9951239,0.9879004,0.98557115,0.99123555,0.9867967,0.9937778,0.9831648,0.9952865,0.996842,0.98906296,0.9926971,0.9977582,0.99142176,1.0,0.9917738,0.9943629,0.98708946,0.9863174,0.99699754,0.986142,0.98196286,0.9934048,0.9950532,0.99358994,0.9873318,0.9927345,0.9833734,0.98745316,0.9949678,0.99200153,0.99656117,0.9932933,0.9956985,1.0,0.9851602,0.9985555,0.9971639,0.99534583
alitamovie,0.9701586,0.972657,0.9816004,0.97984165,0.994652,0.9889894,0.97656125,0.98210424,0.98909235,0.99999994,0.97465354,0.99257594,0.97823304,0.9847933,0.9800146,0.9793167,0.9755116,0.9914159,0.9819721,0.9824577,0.97053325,0.98727196,0.98772687,0.9748716,0.97831315,0.9814372,0.9912972,0.9834694,0.9860159,0.99677604,0.9880422,0.99580765,0.96347433,0.9844284,0.9837978,0.97609705,0.9835198,0.98082787,0.9848044,0.9932302,0.9739736,0.9793326,0.97465146,0.98350435,0.9923125,0.9870113,0.9910349,0.9790047,0.9706539,0.9818511,0.9826345,0.97904277,0.98812217,0.98018056,0.9740138,0.98694813,0.968563,0.9799932,0.98303294,0.99639916,0.98672724,0.9902547,0.9906913,0.9853907,0.9592646,0.9496628,0.9821875,0.9786122,0.98817647,0.94733906,0.994912,0.9721611,0.9790404,0.9856628,0.9877295,0.9949568,0.96968067,0.9889102,0.9737049,0.986384,0.9774123,0.97580254,0.974855,0.97780114,0.98439527,0.9703257,0.97626585,0.9816559,0.97910094,0.98751616,0.99133974,0.994912,0.97867537,0.98330307,0.98139197,0.97803926,0.9887751,0.9819962,0.94773746,0.9903521,0.9742295,0.99213976,0.9677186,0.99692607,0.98209435,0.9818947,0.99079174,0.97887725,0.9658281,0.988527,0.9887207,0.9722813,0.9833621,0.97809094,0.9644526,0.9801099,0.97597647,0.98403734,0.9870704,0.97674185,0.9821859,0.98592895,0.9853601,0.983142,0.9864045,0.97253853,0.9884987,0.9873013,0.98432195,0.97656083,0.9650177,0.9849103,0.97045666,0.9944166,0.9838808,0.9928406,0.9701974,0.98462313,0.9912405,0.97594684,0.98909235,0.9834276,0.9865252,0.9751502,0.9843351,0.9902029,0.9922582,0.9900448,0.9841768,0.98572445,0.9803742,0.97576183,0.972675,0.9730346,0.99639845,0.99237883,0.9941543,0.9938007,0.9867371,0.99051553,0.98909235,0.98545855,0.9812896,0.9894838,0.9918029
angelhasfallen,0.9986203,0.9843244,0.9959236,0.9789983,0.98755527,0.9765669,0.9960874,0.9835256,0.9916051,0.97465354,1.0000001,0.9871787,0.9940165,0.99020827,0.9949909,0.9925078,0.993962,0.98966384,0.99775195,0.9965753,0.98794526,0.9903958,0.9905866,0.9915845,0.9904751,0.98638856,0.98945826,0.9947254,0.9931011,0.97634554,0.9894828,0.9755851,0.98768014,0.9839572,0.9787231,0.97477096,0.9916547,0.9940729,0.9948122,0.9852833,0.9964775,0.9977219,0.99003965,0.9913632,0.9938397,0.9962873,0.9922432,0.97597796,0.98844767,0.99445313,0.9945468,0.98613465,0.9860656,0.98911554,0.9829488,0.9916537,0.9827545,0.9935899,0.98464495,0.9792042,0.9857299,0.98066163,0.9904558,0.9957871,0.984576,0.99012345,0.9803913,0.98882246,0.99386436,0.9931041,0.98727185,0.97276795,0.98580664,0.99265414,0.98442066,0.97463524,0.9778126,0.9840695,0.992754,0.98127586,0.9959732,0.99299365,0.9861215,0.98457956,0.9937389,0.9772379,0.9887592,0.9949272,0.9869238,0.98817027,0.9818415,0.98727185,0.98612255,0.9843631,0.9988113,0.99863374,0.99275917,0.9886115,0.98338187,0.98499566,0.99371004,0.9863531,0.9960897,0.9866426,0.9567669,0.994951,0.99304384,0.99325854,0.9874046,0.9815804,0.99001706,0.9850263,0.9862651,0.96968496,0.9855176,0.99384856,0.99806446,0.9871096,0.99347556,0.99390465,0.9898537,0.98835117,0.9829458,0.9625951,0.98992646,0.98311687,0.9902591,0.9955412,0.9929662,0.98879516,0.9900645,0.9894006,0.99033046,0.96823466,0.99464244,0.980468,0.99442554,0.97864544,0.9872111,0.993537,0.9916051,0.9925113,0.99334866,0.9896848,0.97584873,0.99072915,0.98247653,0.96982175,0.9893658,0.9944193,0.99779713,0.99594396,0.98763067,0.9818143,0.9766662,0.9843834,0.97658986,0.9890808,0.99002576,0.99363,0.9916051,0.9831337,0.9930928,0.99137807,0.9902089
angrybirdsmovie,0.9852865,0.986884,0.9903379,0.987501,0.99532723,0.99504113,0.9855642,0.9814177,0.9917238,0.99257594,0.9871787,1.0000001,0.98666406,0.98916703,0.9850171,0.9854656,0.9881562,0.99174315,0.9889727,0.9895388,0.97731113,0.99263984,0.9934346,0.9831151,0.9839918,0.99038386,0.99507636,0.98832846,0.9937723,0.99314475,0.99360883,0.9951577,0.98265874,0.9948217,0.99320066,0.9839359,0.98709047,0.99163514,0.99480313,0.9956745,0.9832941,0.9907472,0.9838863,0.98965967,0.9952121,0.9920979,0.99715704,0.9853291,0.979872,0.9895007,0.99283636,0.9877845,0.9952251,0.9876651,0.97392917,0.9939058,0.97890574,0.99370795,0.99371207,0.99294716,0.9872473,0.98882127,0.9927006,0.993163,0.97647184,0.9713894,0.98496014,0.9875398,0.9953904,0.9707335,0.99358815,0.98410565,0.9900593,0.99212146,0.9961681,0.9932938,0.98528033,0.9905204,0.9857461,0.98426133,0.98976606,0.98335254,0.9812701,0.9835215,0.9957798,0.97029424,0.9894906,0.9899246,0.98706377,0.99491924,0.99363613,0.99358815,0.98456204,0.9934207,0.9914553,0.98705196,0.99328244,0.9843818,0.96517044,0.99722856,0.98176706,0.9941548,0.9851084,0.9949479,0.97744066,0.9920237,0.9941053,0.98517776,0.97177386,0.99671733,0.9923888,0.982054,0.9924229,0.9812213,0.9760115,0.99161917,0.98780483,0.99328303,0.9930618,0.98292387,0.9872502,0.99290246,0.98142374,0.98801464,0.9917387,0.9851128,0.99616313,0.99560446,0.99347806,0.98805535,0.97391766,0.98637116,0.9784372,0.9863269,0.99494356,0.99051887,0.98758084,0.99015087,0.99207646,0.9824191,0.9917238,0.9939284,0.99269164,0.9822977,0.9881473,0.9955754,0.9946347,0.99388576,0.9892667,0.9939921,0.98815024,0.9880693,0.9803005,0.9870069,0.9958195,0.9903675,0.9919855,0.99517334,0.99590117,0.9964357,0.9917238,0.9917298,0.98837143,0.99283916,0.9972795
annabellemovie,0.99517846,0.9924974,0.9894752,0.9880033,0.98974884,0.9838525,0.99686277,0.9911597,0.9945522,0.97823304,0.9940165,0.98666406,0.99999994,0.99515265,0.99330395,0.99567205,0.9972468,0.9920378,0.9966774,0.9956495,0.9972263,0.9877471,0.9942753,0.9948579,0.984771,0.99116206,0.99401534,0.9960718,0.992249,0.9815219,0.99012506,0.9797954,0.9922586,0.98427886,0.9801765,0.9832144,0.9959017,0.99664944,0.99528986,0.99177086,0.99250776,0.99276966,0.9915168,0.99672633,0.99193907,0.9965695,0.9926266,0.98200047,0.99338245,0.99666256,0.99016243,0.9900718,0.98230207,0.9801318,0.99146533,0.9950862,0.99619395,0.9911778,0.99235094,0.9866994,0.9945243,0.9897787,0.9925272,0.9970553,0.9880701,0.98274845,0.98862815,0.9886388,0.9919473,0.9852264,0.9920901,0.9807416,0.99473214,0.98978984,0.99148166,0.9836639,0.98172605,0.99537313,0.9967261,0.99015844,0.98727924,0.9978847,0.9931049,0.9944156,0.99403256,0.9830403,0.9816182,0.9980938,0.9937272,0.99268055,0.9883691,0.9920901,0.99290884,0.992376,0.99274445,0.99390036,0.9935113,0.99267435,0.98667324,0.99124724,0.99688774,0.99243647,0.9901671,0.9871926,0.97670823,0.9886283,0.9930171,0.99656975,0.9899115,0.98206013,0.9933528,0.99159324,0.9810238,0.9788967,0.9912325,0.990448,0.99707353,0.9915308,0.9891333,0.9975211,0.9973309,0.991858,0.9890048,0.97115105,0.9897665,0.9936626,0.99394596,0.99667376,0.98965883,0.99201167,0.9943259,0.98800474,0.99154884,0.9779552,0.99422884,0.98892176,0.9965868,0.98103076,0.99424726,0.99647826,0.9945522,0.9887522,0.996802,0.9887046,0.98670244,0.99324286,0.98698175,0.97338533,0.98860705,0.9948297,0.9974674,0.99281937,0.9945316,0.9912796,0.9794159,0.99123794,0.9854099,0.99418044,0.9945615,0.99472225,0.9945522,0.98896396,0.99694175,0.9916954,0.9930417
annamovie,0.99248,0.98635536,0.98983747,0.9812143,0.9937509,0.98499167,0.99729013,0.9920576,0.9973609,0.9847933,0.99020827,0.98916703,0.99515265,1.0000001,0.99258024,0.9939061,0.9919916,0.9969739,0.9954665,0.9946987,0.9935912,0.98787355,0.9930467,0.99202967,0.9830557,0.988288,0.9924237,0.9962449,0.9927849,0.9878185,0.99485475,0.98703694,0.98407894,0.98692834,0.9780306,0.9709687,0.99489415,0.99305326,0.9926445,0.9930392,0.99374884,0.9924482,0.9878545,0.9932002,0.9931088,0.99291307,0.99392694,0.98112786,0.9944464,0.99441254,0.99111813,0.9973955,0.9811445,0.98255575,0.9862293,0.9963357,0.98684216,0.99412566,0.9923324,0.99333906,0.9919401,0.9913149,0.9902354,0.992401,0.9909114,0.97927976,0.98762965,0.9970054,0.9888414,0.9745846,0.9956363,0.9680447,0.99047065,0.99250925,0.9891261,0.98681945,0.9707152,0.99361265,0.9971674,0.9863757,0.98537534,0.9898796,0.9886539,0.9910737,0.99618196,0.9865721,0.9734958,0.9956954,0.9969869,0.99326456,0.99200296,0.9956363,0.9957441,0.9896003,0.9905943,0.9942429,0.9927067,0.99185205,0.98224634,0.9911771,0.9871421,0.99473935,0.98816895,0.98863864,0.98099035,0.9898178,0.9927457,0.99389774,0.98963094,0.98400265,0.99476415,0.98176396,0.9894886,0.96707404,0.9936032,0.9823296,0.9955904,0.9898829,0.99249566,0.99716294,0.99652433,0.99740803,0.9899735,0.9701717,0.99733675,0.98801845,0.99392915,0.9941186,0.98941123,0.9854501,0.9921026,0.9876994,0.99195415,0.9798437,0.9967144,0.9933717,0.9902791,0.99283326,0.9982638,0.99106926,0.9973609,0.9899278,0.99086994,0.98132783,0.98255473,0.997428,0.9831849,0.975941,0.98745334,0.99182236,0.99290645,0.98731744,0.99437386,0.9832976,0.98053914,0.99523544,0.989443,0.9961524,0.9951715,0.99637485,0.9973609,0.9812464,0.9983831,0.992087,0.9933564
apollo11movie,0.99443245,0.98170966,0.9889268,0.9798105,0.9877238,0.9809668,0.996262,0.99262655,0.99671507,0.9800146,0.9949909,0.9850171,0.99330395,0.99258024,1.0,0.99691266,0.9934182,0.992682,0.9978349,0.99840933,0.9927093,0.9880925,0.99479085,0.9975722,0.9861092,0.9775252,0.98888534,0.99919975,0.9911237,0.9805647,0.99096453,0.9788295,0.9783384,0.97750676,0.9708751,0.9673003,0.9967452,0.9898159,0.9889128,0.98408484,0.99432623,0.99572194,0.98998404,0.9926641,0.9948933,0.99388605,0.99321455,0.9852987,0.99371713,0.9956698,0.98904145,0.98960894,0.9781531,0.9931235,0.9908237,0.9877302,0.9821188,0.9920195,0.98466027,0.98544383,0.99095416,0.9908971,0.9875135,0.99419165,0.98139995,0.9891908,0.9839325,0.99092025,0.99345785,0.9851337,0.9917442,0.96576303,0.9810799,0.9968131,0.98422664,0.9780405,0.96490246,0.986424,0.99261063,0.9887551,0.9911816,0.99305683,0.9926025,0.9893823,0.99046046,0.9893717,0.9780703,0.9930589,0.9903487,0.9921951,0.98807317,0.9917442,0.98993725,0.985901,0.9960529,0.9973737,0.9940104,0.9962829,0.982277,0.9866456,0.9910953,0.9847469,0.986529,0.9903103,0.9688541,0.98856807,0.9968976,0.9980449,0.992084,0.9735106,0.9959132,0.9840388,0.9811249,0.9645939,0.9838945,0.9866604,0.99542326,0.9910556,0.9957481,0.99446774,0.9953637,0.99268395,0.9947205,0.96834946,0.9889568,0.98532057,0.9930203,0.9919382,0.9856862,0.9864343,0.99496704,0.9878121,0.9933719,0.9729436,0.9915845,0.9888974,0.9875698,0.9845278,0.992182,0.99503255,0.99671507,0.9872762,0.9926906,0.9925727,0.98199666,0.98994946,0.9796199,0.9696152,0.99535507,0.99523133,0.99463373,0.9905636,0.99352884,0.9761176,0.97909564,0.990509,0.9802696,0.9914024,0.98759896,0.9909834,0.99671507,0.9791772,0.9960605,0.99698496,0.98846024
arcticdogsmovie,0.99396366,0.991005,0.9886312,0.97876155,0.9853014,0.98397374,0.9949012,0.989842,0.9973042,0.9793167,0.9925078,0.9854656,0.99567205,0.9939061,0.99691266,0.99999994,0.99681556,0.9894451,0.9950367,0.9973645,0.994646,0.9916834,0.99739075,0.99593633,0.9766777,0.9798076,0.99073213,0.9975584,0.9951819,0.9852301,0.98662096,0.9767103,0.9868568,0.9840273,0.9784281,0.9719684,0.99372363,0.99485916,0.9917406,0.98556066,0.98946977,0.9909877,0.9838153,0.99121857,0.99285436,0.99307,0.9950903,0.98230976,0.992524,0.9927156,0.9917869,0.99235183,0.9787217,0.9889575,0.9867297,0.98929113,0.98767024,0.9905958,0.9870019,0.9887196,0.98935366,0.9908168,0.9903713,0.99341345,0.9878406,0.98544455,0.99362725,0.9900638,0.9903049,0.98220724,0.99347895,0.96972775,0.9882169,0.9932759,0.9880294,0.9783589,0.9693354,0.98987603,0.994435,0.9860356,0.98646826,0.99176365,0.9895749,0.9947304,0.99193084,0.9819467,0.9746197,0.99696195,0.9897249,0.99517184,0.9929577,0.99347895,0.98843044,0.9910642,0.9942571,0.9940653,0.98965126,0.99504775,0.97762525,0.98983455,0.9899267,0.9889346,0.9881152,0.9895809,0.9750655,0.99001807,0.99474376,0.9958766,0.98550177,0.9762914,0.99780184,0.9824434,0.98232543,0.9684958,0.9864845,0.984621,0.9962347,0.9929614,0.9936381,0.9947336,0.9973239,0.993854,0.9911666,0.9734972,0.9872567,0.9907291,0.99449414,0.99287754,0.9816152,0.98309416,0.9942131,0.98058915,0.9978737,0.9764834,0.9928634,0.993126,0.991185,0.9850178,0.99316543,0.99167186,0.9973042,0.99107236,0.99439013,0.98541737,0.9835212,0.99210495,0.9812716,0.9761357,0.9896155,0.9926446,0.9949009,0.9854954,0.9931681,0.9819869,0.98068553,0.9897599,0.9870622,0.9911009,0.9885039,0.991419,0.9973042,0.98462254,0.9978456,0.9939073,0.99208015
arcticmovie,0.99586755,0.99616814,0.98761815,0.98515844,0.98606545,0.987281,0.99448,0.9888982,0.993346,0.9755116,0.993962,0.9881562,0.9972468,0.9919916,0.9934182,0.99681556,1.0,0.9878601,0.99502116,0.99692845,0.99459666,0.98869497,0.99613297,0.9953114,0.9781093,0.9851868,0.9935932,0.9949892,0.99404854,0.98139185,0.98708797,0.9780628,0.9938653,0.9872753,0.9828356,0.98092806,0.9930822,0.997424,0.9942129,0.98807555,0.9885184,0.9930967,0.9892844,0.99477947,0.99031734,0.9938895,0.994303,0.98545474,0.9931371,0.99512887,0.99146026,0.99115103,0.9807286,0.9869676,0.98607796,0.9923194,0.9927502,0.9928475,0.99136806,0.98502946,0.98955405,0.9883218,0.98977363,0.9950531,0.99039835,0.98818207,0.9894202,0.98784095,0.99197054,0.9894507,0.99078995,0.97995037,0.9942277,0.9904918,0.9929879,0.9790395,0.9796652,0.99134856,0.9950205,0.9866015,0.98667663,0.9943466,0.9904774,0.9964713,0.99377084,0.97811407,0.9810403,0.9976689,0.99072874,0.9955146,0.99012774,0.99078995,0.9907443,0.99535877,0.9941475,0.99283797,0.99050456,0.993984,0.9833535,0.9924022,0.99285775,0.9889553,0.9900426,0.98698074,0.9755293,0.9894315,0.99287295,0.9951114,0.98458475,0.9807789,0.9946848,0.99086547,0.98055816,0.9768503,0.9898114,0.9895666,0.99677855,0.9958867,0.98981726,0.9942652,0.99664867,0.99283105,0.9855572,0.9780987,0.98574585,0.9964252,0.9957889,0.9950863,0.9862065,0.9910587,0.99308664,0.98285395,0.99274176,0.9748907,0.9949165,0.9882877,0.9967732,0.98208225,0.9916005,0.99366236,0.993346,0.9914325,0.99625623,0.98754054,0.98821133,0.99092686,0.9853845,0.9771217,0.9892221,0.99509084,0.9960279,0.99140596,0.9939608,0.9886468,0.98060775,0.9887653,0.9838197,0.9912126,0.99279773,0.99266386,0.993346,0.9893485,0.9956011,0.9924391,0.9924382
artofracingmovie,0.98861414,0.9793123,0.9892608,0.9854179,0.99843186,0.98638844,0.9946557,0.9943569,0.9961082,0.9914159,0.98966384,0.99174315,0.9920378,0.9969739,0.992682,0.9894451,0.9878601,1.0000001,0.9960229,0.9941405,0.98904145,0.98637277,0.9915616,0.9904813,0.9907499,0.9885623,0.99423987,0.9956366,0.98967445,0.98876816,0.99786025,0.99333405,0.9758846,0.9838634,0.97700775,0.9741908,0.99645394,0.9889716,0.99109745,0.9953908,0.9933873,0.99402416,0.9920709,0.99511606,0.99580795,0.9947332,0.9934161,0.98502636,0.99110395,0.99592423,0.98828346,0.991777,0.98468727,0.98523366,0.98932767,0.99582034,0.98230755,0.9925842,0.9908556,0.9938755,0.9949382,0.99333423,0.99115735,0.99365515,0.979796,0.97469145,0.98116964,0.99335325,0.9929911,0.9717325,0.99649817,0.9709916,0.9862711,0.9938046,0.9892361,0.9916839,0.97153425,0.993583,0.99148893,0.9919371,0.98741364,0.99048805,0.9897266,0.98714244,0.9937528,0.98922074,0.97935736,0.9918112,0.9948499,0.99143493,0.98986727,0.99649817,0.9952579,0.98715323,0.9908312,0.99364656,0.9971007,0.9925884,0.979203,0.9911976,0.9882328,0.99396366,0.9829548,0.9933843,0.98069674,0.98789835,0.9954018,0.9935859,0.9901959,0.98588693,0.99322945,0.9850278,0.9874223,0.9728156,0.98706913,0.9860328,0.9916514,0.9892863,0.9929487,0.99418944,0.993797,0.9948535,0.9930941,0.9728157,0.99703074,0.98351026,0.9934839,0.99425924,0.99371433,0.9892769,0.9875331,0.9953948,0.9839366,0.9847287,0.9942966,0.9919838,0.9851913,0.9906364,0.99809605,0.9926425,0.9961082,0.9869457,0.99155396,0.98727214,0.9857126,0.99571097,0.988228,0.9769739,0.99223,0.99440634,0.99217176,0.99090755,0.9914158,0.9799988,0.9858932,0.9978779,0.9881257,0.9984628,0.9951868,0.99696,0.9961082,0.9823752,0.9941571,0.9952234,0.9926462
avengers,0.9970373,0.9849473,0.9930275,0.98443586,0.9930816,0.98242563,0.9986494,0.9931403,0.9960824,0.9819721,0.99775195,0.9889727,0.9966774,0.9954665,0.9978349,0.9950367,0.99502116,0.9960229,0.99999994,0.9988529,0.9937738,0.9889237,0.9937572,0.9959159,0.9915999,0.9873812,0.99348384,0.9986201,0.9927037,0.98193353,0.994412,0.98339015,0.9846324,0.98323226,0.97688466,0.9757869,0.99766237,0.9938367,0.9940246,0.99050146,0.99743783,0.9983351,0.9946653,0.99654114,0.9958777,0.9976702,0.99408275,0.98396087,0.9944211,0.998542,0.9921118,0.99090064,0.983905,0.9897037,0.9914299,0.99463356,0.9869065,0.9945537,0.98905534,0.9868084,0.99330324,0.9896692,0.9916724,0.9970855,0.9853467,0.9877164,0.9829466,0.9924325,0.99519414,0.9878989,0.99324423,0.9731921,0.987976,0.9952236,0.988219,0.9825544,0.9748162,0.990841,0.99518967,0.9901319,0.9928965,0.9961049,0.9925212,0.99043137,0.99458265,0.9877023,0.9843331,0.99617755,0.9933727,0.99202234,0.98709995,0.99324423,0.993884,0.9881509,0.9971453,0.9989274,0.99675894,0.995148,0.9867175,0.9891825,0.99517846,0.9902987,0.9910919,0.99083346,0.9707911,0.9918705,0.996423,0.99775213,0.9935736,0.98167574,0.99419767,0.9894161,0.98518026,0.972664,0.9898891,0.991532,0.9979176,0.99116975,0.99452305,0.997707,0.9957202,0.99335474,0.991783,0.96865016,0.99347615,0.98759055,0.99394846,0.9963694,0.99347377,0.9921185,0.99451494,0.9939817,0.9911492,0.97640884,0.99572176,0.9877825,0.9927442,0.9846892,0.99443376,0.99764556,0.9960824,0.99025196,0.99520737,0.9926914,0.98378575,0.9935211,0.98560596,0.9718504,0.9938579,0.9970597,0.99811804,0.996181,0.9943484,0.9825649,0.98070514,0.9930604,0.9822223,0.9949846,0.99357605,0.99599487,0.9960824,0.984124,0.9965836,0.9959147,0.9919243
beachbummovie,0.99643433,0.9880772,0.99154985,0.9820228,0.9912389,0.98515165,0.99713004,0.99319506,0.99674964,0.9824577,0.9965753,0.9895388,0.9956495,0.9946987,0.99840933,0.9973645,0.99692845,0.9941405,0.9988529,1.0,0.99345636,0.9906621,0.99607664,0.9964273,0.9855608,0.9833027,0.99415195,0.99864125,0.9947698,0.9846614,0.9918806,0.9827931,0.98531795,0.9855388,0.9790853,0.9745126,0.9964131,0.99489504,0.9933423,0.98903936,0.9940033,0.99702585,0.99178416,0.99540764,0.99531144,0.9963205,0.99582577,0.9858322,0.9944527,0.9971989,0.99303174,0.9923684,0.9823927,0.993481,0.9891995,0.99319,0.9856301,0.99424785,0.9881512,0.98843974,0.99128586,0.9906373,0.99141514,0.99565274,0.9869787,0.9885421,0.9866894,0.9918792,0.994488,0.9875327,0.9945475,0.9718859,0.98835933,0.9954074,0.98948795,0.9808578,0.9720488,0.99009466,0.99415004,0.98925036,0.99061364,0.9939432,0.99090445,0.9937008,0.9939733,0.9852235,0.9815041,0.99690783,0.9915766,0.9946041,0.99030495,0.9945475,0.9928706,0.99058306,0.9974087,0.9977479,0.9944876,0.9972893,0.9824779,0.9904699,0.9926659,0.98980296,0.9896803,0.9921892,0.9736068,0.9921873,0.9968331,0.9971923,0.98990756,0.98047453,0.99652696,0.9882041,0.98460335,0.972226,0.9893638,0.9894732,0.99755377,0.9941211,0.99502605,0.9965535,0.9966981,0.99458766,0.9915822,0.97406137,0.991009,0.98979366,0.99545676,0.9953337,0.98972404,0.9899254,0.99432385,0.9902176,0.99368405,0.97768986,0.99582374,0.9903343,0.9919192,0.9859373,0.9944119,0.9958241,0.99674964,0.992133,0.99552584,0.9907609,0.9856083,0.99288124,0.9852833,0.97553515,0.99371785,0.99660593,0.9975179,0.99330395,0.994617,0.9805971,0.9827137,0.99325544,0.9842641,0.9941329,0.99212986,0.9949657,0.99674964,0.98530495,0.99673235,0.99674654,0.99249774
bernadettefilm,0.9913677,0.9873244,0.97916114,0.98300606,0.9834258,0.978964,0.99563247,0.9942834,0.9923029,0.97053325,0.98794526,0.97731113,0.9972263,0.9935912,0.9927093,0.994646,0.99459666,0.98904145,0.9937738,0.99345636,0.99999994,0.9777716,0.9907859,0.99655175,0.9769304,0.9805339,0.987861,0.9952273,0.9847739,0.9740559,0.98624504,0.97343946,0.98449665,0.97332454,0.9659276,0.97110015,0.9958955,0.98995185,0.9861627,0.98453707,0.9893994,0.9885571,0.99016434,0.99455327,0.9851992,0.9898384,0.9863894,0.98295206,0.9970619,0.99487436,0.98083335,0.98989654,0.9674789,0.97636116,0.99425304,0.9886788,0.9942565,0.9868301,0.98799336,0.98250705,0.9930386,0.98983175,0.98307765,0.99087036,0.9873928,0.9832532,0.98353046,0.9873372,0.98499763,0.9814357,0.9881627,0.9689283,0.98823225,0.98661894,0.98521245,0.9769036,0.96688634,0.9916424,0.99553645,0.9894352,0.9783975,0.99550635,0.99465376,0.99498546,0.98761964,0.9892321,0.96716297,0.99348724,0.99412113,0.9894691,0.9845656,0.9881627,0.99455875,0.98829734,0.98603046,0.9903059,0.988878,0.9943481,0.98985255,0.9854789,0.9924848,0.98486686,0.9813968,0.9802204,0.9784918,0.9785644,0.9887942,0.9969939,0.9934412,0.9684225,0.9910586,0.9889602,0.9708068,0.96737254,0.9923264,0.97962445,0.9933401,0.9891205,0.98386467,0.9968599,0.9979617,0.9904471,0.99094677,0.9650408,0.9847312,0.99307585,0.99013394,0.98910576,0.9801811,0.9878306,0.99820393,0.9826206,0.99081045,0.970536,0.98867244,0.9866753,0.9904787,0.97924376,0.9925776,0.99581206,0.9923029,0.9791444,0.99070454,0.9862778,0.98469377,0.98688895,0.9764656,0.9614562,0.986799,0.99054325,0.99208766,0.9868814,0.9981983,0.9830043,0.9694727,0.99003506,0.97845143,0.9897602,0.9888191,0.9877045,0.9923029,0.97851557,0.9957725,0.9891831,0.9846784
