movie,21bridgesmovie,47metersdown,abeautifuldaymovie,abominablemovie,adastramovie,adogsjourneymovie,aftermathmovie,aftermovie,ahiddenlifefilm,alitamovie,angelhasfallen,angrybirdsmovie,annabellemovie,annamovie,apollo11movie,arcticdogsmovie,arcticmovie,artofracingmovie,avengers,beachbummovie,bernadettefilm,blackandbluemovie,blackchristmas,blindedbythelightmovie,bombshellmovie,booksmart,breakthroughmovie,brianbanksmovie,brightburnmovie,brittanyrunsmov,captainmarvelofficial,captivestatemovie,catsmovie,charliesangels,childsplaymovie,clarathefilm,coldpursuitmovie,countdown,currentwarmovie,darkwatersmovie,detectivepikachumovie,disneyaladdin,disneyfrozen,disneymaleficent,doctorsleepmovie,dolemiteismyname,dontletgomovie,doramovie,downtonabbey_official,dumbo,escaperoom,everybodyknowsmovie,fastandfuriousmovie,fightingwmyfam,fivefeetapartfilm,fordvferrari,freaksthefilm,geminimanmovie,glassmovie,gloriabellmovie,godzillamovie,goldfinchmovie,goodboysmovie,goodliarmovie,gretafilm,halathemovie,happydeathdaymovie,harrietfilm,hellboymovie,hersmellmovie,highlifemovie,highstrungmovie,honeyboymovie,hotelmumbaifilm,httydragon,hustlemovie,hustlersmovie,isntitromantic,itmovieofficial,jayandsilentbob,johnwickmovie,jojorabbitmovie,jokermovie,judythefilm,jumanjimovie,justmercyfilm,knivesout,lalloronamovie,lastblackmansf,lastchristmasthemovie,latenightmovie,lighthousemovie,lionking,littlethemovie,littlewomenmovie,littlewoodsfilm,longshotmovie,lordsofchaosmovie,lucyintheskyfilm,mamovie2019,marriagestory,meettheaddams,meninblack,midsommarmovie,midwaymovie,missbalamovie,missinglinkfilm,motherlessbklyn,onceinhollywood,onthebasisofsex,overcomermovie,peanutbutterfalcon,petsematarymovie,piercingmovie,playingwithfire,playmobilthemovie,pomsmovie,queenandslim,rambomovie,readyornotfilm,richardjewellfilm,rocketmanmovie,scarystoriesmovie,secretlifeofpets,serenityfilm,shaftmovie,shazammovie,spidermanmovie,spiesindisguise,starwars,stormboymovie,stubermovie,taosdfilm,teenspiritmov,terminator,theaeronautsmov,thebestofenemies,thedeaddontdie,thefarewell,thehighwaymen,thehummingbirdprojectfilm,theintrudermovie,theirishmanfilm,thekitchenmovie,thelegomovie,themustangfilm,thenightingalefilm,theprodigymovie,thesunisalsoastar,theupsidefilm,tolkienmovie,toystory,triplefrontier,uglydolls,uncutgems,underthesilverlake,usmovie,wavesmovie,whatmenwant,wonderparkmovie,wrinklestheclown,xmenmovies,yardiefilm,yesterdaymovie,zombieland
21bridgesmovie,1.0,0.97822917,0.99386716,0.98675984,0.98276365,0.9833892,0.9819204,0.9921185,0.9926045,0.9881842,0.99107665,0.99138284,0.9919105,0.9951263,0.9889675,0.989495,0.98730695,0.98370224,0.996143,0.98467314,0.9858117,0.9947391,0.9842817,0.98646873,0.9862419,0.98316807,0.98368824,0.9887339,0.9962438,0.98944575,0.991503,0.9840622,0.986338,0.9968971,0.9927379,0.9867388,0.9918368,0.99884796,0.9784121,0.9833659,0.9828715,0.9925109,0.9799437,0.9887804,0.98656267,0.99205023,0.98473775,0.98565793,0.9855479,0.99250007,0.9958128,0.9913022,0.9838842,0.99289614,0.9916907,0.9889505,0.98343617,0.9932244,0.98867905,0.9921703,0.9892992,0.9912776,0.98380786,0.9893756,0.9928196,0.99470496,0.9849913,0.9802304,0.9851259,0.98111445,0.99335635,0.98428047,0.99488324,0.9833364,0.99201643,0.9908645,0.9962746,0.9826099,0.9832069,0.98352045,0.9801125,0.9837199,0.98794806,0.9873027,0.9930932,0.9871838,0.98114145,0.9950239,0.98924595,0.98726004,0.9928369,0.99335635,0.9847848,0.9870276,0.99389464,0.99494344,0.9852881,0.9907883,0.9816748,0.9955827,0.99320155,0.9930806,0.99006915,0.9937823,0.987155,0.9952881,0.9876044,0.9860194,0.991091,0.98686314,0.99140143,0.9925269,0.99234396,0.9917521,0.9807802,0.98900825,0.9981224,0.990218,0.9897529,0.9858967,0.98961085,0.98856807,0.9887323,0.9865691,0.9935761,0.983447,0.9927691,0.9943577,0.9855367,0.9853181,0.9938351,0.9876938,0.9830427,0.9829264,0.99351627,0.9911099,0.99234885,0.9835361,0.9941271,0.9921853,0.9926045,0.9935105,0.99489313,0.9890001,0.98957825,0.9864888,0.98643523,0.9940861,0.9919257,0.9873743,0.98580515,0.98305035,0.98750174,0.99447006,0.989322,0.99039775,0.9760189,0.9889786,0.98498726,0.9916766,0.9926045,0.99114436,0.9903009,0.98978794,0.99390936
47metersdown,0.97822917,1.0,0.9858452,0.9949965,0.97570956,0.99000514,0.9708769,0.98820496,0.9871494,0.99357796,0.98480475,0.98092467,0.9862984,0.9859083,0.9871185,0.9919001,0.98735696,0.9888109,0.9792284,0.9805669,0.9731091,0.9818243,0.9861947,0.9769057,0.9913827,0.99592096,0.98839027,0.98975915,0.98787546,0.97973543,0.98857737,0.9750075,0.9915542,0.9836436,0.9895562,0.9782,0.9819999,0.97400576,0.9880615,0.9772295,0.98036015,0.9932618,0.9956912,0.99264115,0.9888535,0.97777766,0.98523283,0.9861479,0.9659955,0.9920351,0.9828037,0.97645444,0.9921032,0.9784399,0.9864473,0.98231626,0.98481774,0.990503,0.97949785,0.98964345,0.98959136,0.987704,0.98611194,0.99115264,0.97500217,0.990036,0.98621076,0.970353,0.99279785,0.98234653,0.9912741,0.991588,0.9733567,0.9892528,0.9863368,0.9871316,0.9804735,0.9797828,0.98711854,0.9883328,0.99024826,0.9703975,0.9925526,0.9706389,0.98418105,0.98456585,0.9784811,0.9789457,0.98449194,0.9853767,0.9820201,0.9912741,0.99028814,0.98234594,0.9812654,0.9876611,0.9930383,0.98739684,0.97947496,0.98172814,0.9802234,0.98930657,0.98621625,0.9921549,0.9951634,0.98335165,0.9896232,0.99025786,0.99011225,0.9902945,0.98512924,0.98710155,0.9907139,0.9806074,0.9753375,0.9912222,0.98306596,0.9841042,0.99150497,0.9770926,0.9896111,0.98984677,0.9871625,0.97819996,0.9828333,0.9830014,0.9828808,0.9853609,0.9965828,0.9900804,0.98763275,0.98892593,0.98621583,0.9926162,0.98946214,0.9812384,0.9793024,0.9740868,0.98871195,0.9786969,0.9871494,0.9902567,0.9797549,0.9874098,0.990536,0.98895603,0.98518246,0.9822637,0.9896598,0.97804147,0.98569685,0.99256426,0.9906069,0.9855389,0.9915049,0.99163777,0.99314755,0.9885315,0.9910675,0.98894215,0.9871494,0.991677,0.99259555,0.9870599,0.98131454
abeautifuldaymovie,0.99386716,0.9858452,0.99999994,0.9922768,0.9860852,0.99136513,0.9865868,0.9952268,0.99593425,0.9890183,0.9913646,0.9872511,0.99564725,0.99321866,0.9912688,0.9910866,0.9921289,0.9879907,0.9871478,0.9855075,0.9904234,0.99342614,0.9938978,0.9923298,0.9827401,0.9895201,0.99039865,0.99284697,0.9973942,0.98981637,0.9943747,0.9917004,0.9944355,0.993441,0.99428153,0.9837558,0.99427944,0.99316484,0.985202,0.99071926,0.98874605,0.9964022,0.98862535,0.99089223,0.9922311,0.98945534,0.9955192,0.99002427,0.992201,0.9957499,0.99557996,0.9953903,0.99077797,0.99169266,0.9951375,0.98774976,0.99287385,0.9960572,0.9893422,0.99411285,0.9925989,0.9897419,0.98818386,0.99176794,0.9932964,0.9964859,0.9911277,0.99100614,0.9882483,0.97932535,0.9972329,0.9884626,0.9863539,0.992138,0.9915669,0.9970087,0.99177593,0.9925226,0.9892034,0.98998815,0.98641634,0.98712635,0.9925926,0.9830012,0.993553,0.98513764,0.98364156,0.99609625,0.9880801,0.9917519,0.9904662,0.9972329,0.9890199,0.98915756,0.9962623,0.99928534,0.9905982,0.98971564,0.9866353,0.993567,0.99480575,0.9965424,0.9964177,0.9965088,0.9880083,0.99531084,0.9961078,0.9903829,0.9922895,0.9938958,0.9941298,0.989418,0.9950192,0.99120486,0.98893416,0.99364287,0.9968755,0.99029756,0.9933762,0.9869061,0.99455804,0.9957079,0.9939091,0.9919545,0.9964183,0.9863301,0.99871624,0.99095154,0.98781925,0.98623407,0.9957033,0.9934791,0.9889961,0.99000186,0.99536264,0.9942805,0.98914814,0.9883283,0.99445385,0.98842996,0.99593425,0.9933259,0.9931559,0.9951827,0.99528146,0.9955517,0.98830855,0.99076277,0.99360317,0.98273945,0.9903022,0.9904801,0.99450177,0.99285424,0.9890586,0.99220914,0.985875,0.9937439,0.9872304,0.99152946,0.99593425,0.99568707,0.99529785,0.99830365,0.99099773
abominablemovie,0.98675984,0.9949965,0.9922768,1.0000001,0.98003733,0.9947761,0.9737264,0.9954406,0.9903399,0.99209946,0.9940914,0.98233205,0.99340075,0.9894243,0.9894213,0.9923347,0.98957604,0.98793983,0.9847861,0.98166245,0.9792453,0.98790747,0.99099106,0.985356,0.9916892,0.9958594,0.98763263,0.9923008,0.9925246,0.980451,0.99624807,0.98182166,0.9963697,0.98644394,0.992745,0.9815484,0.9872815,0.98382145,0.9893629,0.98187196,0.987747,0.99662805,0.9955845,0.99820065,0.98973054,0.9905294,0.9901157,0.98722756,0.97367597,0.99636066,0.98586327,0.9836795,0.99197805,0.983952,0.9924521,0.9863663,0.98840517,0.99260145,0.98713475,0.9929984,0.9956659,0.99098885,0.99139035,0.9967586,0.9846895,0.9913058,0.98736304,0.97813904,0.99579185,0.9840873,0.9945119,0.9947724,0.9797411,0.99045086,0.9917211,0.9909834,0.9892372,0.9870054,0.99092245,0.9910312,0.99278736,0.97882825,0.99697953,0.9762801,0.9890914,0.9899842,0.988665,0.98626035,0.9939946,0.9851754,0.9833679,0.9945119,0.9976393,0.99004185,0.98460275,0.99446195,0.9973785,0.98716563,0.9799831,0.98701763,0.99039096,0.9963628,0.9926366,0.99665034,0.9949749,0.9875605,0.99460346,0.9972065,0.9905631,0.9951184,0.9859984,0.9900209,0.99002415,0.9845188,0.9838133,0.99383307,0.989512,0.9897041,0.99365073,0.97939605,0.9957565,0.99099493,0.9903756,0.98413044,0.99245965,0.9916963,0.9920044,0.99072284,0.99365634,0.99485177,0.99497133,0.99366903,0.9923451,0.99376774,0.9895829,0.98374194,0.982934,0.97661906,0.992199,0.9839933,0.9903399,0.9947737,0.99259585,0.9935292,0.9933872,0.9888555,0.9840102,0.98878324,0.99666345,0.9818833,0.9874721,0.9962237,0.99435824,0.99087656,0.9933974,0.9929759,0.9935522,0.9928493,0.993275,0.9923555,0.9903399,0.99562,0.9945694,0.9919602,0.98283863
adastramovie,0.98276365,0.97570956,0.9860852,0.98003733,1.0000001,0.97878844,0.9931635,0.9860328,0.99284023,0.98566765,0.9768789,0.96895516,0.9843407,0.98290044,0.99179715,0.9840721,0.99497384,0.99390197,0.9725286,0.9892027,0.9901879,0.97918856,0.98796344,0.9958848,0.96668386,0.97311497,0.9900837,0.99168634,0.9838783,0.9855307,0.9788796,0.9851653,0.9777561,0.9841405,0.98435044,0.9825257,0.9930067,0.9790709,0.98951864,0.9887233,0.96623254,0.97974455,0.9701419,0.97608083,0.98209894,0.9707247,0.9873888,0.9769599,0.98729634,0.9849895,0.9889342,0.9917545,0.9821196,0.98700035,0.9792959,0.9933,0.9865671,0.9800237,0.98659223,0.9808654,0.9786542,0.982897,0.9868674,0.98146623,0.9821054,0.9908794,0.9720552,0.9925289,0.9827462,0.9694351,0.988217,0.9663678,0.9837003,0.9855549,0.97361386,0.9943181,0.97803,0.97979283,0.98341763,0.981257,0.97088945,0.99566287,0.9848749,0.9727926,0.9842838,0.97821754,0.9703829,0.9877413,0.96490824,0.9923459,0.9841008,0.988217,0.9747428,0.98915523,0.9876852,0.98852736,0.9830454,0.989579,0.98862296,0.9801075,0.99038446,0.9855113,0.9756879,0.9850286,0.97283596,0.99066883,0.9930624,0.98497087,0.9762074,0.97930187,0.99184614,0.97948825,0.984521,0.99257666,0.9718503,0.98209107,0.9901896,0.9854774,0.99084663,0.98968697,0.98495793,0.97733504,0.9895605,0.98273957,0.990975,0.97847915,0.98431623,0.9780256,0.9772466,0.968654,0.9921738,0.9945751,0.991168,0.9872334,0.98334044,0.9872459,0.99192387,0.99370795,0.98115444,0.9904684,0.99284023,0.9790786,0.9861447,0.98304695,0.98687845,0.9868541,0.99509156,0.98335946,0.98508155,0.9789725,0.99531287,0.9725111,0.9892739,0.973014,0.97575057,0.98010844,0.98375785,0.97667336,0.972551,0.977256,0.99284023,0.9905629,0.9909102,0.98470676,0.98747647
adogsjourneymovie,0.9833892,0.99000514,0.99136513,0.9947761,0.97878844,0.9999998,0.9754302,0.99328434,0.9885122,0.9877447,0.9910263,0.978629,0.9897182,0.9882751,0.983931,0.9922734,0.98978585,0.9854012,0.9788975,0.9821695,0.9854304,0.99073017,0.99612457,0.9858927,0.9861817,0.9924342,0.9834739,0.99476916,0.9933964,0.97562486,0.9934254,0.9761782,0.9976923,0.98330665,0.99116564,0.9855325,0.99043214,0.9830572,0.9820328,0.97803,0.9917619,0.9927377,0.9903645,0.9895367,0.99045897,0.9881487,0.9947538,0.98224527,0.9788491,0.99149364,0.98560077,0.983574,0.9929236,0.98500806,0.9874817,0.98228025,0.99149776,0.99020547,0.9841169,0.9889623,0.99626803,0.99107295,0.9934753,0.9943998,0.98701286,0.98882324,0.99503833,0.9808841,0.992165,0.97992516,0.99131,0.9940442,0.97531563,0.9946854,0.9920621,0.9903156,0.9875935,0.98952687,0.9879182,0.98480743,0.98649746,0.97786105,0.99541914,0.9834194,0.9862078,0.9906239,0.97704834,0.98380774,0.98821473,0.9810349,0.97702277,0.99131,0.9928554,0.98508376,0.98656857,0.9918971,0.9945824,0.98637676,0.9843974,0.9903231,0.98929876,0.99625057,0.99291015,0.991261,0.9882543,0.98917675,0.99157923,0.99277157,0.98965436,0.9948414,0.98679966,0.9904692,0.9899308,0.9883907,0.9885752,0.9952478,0.98678297,0.99221826,0.9906149,0.98359716,0.9923949,0.9869795,0.9904224,0.99411774,0.99271524,0.98951083,0.9909771,0.9838852,0.98478264,0.9868212,0.99038,0.9933172,0.99436796,0.9926265,0.98894566,0.98043585,0.97875345,0.974762,0.98735535,0.9846798,0.9885122,0.9909014,0.9890321,0.9936221,0.9937082,0.9856375,0.9861524,0.98098654,0.98881125,0.98555595,0.9858819,0.99311644,0.9902992,0.99041444,0.9853832,0.9858848,0.99183685,0.98903555,0.9818928,0.99377906,0.9885122,0.99574906,0.98797286,0.9949359,0.97951156
aftermathmovie,0.9819204,0.9708769,0.9865868,0.9737264,0.9931635,0.9754302,1.0000001,0.9866331,0.99283075,0.9836094,0.9753798,0.9647245,0.97808766,0.98664784,0.99227554,0.9833856,0.99257493,0.9928173,0.97145575,0.99322367,0.9969485,0.9818482,0.9889868,0.99528134,0.9633905,0.9660443,0.98792523,0.9866347,0.9851331,0.98822135,0.9780145,0.982094,0.9767065,0.9863078,0.98845893,0.9886605,0.99438584,0.9779781,0.9834854,0.97912586,0.97159946,0.97998506,0.97065884,0.97183496,0.9877177,0.9706962,0.9892157,0.9667244,0.99039066,0.9814066,0.98629826,0.9900643,0.9859407,0.99251246,0.9738794,0.9889123,0.9910387,0.98347235,0.9910664,0.9747096,0.9785762,0.98605114,0.9871017,0.98067343,0.9766013,0.99067974,0.97227,0.99155587,0.9819047,0.9771738,0.9844819,0.96781176,0.9791246,0.9860386,0.9762124,0.9908085,0.98063767,0.986772,0.9882361,0.96769947,0.9739383,0.99379796,0.9826827,0.9831367,0.9775378,0.975144,0.9638482,0.98643744,0.96123314,0.99183327,0.9802287,0.9844819,0.96803623,0.9793028,0.9898413,0.9877923,0.9818214,0.99125797,0.9965229,0.98289335,0.9901472,0.98486054,0.9735096,0.9820767,0.9660385,0.9895803,0.9891349,0.97980297,0.97313535,0.9733328,0.9940423,0.9781092,0.98421425,0.99332553,0.97412884,0.985803,0.9892463,0.9853024,0.9900335,0.9963215,0.9827769,0.9771951,0.98519474,0.98495275,0.9892499,0.97929376,0.98407936,0.968423,0.9701715,0.96438205,0.98737776,0.98970664,0.9843296,0.98182833,0.98698866,0.990096,0.9925128,0.9926741,0.97661257,0.98829156,0.99283075,0.9791123,0.97926503,0.98231995,0.9856312,0.9879591,0.9919822,0.9828693,0.9807853,0.9843578,0.99592304,0.97271174,0.9818027,0.9742122,0.96878636,0.9730622,0.9734967,0.9680726,0.9698585,0.9761526,0.99283075,0.9867161,0.98863775,0.98741025,0.9819515
aftermovie,0.9921185,0.98820496,0.9952268,0.9954406,0.9860328,0.99328434,0.9866331,1.0,0.9934258,0.9905187,0.99503255,0.97952676,0.99049294,0.9950519,0.9925391,0.9924337,0.99189705,0.9927455,0.98571324,0.99230707,0.9916446,0.9950292,0.9952381,0.99280417,0.98778427,0.9881932,0.989692,0.9936266,0.9959026,0.98468053,0.99482495,0.9829685,0.995104,0.9925015,0.99639034,0.9918932,0.9955216,0.98937416,0.9859905,0.98172873,0.98930657,0.9965664,0.9905519,0.9942696,0.9940921,0.9919602,0.99522203,0.97950995,0.98353755,0.9950635,0.99003476,0.9881433,0.99444324,0.9931716,0.9879725,0.99146974,0.9946923,0.994207,0.9950495,0.98922646,0.99756175,0.995428,0.99623334,0.9978804,0.98556226,0.99448836,0.9860367,0.98446953,0.9956093,0.99010164,0.99379075,0.99265945,0.985366,0.99038136,0.9956851,0.99442154,0.9961689,0.9948736,0.9969832,0.9825419,0.9930096,0.9879704,0.9966823,0.9891703,0.98705345,0.9901359,0.98231393,0.98973906,0.98969305,0.9873138,0.983472,0.99379075,0.9928551,0.99071866,0.99205625,0.9967131,0.9973903,0.99320287,0.99039024,0.9932577,0.99598044,0.9991517,0.99084437,0.9959553,0.9893225,0.99405885,0.99551773,0.995032,0.99008894,0.9918463,0.9910782,0.99360514,0.9918159,0.99289596,0.9890443,0.9979374,0.99415815,0.99611294,0.99675,0.9911209,0.9964266,0.98897445,0.98976284,0.9908001,0.9974899,0.9942563,0.9944899,0.98725796,0.98626685,0.98754776,0.99723107,0.9950409,0.9930385,0.9947586,0.9933497,0.987479,0.9923252,0.98189366,0.98963594,0.9919971,0.9934258,0.99582857,0.99399734,0.99657756,0.99418306,0.98934335,0.98830855,0.990526,0.9951674,0.99210846,0.99294156,0.9915556,0.9902702,0.99321955,0.9896674,0.9871334,0.9881886,0.9870447,0.99178046,0.99334073,0.9934258,0.9972956,0.9950553,0.9962799,0.9867099
ahiddenlifefilm,0.9926045,0.9871494,0.99593425,0.9903399,0.99284023,0.9885122,0.99283075,0.9934258,0.9999999,0.9960595,0.9897008,0.98523813,0.99449146,0.9944096,0.99829805,0.9951508,0.9982576,0.99415976,0.9884008,0.99021196,0.9927384,0.98926175,0.99335176,0.9955962,0.98303306,0.98696125,0.993482,0.9947556,0.9955717,0.9955965,0.99379516,0.9914145,0.9900537,0.9940074,0.996771,0.98907816,0.99603283,0.9896763,0.9939476,0.98797566,0.98478925,0.99301827,0.9870366,0.98920786,0.9939445,0.98692125,0.99271196,0.9879764,0.98994195,0.99467653,0.99471885,0.99646217,0.99266905,0.9952044,0.9933379,0.99294794,0.9931361,0.9954108,0.99385047,0.9931036,0.9897081,0.99394256,0.99115574,0.9915453,0.9907826,0.9984254,0.9875651,0.992333,0.9925328,0.98339075,0.9973759,0.9844128,0.9882571,0.9954451,0.98734903,0.996249,0.9892854,0.98800373,0.99066556,0.9881788,0.9852347,0.9912986,0.99403155,0.98391545,0.99350524,0.98906535,0.9849493,0.9962369,0.98383224,0.99783146,0.99389756,0.9973759,0.9858874,0.9894001,0.99412346,0.99772054,0.9918504,0.9951948,0.99277425,0.9915885,0.9964977,0.99439895,0.99036896,0.995748,0.9857952,0.99473053,0.9965348,0.99264854,0.9878916,0.9889814,0.99866134,0.98863107,0.9946037,0.9948695,0.9813359,0.9927641,0.99766815,0.9902631,0.9963971,0.9927892,0.9937317,0.9923148,0.99595904,0.98973596,0.9957291,0.9882706,0.9942393,0.98820066,0.98980474,0.9870902,0.9959537,0.9966606,0.9922388,0.9885295,0.9957597,0.9978284,0.9929117,0.9949092,0.99414486,0.9916817,0.9999999,0.9925116,0.992179,0.99053603,0.99569917,0.9968469,0.9950489,0.99513924,0.9947434,0.9858155,0.9973263,0.99018776,0.9963417,0.98843014,0.9869648,0.99265987,0.98629797,0.9881152,0.98388785,0.9900059,0.9999999,0.9950979,0.9975952,0.99392253,0.9903344
alitamovie,0.9881842,0.99357796,0.9890183,0.99209946,0.98566765,0.9877447,0.9836094,0.9905187,0.9960595,1.0,0.98983026,0.9864085,0.990433,0.99372506,0.9968324,0.9970195,0.9949252,0.99358284,0.98896515,0.98820764,0.9834863,0.98600155,0.9881028,0.9867762,0.99157315,0.99127924,0.9920855,0.99276453,0.9925252,0.99295425,0.99294275,0.98203135,0.9882036,0.9917621,0.995869,0.98871183,0.99034065,0.98377544,0.9944116,0.97805864,0.98330003,0.9921137,0.9902354,0.9912908,0.9933127,0.9857804,0.9858375,0.9863275,0.9749242,0.99270433,0.98922044,0.98656976,0.9927075,0.99056506,0.99089056,0.99125034,0.98876655,0.9945836,0.99088585,0.9931916,0.99001235,0.9955368,0.990049,0.99262935,0.9828035,0.99566835,0.9860163,0.9795364,0.9960128,0.98842317,0.99546784,0.9883072,0.98580295,0.99327034,0.987831,0.98967373,0.98717755,0.9803389,0.98958236,0.98680294,0.9888467,0.98063636,0.9950982,0.98119575,0.98973256,0.99194026,0.9845288,0.9888758,0.9862822,0.9936314,0.9924419,0.99546784,0.9873388,0.9870434,0.9872626,0.9925182,0.9930502,0.9956055,0.98836976,0.9884154,0.9908778,0.9916337,0.9868513,0.995213,0.9915295,0.9893909,0.9915695,0.992603,0.9883329,0.9872118,0.9944762,0.99056834,0.993574,0.9902571,0.9757536,0.99230915,0.99238074,0.9887093,0.99597985,0.9884946,0.992549,0.9906106,0.9919612,0.98286885,0.98934364,0.98864657,0.98613656,0.9883598,0.99516505,0.9916544,0.99203205,0.9931329,0.9904217,0.9876482,0.99457014,0.99271405,0.98869145,0.98637664,0.9938663,0.9891407,0.9960595,0.9938083,0.98734725,0.98685116,0.99398255,0.9926536,0.99242365,0.993733,0.9941353,0.9859009,0.994349,0.99246645,0.99394447,0.98856866,0.9908587,0.993659,0.9869331,0.9859668,0.98738444,0.9918841,0.9960595,0.9925548,0.99598944,0.98766184,0.986482
angelhasfallen,0.99107665,0.98480475,0.9913646,0.9940914,0.9768789,0.9910263,0.9753798,0.99503255,0.9897008,0.98983026,0.99999994,0.9829536,0.9910308,0.9922977,0.98900414,0.99311924,0.9856485,0.9845319,0.9879808,0.9843868,0.9822069,0.99275655,0.98955023,0.9862932,0.9905595,0.99138004,0.98388505,0.9869813,0.99444836,0.985438,0.99613065,0.9819762,0.99206984,0.9913663,0.9931873,0.9865102,0.9904173,0.9906457,0.982527,0.97198874,0.98841953,0.9931802,0.9877607,0.9921199,0.9933426,0.9957602,0.9885188,0.9785897,0.9727233,0.9899557,0.9867079,0.9840189,0.9895519,0.99125475,0.9906681,0.98500854,0.98965335,0.99451596,0.99327725,0.99331254,0.9960501,0.99315274,0.9918922,0.99393517,0.9846967,0.9901254,0.9854313,0.9783029,0.99395674,0.9909595,0.993499,0.99223846,0.9842444,0.9867125,0.9954341,0.98674846,0.99572057,0.9837829,0.9911923,0.98317915,0.9937978,0.9771565,0.9945816,0.9849941,0.98717326,0.9954595,0.9886689,0.989357,0.99625915,0.9796368,0.98557764,0.993499,0.98948,0.9889604,0.98787516,0.9935275,0.9929742,0.9883439,0.98134214,0.9931386,0.9947288,0.99643564,0.99401444,0.99635935,0.99004394,0.9895568,0.98904425,0.9919313,0.99030215,0.9874397,0.98454446,0.9937123,0.9907093,0.9852137,0.9851561,0.993706,0.9917001,0.9906568,0.9936252,0.9829672,0.9945096,0.98911965,0.98277646,0.9869862,0.9940224,0.99134713,0.98968774,0.990228,0.9859953,0.9908638,0.9912567,0.9886191,0.9890063,0.9861034,0.99195665,0.98596334,0.98577666,0.9764394,0.9933517,0.988935,0.9897008,0.99821746,0.99271023,0.9902316,0.9901054,0.9860328,0.9790556,0.9918193,0.99287,0.9851913,0.9858719,0.9916287,0.9890614,0.99484307,0.9928533,0.9886887,0.98262733,0.9850754,0.9900684,0.9961254,0.9897008,0.990609,0.9903077,0.99042994,0.9816924
angrybirdsmovie,0.99138284,0.98092467,0.9872511,0.98233205,0.96895516,0.978629,0.9647245,0.97952676,0.98523813,0.9864085,0.9829536,1.0000001,0.9864796,0.9896249,0.97921926,0.9840968,0.97780687,0.97418153,0.99077135,0.9716461,0.9685732,0.98667675,0.97265697,0.9695201,0.98974633,0.9880656,0.9821454,0.9837222,0.9897136,0.98646253,0.9846345,0.97402155,0.9794154,0.9897888,0.98337317,0.97354835,0.9797024,0.9907767,0.9720323,0.9766273,0.9806619,0.98687404,0.9766598,0.98301196,0.9790214,0.98473454,0.9737348,0.99254006,0.97164047,0.9854706,0.99084675,0.98043257,0.9739265,0.9783193,0.9926445,0.9808739,0.9744375,0.9892599,0.9725477,0.99447227,0.9828943,0.9825762,0.9685874,0.98165494,0.98595077,0.98833084,0.98635954,0.9659977,0.97670734,0.9698293,0.9915892,0.983586,0.9910313,0.9779387,0.98622906,0.9816567,0.9842389,0.96892977,0.9689692,0.9866167,0.9745465,0.9615558,0.9826744,0.973362,0.9887636,0.978544,0.9732048,0.9859288,0.98627084,0.9808059,0.9939244,0.9915892,0.9808431,0.9822135,0.9864713,0.98732543,0.97482073,0.9840785,0.96625537,0.98739874,0.98029745,0.98293895,0.98924816,0.99016166,0.9916276,0.9856772,0.9779803,0.97517174,0.99102426,0.9874752,0.9854595,0.9882957,0.9911503,0.9809309,0.9772217,0.98074037,0.988839,0.9810086,0.981694,0.97184205,0.98509395,0.9925152,0.9854404,0.9755798,0.9794074,0.9733012,0.9827554,0.99530166,0.98965806,0.9833182,0.98337805,0.97707397,0.9743731,0.973918,0.99019873,0.9872304,0.9769049,0.97174823,0.9946171,0.9828314,0.98523813,0.98757803,0.98305595,0.9832833,0.9880051,0.9828624,0.9788809,0.98406655,0.9851573,0.9736884,0.97413707,0.98119074,0.9847653,0.9926406,0.9913319,0.99171036,0.9694962,0.99233896,0.9823,0.9899576,0.98523813,0.98378015,0.98421633,0.9817904,0.99086
annabellemovie,0.9919105,0.9862984,0.99564725,0.99340075,0.9843407,0.9897182,0.97808766,0.99049294,0.99449146,0.990433,0.9910308,0.9864796,1.0,0.986903,0.99072987,0.9928603,0.99223274,0.9829467,0.9907605,0.9760085,0.9816523,0.9861466,0.9895559,0.989015,0.98198646,0.9912827,0.98363787,0.9899555,0.9946796,0.98724085,0.9961184,0.9940743,0.9934385,0.9897251,0.9921334,0.976334,0.98833597,0.9914228,0.9891562,0.99078953,0.9817375,0.9943299,0.9894648,0.99260724,0.98758847,0.9882816,0.9890302,0.9936487,0.9856681,0.9967162,0.992976,0.9952944,0.988519,0.98831093,0.9978673,0.9826819,0.98402244,0.99374294,0.9854578,0.995825,0.9875601,0.98663634,0.98557293,0.9882282,0.9960952,0.9942788,0.98951924,0.9882273,0.98796713,0.9744977,0.99624807,0.98440623,0.9821101,0.991951,0.9853133,0.99370384,0.98730713,0.98147285,0.9825537,0.99536246,0.9815293,0.98550653,0.9901414,0.9735059,0.99857175,0.98931336,0.99303174,0.99690837,0.9911209,0.9910852,0.9913347,0.99624807,0.9890754,0.98595464,0.9895929,0.9967181,0.9895969,0.9842223,0.9796319,0.98976016,0.99224013,0.9937408,0.9952472,0.99546605,0.9875909,0.9912748,0.994441,0.9934327,0.9903351,0.9905982,0.98989177,0.98494726,0.99180907,0.9852839,0.97622746,0.98765796,0.99554265,0.98278767,0.989887,0.9782788,0.9900185,0.99166095,0.9931377,0.98731995,0.9944485,0.98190874,0.99647814,0.9934498,0.9914346,0.9926551,0.9939685,0.99325156,0.98771125,0.9864013,0.9908616,0.99144316,0.98501486,0.98898005,0.9964984,0.98255885,0.99449146,0.9923214,0.99501157,0.9869982,0.99032986,0.9938294,0.98602587,0.99417424,0.9943462,0.97498953,0.9868213,0.99102086,0.99759704,0.9878956,0.9887981,0.99711,0.9895745,0.99433875,0.98306906,0.9887103,0.99449146,0.99239117,0.99350494,0.99162513,0.9874049
annamovie,0.9951263,0.9859083,0.99321866,0.9894243,0.98290044,0.9882751,0.98664784,0.9950519,0.9944096,0.99372506,0.9922977,0.9896249,0.986903,1.0000002,0.9925821,0.99249536,0.9902394,0.9914629,0.99037755,0.993113,0.990231,0.99621123,0.9891169,0.98752594,0.99223393,0.98651636,0.9916201,0.9930001,0.9962645,0.99162453,0.9921663,0.9774822,0.9883814,0.99605364,0.9963936,0.9950659,0.994849,0.9920335,0.9828802,0.9762157,0.9912524,0.99355686,0.9849723,0.98956984,0.99351114,0.9925524,0.9890552,0.98159796,0.9816432,0.99115646,0.9922854,0.98639405,0.99005914,0.9938508,0.9887953,0.99361914,0.99259305,0.9954509,0.99316186,0.991124,0.995202,0.9976335,0.9898775,0.995413,0.98471504,0.99539953,0.98744905,0.97871804,0.9925529,0.99049807,0.9944017,0.9919785,0.9932443,0.9887102,0.9961502,0.9903585,0.99595857,0.9894292,0.9915758,0.97924227,0.9893681,0.9805006,0.99487144,0.993288,0.9861266,0.98854244,0.97597754,0.9893158,0.9877701,0.98870045,0.9904083,0.9944017,0.987817,0.9891451,0.99345404,0.99478227,0.99108815,0.9974359,0.9896089,0.99504477,0.9940715,0.9948473,0.9891138,0.99508476,0.9904833,0.99384266,0.98929465,0.9879636,0.9904451,0.9899284,0.9950931,0.99607205,0.9942838,0.9952294,0.98878,0.99593264,0.9950019,0.99631804,0.99517834,0.9935411,0.99519795,0.9916312,0.990327,0.9880826,0.99241006,0.99211824,0.9898401,0.98897177,0.9873241,0.9855583,0.99352944,0.9900338,0.98863655,0.98695105,0.99679995,0.99235374,0.99159414,0.98090386,0.9920094,0.99517006,0.9944096,0.9951544,0.99007225,0.99421996,0.99589795,0.98849523,0.9899327,0.99114215,0.99288267,0.99436903,0.99180144,0.98924005,0.9873673,0.9965125,0.99037766,0.98743004,0.9777422,0.98620325,0.9891817,0.99544716,0.9944096,0.9940373,0.9931989,0.992805,0.9903568
apollo11movie,0.9889675,0.9871185,0.9912688,0.9894213,0.99179715,0.983931,0.99227554,0.9925391,0.99829805,0.9968324,0.98900414,0.97921926,0.99072987,0.9925821,1.0,0.9942982,0.9969364,0.9956043,0.9861323,0.9911712,0.9898071,0.984849,0.99023753,0.99431086,0.9825937,0.98425925,0.9928911,0.99103934,0.99165666,0.9950479,0.99197763,0.98890734,0.98637253,0.99217075,0.9962224,0.98893094,0.9934452,0.98422873,0.99624455,0.9821121,0.98000443,0.99079394,0.9869266,0.9891837,0.9936697,0.9843475,0.9888173,0.9816903,0.982528,0.99241096,0.989628,0.9919508,0.9924749,0.9943192,0.98904413,0.9929305,0.9914394,0.99346256,0.99599725,0.98956686,0.98752886,0.9938736,0.9916688,0.99092364,0.9831633,0.99639326,0.9798716,0.98827624,0.9946111,0.987701,0.9945861,0.98208123,0.98525035,0.99229306,0.98465216,0.9927001,0.9875476,0.98482895,0.99303466,0.98386663,0.9877344,0.9903467,0.993314,0.9812072,0.98893255,0.988813,0.98616844,0.99252546,0.9818414,0.99661636,0.991412,0.9945861,0.9837872,0.98781604,0.98933005,0.9946521,0.99264205,0.99504846,0.9926848,0.9872394,0.9950897,0.9920517,0.9847166,0.9943967,0.9840858,0.9907277,0.9949644,0.9930292,0.98347086,0.98338974,0.99580914,0.9862905,0.99112254,0.99169576,0.9753302,0.9913069,0.99479973,0.9878429,0.99696565,0.992061,0.99235487,0.98839426,0.9914073,0.9834249,0.99311936,0.9889655,0.98939955,0.98430556,0.9892834,0.98700976,0.99440175,0.99509424,0.9904984,0.98718125,0.993307,0.995578,0.9934768,0.99326885,0.99110156,0.98992854,0.99829805,0.9919029,0.9892478,0.9866969,0.99232113,0.9947883,0.9926268,0.99584466,0.9945795,0.98502123,0.9982368,0.98905087,0.9939317,0.9843988,0.9859342,0.99018216,0.9849239,0.9817529,0.9853534,0.9868459,0.99829805,0.9920893,0.99767363,0.9891926,0.9859043
arcticdogsmovie,0.989495,0.9919001,0.9910866,0.9923347,0.9840721,0.9922734,0.9833856,0.9924337,0.9951508,0.9970195,0.99311924,0.9840968,0.9928603,0.99249536,0.9942982,1.0,0.99449635,0.9910065,0.9902619,0.9877875,0.9866861,0.9905311,0.99296945,0.988345,0.98922783,0.9924542,0.9867195,0.99219686,0.9962862,0.99017787,0.99477726,0.9850287,0.99343866,0.99360734,0.99705976,0.9897523,0.9928862,0.9880089,0.98953956,0.97839975,0.983698,0.994155,0.99163914,0.9902434,0.99652416,0.9866504,0.9906747,0.9841738,0.9788655,0.99327916,0.9915649,0.9891152,0.99672073,0.99460423,0.9903432,0.98591286,0.989988,0.9967379,0.99151146,0.9935045,0.9920094,0.9956711,0.99383533,0.9918,0.98748654,0.99613047,0.99178064,0.98288393,0.9952822,0.9897897,0.9949787,0.9893042,0.9819898,0.9954991,0.99113834,0.9912918,0.99100393,0.9820211,0.9904684,0.9863844,0.98891664,0.9830353,0.99381804,0.9859685,0.9926885,0.997058,0.9851633,0.9918736,0.98872215,0.99032074,0.9897816,0.9949787,0.98556125,0.9834128,0.99098635,0.99319744,0.9939064,0.9937289,0.9907126,0.99435765,0.9918494,0.9950084,0.99133265,0.9949088,0.989615,0.99327946,0.9915344,0.99276817,0.99277407,0.9862845,0.9928,0.99290556,0.99588555,0.9906391,0.9764331,0.9949818,0.99362075,0.98919946,0.99555796,0.9890294,0.99024576,0.9891924,0.9894947,0.9911584,0.9930096,0.98589313,0.98916036,0.98835814,0.99212664,0.9911127,0.99086845,0.9934532,0.9901454,0.98989326,0.99621594,0.9905901,0.9898161,0.9871764,0.99438566,0.98881364,0.9951508,0.99640185,0.98847216,0.98653233,0.9916107,0.99290746,0.9913433,0.99347,0.99099296,0.9876557,0.9924241,0.9918724,0.9929441,0.99077904,0.98996085,0.9933046,0.99012935,0.9854338,0.9847924,0.99496317,0.9951508,0.9932038,0.9934003,0.9914932,0.9860887
arcticmovie,0.98730695,0.98735696,0.9921289,0.98957604,0.99497384,0.98978585,0.99257493,0.99189705,0.9982576,0.9949252,0.9856485,0.97780687,0.99223274,0.9902394,0.9969364,0.99449635,1.0,0.99507487,0.98320085,0.9895027,0.9928692,0.98525697,0.99469155,0.9960595,0.97908545,0.98441803,0.99109054,0.99615455,0.99237454,0.98976946,0.99135095,0.98782665,0.98981684,0.98878366,0.99488693,0.9887892,0.9950693,0.98372173,0.99528927,0.9874185,0.98126066,0.9900821,0.9860357,0.9871255,0.99142915,0.98197985,0.99281836,0.984599,0.9884923,0.9935566,0.9911854,0.9944949,0.9934003,0.9926233,0.9885754,0.99184173,0.9918132,0.99085236,0.9915289,0.9884218,0.98775494,0.9927326,0.9933002,0.990649,0.9887073,0.9960728,0.98626673,0.9922422,0.9927703,0.98005825,0.99401295,0.9816076,0.9826091,0.99690324,0.9831019,0.9957875,0.9847749,0.9869473,0.9897304,0.9862111,0.981321,0.9933621,0.99338585,0.9815233,0.99119455,0.98859745,0.9813524,0.9921965,0.97870505,0.9970183,0.9879318,0.99401295,0.9853602,0.9870989,0.9901216,0.99462,0.9928417,0.99363464,0.9940384,0.98789287,0.9941494,0.9929942,0.98559374,0.99184024,0.9821203,0.9927098,0.9966712,0.99402225,0.9839529,0.98750675,0.99719554,0.98552734,0.99106205,0.9949455,0.97723055,0.9914903,0.99412054,0.9894506,0.99502206,0.9926898,0.99086636,0.9861649,0.99621433,0.99004287,0.9948004,0.9874083,0.9915967,0.9829706,0.9873233,0.9846169,0.9949612,0.99872756,0.9948079,0.99049586,0.99146056,0.9927719,0.990885,0.9942032,0.9890986,0.9895958,0.9982576,0.9883879,0.99047756,0.98827034,0.99388665,0.9939059,0.9973191,0.9912501,0.99242216,0.98567593,0.99801886,0.9884736,0.9954863,0.98268867,0.98181343,0.9892833,0.99032927,0.9847474,0.9787462,0.98656803,0.9982576,0.9954617,0.9955956,0.99196774,0.9864139
artofracingmovie,0.98370224,0.9888109,0.9879907,0.98793983,0.99390197,0.9854012,0.9928173,0.9927455,0.99415976,0.99358284,0.9845319,0.97418153,0.9829467,0.9914629,0.9956043,0.9910065,0.99507487,0.9999998,0.9764191,0.9970644,0.9909376,0.9862332,0.991651,0.9928212,0.98199743,0.9831011,0.9961532,0.99411106,0.98872405,0.98877645,0.984563,0.97989345,0.9848086,0.98944134,0.99200445,0.9914953,0.99488133,0.9785546,0.9916316,0.9807481,0.9771858,0.9880772,0.9830605,0.98470503,0.99235845,0.97713006,0.99098897,0.97632015,0.97983575,0.9885322,0.98814887,0.9855522,0.99192613,0.99029875,0.9805437,0.99591583,0.99399346,0.9885058,0.9924356,0.9847282,0.98897225,0.99235994,0.993531,0.9911854,0.97580653,0.9942857,0.9780545,0.9850307,0.9932738,0.9866569,0.99161994,0.9816887,0.9844139,0.9894693,0.9854001,0.99360704,0.98532045,0.98680854,0.9945446,0.9799844,0.98734814,0.9887995,0.99319994,0.9822555,0.98154324,0.98449695,0.97198534,0.984596,0.9738124,0.9922549,0.98500234,0.99161994,0.9824249,0.9903361,0.9895265,0.9906174,0.99223584,0.9970978,0.99421585,0.9852413,0.99103034,0.99102837,0.98005533,0.9911151,0.9845916,0.99152046,0.99408585,0.9892062,0.9839217,0.98443794,0.9938946,0.989008,0.9907946,0.9939802,0.9798996,0.99286735,0.9899457,0.9925347,0.9978193,0.9947035,0.99203306,0.9848246,0.9890428,0.98419,0.9908069,0.9878879,0.98409575,0.98020786,0.98596025,0.9774274,0.99325943,0.99495125,0.9930179,0.9936849,0.9913206,0.98863655,0.99391055,0.9876595,0.9847852,0.9932109,0.99415976,0.9884171,0.9839154,0.9899333,0.9926941,0.99017406,0.995301,0.98572725,0.98949504,0.9888158,0.9983823,0.9832963,0.98922986,0.9828499,0.98524773,0.9833946,0.98737955,0.9787542,0.9862269,0.98680896,0.99415976,0.99436915,0.99567497,0.98948026,0.9873727
avengers,0.996143,0.9792284,0.9871478,0.9847861,0.9725286,0.9788975,0.97145575,0.98571324,0.9884008,0.98896515,0.9879808,0.99077135,0.9907605,0.99037755,0.9861323,0.9902619,0.98320085,0.9764191,1.0,0.9749631,0.97518665,0.98779804,0.9767127,0.9766352,0.98773235,0.9830274,0.97458893,0.9820188,0.99291456,0.98587066,0.99131083,0.97958463,0.9839168,0.9934352,0.9915497,0.9807463,0.9828021,0.99439436,0.97694594,0.9756136,0.9777651,0.99090123,0.9825915,0.989328,0.98290765,0.98921514,0.9753867,0.98498756,0.97477555,0.99132085,0.9901889,0.98533,0.9825846,0.98860335,0.9905435,0.97979933,0.9733514,0.9921396,0.982954,0.9904065,0.9836476,0.9891865,0.97829545,0.985243,0.98954827,0.9912007,0.98356706,0.96939594,0.9838075,0.98021233,0.98913425,0.98295516,0.98738515,0.9811164,0.9874065,0.9829315,0.99183184,0.97203463,0.9767782,0.9815249,0.9768204,0.97483116,0.98341167,0.98129654,0.99312085,0.9881722,0.9845715,0.9913302,0.99082416,0.98426276,0.99094903,0.98913425,0.9821395,0.9763301,0.98574483,0.9894557,0.9827977,0.9855012,0.9750968,0.9917158,0.98588043,0.9879672,0.98615986,0.9903888,0.9866143,0.98837715,0.98082083,0.98464763,0.98886675,0.9807314,0.9862423,0.98792267,0.9887926,0.9836293,0.9669198,0.98418456,0.993714,0.9813226,0.9841202,0.9772872,0.98243,0.98444885,0.9842545,0.9792775,0.9865434,0.97753817,0.9872261,0.9926997,0.9884083,0.99085724,0.9875057,0.98198134,0.97507125,0.9761194,0.9904404,0.98683923,0.9859392,0.9783523,0.99346906,0.98277974,0.9884008,0.99218965,0.9901091,0.9792709,0.9829757,0.9831265,0.9809767,0.9952144,0.98946387,0.981829,0.9793555,0.9838667,0.9846318,0.99074674,0.98723483,0.99238735,0.9738785,0.98600477,0.98141587,0.98848,0.9884008,0.98469085,0.9860632,0.9820046,0.98728853
beachbummovie,0.98467314,0.9805669,0.9855075,0.98166245,0.9892027,0.9821695,0.99322367,0.99230707,0.99021196,0.98820764,0.9843868,0.9716461,0.9760085,0.993113,0.9911712,0.9877875,0.9895027,0.9970644,0.9749631,0.9999999,0.99337256,0.9904324,0.9896969,0.99049234,0.9801135,0.976464,0.99207747,0.99035877,0.988399,0.98659605,0.9805351,0.97283566,0.98084986,0.99077916,0.9904591,0.99601877,0.99605113,0.98062974,0.9811852,0.97195655,0.97759354,0.98480433,0.97584563,0.9785977,0.9922457,0.97770876,0.9895848,0.9662802,0.97866,0.982498,0.98675805,0.9813673,0.9891718,0.99248517,0.97376806,0.9942576,0.99410987,0.98682725,0.9934041,0.97980857,0.9892423,0.99285924,0.99279654,0.98931813,0.971993,0.9913845,0.9756032,0.98065186,0.9896169,0.9897948,0.98717606,0.9803007,0.9858548,0.9840142,0.98844844,0.9895838,0.98916495,0.9872752,0.994345,0.9691083,0.9859463,0.98564774,0.9898453,0.9903374,0.9752538,0.9832371,0.96281403,0.98157763,0.9710781,0.98529863,0.98087734,0.98717606,0.97633845,0.9870305,0.99080783,0.98743105,0.98815566,0.997396,0.9950602,0.9882537,0.9903976,0.9899058,0.97714144,0.98747605,0.9798464,0.99205667,0.9879073,0.98251146,0.9825488,0.97925454,0.99134666,0.9913975,0.9891831,0.9949889,0.98263055,0.99316275,0.98843914,0.994819,0.99561775,0.9976729,0.98935187,0.9804135,0.9822539,0.9856696,0.989576,0.9867295,0.98058313,0.9760553,0.9771229,0.96975005,0.98936975,0.98940074,0.98873293,0.9896535,0.9910421,0.9853368,0.99478775,0.9819826,0.9803528,0.9958494,0.99021196,0.98772746,0.98083264,0.9890872,0.98943573,0.9840027,0.9914642,0.9821062,0.9837812,0.9939553,0.9950777,0.97705907,0.9803801,0.98491174,0.98175585,0.97527695,0.97784334,0.97145057,0.9832519,0.98762304,0.99021196,0.99105626,0.9900162,0.98842555,0.98592085
bernadettefilm,0.9858117,0.9731091,0.9904234,0.9792453,0.9901879,0.9854304,0.9969485,0.9916446,0.9927384,0.9834863,0.9822069,0.9685732,0.9816523,0.990231,0.9898071,0.9866861,0.9928692,0.9909376,0.97518665,0.99337256,1.0000001,0.9895595,0.9947489,0.9959951,0.96936566,0.9714757,0.9856376,0.99091256,0.9906131,0.9844356,0.9841506,0.97999746,0.98493654,0.98756075,0.9915603,0.9932845,0.99747264,0.9838223,0.980174,0.9783866,0.9822106,0.9846389,0.9750507,0.97630435,0.9905051,0.97984993,0.9945841,0.96857923,0.99263155,0.9846509,0.98805505,0.9906665,0.9896396,0.99470437,0.977214,0.98819274,0.9944968,0.98661804,0.99234575,0.9779078,0.9868555,0.9906134,0.9923449,0.9868213,0.98313713,0.99102736,0.9819617,0.9914642,0.985355,0.98010767,0.98636395,0.9772563,0.9802667,0.9902707,0.9846444,0.99217683,0.98733807,0.9928757,0.99036235,0.9692293,0.9774493,0.99268895,0.9875672,0.99131536,0.9802449,0.98171467,0.9656259,0.9876497,0.9701158,0.98814017,0.9780423,0.98636395,0.97575223,0.98124844,0.9923374,0.9908977,0.98667926,0.99168295,0.9972358,0.98976403,0.99347985,0.9912406,0.9807713,0.98467433,0.9704024,0.99284375,0.9903025,0.9840495,0.9785938,0.9806409,0.9940047,0.9844432,0.98662484,0.9964114,0.9835804,0.9916074,0.9909096,0.9917569,0.9908461,0.9976386,0.98673147,0.97925526,0.98772836,0.9937715,0.9940453,0.9853273,0.98918056,0.97212344,0.9703244,0.96943736,0.98970735,0.9920903,0.98920554,0.98553556,0.9891388,0.9879811,0.99086344,0.9880496,0.9790694,0.99085736,0.9927384,0.9837757,0.985029,0.98860776,0.98944205,0.98646605,0.9917535,0.9828619,0.9830025,0.9907031,0.9942348,0.9786776,0.9828214,0.9820665,0.9716452,0.9742731,0.9771008,0.973459,0.9715123,0.9836631,0.9927384,0.99124295,0.98747665,0.9932071,0.98200417
