movie,21bridgesmovie,47metersdown,abeautifuldaymovie,abominablemovie,adastramovie,adogsjourneymovie,aftermathmovie,aftermovie,ahiddenlifefilm,alitamovie,angelhasfallen,angrybirdsmovie,annabellemovie,annamovie,apollo11movie,arcticdogsmovie,arcticmovie,artofracingmovie,avengers,beachbummovie,bernadettefilm,blackandbluemovie,blackchristmas,blindedbythelightmovie,bombshellmovie,booksmart,breakthroughmovie,brianbanksmovie,brightburnmovie,brittanyrunsmov,captainmarvelofficial,captivestatemovie,catsmovie,charliesangels,childsplaymovie,clarathefilm,coldpursuitmovie,countdown,currentwarmovie,darkwatersmovie,detectivepikachumovie,disneyaladdin,disneyfrozen,disneymaleficent,doctorsleepmovie,dolemiteismyname,dontletgomovie,doramovie,downtonabbey_official,dumbo,escaperoom,everybodyknowsmovie,fastandfuriousmovie,fightingwmyfam,fivefeetapartfilm,fordvferrari,freaksthefilm,geminimanmovie,glassmovie,gloriabellmovie,godzillamovie,goldfinchmovie,goodboysmovie,goodliarmovie,gretafilm,halathemovie,happydeathdaymovie,harrietfilm,hellboymovie,hersmellmovie,highlifemovie,highstrungmovie,honeyboymovie,hotelmumbaifilm,httydragon,hustlemovie,hustlersmovie,isntitromantic,itmovieofficial,jayandsilentbob,johnwickmovie,jojorabbitmovie,jokermovie,judythefilm,jumanjimovie,justmercyfilm,knivesout,lalloronamovie,lastblackmansf,lastchristmasthemovie,latenightmovie,lighthousemovie,lionking,littlethemovie,littlewomenmovie,littlewoodsfilm,longshotmovie,lordsofchaosmovie,lucyintheskyfilm,mamovie2019,marriagestory,meettheaddams,meninblack,midsommarmovie,midwaymovie,missbalamovie,missinglinkfilm,motherlessbklyn,onceinhollywood,onthebasisofsex,overcomermovie,peanutbutterfalcon,petsematarymovie,piercingmovie,playingwithfire,playmobilthemovie,pomsmovie,queenandslim,rambomovie,readyornotfilm,richardjewellfilm,rocketmanmovie,scarystoriesmovie,secretlifeofpets,serenityfilm,shaftmovie,shazammovie,spidermanmovie,spiesindisguise,starwars,stormboymovie,stubermovie,taosdfilm,teenspiritmov,terminator,theaeronautsmov,thebestofenemies,thedeaddontdie,thefarewell,thehighwaymen,thehummingbirdprojectfilm,theintrudermovie,theirishmanfilm,thekitchenmovie,thelegomovie,themustangfilm,thenightingalefilm,theprodigymovie,thesunisalsoastar,theupsidefilm,tolkienmovie,toystory,triplefrontier,uglydolls,uncutgems,underthesilverlake,usmovie,wavesmovie,whatmenwant,wonderparkmovie,wrinklestheclown,xmenmovies,yardiefilm,yesterdaymovie,zombieland
21bridgesmovie,0.99999994,0.9685079,0.9870508,0.9813239,0.98322207,0.97804314,0.9901132,0.977683,0.9885059,0.96812445,0.97845006,0.9601361,0.9886472,0.9789313,0.9816309,0.9721163,0.9747674,0.97882,0.9902268,0.9783743,0.983199,0.98371625,0.97819364,0.9850433,0.96696,0.97865874,0.98040485,0.9784552,0.9832838,0.98775446,0.9752243,0.9808755,0.9578234,0.9883074,0.9743358,0.96456337,0.98233384,0.98890084,0.97571474,0.9836348,0.97268593,0.9838371,0.9814934,0.977872,0.98874617,0.981439,0.97318906,0.9741631,0.96984327,0.98229504,0.98725647,0.98602104,0.9736177,0.964385,0.9676776,0.96320397,0.9840444,0.98901916,0.98445296,0.98227066,0.96926063,0.9732576,0.9813448,0.973001,0.9742551,0.9848697,0.97529405,0.98592925,0.96481746,0.97606236,0.9848339,0.970342,0.952872,0.97647655,0.9842805,0.95703346,0.9863274,0.9689432,0.9747876,0.9806251,0.96760964,0.9845096,0.9822282,0.9811683,0.9789138,0.97605664,0.9671796,0.9822228,0.9902488,0.98699564,0.9698587,0.9848339,0.9688166,0.9776503,0.99239546,0.98071456,0.9801009,0.98162144,0.9887398,0.98667675,0.98436713,0.9849364,0.9843807,0.9831883,0.9753784,0.9837933,0.98709035,0.98398054,0.96959454,0.97989297,0.97470963,0.98091936,0.9905648,0.9719867,0.9782899,0.98425573,0.9970142,0.9863098,0.9731563,0.98900104,0.97917646,0.97643274,0.9811388,0.97475904,0.9869864,0.977324,0.9853467,0.98811275,0.9813377,0.9781298,0.98887235,0.98137826,0.98324776,0.95657927,0.9864384,0.982329,0.98865604,0.9818457,0.9809858,0.9718805,0.9885059,0.98667943,0.9815679,0.97565585,0.9695895,0.9895756,0.9758313,0.9780087,0.97082454,0.9888841,0.98241127,0.9839822,0.9756137,0.99322325,0.97279745,0.9775591,0.98229426,0.97432876,0.97093457,0.9779795,0.9885059,0.9847995,0.98333347,0.97917545,0.98095
47metersdown,0.9685079,1.0,0.9738653,0.9591023,0.95396453,0.9436548,0.97146636,0.9685165,0.9784074,0.953155,0.9614021,0.9439091,0.9705908,0.97088414,0.977166,0.9858108,0.9654324,0.97380704,0.96155745,0.9784789,0.95174795,0.9799451,0.95861197,0.9665024,0.94311893,0.9604129,0.9675029,0.973667,0.978902,0.97627145,0.94983387,0.9587291,0.96413004,0.9726892,0.98574114,0.9665139,0.9697557,0.9637714,0.95453614,0.9676648,0.9709036,0.96270347,0.96630615,0.95295435,0.9574181,0.95625687,0.9619056,0.9679759,0.9751425,0.96309704,0.9740346,0.9748266,0.9554303,0.9790449,0.9536944,0.9320159,0.95596987,0.96194506,0.9801869,0.97781324,0.96701366,0.96734,0.96910226,0.970528,0.9591811,0.96664584,0.9629202,0.9619815,0.9610902,0.97864735,0.97788966,0.9620654,0.94960743,0.96832484,0.98342294,0.93809956,0.97601426,0.96399075,0.9640351,0.96705335,0.96677566,0.9728364,0.9757532,0.9776721,0.97304386,0.95343614,0.9623969,0.9631268,0.96739817,0.97473985,0.9791679,0.97788966,0.95244694,0.9579484,0.98180866,0.97762644,0.9667051,0.97616965,0.96513444,0.9777255,0.959466,0.9666284,0.97563285,0.9741766,0.97942674,0.97742504,0.97048676,0.9830449,0.96970624,0.9738198,0.9696789,0.9792154,0.96677345,0.96743363,0.9757789,0.9762091,0.97863674,0.9779077,0.9645872,0.96861976,0.96668434,0.9725562,0.9599326,0.9415162,0.96152705,0.9721337,0.9694325,0.9674355,0.950083,0.96810496,0.95601803,0.9725708,0.9668866,0.9237831,0.96024984,0.97680044,0.9823581,0.9675696,0.98133177,0.9729758,0.9784074,0.9808879,0.9719234,0.96788424,0.9717688,0.9728337,0.95819813,0.98202723,0.97092575,0.98559463,0.9589526,0.9681497,0.9596942,0.9632649,0.96853757,0.9803335,0.9657394,0.98177046,0.9533614,0.97303265,0.9784074,0.9784326,0.96204126,0.9718995,0.9743303
abeautifuldaymovie,0.9870508,0.9738653,1.0000001,0.97517115,0.97877216,0.97112954,0.991385,0.9903511,0.9921839,0.961431,0.980716,0.97066855,0.9843802,0.98522294,0.9760092,0.96763945,0.97333443,0.9716829,0.9872113,0.9747018,0.98451346,0.99122506,0.97489107,0.98850894,0.9714056,0.9762281,0.9753869,0.98617345,0.9896222,0.9896619,0.97801125,0.9745744,0.9655794,0.9893185,0.9830322,0.9746847,0.9802525,0.9787937,0.9729654,0.98682374,0.9855323,0.98876774,0.9799504,0.9832437,0.98305804,0.98663014,0.9725738,0.9822328,0.97361374,0.98615897,0.98833835,0.98607093,0.97034454,0.95878613,0.9831575,0.9569613,0.98762053,0.99011153,0.9838755,0.97935945,0.9810514,0.97354406,0.98734146,0.98233724,0.9736574,0.9850839,0.9804118,0.9858308,0.96644294,0.986729,0.9847952,0.9774668,0.96943414,0.9808943,0.9864714,0.9588657,0.98631793,0.9782796,0.9782821,0.98271257,0.9757035,0.9897372,0.9888918,0.9894229,0.98707074,0.98127294,0.97592425,0.9800083,0.9869308,0.9941623,0.9778076,0.9847952,0.9787245,0.9858464,0.9888881,0.9854004,0.9846003,0.9798999,0.98901135,0.9878874,0.9869253,0.9868342,0.98716134,0.98143065,0.97734165,0.9812252,0.9904646,0.9858048,0.97929996,0.98602784,0.982351,0.9784953,0.9838788,0.9768101,0.9912508,0.98819005,0.9909228,0.99081206,0.9730329,0.9840611,0.9798228,0.98386586,0.98742014,0.9753117,0.9857591,0.98519486,0.98016053,0.9806023,0.9821759,0.9773195,0.9851327,0.9865822,0.9785648,0.9594981,0.98319304,0.9902968,0.9797309,0.98964924,0.9851149,0.9806657,0.9921839,0.98661774,0.9884127,0.9854836,0.97971684,0.9817258,0.976832,0.9866045,0.98093677,0.9873184,0.9836188,0.9927336,0.9781048,0.98703897,0.9713583,0.9780524,0.9811525,0.97442335,0.98054427,0.984012,0.9921839,0.9812879,0.98674244,0.9818625,0.9891427
abominablemovie,0.9813239,0.9591023,0.97517115,1.0000001,0.98619264,0.95663166,0.9812394,0.975913,0.984898,0.9744001,0.9718056,0.94454414,0.9799593,0.98044455,0.97993374,0.9560192,0.9849839,0.9867751,0.97559816,0.97648495,0.96607834,0.9699019,0.9704089,0.9768748,0.9666279,0.9833517,0.9737776,0.977489,0.9783093,0.9796751,0.97732246,0.9836241,0.93712676,0.9778216,0.96546036,0.9688013,0.98193836,0.9791674,0.975702,0.9832687,0.9705394,0.9850482,0.97707856,0.9813813,0.9837974,0.97349083,0.96306014,0.95692587,0.97401166,0.9828047,0.9717931,0.9817688,0.9745564,0.95042324,0.97771055,0.9821478,0.97514343,0.9784257,0.97549766,0.98146796,0.95601314,0.9741666,0.9772642,0.9585552,0.97729194,0.98176956,0.9754882,0.9769945,0.9743822,0.97658783,0.9861922,0.9715931,0.96993566,0.9844187,0.9780487,0.9645555,0.9806653,0.9816151,0.9782161,0.98663276,0.9692519,0.984425,0.9712399,0.9754531,0.97166234,0.9760667,0.9724871,0.9825399,0.9810693,0.9809265,0.9688229,0.9861922,0.9708204,0.9686059,0.98106754,0.9797296,0.9794464,0.9726094,0.9842032,0.98574466,0.9834966,0.9852798,0.9735619,0.98461396,0.9797824,0.9685544,0.97328454,0.9701861,0.969969,0.9817477,0.95398575,0.9868047,0.974135,0.97170395,0.9643944,0.9775264,0.98097277,0.9835387,0.9812543,0.979469,0.971834,0.96954143,0.96625036,0.9694889,0.99037194,0.97376627,0.9658692,0.98419344,0.98314816,0.97716975,0.9751175,0.9863492,0.9837117,0.956935,0.9792714,0.97887117,0.9829309,0.9759961,0.9875539,0.98018914,0.984898,0.9717689,0.9777779,0.9715855,0.96914613,0.9847522,0.9802564,0.9754963,0.9545361,0.9740672,0.98359305,0.9785352,0.976355,0.98256683,0.96662486,0.9861508,0.9808678,0.98198164,0.96562535,0.961551,0.984898,0.9731154,0.96399385,0.9775024,0.96601224
adastramovie,0.98322207,0.95396453,0.97877216,0.98619264,0.99999994,0.9651271,0.98287374,0.97617716,0.9862395,0.9695711,0.97984004,0.95074666,0.97968084,0.9784229,0.97600657,0.96000564,0.97918373,0.9826796,0.97690815,0.9711315,0.9773774,0.9720927,0.97907925,0.9840646,0.9695565,0.97892815,0.9744261,0.9752853,0.9727444,0.98399466,0.97698146,0.98629206,0.93939126,0.97634965,0.96431226,0.96872413,0.9845536,0.9899251,0.96647704,0.9790051,0.96128803,0.98212135,0.96364903,0.9800134,0.98512256,0.97732955,0.97452086,0.9673602,0.9755755,0.9783105,0.9715708,0.98453933,0.9674251,0.9461544,0.9764214,0.9787415,0.979358,0.9837634,0.97403985,0.9806763,0.9572324,0.9703093,0.9794079,0.95213896,0.98413515,0.98695326,0.98743796,0.9883937,0.965981,0.9726726,0.9849149,0.96633726,0.9631128,0.9765912,0.9769292,0.94929606,0.97375315,0.97873825,0.98096824,0.9862854,0.96092236,0.98463845,0.96594805,0.976333,0.96821374,0.97887796,0.96504873,0.981695,0.98748934,0.983066,0.9744138,0.9849149,0.968435,0.972244,0.98449606,0.9839911,0.9746445,0.9721585,0.9906311,0.98472655,0.987514,0.9894342,0.9659604,0.984757,0.9713841,0.964221,0.981888,0.97227705,0.9795393,0.98025167,0.9589573,0.97993916,0.9825611,0.9758673,0.9671232,0.9802874,0.98435813,0.98207057,0.9827687,0.9801877,0.9728302,0.97225964,0.97858584,0.9774513,0.98194134,0.9786971,0.9753239,0.980117,0.97901255,0.9664475,0.9837166,0.97868925,0.9834957,0.96340793,0.98356605,0.9812049,0.9800953,0.97943914,0.9840389,0.9754934,0.9862395,0.974067,0.9853376,0.9675228,0.9563145,0.98899853,0.98636365,0.966972,0.9537832,0.9765362,0.98025376,0.9769657,0.97779703,0.9863587,0.97384506,0.9837512,0.9834544,0.9753717,0.96395934,0.97128284,0.9862395,0.97188765,0.9773823,0.9839749,0.9699577
adogsjourneymovie,0.97804314,0.9436548,0.97112954,0.95663166,0.9651271,1.0,0.9644798,0.95176244,0.963629,0.9305181,0.9450163,0.9799243,0.9733739,0.94769144,0.9450233,0.94472706,0.9602791,0.9445746,0.968267,0.95183784,0.9550037,0.9625055,0.9754779,0.97252357,0.9607575,0.9423225,0.95785224,0.95461696,0.96197814,0.9696101,0.9449486,0.95078796,0.95703024,0.9736742,0.94421625,0.93603426,0.95733917,0.96544814,0.97334754,0.94910777,0.96203583,0.9676458,0.97192883,0.9642143,0.95590556,0.9509878,0.96652246,0.949808,0.9364583,0.9666577,0.9735656,0.9529231,0.9614157,0.9434705,0.944251,0.9398991,0.9639582,0.98174816,0.95384604,0.9482237,0.96270496,0.9373017,0.94941723,0.95394784,0.94640726,0.95720327,0.9516291,0.9553158,0.9442135,0.9602288,0.9571673,0.96052915,0.92276615,0.9486328,0.95816076,0.9685208,0.9727013,0.953545,0.9435458,0.96414036,0.94734657,0.965602,0.96612775,0.9742148,0.9740481,0.9469997,0.95918113,0.9558982,0.97237587,0.96329916,0.9343568,0.9571673,0.94861525,0.9546698,0.97534174,0.9441043,0.9577553,0.9693007,0.9711136,0.9602056,0.956651,0.966388,0.9534192,0.952262,0.9385292,0.9672682,0.97071916,0.95674217,0.95488113,0.95575607,0.94662696,0.9568221,0.9645374,0.9419049,0.96154475,0.96312845,0.9712205,0.9609129,0.9534801,0.9608516,0.972013,0.96171975,0.9636863,0.9848897,0.9639809,0.94941074,0.949977,0.9714722,0.96921337,0.9512877,0.9646975,0.9532513,0.96531934,0.9339277,0.9752619,0.95309377,0.9631358,0.95747936,0.9606349,0.93628985,0.963629,0.96435326,0.9538585,0.9580289,0.9628435,0.9637948,0.96562356,0.9503987,0.94948214,0.965651,0.96666783,0.96309817,0.94409347,0.97513,0.9447665,0.9416595,0.9663802,0.9516472,0.9544481,0.96329784,0.963629,0.9664922,0.96601737,0.96090835,0.9642367
aftermathmovie,0.9901132,0.97146636,0.991385,0.9812394,0.98287374,0.9644798,1.0,0.98586017,0.99682117,0.97866994,0.9930432,0.9531884,0.9830251,0.98920363,0.9816246,0.97725403,0.9794812,0.9795776,0.98752975,0.979006,0.98979586,0.98097456,0.9823432,0.99015695,0.97402173,0.97962356,0.9766476,0.98747283,0.99042827,0.9883046,0.98543817,0.9809877,0.9528473,0.9844559,0.9820775,0.97250664,0.9864602,0.98722935,0.9774079,0.9846709,0.9756828,0.98605794,0.9850986,0.98026645,0.99395853,0.9838558,0.9804896,0.9763313,0.9739567,0.98520416,0.9860071,0.9895915,0.97528934,0.96306187,0.97683024,0.96453476,0.9845963,0.99124193,0.9902813,0.989389,0.9714734,0.98043436,0.9893553,0.98209006,0.97828877,0.9878129,0.98760647,0.9871341,0.9750735,0.9844968,0.991439,0.96561724,0.96116364,0.9811188,0.99171865,0.95120513,0.9817625,0.96882516,0.9736255,0.98358494,0.98060924,0.98560727,0.98548424,0.9866403,0.97641397,0.985407,0.9735111,0.9847387,0.9945406,0.9939977,0.97838736,0.991439,0.9652539,0.9787755,0.9908042,0.9869595,0.982283,0.98700315,0.9944476,0.9931884,0.9885013,0.98865634,0.9840729,0.99075955,0.9858431,0.9794935,0.9929428,0.9918788,0.9783312,0.9826728,0.9844621,0.9814095,0.9931824,0.9755436,0.9863161,0.9813229,0.99077845,0.9912342,0.98151135,0.9948563,0.98339385,0.98459893,0.98689413,0.96871305,0.9902794,0.9904294,0.97973037,0.9817232,0.97244006,0.9872138,0.9921431,0.98098266,0.98686254,0.95452917,0.9891297,0.9912052,0.9876848,0.98647386,0.9889309,0.98463553,0.99682117,0.9855606,0.98630583,0.98338306,0.97603464,0.9905384,0.97867614,0.9879406,0.98406327,0.98874575,0.99366844,0.9904512,0.9890723,0.98631024,0.98039734,0.9822102,0.9895725,0.9783844,0.9736894,0.9807586,0.99682117,0.9820233,0.98437124,0.98677146,0.9855407
aftermovie,0.977683,0.9685165,0.9903511,0.975913,0.97617716,0.95176244,0.98586017,1.0,0.9900339,0.96827906,0.9796802,0.94471985,0.9699379,0.98955953,0.97766984,0.96434164,0.97082347,0.9736987,0.98564005,0.9712122,0.98462254,0.9857955,0.9616295,0.9759081,0.9666376,0.97796,0.97023493,0.9854343,0.9865282,0.9739104,0.976901,0.9713631,0.93744224,0.973776,0.9804902,0.9842934,0.9803424,0.9743731,0.97191954,0.98692334,0.98189384,0.9884959,0.9751781,0.9843875,0.98109823,0.99251944,0.95691067,0.97500956,0.98105276,0.9883796,0.9786021,0.98652,0.9627337,0.95228535,0.98822623,0.97240007,0.98995763,0.9782373,0.9815579,0.98598355,0.97042143,0.9801824,0.9819435,0.97758806,0.9797319,0.986206,0.97926193,0.9826716,0.96417844,0.98615414,0.9872871,0.9736139,0.9819873,0.980231,0.9816082,0.94770133,0.9758635,0.97825617,0.98578167,0.9828333,0.96990776,0.98272467,0.9811769,0.9833254,0.97592485,0.97919106,0.96760255,0.9728069,0.98290265,0.98756355,0.97771364,0.9872871,0.9762284,0.9811896,0.9805892,0.9886962,0.97866946,0.9723579,0.98201185,0.9866523,0.99050367,0.984739,0.98872787,0.9861645,0.98175895,0.97408503,0.9837511,0.98224735,0.9781369,0.9820904,0.9723161,0.9787772,0.9745305,0.9806526,0.9888831,0.9806186,0.9843169,0.9912411,0.9702727,0.97750336,0.968307,0.97357583,0.9795793,0.96369517,0.979677,0.98085314,0.9744673,0.97662336,0.9792289,0.98085517,0.9807528,0.98226976,0.9747742,0.95220405,0.9742375,0.9851703,0.97489965,0.9929283,0.9863667,0.9897428,0.9900339,0.9783665,0.9919026,0.99068177,0.98312336,0.9800799,0.9784188,0.99000376,0.97876716,0.9802413,0.9828413,0.9944725,0.9832963,0.9718647,0.970549,0.9801652,0.96743286,0.97634,0.98641926,0.9740089,0.9900339,0.97047323,0.9720571,0.9773764,0.9830048
ahiddenlifefilm,0.9885059,0.9784074,0.9921839,0.984898,0.9862395,0.963629,0.99682117,0.9900339,1.0,0.98225147,0.99016595,0.9541638,0.9862131,0.9933274,0.98951894,0.9822867,0.9839698,0.9867339,0.9904642,0.98809177,0.98483396,0.98610747,0.9836646,0.9918565,0.97873896,0.9791859,0.9826464,0.9923808,0.99204755,0.9880608,0.9897144,0.9871379,0.95996374,0.98496693,0.9835207,0.97548926,0.9924049,0.9861919,0.9792101,0.9885567,0.9824867,0.9885058,0.984636,0.9835523,0.9893626,0.9878979,0.9814126,0.9765393,0.9844611,0.98892677,0.9882821,0.99479026,0.9806865,0.97063726,0.9833277,0.9739125,0.9853859,0.9887487,0.99278045,0.99397165,0.97885096,0.9863124,0.990714,0.98392314,0.981765,0.9868007,0.99008524,0.99061954,0.9818851,0.9880247,0.9968848,0.9720098,0.9694446,0.9851401,0.99171174,0.9614624,0.98522145,0.9799174,0.9818731,0.986829,0.9829879,0.9908651,0.9895815,0.98752165,0.9803755,0.98968667,0.98067033,0.9894432,0.99356717,0.9962946,0.98765963,0.9968848,0.9731814,0.97920996,0.99451166,0.9917943,0.98917437,0.98823047,0.99537814,0.99560887,0.9916825,0.9932402,0.98561645,0.995737,0.9895383,0.9831235,0.99299824,0.99201226,0.98137945,0.9871093,0.9852704,0.9874623,0.99065477,0.97685033,0.9874962,0.98609835,0.9917956,0.9939477,0.98671037,0.9929041,0.98890775,0.9854502,0.9876113,0.97038615,0.991575,0.9916316,0.98445296,0.98585725,0.97643465,0.98957956,0.98891133,0.9865986,0.9896983,0.9556019,0.988439,0.9913076,0.9904589,0.9899133,0.995495,0.99148583,1.0,0.98932844,0.9909947,0.9855309,0.9813927,0.9945115,0.98086905,0.9912936,0.9846931,0.9910684,0.99081254,0.9917367,0.99064034,0.9877531,0.98622644,0.98829913,0.98883754,0.98832107,0.9772528,0.9818772,1.0,0.9824028,0.98709404,0.9929992,0.98661816
alitamovie,0.96812445,0.953155,0.961431,0.9744001,0.9695711,0.9305181,0.97866994,0.96827906,0.98225147,1.0,0.9721972,0.9069436,0.9607361,0.9796466,0.97200996,0.974602,0.9719139,0.97386163,0.9786759,0.96934175,0.9681647,0.9578431,0.9636217,0.9670311,0.9748742,0.9718533,0.9704397,0.9769102,0.9721295,0.95931137,0.9834077,0.97826064,0.92388034,0.9619176,0.95758283,0.95740515,0.97813284,0.9647514,0.9698041,0.9745126,0.94977164,0.96189606,0.96937925,0.958673,0.9767957,0.9642565,0.95601636,0.9469381,0.9747219,0.96699226,0.9617691,0.98496526,0.97435147,0.9484842,0.9557607,0.97523695,0.95293707,0.9632005,0.9833571,0.98055315,0.9441923,0.9851346,0.9719522,0.9620843,0.97304165,0.9624254,0.97317207,0.9745184,0.97339493,0.96917576,0.97987133,0.93363327,0.9528809,0.97143424,0.9727886,0.94437754,0.95487386,0.9539259,0.9592904,0.97313493,0.97107583,0.9598164,0.9609466,0.95949227,0.9452178,0.97490484,0.95424265,0.97376925,0.9711017,0.97129315,0.9711906,0.97987133,0.9460119,0.96355075,0.97276586,0.9762257,0.9689197,0.9703303,0.9777359,0.98519605,0.9721939,0.9734719,0.96319914,0.98156625,0.98172766,0.9560827,0.9650219,0.9723213,0.9531736,0.9740578,0.9643126,0.97153777,0.9730216,0.9481413,0.9537375,0.95725816,0.96935517,0.97179335,0.9804808,0.9788395,0.96970934,0.96435976,0.96823984,0.9361661,0.98038596,0.9755853,0.9590258,0.9711021,0.9445936,0.98668486,0.9727539,0.9632303,0.9813144,0.9286092,0.9740085,0.96734065,0.9766517,0.9644662,0.9799213,0.9805131,0.98225147,0.9739504,0.9674581,0.96128386,0.9613588,0.9835258,0.95744854,0.9712746,0.96498513,0.9708254,0.9797943,0.96988845,0.984086,0.95805717,0.96967566,0.97420424,0.9685195,0.97906643,0.9566014,0.95100856,0.98225147,0.9652315,0.9549375,0.97485924,0.96161544
angelhasfallen,0.97845006,0.9614021,0.980716,0.9718056,0.97984004,0.9450163,0.9930432,0.9796802,0.99016595,0.9721972,0.9999997,0.93192923,0.9646721,0.9809541,0.97381353,0.9695541,0.9672148,0.9722807,0.97932345,0.9689579,0.98146194,0.9686963,0.9756697,0.98308516,0.95747423,0.9730132,0.9717196,0.97522587,0.97536683,0.97896683,0.9788267,0.9754676,0.9333332,0.9665937,0.9757886,0.96529883,0.9852318,0.9821452,0.9555827,0.9786586,0.96101177,0.9738493,0.9666937,0.97239846,0.99219453,0.97560704,0.9764764,0.9693886,0.96768045,0.9727473,0.9671396,0.9850173,0.95385337,0.94293976,0.97163254,0.9605497,0.9775306,0.9746496,0.98267275,0.98522365,0.9555833,0.97416574,0.9855508,0.9632033,0.97420675,0.98318434,0.99211,0.9864263,0.9611485,0.97140145,0.98489517,0.9524362,0.95610225,0.9674229,0.9905083,0.9308898,0.96555245,0.95767975,0.9689575,0.97345155,0.9712466,0.9782272,0.96917504,0.9761024,0.9567756,0.9787864,0.9600985,0.97411007,0.9876731,0.9854117,0.97838885,0.98489517,0.95052207,0.9636512,0.9776192,0.9868278,0.9667458,0.97111195,0.98790973,0.98667,0.983186,0.9794389,0.9688098,0.98559135,0.9786367,0.9584219,0.9864622,0.9824185,0.9746876,0.9735075,0.97898304,0.9715724,0.98648137,0.9713684,0.97291905,0.9698091,0.9801934,0.9874264,0.9725075,0.9860204,0.9698178,0.96737826,0.97761667,0.9519264,0.9834476,0.9855972,0.9731629,0.96754724,0.9575629,0.9791569,0.9865989,0.96717465,0.9806671,0.9547806,0.97659856,0.98548263,0.97949255,0.9838492,0.98082864,0.9811989,0.99016595,0.9733892,0.9833248,0.97598433,0.9574798,0.9847114,0.96743876,0.9792445,0.9699497,0.97640795,0.98403454,0.9764754,0.9851672,0.97697073,0.9803169,0.9793966,0.98499256,0.96966803,0.9564496,0.9638054,0.99016595,0.96081233,0.97583455,0.9834616,0.9699842
angrybirdsmovie,0.9601361,0.9439091,0.97066855,0.94454414,0.95074666,0.9799243,0.9531884,0.94471985,0.9541638,0.9069436,0.93192923,1.0,0.9667923,0.9353182,0.92971396,0.92949295,0.9419237,0.9316056,0.9507102,0.93953437,0.94323766,0.9549388,0.96193755,0.966665,0.94147813,0.9318256,0.92785513,0.9376427,0.9507799,0.9690022,0.9342182,0.9389706,0.9713436,0.96380883,0.9470166,0.92774725,0.95211905,0.9469865,0.9504474,0.9430479,0.9517372,0.9522319,0.95115775,0.9435505,0.9408297,0.9420211,0.958674,0.96474767,0.923164,0.9470587,0.9604969,0.9409974,0.9490783,0.9247184,0.9425421,0.9183117,0.9548296,0.9694395,0.9357954,0.92833763,0.9522224,0.9145598,0.94432944,0.94533026,0.938376,0.94761354,0.94295776,0.9467375,0.91942793,0.9478908,0.9398819,0.94360554,0.92109895,0.93681055,0.9484806,0.94868356,0.9571688,0.9401878,0.92584664,0.9503993,0.92565066,0.9588552,0.9559572,0.9598151,0.97197187,0.93721956,0.94760466,0.9487292,0.9484623,0.9639826,0.9291748,0.9398819,0.94327295,0.9525189,0.96296746,0.94214123,0.94814247,0.9585788,0.9543383,0.9488209,0.94995093,0.9564191,0.9412635,0.9335222,0.9239317,0.95203525,0.9567787,0.9413064,0.94883114,0.9451751,0.9368317,0.93776554,0.9432675,0.9357187,0.9518118,0.9544589,0.9586562,0.94547063,0.9289546,0.94357014,0.95511955,0.9489994,0.9531073,0.97707593,0.952624,0.93633485,0.9404149,0.9526034,0.95718753,0.9295558,0.9562378,0.9561132,0.95086855,0.91210884,0.9572066,0.9478697,0.9440449,0.9460881,0.95166093,0.93240637,0.9541638,0.9495585,0.94894195,0.94171345,0.95389587,0.94249004,0.9561265,0.94517386,0.9388469,0.95543313,0.95020145,0.9529611,0.9338176,0.9674838,0.9293889,0.93311584,0.9604679,0.9334667,0.940323,0.9592197,0.9541638,0.9580015,0.96403265,0.9587371,0.95346355
annabellemovie,0.9886472,0.9705908,0.9843802,0.9799593,0.97968084,0.9733739,0.9830251,0.9699379,0.9862131,0.9607361,0.9646721,0.9667923,0.9999999,0.97431135,0.97921634,0.9683336,0.98029673,0.9766153,0.97762567,0.98203254,0.97101915,0.98418444,0.97728735,0.98200744,0.9774994,0.9744054,0.9691354,0.9825439,0.9850293,0.98671114,0.9768629,0.9847903,0.9657393,0.989326,0.9734134,0.9665259,0.9785985,0.9838951,0.97801095,0.9774371,0.97515154,0.9833948,0.9766786,0.97439283,0.97447836,0.97635686,0.97326136,0.9696082,0.9761144,0.9810001,0.9893324,0.98214924,0.98785627,0.97757316,0.9737809,0.9579732,0.9753858,0.9876989,0.98044175,0.9767263,0.9732768,0.97121835,0.9761756,0.97497064,0.96717626,0.97800386,0.97326577,0.97891366,0.9769578,0.9789706,0.9836065,0.97541744,0.9582216,0.9821016,0.9742553,0.9668756,0.9900968,0.9783153,0.9710058,0.98177826,0.9713036,0.9885222,0.9824825,0.9810816,0.98887396,0.9798334,0.9790591,0.9922529,0.98443574,0.98881674,0.97244745,0.9836065,0.9785217,0.97752386,0.99438125,0.9734652,0.99045134,0.98780215,0.98415905,0.98578626,0.98028845,0.98579574,0.9801312,0.98131335,0.9720409,0.988231,0.98028785,0.97900957,0.97411686,0.97837526,0.9633726,0.98458767,0.98155016,0.9721964,0.9757864,0.99064344,0.99072444,0.9775897,0.98043317,0.98385614,0.98406106,0.9848418,0.9802763,0.97825015,0.9805435,0.97855246,0.98225176,0.9875,0.9773128,0.96857965,0.9780724,0.9894967,0.98057914,0.96027374,0.9823863,0.97779495,0.9865201,0.9722605,0.9858157,0.9702868,0.9862131,0.98816,0.9757175,0.9647096,0.9727912,0.98550373,0.9783435,0.9779875,0.96989894,0.9877892,0.9795015,0.98134786,0.9699812,0.99082106,0.96304315,0.9765291,0.9842168,0.9755289,0.9697272,0.98552966,0.9862131,0.988559,0.9816335,0.9810613,0.98383325
annamovie,0.9789313,0.97088414,0.98522294,0.98044455,0.9784229,0.94769144,0.98920363,0.98955953,0.9933274,0.9796466,0.9809541,0.9353182,0.97431135,0.99999994,0.9829852,0.9722112,0.97683513,0.9822189,0.9817665,0.97887707,0.9817246,0.97957826,0.9668911,0.9808175,0.97016764,0.97585577,0.9800396,0.9907222,0.9878085,0.97955763,0.98544437,0.97599864,0.94738877,0.9729901,0.97897774,0.9734434,0.9819704,0.9738261,0.9708447,0.98606086,0.97946304,0.98109853,0.97543526,0.97406924,0.9837469,0.98781276,0.9644555,0.9698151,0.9785599,0.9809982,0.98211735,0.9870293,0.97093326,0.9621556,0.9795612,0.9726387,0.98047775,0.98069614,0.9872494,0.9895045,0.9741032,0.9807741,0.99165356,0.98631227,0.9768601,0.98563987,0.97800034,0.97864467,0.97571856,0.98638874,0.99204737,0.9638743,0.96931595,0.98176277,0.98091704,0.95190674,0.97710574,0.97847146,0.98576343,0.98358816,0.9780332,0.9840201,0.9861183,0.977246,0.96962214,0.9829668,0.97571003,0.98118365,0.9860974,0.9858429,0.9831102,0.99204737,0.9717635,0.97618085,0.98468417,0.98765117,0.98294365,0.9758457,0.9872699,0.9898783,0.98795766,0.99121326,0.9840699,0.9920161,0.9864558,0.97619635,0.98066604,0.9908877,0.97178715,0.9821539,0.9817369,0.9813376,0.982682,0.9709774,0.9841902,0.9798405,0.98483557,0.98938173,0.97838056,0.9831882,0.9800198,0.98066753,0.9782437,0.9528873,0.9834135,0.9869641,0.9796229,0.97732675,0.97431535,0.98239017,0.98033714,0.9811235,0.9807249,0.9408965,0.97878027,0.98444533,0.9815515,0.98264927,0.987731,0.9925253,0.9933274,0.9802357,0.98946196,0.98960024,0.97336257,0.98630244,0.97347605,0.98973495,0.9834299,0.9829624,0.98239464,0.98952526,0.98915946,0.9762259,0.98078597,0.9865687,0.9743829,0.984252,0.9744925,0.9710404,0.9933274,0.98047227,0.9780912,0.97942954,0.98137134
apollo11movie,0.9816309,0.977166,0.9760092,0.97993374,0.97600657,0.9450233,0.9816246,0.97766984,0.98951894,0.97200996,0.97381353,0.92971396,0.97921634,0.9829852,0.99999994,0.9792315,0.9770183,0.9940586,0.9793038,0.9940912,0.9645678,0.98025376,0.96733135,0.9785254,0.95888764,0.9665193,0.9825235,0.98546207,0.9825632,0.9756597,0.97418165,0.9802209,0.95025027,0.98018456,0.96879023,0.9623298,0.9805439,0.9791016,0.96673113,0.9779963,0.977309,0.9831292,0.97559565,0.9779329,0.9734051,0.9777709,0.96577966,0.9543442,0.9844357,0.98451436,0.98124975,0.9877212,0.9690019,0.97787046,0.97026503,0.9654064,0.97355115,0.9733841,0.9837405,0.9936357,0.9739604,0.9835022,0.97509813,0.96863145,0.9683184,0.9726834,0.9714414,0.98095727,0.9798212,0.97446376,0.9946447,0.9753095,0.9557375,0.9813822,0.9808095,0.95081407,0.98339033,0.9806218,0.9832802,0.9715995,0.97121656,0.9838613,0.98442745,0.9745703,0.970174,0.97843695,0.9712419,0.9794712,0.9834463,0.98412913,0.98302805,0.9946447,0.9657767,0.95985353,0.98796386,0.9828691,0.9842237,0.9756568,0.98364455,0.9810939,0.97785664,0.9812834,0.98175675,0.99242926,0.9863197,0.9829417,0.9837233,0.9821478,0.9678276,0.9783324,0.9744927,0.9874473,0.9825247,0.9686819,0.9786383,0.9798009,0.98502,0.9872845,0.98111206,0.9852583,0.9789612,0.973647,0.9701711,0.9562098,0.9787538,0.97659713,0.983488,0.98041344,0.97386664,0.98118615,0.9675164,0.980651,0.9747219,0.94765234,0.9741677,0.98299986,0.9865035,0.9814023,0.98661065,0.98022467,0.98951894,0.98059773,0.9791312,0.9713394,0.9703048,0.98953635,0.96894485,0.9773167,0.96821123,0.98305464,0.96961594,0.97933185,0.9711633,0.9809063,0.9838167,0.9852193,0.9707495,0.98972553,0.9675688,0.972054,0.98951894,0.97153133,0.97570777,0.9800366,0.97283715
arcticdogsmovie,0.9721163,0.9858108,0.96763945,0.9560192,0.96000564,0.94472706,0.97725403,0.96434164,0.9822867,0.974602,0.9695541,0.92949295,0.9683336,0.9722112,0.9792315,0.99999994,0.96225995,0.9763304,0.9725324,0.982111,0.960008,0.97241706,0.9694464,0.971302,0.9589858,0.9583382,0.971323,0.97572076,0.9739628,0.9698161,0.9596972,0.9628531,0.9569621,0.9688778,0.97339505,0.9565725,0.9749908,0.97011554,0.96348655,0.96176904,0.96162605,0.9578175,0.96856225,0.9509535,0.96327823,0.9572717,0.97038174,0.9600089,0.97514683,0.9628947,0.97097397,0.978262,0.96700203,0.9800196,0.9453659,0.9421276,0.95426697,0.9654213,0.9874034,0.98294055,0.9613776,0.9792504,0.968556,0.9706116,0.956333,0.96047145,0.97045714,0.9673991,0.96546674,0.9724703,0.979551,0.94759965,0.9357544,0.96515954,0.98017496,0.9378701,0.9659285,0.95362127,0.95970434,0.9619116,0.96480876,0.964474,0.9720109,0.9710204,0.9617354,0.9596992,0.95794046,0.9660868,0.97173184,0.976025,0.982316,0.979551,0.941935,0.95420516,0.98191667,0.9777555,0.9659393,0.982501,0.97534424,0.9818954,0.95942616,0.9722098,0.96996725,0.97966677,0.97824305,0.9715216,0.97500443,0.9851165,0.9687377,0.96787715,0.9745563,0.9762733,0.98093426,0.9574757,0.9692826,0.9680525,0.977218,0.97434574,0.9716858,0.98150915,0.9770991,0.9737007,0.96734005,0.94209635,0.96607786,0.97380865,0.97084635,0.9680097,0.9415089,0.97773707,0.96555084,0.95985043,0.972737,0.92066616,0.9724437,0.9695544,0.9822138,0.9648984,0.98084444,0.97284395,0.9822867,0.9822884,0.96962214,0.9626231,0.9681018,0.98123926,0.9590459,0.97491825,0.9732427,0.9846186,0.96623874,0.9670729,0.9654144,0.9627016,0.9766846,0.97120064,0.96666616,0.9806943,0.95155096,0.9713624,0.9822867,0.97527534,0.96663684,0.97837734,0.9692362
arcticmovie,0.9747674,0.9654324,0.97333443,0.9849839,0.97918373,0.9602791,0.9794812,0.97082347,0.9839698,0.9719139,0.9672148,0.9419237,0.98029673,0.97683513,0.9770183,0.96225995,1.0000001,0.974194,0.9698385,0.98001444,0.9636142,0.975034,0.9696398,0.9728982,0.9779758,0.97377914,0.9753021,0.98743945,0.9875539,0.9735036,0.975926,0.9821115,0.9382389,0.98126686,0.96546847,0.9685513,0.97362643,0.97209096,0.98196894,0.9757579,0.97035235,0.98414904,0.9806822,0.9807853,0.97111607,0.9663859,0.96116716,0.9470876,0.9793443,0.9848189,0.9826355,0.98369354,0.97690505,0.96523744,0.96923846,0.9710115,0.9642574,0.9786737,0.9788186,0.97994304,0.9671936,0.9771165,0.96959203,0.96286654,0.9787919,0.97331935,0.9737285,0.975461,0.98718303,0.9838344,0.9871332,0.97000134,0.96317315,0.9857411,0.97530293,0.9713638,0.9818737,0.9785569,0.9721139,0.9892792,0.9848449,0.9815297,0.97290933,0.9810543,0.9749906,0.97696525,0.978245,0.9779413,0.9842681,0.97598773,0.9691459,0.9871332,0.9730392,0.9670708,0.98353785,0.9717703,0.98192996,0.98272276,0.9788712,0.98323005,0.9733572,0.98027635,0.9733927,0.9811793,0.9842944,0.9812521,0.97223604,0.97490203,0.971689,0.98428273,0.95265996,0.9858505,0.9705701,0.9655433,0.9711999,0.97505593,0.9757581,0.9785942,0.99238914,0.9736651,0.9749361,0.97793746,0.96818644,0.96062803,0.97835714,0.98060405,0.95883715,0.9898177,0.9711503,0.9790148,0.96793073,0.9813048,0.99045414,0.9546444,0.9750679,0.9773892,0.98306966,0.9713682,0.9875139,0.97496593,0.9839698,0.9797671,0.96725273,0.9692659,0.9739876,0.98303056,0.9750538,0.97464305,0.9655224,0.9736492,0.98312545,0.97411984,0.9760154,0.97397953,0.9646573,0.9816234,0.98045367,0.98431,0.9616291,0.96728337,0.9839698,0.9777689,0.95814997,0.9747374,0.981569
artofracingmovie,0.97882,0.97380704,0.9716829,0.9867751,0.9826796,0.9445746,0.9795776,0.9736987,0.9867339,0.97386163,0.9722807,0.9316056,0.9766153,0.9822189,0.9940586,0.9763304,0.974194,1.0000001,0.97166574,0.9852336,0.9621262,0.97168595,0.9711321,0.97716147,0.95464444,0.97057337,0.97935003,0.9778882,0.97496206,0.9803423,0.96804214,0.978286,0.9475371,0.97589993,0.9666356,0.9633411,0.98092717,0.98192495,0.9633273,0.9770025,0.9720766,0.97960734,0.97142935,0.97431594,0.97559065,0.9705272,0.9699356,0.95887345,0.98073244,0.9784015,0.9706575,0.98306847,0.9675115,0.96891314,0.96720135,0.96754605,0.96917325,0.97334146,0.9807595,0.9914326,0.96317494,0.9782396,0.9744793,0.9609152,0.97138894,0.97680724,0.97284544,0.97648776,0.9741353,0.97233933,0.9915361,0.9702318,0.95564246,0.97863436,0.981111,0.94491965,0.97950226,0.97980136,0.98153555,0.9752775,0.9642957,0.9807969,0.9765412,0.9719462,0.9662796,0.97018,0.9636255,0.977779,0.98102444,0.98121905,0.9799538,0.9915361,0.9590043,0.9570049,0.9850073,0.9842302,0.97691786,0.97132146,0.9856798,0.9819132,0.9770339,0.9820089,0.9740864,0.9917684,0.9841659,0.9706873,0.9809537,0.97889656,0.96947134,0.97852504,0.9682647,0.9869831,0.9811024,0.97103393,0.9709719,0.9777405,0.9831796,0.9854832,0.9810384,0.9829325,0.9764983,0.97231567,0.9644469,0.96058846,0.97980946,0.9742315,0.97715235,0.97316253,0.9723805,0.9753999,0.9693098,0.9805517,0.9720544,0.9416261,0.9766624,0.983513,0.9861702,0.9778757,0.9878915,0.97905517,0.9867339,0.97389716,0.9801955,0.96840906,0.9628938,0.9891229,0.97439694,0.9714598,0.95867014,0.9821481,0.9706296,0.9765485,0.9715791,0.9782154,0.9824678,0.9886362,0.97277474,0.9885138,0.96162903,0.969312,0.9867339,0.9718229,0.97218984,0.98051345,0.96254575
avengers,0.9902268,0.96155745,0.9872113,0.97559816,0.97690815,0.968267,0.98752975,0.98564005,0.9904642,0.9786759,0.97932345,0.9507102,0.97762567,0.9817665,0.9793038,0.9725324,0.9698385,0.97166574,0.99999994,0.97846997,0.9818742,0.98276144,0.97511595,0.98464143,0.9765114,0.9732057,0.9808324,0.98136336,0.9821528,0.9749944,0.9856305,0.98078996,0.9532757,0.9797935,0.96920174,0.96268815,0.98662204,0.97683513,0.97792417,0.9857454,0.9748057,0.980986,0.9804915,0.97898453,0.9841356,0.9865177,0.9674871,0.968195,0.97379917,0.9840708,0.9828835,0.9900184,0.975384,0.9552975,0.9736678,0.9750247,0.9835723,0.9814782,0.9856318,0.98152375,0.97081184,0.9818731,0.9804695,0.975364,0.97351736,0.97440255,0.9784478,0.98902464,0.96586424,0.97614247,0.98421115,0.9633448,0.9612622,0.9744346,0.98106533,0.96510863,0.97612,0.9681189,0.9736571,0.97652566,0.96986485,0.9800259,0.981573,0.9772069,0.9718539,0.98312813,0.96846426,0.97993654,0.98348707,0.9873687,0.97455144,0.98421115,0.9679729,0.97811586,0.9861903,0.9825928,0.9810164,0.9770493,0.98750716,0.98715854,0.9865039,0.98478794,0.98188317,0.9826598,0.97533524,0.9765313,0.9852831,0.9783633,0.965038,0.9798256,0.97919464,0.97540766,0.9839761,0.9616321,0.9763365,0.9762167,0.98794544,0.98610884,0.9715962,0.9855679,0.98036677,0.9699345,0.9848433,0.9677473,0.98991823,0.9767509,0.97989076,0.9857226,0.9750965,0.98738295,0.9864632,0.97503066,0.98325807,0.95228463,0.98414034,0.97630996,0.97971517,0.98552275,0.98176223,0.98045605,0.9904642,0.985695,0.9829475,0.9790088,0.977533,0.98759425,0.969175,0.98141474,0.9745025,0.9819862,0.98309517,0.9856294,0.9807652,0.9840577,0.9739213,0.971756,0.9759454,0.9769787,0.97731584,0.96885747,0.9904642,0.97178495,0.98137724,0.98305964,0.9788671
beachbummovie,0.9783743,0.9784789,0.9747018,0.97648495,0.9711315,0.95183784,0.979006,0.9712122,0.98809177,0.96934175,0.9689579,0.93953437,0.98203254,0.97887707,0.9940912,0.982111,0.98001444,0.9852336,0.97846997,1.0,0.9581073,0.9794586,0.967928,0.97780347,0.96656996,0.9623029,0.9780535,0.98578924,0.98227644,0.9748597,0.9756145,0.9795152,0.95747167,0.9787674,0.96998054,0.9579091,0.97933716,0.97265303,0.9716277,0.9708633,0.97727036,0.9767701,0.97497076,0.9706123,0.9681229,0.9726477,0.9660821,0.9495374,0.9807763,0.9799265,0.9830947,0.9841289,0.97784567,0.98268056,0.9675377,0.9630351,0.9703229,0.97310245,0.9814875,0.9859044,0.9770192,0.97893435,0.97526926,0.972435,0.9610021,0.9662857,0.97198063,0.9751663,0.9825009,0.97716737,0.9897677,0.97234917,0.9517923,0.98049366,0.9759876,0.9648271,0.98288554,0.97801375,0.9764863,0.97092384,0.97371,0.9831182,0.9846203,0.97596055,0.97495806,0.9790543,0.98336184,0.9803093,0.9793593,0.9833823,0.9841103,0.9897677,0.9684572,0.9574925,0.98721164,0.9782081,0.986052,0.9845834,0.9812901,0.9810178,0.97173756,0.983658,0.9767051,0.9860414,0.97906506,0.9847691,0.9773475,0.98108083,0.9700188,0.97400665,0.9692007,0.98781073,0.98008263,0.962191,0.9732479,0.97917706,0.9805486,0.9821868,0.98058486,0.9845044,0.9845078,0.9755951,0.96945477,0.9559702,0.9766522,0.97485054,0.9782269,0.98494494,0.9704102,0.9797348,0.9637766,0.9764673,0.98142344,0.9426084,0.9735683,0.97445124,0.98485875,0.97449654,0.9859549,0.97977406,0.98809177,0.98214686,0.97394603,0.968867,0.97546077,0.98656774,0.9656702,0.9786166,0.96972674,0.98032,0.9690212,0.97392666,0.96663445,0.98151726,0.9784669,0.9791018,0.9720642,0.9886922,0.9612012,0.970939,0.98809177,0.9728951,0.9726081,0.9824301,0.9746955
bernadettefilm,0.983199,0.95174795,0.98451346,0.96607834,0.9773774,0.9550037,0.98979586,0.98462254,0.98483396,0.9681647,0.98146194,0.94323766,0.97101915,0.9817246,0.9645678,0.960008,0.9636142,0.9621262,0.9818742,0.9581073,1.0,0.9729142,0.9589687,0.97466356,0.96814924,0.97825253,0.95784086,0.97767377,0.97774845,0.97528523,0.97718954,0.97110075,0.92645466,0.9712526,0.97587126,0.9760962,0.9744506,0.98005146,0.96858495,0.97894895,0.95646286,0.97693855,0.9673117,0.9685209,0.9895865,0.9891843,0.9543321,0.9763184,0.9624852,0.9746985,0.97435766,0.98090595,0.9602125,0.94485664,0.96998805,0.9616715,0.9843402,0.9862197,0.97932184,0.9749154,0.95935535,0.97045255,0.9824552,0.9725365,0.9805518,0.98761696,0.9778256,0.98156303,0.9558115,0.9781095,0.97719604,0.9505523,0.96514225,0.9747433,0.9729854,0.92713904,0.9657217,0.9561796,0.96945274,0.97945505,0.95735765,0.96840924,0.9682863,0.97675735,0.9652306,0.98117936,0.95311195,0.9724821,0.9839986,0.9825038,0.962659,0.97719604,0.9672964,0.98784924,0.9780897,0.97949225,0.9735825,0.9753,0.9818911,0.9814597,0.9898506,0.9815816,0.9811048,0.9769575,0.9737137,0.96705127,0.98184747,0.9836156,0.9670702,0.97506034,0.9689469,0.96594775,0.98470056,0.97299594,0.9802655,0.9764592,0.9855623,0.9775722,0.9657757,0.9829232,0.9620585,0.97845405,0.9884922,0.9621775,0.973993,0.9836549,0.97320336,0.9723048,0.96755946,0.9694072,0.99207354,0.97339106,0.9731778,0.9443805,0.98366934,0.98099035,0.9683712,0.97807455,0.9726417,0.97825813,0.98483396,0.9728791,0.98620325,0.972253,0.9652221,0.9769459,0.97712827,0.97782445,0.9798145,0.97865975,0.9851936,0.9884441,0.9851101,0.9746502,0.9582916,0.9698127,0.9703889,0.9585168,0.9797953,0.9806231,0.98483396,0.9756716,0.9752318,0.9692668,0.98179567
