movie,21bridgesmovie,47metersdown,abeautifuldaymovie,abominablemovie,adastramovie,adogsjourneymovie,aftermathmovie,aftermovie,ahiddenlifefilm,alitamovie,angelhasfallen,angrybirdsmovie,annabellemovie,annamovie,apollo11movie,arcticdogsmovie,arcticmovie,artofracingmovie,avengers,beachbummovie,bernadettefilm,blackandbluemovie,blackchristmas,blindedbythelightmovie,bombshellmovie,booksmart,breakthroughmovie,brianbanksmovie,brightburnmovie,brittanyrunsmov,captainmarvelofficial,captivestatemovie,catsmovie,charliesangels,childsplaymovie,clarathefilm,coldpursuitmovie,countdown,currentwarmovie,darkwatersmovie,detectivepikachumovie,disneyaladdin,disneyfrozen,disneymaleficent,doctorsleepmovie,dolemiteismyname,dontletgomovie,doramovie,downtonabbey_official,dumbo,escaperoom,everybodyknowsmovie,fastandfuriousmovie,fightingwmyfam,fivefeetapartfilm,fordvferrari,freaksthefilm,geminimanmovie,glassmovie,gloriabellmovie,godzillamovie,goldfinchmovie,goodboysmovie,goodliarmovie,gretafilm,halathemovie,happydeathdaymovie,harrietfilm,hellboymovie,hersmellmovie,highlifemovie,highstrungmovie,honeyboymovie,hotelmumbaifilm,httydragon,hustlemovie,hustlersmovie,isntitromantic,itmovieofficial,jayandsilentbob,johnwickmovie,jojorabbitmovie,jokermovie,judythefilm,jumanjimovie,justmercyfilm,knivesout,lalloronamovie,lastblackmansf,lastchristmasthemovie,latenightmovie,lighthousemovie,lionking,littlethemovie,littlewomenmovie,littlewoodsfilm,longshotmovie,lordsofchaosmovie,lucyintheskyfilm,mamovie2019,marriagestory,meettheaddams,meninblack,midsommarmovie,midwaymovie,missbalamovie,missinglinkfilm,motherlessbklyn,onceinhollywood,onthebasisofsex,overcomermovie,peanutbutterfalcon,petsematarymovie,piercingmovie,playingwithfire,playmobilthemovie,pomsmovie,queenandslim,rambomovie,readyornotfilm,richardjewellfilm,rocketmanmovie,scarystoriesmovie,secretlifeofpets,serenityfilm,shaftmovie,shazammovie,spidermanmovie,spiesindisguise,starwars,stormboymovie,stubermovie,taosdfilm,teenspiritmov,terminator,theaeronautsmov,thebestofenemies,thedeaddontdie,thefarewell,thehighwaymen,thehummingbirdprojectfilm,theintrudermovie,theirishmanfilm,thekitchenmovie,thelegomovie,themustangfilm,thenightingalefilm,theprodigymovie,thesunisalsoastar,theupsidefilm,tolkienmovie,toystory,triplefrontier,uglydolls,uncutgems,underthesilverlake,usmovie,wavesmovie,whatmenwant,wonderparkmovie,wrinklestheclown,xmenmovies,yardiefilm,yesterdaymovie,zombieland
21bridgesmovie,0.9999999,0.9902657,0.99897647,0.98677504,0.9938184,0.988007,0.9962008,0.99956703,0.9979559,0.9949759,0.998735,0.9930061,0.99936455,0.9973308,0.993172,0.98418635,0.9981072,0.99185675,0.9963087,0.99790806,0.992419,0.99534947,0.9995775,0.9986607,0.9774606,0.97878844,0.9926843,0.98971856,0.99686474,0.9883819,0.99328434,0.9984966,0.98201305,0.9865633,0.988171,0.98788947,0.99733055,0.99946505,0.9971818,0.9946671,0.99678713,0.99639875,0.99010056,0.9986204,0.9992223,0.9926424,0.9980822,0.9946695,0.97771746,0.9980851,0.9982596,0.9971271,0.98904073,0.99726653,0.9973215,0.9967172,0.9941638,0.9963542,0.9929809,0.9968833,0.9977164,0.9920655,0.9940352,0.9968989,0.99561214,0.98850584,0.99176294,0.9916862,0.9982744,0.98679215,0.9969198,0.9888784,0.9921539,0.99467987,0.99485004,0.9924976,0.9735637,0.99714506,0.99666244,0.9912709,0.9947972,0.99214953,0.9958387,0.98756164,0.9969574,0.9942074,0.99461716,0.9988576,0.99033946,0.99879146,0.989794,0.9969198,0.9902215,0.994991,0.9991694,0.99373865,0.9966915,0.9969212,0.98920834,0.99620855,0.9951995,0.99915844,0.9811737,0.9967298,0.9867094,0.99869204,0.9981629,0.99919444,0.9881287,0.9851715,0.99533945,0.9936469,0.991926,0.9895726,0.99078536,0.9961179,0.99984074,0.9889283,0.9969327,0.99719834,0.99840033,0.98918384,0.99630725,0.9906134,0.99919224,0.9945972,0.9957653,0.9969801,0.9881326,0.9851483,0.9939721,0.98921317,0.9983096,0.9778171,0.99448436,0.9849629,0.99751425,0.99189323,0.99821466,0.99073136,0.9979559,0.99819016,0.99198383,0.9918673,0.99898964,0.99773926,0.9868081,0.9907019,0.99749583,0.99928874,0.996697,0.9980977,0.9953146,0.98527056,0.9976875,0.9950511,0.9961699,0.9965634,0.9885784,0.98001134,0.9979559,0.99340546,0.99419504,0.9973456,0.99552333
47metersdown,0.9902657,0.99999994,0.99384224,0.9649699,0.9800447,0.9921043,0.9785989,0.9913461,0.98854345,0.98170257,0.9900971,0.9944503,0.99395734,0.9839924,0.9889811,0.9976392,0.9875456,0.97780913,0.99491537,0.9917332,0.977441,0.98830897,0.992574,0.98915446,0.99710125,0.9931864,0.98115385,0.99149585,0.99643636,0.97757107,0.99803275,0.9883653,0.99430555,0.99932194,0.9897794,0.9943463,0.9819119,0.99041957,0.99486756,0.9968805,0.9866296,0.99226195,0.97635746,0.9904277,0.9920777,0.97394943,0.9938659,0.99352664,0.9831212,0.98570573,0.9950673,0.9929264,0.9940926,0.99395126,0.9872492,0.9827809,0.98990303,0.99627686,0.9840323,0.9844394,0.99007535,0.97095865,0.9977538,0.9955817,0.9977447,0.9901402,0.97897154,0.99228626,0.9952211,0.9706809,0.982153,0.9986025,0.99274427,0.982896,0.99693346,0.9972791,0.9848958,0.99632084,0.98926985,0.9921695,0.9765547,0.9804727,0.9901428,0.99745977,0.99707747,0.9943331,0.9792616,0.9942478,0.9770044,0.9890322,0.9909585,0.982153,0.99656284,0.990188,0.98668724,0.99180263,0.99432707,0.9801489,0.97652227,0.9972533,0.98060685,0.99387145,0.98615175,0.9850639,0.9959725,0.9952753,0.98348707,0.9924543,0.9960403,0.995744,0.9785531,0.990596,0.9984425,0.99135995,0.9947597,0.9949369,0.99135137,0.98693246,0.9870132,0.98269457,0.99337745,0.9984088,0.9803591,0.9851576,0.98429793,0.9926424,0.9969734,0.99575764,0.9763293,0.9862556,0.9787743,0.9885184,0.986725,0.9918209,0.99864656,0.9688459,0.99701047,0.9923097,0.9899579,0.9865445,0.98854345,0.98216,0.98302084,0.9737937,0.9875735,0.99532366,0.9986574,0.9862045,0.99667126,0.99345803,0.9856732,0.9900354,0.9893044,0.99751914,0.98164934,0.9755078,0.99160177,0.98038924,0.99638075,0.9944646,0.98854345,0.99857837,0.98203886,0.9917824,0.9973443
abeautifuldaymovie,0.99897647,0.99384224,1.0,0.9835853,0.99285644,0.9929635,0.9942385,0.9997273,0.9968275,0.995291,0.9989437,0.9954265,0.9998118,0.99561447,0.99112797,0.9896543,0.99806386,0.9929109,0.9966769,0.9973888,0.9915642,0.9964732,0.9998013,0.9975078,0.98342043,0.9856904,0.9906872,0.9932702,0.9991381,0.98432964,0.99511325,0.99893546,0.987675,0.9902863,0.9903877,0.9925992,0.9945002,0.99957985,0.9986969,0.99824214,0.9960596,0.9983226,0.99112326,0.9981581,0.9983544,0.991758,0.99901277,0.9969213,0.9847723,0.99711925,0.99849784,0.99937165,0.99376786,0.9987701,0.9982122,0.9963803,0.99669325,0.99855393,0.9927538,0.99637616,0.99630195,0.9862006,0.9967706,0.9982561,0.99839586,0.9927123,0.9877851,0.9954143,0.99952066,0.987847,0.99536276,0.9935705,0.9915323,0.9931971,0.9967453,0.99655163,0.9822617,0.9990675,0.9962291,0.99539495,0.99294883,0.9944555,0.99668133,0.9899641,0.9979467,0.9957653,0.9933249,0.99985254,0.9914746,0.99672216,0.9919589,0.99536276,0.99406064,0.99652046,0.9982522,0.99584335,0.99909204,0.99482346,0.99071366,0.9987078,0.9953727,0.9988454,0.985506,0.997106,0.99186534,0.9987252,0.9955304,0.9996939,0.99088037,0.9915345,0.9914673,0.99618804,0.9955217,0.9935231,0.9947113,0.9989548,0.9994027,0.9919609,0.9944189,0.99600935,0.99912524,0.99207896,0.9951281,0.99459636,0.99715495,0.99716216,0.99821484,0.9988002,0.9906104,0.99067426,0.993051,0.99256164,0.9985459,0.97943527,0.99748623,0.97892916,0.99821675,0.99638337,0.9973965,0.9944052,0.9968275,0.9958072,0.9944005,0.9910201,0.99845237,0.9992011,0.9905997,0.99213725,0.99896204,0.99974287,0.99604154,0.99922615,0.995797,0.9894796,0.99561644,0.99255675,0.9975648,0.99458027,0.9930938,0.9870407,0.9968275,0.9967344,0.9928835,0.9988187,0.9965307
abominablemovie,0.98677504,0.9649699,0.9835853,1.0000002,0.994375,0.97377497,0.98501,0.9856629,0.9858377,0.9945892,0.9907233,0.9637948,0.982627,0.99567884,0.9789544,0.9591091,0.9918235,0.9908706,0.97880626,0.98527414,0.99625677,0.9907593,0.9858277,0.98779684,0.9427789,0.9636607,0.99277043,0.97247356,0.9812887,0.96761787,0.9743227,0.9887343,0.96845233,0.956116,0.98543775,0.97707397,0.9920592,0.9874201,0.9849521,0.97549695,0.9898386,0.9880743,0.9879948,0.9910844,0.97989506,0.99631625,0.987415,0.984943,0.9729296,0.9943919,0.9808378,0.98046017,0.97383696,0.97609663,0.9901507,0.99412566,0.9883243,0.9799176,0.9954935,0.9914119,0.9786642,0.9931378,0.9788403,0.98500425,0.97820264,0.98277396,0.976432,0.98355764,0.98403126,0.9940989,0.98963606,0.9656586,0.9771152,0.9863787,0.98173624,0.9764289,0.960894,0.97710145,0.99268186,0.9777159,0.99750495,0.98315746,0.9827591,0.9689403,0.9785985,0.97473615,0.9859248,0.9847658,0.99150664,0.9869212,0.9861867,0.98963606,0.97743815,0.98420423,0.9917264,0.98539376,0.98219913,0.9937244,0.9846055,0.980341,0.99362165,0.9834713,0.9773141,0.9860302,0.9714751,0.9786426,0.9906682,0.98693955,0.95587677,0.9589595,0.9887374,0.98809284,0.964259,0.98340565,0.978291,0.98140126,0.987351,0.9881908,0.9889131,0.98658097,0.9817838,0.9634935,0.9913679,0.98175305,0.98850524,0.98686504,0.9773431,0.9839763,0.99028355,0.97398776,0.9932985,0.98665786,0.9868158,0.9584761,0.9728528,0.97193956,0.9805086,0.9742606,0.9835475,0.9860994,0.9858377,0.9934499,0.9876818,0.9890935,0.9893344,0.9808294,0.96270525,0.99195313,0.98273265,0.9854393,0.9760071,0.98795015,0.99131227,0.9583871,0.99528736,0.9936049,0.98722094,0.9852455,0.95895195,0.96148604,0.9858377,0.9756297,0.99007297,0.9887079,0.97742736
adastramovie,0.9938184,0.9800447,0.99285644,0.994375,0.99999994,0.9804415,0.9940578,0.99411845,0.9965074,0.9971843,0.9961705,0.97708243,0.99175,0.99714535,0.99065644,0.9787755,0.99818665,0.99727225,0.9923898,0.99595606,0.9996539,0.99257207,0.9943789,0.9969075,0.9629222,0.9754808,0.998442,0.99076384,0.99052763,0.9834302,0.9882247,0.99422497,0.98147947,0.97406924,0.991801,0.9878254,0.99769527,0.994892,0.995016,0.98754364,0.9988351,0.9950453,0.9859379,0.99714124,0.99005324,0.9970631,0.99541473,0.9953949,0.98078334,0.99731916,0.98816216,0.9906212,0.98131955,0.9902996,0.9950239,0.99801743,0.99553674,0.99279904,0.99597126,0.99910873,0.9913735,0.99001044,0.99027866,0.99199706,0.99027604,0.9880267,0.98923993,0.9926079,0.99404645,0.9926274,0.9980672,0.98305595,0.9892751,0.99757004,0.9912648,0.9877904,0.97191507,0.99067694,0.99692893,0.98430616,0.9969867,0.9918063,0.99624205,0.9816121,0.9870941,0.9914323,0.9849678,0.9940881,0.99788296,0.99486285,0.99077606,0.9980672,0.98754627,0.99683213,0.99643034,0.9962438,0.99364215,0.9986043,0.99592197,0.9906512,0.9968594,0.9935292,0.978198,0.99636424,0.98107916,0.9891456,0.9970109,0.99364537,0.9776798,0.9739978,0.9957278,0.9954943,0.9819973,0.9913542,0.9912981,0.9907372,0.9949555,0.9939867,0.99565977,0.9962671,0.9940358,0.9818363,0.9983852,0.9891918,0.9946341,0.9941374,0.9913292,0.99164486,0.9934989,0.9795525,0.9997073,0.9904897,0.99311674,0.9696296,0.987557,0.9837662,0.9896721,0.98851126,0.995221,0.99228615,0.9965074,0.9945645,0.98998827,0.9973706,0.99713016,0.99329245,0.98034877,0.9952119,0.9919694,0.9927283,0.98920995,0.9951884,0.9979678,0.97904783,0.9973566,0.9982002,0.99723303,0.99506277,0.97985846,0.97767395,0.9965074,0.9866043,0.99908614,0.99517846,0.98557055
adogsjourneymovie,0.988007,0.9921043,0.9929635,0.97377497,0.9804415,1.0,0.9765889,0.99050623,0.98178166,0.9892126,0.9920114,0.9911759,0.9917283,0.9862298,0.9746554,0.98846,0.98883045,0.98443717,0.98499167,0.98468614,0.9809145,0.9953661,0.990939,0.983823,0.98591995,0.9947811,0.9765446,0.9848034,0.9963123,0.9581044,0.9883322,0.99232066,0.991876,0.98745495,0.989169,0.99499226,0.9781769,0.9907871,0.9922893,0.9967081,0.9827322,0.9950087,0.991613,0.98911536,0.9860793,0.98279536,0.99266994,0.9917621,0.99439573,0.9884829,0.9925137,0.99463725,0.99983215,0.9890235,0.99292123,0.98759395,0.9941269,0.9919928,0.98841965,0.98406464,0.97995204,0.96959376,0.9938038,0.9949072,0.99475515,0.99762386,0.96353644,0.99533886,0.9926305,0.9858189,0.9795069,0.9916704,0.9792659,0.9756082,0.9930993,0.99709314,0.9950955,0.9914561,0.9888516,0.9996311,0.9833593,0.9882908,0.9843738,0.9871447,0.9935059,0.98426,0.98787004,0.99265796,0.9831044,0.98223233,0.9924667,0.9795069,0.9953797,0.986592,0.9883823,0.9895208,0.9935796,0.98029315,0.9790499,0.99573195,0.9881077,0.9879383,0.99590576,0.9850249,0.9978688,0.9892789,0.9794434,0.99324054,0.9807492,0.9965618,0.97116965,0.99374485,0.990508,0.99515116,0.9925225,0.99698675,0.9894255,0.9919202,0.97956765,0.9802334,0.98851293,0.9853043,0.98094803,0.99521476,0.9830406,0.9955172,0.9917116,0.99598914,0.98887587,0.99890006,0.9796967,0.9958992,0.9904713,0.97763973,0.9927661,0.94976616,0.9920633,0.9939375,0.9826949,0.9953699,0.98178166,0.9849612,0.99516445,0.9753989,0.98684305,0.99081236,0.9870983,0.99011433,0.99407077,0.99305624,0.98021334,0.9929942,0.98839194,0.9842996,0.9841575,0.9764067,0.98985153,0.9764942,0.9875204,0.9923782,0.98178166,0.99637073,0.97725606,0.99464685,0.9929295
aftermathmovie,0.9962008,0.9785989,0.9942385,0.98501,0.9940578,0.9765889,0.9999999,0.9963108,0.9968456,0.99309254,0.99426615,0.9853055,0.99419326,0.9931657,0.98792964,0.9744227,0.9959709,0.9939934,0.9913155,0.9945289,0.99239117,0.98781914,0.99548197,0.9965434,0.96227884,0.96438736,0.99048513,0.98796546,0.98911774,0.9896286,0.9843866,0.99517334,0.96963084,0.97420657,0.9783083,0.97807455,0.99693334,0.9963134,0.9915502,0.9873726,0.9958995,0.99057525,0.9852381,0.99392277,0.99510473,0.9934677,0.9921856,0.9892214,0.9688553,0.99448234,0.9897096,0.99295306,0.97721523,0.9945031,0.9941004,0.99566424,0.9893571,0.9910264,0.9860567,0.9971325,0.9957124,0.988391,0.98507017,0.98801833,0.9881302,0.9785851,0.99294424,0.9849099,0.9927521,0.9855718,0.9987171,0.9800141,0.9842331,0.99619895,0.9854387,0.9833446,0.96249074,0.99230593,0.9904182,0.9818766,0.9935215,0.9938762,0.99507964,0.9740676,0.98703635,0.9909434,0.989555,0.99389344,0.99223894,0.9952645,0.97872883,0.9987171,0.9791692,0.99358284,0.9965655,0.9893384,0.9924378,0.9977412,0.9939487,0.9882331,0.99462783,0.9942935,0.9655917,0.99828756,0.9734722,0.99233377,0.9975454,0.99381465,0.9818015,0.97447914,0.9963092,0.9880731,0.98459375,0.98140854,0.9839754,0.9895181,0.99594414,0.9822532,0.9928528,0.99955684,0.9955704,0.9800253,0.9984893,0.98749423,0.9985189,0.9877639,0.9901788,0.98869246,0.9873227,0.97605014,0.99582607,0.97991604,0.9964346,0.9594207,0.9870409,0.9871678,0.9886052,0.9885635,0.99682236,0.98597586,0.9968456,0.99507654,0.98726,0.9972849,0.99790156,0.99341637,0.9757988,0.9832896,0.98966265,0.99340165,0.99805266,0.9948687,0.99043083,0.976221,0.9958308,0.99787384,0.99266636,0.99978846,0.9830584,0.9686019,0.9968456,0.98295486,0.99496347,0.9919381,0.9840336
aftermovie,0.99956703,0.9913461,0.9997273,0.9856629,0.99411845,0.99050623,0.9963108,1.0,0.9977104,0.9959894,0.9991139,0.99409425,0.99964577,0.9965663,0.99149317,0.98668677,0.9986548,0.9938958,0.99631685,0.9976988,0.9928482,0.9960149,0.9999009,0.998299,0.97938573,0.98185414,0.9918137,0.99229765,0.99797547,0.9862278,0.9936326,0.999252,0.9844766,0.98749655,0.9889267,0.99024326,0.99622977,0.999926,0.9980565,0.99665195,0.99692285,0.99767584,0.9913583,0.99844253,0.9987116,0.9933512,0.9985986,0.9960597,0.9820201,0.9978891,0.99789816,0.9988057,0.99126667,0.9984715,0.9984322,0.99735755,0.996019,0.99764186,0.99281156,0.9974399,0.997043,0.988659,0.9951309,0.9972554,0.99698657,0.9907547,0.98978466,0.9939583,0.9989948,0.98861396,0.9969728,0.9911041,0.99099505,0.99458647,0.9953606,0.9945093,0.9785204,0.9983088,0.99630547,0.9935378,0.99452686,0.99494016,0.99690837,0.9875654,0.99682873,0.99520725,0.99417824,0.9995359,0.9923788,0.99759924,0.9904076,0.9969728,0.991788,0.9964665,0.99911314,0.9951761,0.9983797,0.9965856,0.99177676,0.9973813,0.99631643,0.9988914,0.98273313,0.9980371,0.98887,0.9984131,0.9971414,0.99957967,0.9892346,0.9884145,0.993668,0.9953615,0.9936566,0.9918031,0.9930006,0.9978213,0.99977154,0.9908488,0.9953629,0.99756676,0.9991166,0.9900402,0.9967599,0.99380827,0.9986212,0.9961297,0.99713683,0.9977418,0.9908179,0.9885007,0.9945519,0.99101835,0.99914324,0.97647166,0.9959022,0.9817288,0.99731374,0.99509466,0.99810266,0.9934568,0.9977104,0.9971785,0.9940343,0.9930377,0.9993147,0.99870676,0.9880017,0.9914826,0.99801064,0.99953055,0.997142,0.99926615,0.9957152,0.9869574,0.99705017,0.994788,0.99731374,0.9965153,0.99111784,0.98347807,0.9977104,0.994705,0.99418294,0.9984061,0.99514616
ahiddenlifefilm,0.9979559,0.98854345,0.9968275,0.9858377,0.9965074,0.98178166,0.9968456,0.9977104,1.0,0.993323,0.99677736,0.9876561,0.9968859,0.995726,0.9966292,0.98576725,0.9978184,0.9927864,0.9982502,0.999603,0.9943413,0.9910315,0.997984,0.99984354,0.9752498,0.97664887,0.9963589,0.99392,0.9941255,0.9934656,0.9943566,0.9953554,0.9825525,0.98534566,0.98920774,0.9876676,0.99861187,0.9975084,0.9972377,0.99207664,0.9993017,0.9948352,0.98257834,0.99809533,0.99738127,0.99154294,0.99719876,0.99581736,0.97554207,0.9963569,0.9942138,0.99428403,0.9834325,0.99681854,0.9944663,0.99569863,0.9934936,0.9967471,0.9917324,0.99840504,0.9988222,0.99000895,0.9936868,0.994478,0.9945557,0.9853586,0.9963017,0.9912438,0.9974517,0.9840247,0.99886817,0.9893944,0.9950375,0.99906045,0.99420905,0.99066836,0.96994275,0.99660176,0.9962168,0.9856009,0.9929148,0.99058366,0.9988648,0.9878052,0.99334466,0.99732035,0.98673373,0.9974716,0.9923029,0.99913776,0.9887219,0.99886817,0.9891712,0.99783903,0.99726033,0.9959536,0.9962012,0.99769056,0.9928305,0.9943337,0.99353576,0.99873114,0.97512984,0.99757344,0.9832565,0.9965298,0.9989659,0.996376,0.98989433,0.9807117,0.99798095,0.9934353,0.99115443,0.98899615,0.99223715,0.9933088,0.99833655,0.98923725,0.9983637,0.99844855,0.99874586,0.99087596,0.9975776,0.9873221,0.9977227,0.9933331,0.9961964,0.99428093,0.9866363,0.9785023,0.9965958,0.9866889,0.995092,0.97748697,0.99395406,0.9910342,0.9953471,0.99111986,0.9998617,0.98871243,1.0,0.994999,0.98693186,0.9948252,0.998746,0.9978431,0.9881721,0.99061716,0.9957827,0.99640733,0.996411,0.9960929,0.9965263,0.9878435,0.996255,0.9963867,0.9975742,0.9980699,0.98923904,0.9802577,1.0,0.9910574,0.9983353,0.9953629,0.99190533
alitamovie,0.9949759,0.98170257,0.995291,0.9945892,0.9971843,0.9892126,0.99309254,0.9959894,0.993323,0.99999994,0.9982681,0.98292613,0.99399054,0.9978541,0.9840655,0.97825515,0.9987074,0.99836653,0.9892425,0.9931017,0.9979676,0.9976909,0.995802,0.9945924,0.9655642,0.9800208,0.99312055,0.98792917,0.9939001,0.9744793,0.98623145,0.9980673,0.98243487,0.97477233,0.9908473,0.9897399,0.994747,0.9969804,0.9951342,0.9915716,0.99572074,0.9975916,0.9955706,0.99700385,0.9906563,0.99917394,0.99627244,0.9949146,0.9872985,0.9987285,0.9913494,0.9948264,0.98903614,0.99113655,0.99902016,0.9996551,0.99781245,0.99283195,0.9969552,0.99768674,0.988514,0.9885149,0.9908563,0.99428266,0.9919438,0.99336904,0.9813013,0.9949079,0.994937,0.9979029,0.9956085,0.9835663,0.98376477,0.99211377,0.9916074,0.99101394,0.9804146,0.9915375,0.9965771,0.99229544,0.9988225,0.99626184,0.9933247,0.9800284,0.98994553,0.98800445,0.9929379,0.99560773,0.997861,0.9925206,0.9920093,0.9956085,0.989442,0.99461454,0.99809927,0.9946824,0.9952345,0.99719226,0.9944666,0.99307835,0.99980736,0.9928764,0.9859662,0.9963879,0.9861943,0.99025035,0.9946059,0.9965449,0.9753192,0.98113054,0.99061,0.99707234,0.98334944,0.99378043,0.99120075,0.9949051,0.99590796,0.99532276,0.9917864,0.99484867,0.9936012,0.9794202,0.9972366,0.9958738,0.9952021,0.99659663,0.9913251,0.9946689,0.99807113,0.98993087,0.99728686,0.99478155,0.99712497,0.96703064,0.9885135,0.97284365,0.99087757,0.9919785,0.9925308,0.99709314,0.993323,0.9967561,0.99756336,0.9952673,0.9972772,0.9933352,0.9786568,0.9958169,0.99354917,0.99546653,0.9892255,0.9981606,0.9965828,0.9764751,0.99806935,0.99636114,0.99629956,0.99291074,0.980438,0.97990143,0.993323,0.9895419,0.99411756,0.99797785,0.98810756
angelhasfallen,0.998735,0.9900971,0.9989437,0.9907233,0.9961705,0.9920114,0.99426615,0.9991139,0.99677736,0.9982681,1.0,0.9905261,0.9984857,0.9986466,0.99084735,0.98561966,0.9995077,0.9954138,0.9951642,0.99723965,0.9957672,0.9984869,0.9992699,0.99785566,0.9769437,0.9844021,0.9941471,0.9912256,0.9980215,0.9821616,0.9932085,0.99941003,0.9868967,0.98514247,0.99291027,0.9925686,0.9965016,0.9994744,0.9985004,0.99593973,0.99735886,0.9991375,0.9936442,0.9994556,0.996439,0.99585205,0.99933153,0.9973027,0.9859847,0.9994642,0.99718374,0.99776334,0.9926101,0.9959671,0.9993292,0.99880415,0.9980518,0.9970989,0.99687064,0.9979812,0.99443376,0.990479,0.995773,0.9983327,0.99670386,0.9941262,0.98710406,0.996091,0.9987996,0.99276257,0.996528,0.9901036,0.9909799,0.9941,0.996453,0.9951361,0.98119926,0.9966307,0.9985756,0.99464023,0.99702245,0.9946081,0.9960894,0.98830694,0.99635184,0.99346364,0.99437076,0.99917305,0.994572,0.9969877,0.9943053,0.996528,0.9936758,0.9964973,0.9995116,0.9965691,0.99807817,0.997224,0.99203485,0.99749845,0.99797094,0.99790406,0.98768485,0.99708635,0.99072874,0.996613,0.99690855,0.9995962,0.98506445,0.9870824,0.99317014,0.9976672,0.990898,0.9947765,0.9941798,0.9979331,0.99929386,0.99474335,0.99582934,0.99617875,0.99768364,0.98819846,0.9968572,0.994814,0.997571,0.99810696,0.9961963,0.99847776,0.9939179,0.99034804,0.99593407,0.9949302,0.9984925,0.97792095,0.9946081,0.9790845,0.99698627,0.994167,0.9966215,0.9959205,0.99677736,0.99801546,0.9961523,0.99311817,0.998984,0.99766076,0.98712784,0.9957178,0.9981883,0.9992426,0.993427,0.99950606,0.9979495,0.98508763,0.99836564,0.9953766,0.9981711,0.9946148,0.9877127,0.98466164,0.99677736,0.9950178,0.99494576,0.9995844,0.9950875
angrybirdsmovie,0.9930061,0.9944503,0.9954265,0.9637948,0.97708243,0.9911759,0.9853055,0.99409425,0.9876561,0.98292613,0.9905261,1.0,0.99605244,0.9836441,0.98216224,0.98829436,0.98765385,0.9792155,0.99050796,0.9888208,0.97470313,0.98810416,0.9939535,0.9882821,0.9894859,0.98216164,0.97448224,0.98589313,0.9952773,0.97722113,0.9905205,0.992131,0.98143566,0.99319124,0.97797686,0.98524153,0.9822502,0.99308985,0.9912674,0.99621576,0.9841014,0.9900651,0.98356396,0.988528,0.9952915,0.9768729,0.9913431,0.98767686,0.9760687,0.9862889,0.9961535,0.99601275,0.99203616,0.9959795,0.99001473,0.98457795,0.98671603,0.99305737,0.9788057,0.98431695,0.9911325,0.9727799,0.991322,0.99231046,0.99443156,0.9846565,0.97831553,0.98663574,0.9935929,0.972586,0.983766,0.9918015,0.98357683,0.98059833,0.9903675,0.9926473,0.97865045,0.9958862,0.9848711,0.9927309,0.97895616,0.98643035,0.9875951,0.98599434,0.9959242,0.98993355,0.9889215,0.9941587,0.9760984,0.98845786,0.98132396,0.983766,0.9881022,0.9865247,0.98934495,0.9852093,0.9931913,0.98193383,0.97710013,0.9944798,0.9835472,0.99317443,0.97863716,0.98811466,0.98889273,0.9963874,0.98469424,0.9939605,0.9924863,0.9946883,0.9788819,0.985807,0.996556,0.9839554,0.98690826,0.99475825,0.9927965,0.97902817,0.9835617,0.9865183,0.9934907,0.9905809,0.9828505,0.9879384,0.9893882,0.98854476,0.9937127,0.99361163,0.97720295,0.9876856,0.9778836,0.98242646,0.9925836,0.9763606,0.9953014,0.9671889,0.9945426,0.9924793,0.9897694,0.9848652,0.9876561,0.98625237,0.98647267,0.9766162,0.98957705,0.9939944,0.9887102,0.97829604,0.99395263,0.99484056,0.9925733,0.9919667,0.9834784,0.9882035,0.9837997,0.97837526,0.98760855,0.98516876,0.9942797,0.9835821,0.9876561,0.9939409,0.9784283,0.9909083,0.99444515
annabellemovie,0.99936455,0.99395734,0.9998118,0.982627,0.99175,0.9917283,0.99419326,0.99964577,0.9968859,0.99399054,0.9984857,0.99605244,1.0,0.9954083,0.9920311,0.9887885,0.9973569,0.99099505,0.9968674,0.99743086,0.9901971,0.99567443,0.99974495,0.99757403,0.98361444,0.9839221,0.9902135,0.9918692,0.99871683,0.98600477,0.9951631,0.9984502,0.9860693,0.9907939,0.98910725,0.99096245,0.9946689,0.99936587,0.99810064,0.9975404,0.99553096,0.99730426,0.9900223,0.997926,0.9991766,0.9904005,0.9985671,0.9958039,0.98169714,0.9967257,0.9991241,0.99876106,0.99272054,0.9986508,0.99733233,0.9954327,0.99514395,0.99797964,0.9918469,0.9955704,0.9971024,0.98742723,0.99619323,0.9980029,0.9978621,0.9909432,0.9890188,0.99371845,0.99919415,0.98563,0.9949879,0.9928127,0.99215394,0.99285346,0.9963842,0.99555546,0.9793466,0.998861,0.99583507,0.9942649,0.9922337,0.9927346,0.995979,0.99014896,0.9984479,0.9954734,0.99368227,0.9995797,0.9893619,0.9973629,0.9908991,0.9949879,0.9930377,0.99542046,0.9980516,0.9945759,0.9982151,0.99444836,0.9886436,0.9982222,0.9941162,0.99919695,0.9840576,0.996258,0.99072623,0.9994277,0.9958171,0.9995362,0.9913789,0.99057764,0.9920268,0.9946662,0.9954456,0.99170226,0.99324477,0.99815035,0.9994967,0.9899533,0.9949673,0.9957122,0.99895525,0.9922378,0.9944014,0.9926131,0.99749357,0.99591833,0.9977152,0.99840415,0.9881637,0.9887968,0.9918949,0.9908288,0.9981617,0.9804089,0.99718165,0.98071045,0.9986204,0.9948473,0.9975574,0.9923267,0.9968859,0.9960514,0.9928517,0.9897079,0.99811935,0.9988828,0.9904327,0.99068135,0.9987901,0.9997689,0.9964202,0.9984662,0.9948995,0.98918366,0.99542195,0.9920368,0.99656874,0.9945835,0.9926335,0.9852003,0.9968859,0.9962744,0.992212,0.9979787,0.99713236
annamovie,0.9973308,0.9839924,0.99561447,0.99567884,0.99714535,0.9862298,0.9931657,0.9965663,0.995726,0.9978541,0.9986466,0.9836441,0.9954083,0.99999994,0.9909411,0.97811425,0.99851394,0.9939876,0.99249417,0.99589944,0.9971993,0.9971951,0.9968542,0.9971022,0.9676806,0.9777951,0.99635524,0.98579305,0.99402624,0.9819225,0.98957294,0.9972467,0.9815848,0.9781505,0.9920304,0.98805374,0.9978745,0.9972723,0.9957296,0.9901883,0.99693614,0.99658275,0.99211746,0.9989315,0.993878,0.9968044,0.9972492,0.9944839,0.98028845,0.99974126,0.9944778,0.9930487,0.9869708,0.9911053,0.9972845,0.99846995,0.9954048,0.99300617,0.99822015,0.99736226,0.99238896,0.9955691,0.9919281,0.9959519,0.99211675,0.9906176,0.987732,0.9923783,0.9957663,0.99291104,0.9962523,0.98330605,0.9901048,0.9939014,0.9936991,0.9899211,0.97291094,0.9919315,0.9989104,0.9894176,0.9988069,0.9904948,0.99332434,0.98485976,0.99312156,0.9893484,0.9935227,0.9962231,0.993623,0.9969113,0.9932471,0.9962523,0.989602,0.99366516,0.99890184,0.9940854,0.9939114,0.99813586,0.9895098,0.9934005,0.99725974,0.9958235,0.98492676,0.99453294,0.98519444,0.9934878,0.99769723,0.9972778,0.9779767,0.97809047,0.99510115,0.99522954,0.98381084,0.9914295,0.9897408,0.993456,0.99762356,0.9930013,0.9970165,0.99483824,0.99437714,0.9825932,0.9965626,0.98988885,0.9970474,0.995324,0.9915853,0.99540025,0.9920643,0.98426396,0.9964047,0.99266994,0.9959558,0.97564936,0.98913676,0.9818228,0.99424773,0.98756665,0.9948545,0.99240017,0.995726,0.9990133,0.9933595,0.9926559,0.9976311,0.9938981,0.9813205,0.9956966,0.99512583,0.9967417,0.9898084,0.99682945,0.9975239,0.97828555,0.99954677,0.9966926,0.9959272,0.9936928,0.97941905,0.9771643,0.995726,0.99021775,0.99544716,0.99722856,0.992124
apollo11movie,0.993172,0.9889811,0.99112797,0.9789544,0.99065644,0.9746554,0.98792964,0.99149317,0.9966292,0.9840655,0.99084735,0.98216224,0.9920311,0.9909411,1.0,0.9857788,0.99127996,0.98150754,0.9978585,0.9975932,0.98746246,0.9844419,0.9927789,0.99646044,0.97766185,0.9748456,0.995014,0.98944706,0.9896178,0.99493545,0.9957306,0.98710626,0.982432,0.9875373,0.9890362,0.9847713,0.9945687,0.9908897,0.9937484,0.98646784,0.9951165,0.9890012,0.96995455,0.99443406,0.99376965,0.9808371,0.99339783,0.99220425,0.9667153,0.9904057,0.9914435,0.9863007,0.9776746,0.99116474,0.9856246,0.9871752,0.98664045,0.9931737,0.98805314,0.99168384,0.9965921,0.98809916,0.992301,0.9918404,0.99121785,0.97946113,0.99647206,0.985703,0.9934942,0.971324,0.99232143,0.98793113,0.99919105,0.995309,0.99352646,0.986802,0.96129644,0.9923465,0.99369115,0.9777343,0.98457074,0.97701174,0.9943176,0.99234146,0.991756,0.99548507,0.9770682,0.9926207,0.98194695,0.9973542,0.9877781,0.99232143,0.9877722,0.99278116,0.99057114,0.99234563,0.99022,0.99093145,0.98172194,0.99073917,0.9832625,0.99624944,0.9716352,0.9886846,0.9806587,0.9940208,0.9947488,0.99074876,0.9902896,0.97483623,0.99517566,0.9877582,0.98852605,0.98423743,0.9890135,0.98692834,0.9935139,0.9840971,0.9981699,0.9907144,0.9941198,0.99299055,0.9892924,0.97515255,0.99109954,0.98810184,0.9929352,0.9904613,0.974053,0.96771264,0.98919845,0.98122776,0.98576105,0.9872703,0.9914532,0.99353063,0.9943072,0.9823186,0.9963959,0.9791922,0.9966292,0.98864067,0.9755331,0.98445284,0.9921388,0.99376637,0.990715,0.98712313,0.9930793,0.99147296,0.9889254,0.98825896,0.99341977,0.9896205,0.9898025,0.9883925,0.9930269,0.9906208,0.9856249,0.97818965,0.9966292,0.98889303,0.9943729,0.98917615,0.99182683
arcticdogsmovie,0.98418635,0.9976392,0.9896543,0.9591091,0.9787755,0.98846,0.9744227,0.98668677,0.98576725,0.97825515,0.98561966,0.98829436,0.9887885,0.97811425,0.9857788,1.0,0.98438674,0.9774703,0.9929774,0.98908883,0.9758659,0.98291975,0.9881057,0.9856703,0.9960744,0.99437106,0.9792588,0.99500597,0.9928308,0.97374994,0.99653435,0.9832588,0.99646837,0.99715346,0.9894792,0.9953133,0.9771972,0.9857495,0.99295586,0.99462616,0.9849455,0.989763,0.9688597,0.98631907,0.98595005,0.9701398,0.99068075,0.99338543,0.98556614,0.98047566,0.9881232,0.98950654,0.9905726,0.99143887,0.982996,0.97907376,0.98896664,0.9951485,0.97997546,0.9824362,0.98581576,0.96053004,0.99635,0.99133056,0.9958801,0.9886341,0.9751044,0.99248236,0.99225765,0.9676914,0.97940636,0.9995146,0.99031633,0.9819835,0.99448204,0.9961005,0.98735666,0.9940389,0.98529905,0.9882876,0.9708603,0.9791033,0.9901944,0.9955231,0.9910751,0.99461424,0.96863043,0.9906542,0.97763,0.9837448,0.9888418,0.97940636,0.99574035,0.99090123,0.98126256,0.9924917,0.9929603,0.9760655,0.9787597,0.9945031,0.9770643,0.9895277,0.9821538,0.98333275,0.9943977,0.9896046,0.97847605,0.9873119,0.99558204,0.9943473,0.97382075,0.9899584,0.99711525,0.9916674,0.99635255,0.99204254,0.98633385,0.98737854,0.9822318,0.9796847,0.99087554,0.9981262,0.9776731,0.98380345,0.9780237,0.990989,0.99600625,0.9917875,0.97556764,0.983308,0.9775918,0.9868033,0.98139405,0.9881112,0.9971842,0.96418834,0.99196637,0.9928861,0.9870437,0.9858907,0.98576725,0.9743074,0.9787589,0.9731852,0.9838384,0.99326175,0.9989918,0.98468375,0.993014,0.98808146,0.9814194,0.9865096,0.9876963,0.9992548,0.97571045,0.9717288,0.99097323,0.97677547,0.99719304,0.997691,0.98576725,0.9960106,0.98128474,0.9885091,0.9912193
arcticmovie,0.9981072,0.9875456,0.99806386,0.9918235,0.99818665,0.98883045,0.9959709,0.9986548,0.9978184,0.9987074,0.9995077,0.98765385,0.9973569,0.99851394,0.99127996,0.98438674,1.0000001,0.9973573,0.995192,0.9977153,0.99766475,0.9969064,0.9987138,0.99851453,0.9732005,0.9816817,0.995863,0.9926161,0.99639,0.9840285,0.99217784,0.9987796,0.98532873,0.9823657,0.99234897,0.99142694,0.99772304,0.99908644,0.99815655,0.9943283,0.99879456,0.99850315,0.9918717,0.9992904,0.99554855,0.99712795,0.99873495,0.99740577,0.98483723,0.9993549,0.99490714,0.9968005,0.98946023,0.9957151,0.99891466,0.99947286,0.9979811,0.99675125,0.9964709,0.999461,0.99474674,0.99031115,0.99454105,0.99667454,0.9955058,0.9923931,0.9890469,0.99560905,0.99815804,0.9933789,0.9983341,0.9888381,0.9907139,0.9964424,0.9951138,0.9934787,0.9789313,0.99598217,0.99825627,0.9920319,0.9975907,0.9955186,0.9974775,0.98612934,0.9938861,0.99410856,0.9921247,0.99849916,0.9968269,0.9970655,0.9929064,0.9983341,0.99195534,0.9978188,0.9994093,0.99722093,0.99780935,0.9986717,0.995084,0.9960398,0.9986261,0.9973966,0.98409027,0.99846953,0.987859,0.9951699,0.9978738,0.9985226,0.9842183,0.9840559,0.9949424,0.9975689,0.9893995,0.9940568,0.99401045,0.9965731,0.99883515,0.99476165,0.9962205,0.99779135,0.9977927,0.98702353,0.9986735,0.994321,0.9978161,0.997383,0.9957293,0.9968379,0.9947829,0.9876795,0.9982186,0.9935966,0.9980643,0.97450954,0.9933857,0.9816663,0.9951575,0.9939423,0.99740386,0.9955874,0.9978184,0.9975384,0.9950087,0.9961422,0.9995519,0.9974058,0.98557276,0.9955165,0.9968178,0.9979798,0.99402636,0.99919707,0.9983716,0.9841511,0.998716,0.99744666,0.9987533,0.9964206,0.9869075,0.9830515,0.9978184,0.9928638,0.9972474,0.9989011,0.99230444
artofracingmovie,0.99185675,0.97780913,0.9929109,0.9908706,0.99727225,0.98443717,0.9939934,0.9938958,0.9927864,0.99836653,0.9954138,0.9792155,0.99099505,0.9939876,0.98150754,0.9774703,0.9973573,0.99999994,0.98777664,0.9917016,0.99764264,0.992987,0.9934168,0.9932284,0.96141595,0.9762828,0.9917605,0.9906209,0.99057317,0.9746681,0.9834439,0.9955617,0.97981876,0.97093487,0.98735505,0.9875052,0.99314314,0.9948279,0.9932436,0.98936164,0.9955378,0.99519765,0.99098665,0.99411476,0.98770493,0.99825215,0.9935621,0.99383074,0.9860665,0.9955827,0.98607874,0.9932284,0.9841605,0.9907219,0.9968481,0.9983246,0.996493,0.99171,0.9925973,0.99781746,0.9872545,0.98228663,0.9879813,0.9898799,0.9896483,0.98968446,0.98116994,0.9934503,0.99270916,0.9964412,0.9960864,0.98237115,0.9805437,0.9933331,0.9878776,0.9883365,0.9787802,0.9902839,0.9928767,0.9881981,0.9960849,0.99780416,0.9944434,0.97503656,0.98460376,0.988511,0.98698735,0.99331784,0.99970895,0.9896906,0.98722255,0.9960864,0.98588026,0.9956878,0.9955131,0.99434376,0.99440765,0.9963784,0.99862677,0.990064,0.9987639,0.9902464,0.97857183,0.9975847,0.9815895,0.98663193,0.9929096,0.9932418,0.97491574,0.978432,0.9895662,0.99552816,0.98196965,0.9916733,0.99058807,0.9924169,0.9932357,0.9935635,0.9886855,0.99567205,0.9928453,0.9775078,0.99783087,0.99542946,0.9931534,0.9941596,0.990287,0.9907601,0.9981889,0.9863958,0.9982011,0.99102956,0.9952348,0.9590207,0.98665226,0.9724818,0.9863091,0.99279666,0.99197215,0.99597615,0.9927864,0.99258053,0.99472535,0.9981384,0.9962642,0.9921989,0.97620064,0.99259466,0.9900348,0.9919118,0.98963064,0.9964842,0.99462456,0.97569585,0.99520755,0.9964412,0.9957397,0.9938077,0.981003,0.97858566,0.9927864,0.9856875,0.99487334,0.9953985,0.9819995
avengers,0.9963087,0.99491537,0.9966769,0.97880626,0.9923898,0.98499167,0.9913155,0.99631685,0.9982502,0.9892425,0.9951642,0.99050796,0.9968674,0.99249417,0.9978585,0.9929774,0.995192,0.98777664,1.0000001,0.99929255,0.9896141,0.9900267,0.9971743,0.998126,0.9857045,0.9840154,0.99377453,0.99574107,0.99591064,0.9919836,0.99871117,0.99295396,0.9891741,0.99316233,0.9917881,0.9917575,0.9945576,0.9957183,0.99816924,0.99464124,0.9969631,0.99477375,0.9783768,0.9968958,0.99697864,0.98513305,0.99747545,0.99695134,0.9782004,0.99330366,0.9955494,0.99413234,0.98719084,0.9972561,0.9918795,0.99150944,0.9930357,0.99850434,0.9900991,0.9948644,0.99817127,0.984576,0.9972321,0.99618375,0.99731153,0.98740184,0.99382293,0.9927564,0.9981827,0.97822946,0.99454284,0.9951065,0.9981673,0.99605566,0.9973002,0.99429876,0.97504306,0.9981583,0.99541545,0.9874823,0.9872207,0.9864338,0.9981032,0.9946283,0.9960328,0.9992419,0.98272794,0.99754965,0.98754877,0.99774885,0.991258,0.99454284,0.9936448,0.9972581,0.99414164,0.99665916,0.9967578,0.9926586,0.9881106,0.99671626,0.98883176,0.99895036,0.97905594,0.99409294,0.9888413,0.9976903,0.9952451,0.99567854,0.995393,0.9865005,0.99355805,0.9935638,0.99577695,0.99103606,0.9952574,0.9944641,0.9970404,0.9896565,0.99700487,0.9941468,0.99858844,0.9970156,0.9925306,0.9857968,0.99379957,0.9940979,0.99850285,0.9958539,0.98235285,0.9799452,0.99172497,0.98785836,0.9920267,0.98679394,0.99761534,0.9875928,0.99773043,0.99221236,0.99860203,0.9878915,0.9982502,0.99077785,0.9844158,0.98839545,0.9958831,0.99873334,0.9953047,0.9904721,0.9976383,0.9962028,0.9937764,0.9943762,0.995914,0.99489963,0.9917637,0.99004555,0.9972906,0.9932242,0.99400616,0.98741204,0.9982502,0.9952442,0.99508876,0.9947915,0.9954644
beachbummovie,0.99790806,0.9917332,0.9973888,0.98527414,0.99595606,0.98468614,0.9945289,0.9976988,0.999603,0.9931017,0.99723965,0.9888208,0.99743086,0.99589944,0.9975932,0.98908883,0.9977153,0.9917016,0.99929255,1.0,0.9938414,0.9923928,0.9982948,0.999677,0.97980946,0.9813867,0.99655694,0.9947373,0.9958058,0.99208933,0.9967939,0.9953021,0.9867889,0.98878425,0.9922479,0.99083585,0.9976894,0.9974672,0.99850744,0.9937989,0.999032,0.996079,0.98266625,0.9987138,0.9974076,0.9903608,0.99835527,0.9973293,0.97862583,0.99642736,0.9956189,0.9947586,0.9864987,0.99695706,0.99452907,0.99514693,0.9946577,0.99801916,0.9931678,0.99768984,0.998453,0.9893063,0.996164,0.99646837,0.99643064,0.98816395,0.9949603,0.99325556,0.99849737,0.98367536,0.9974996,0.99217373,0.99703383,0.998101,0.99668115,0.99322426,0.9737339,0.99749464,0.997408,0.9877811,0.99214315,0.98940784,0.99880034,0.9917472,0.9953704,0.9981229,0.9863578,0.9982199,0.99147505,0.9991566,0.99185926,0.9974996,0.9924625,0.9981116,0.99693555,0.9972559,0.9970656,0.9964537,0.99127126,0.9962364,0.9928423,0.9993304,0.97946596,0.9964172,0.9871408,0.9973913,0.99805564,0.9970152,0.99155545,0.983683,0.996596,0.99491733,0.9930157,0.99151134,0.99448156,0.9947105,0.99849963,0.9913003,0.99868494,0.99682057,0.9989406,0.9935696,0.9960902,0.98779523,0.9965893,0.9950644,0.9975735,0.9961029,0.9864859,0.9807303,0.99549615,0.98927,0.994496,0.98282737,0.99586457,0.98924804,0.99719954,0.9919554,0.9995224,0.9898947,0.999603,0.99446535,0.9874998,0.99258506,0.998175,0.9986163,0.99160415,0.99262834,0.9975005,0.9971753,0.99486345,0.9962681,0.99764216,0.99082357,0.9956235,0.9945253,0.9983473,0.99604845,0.99082285,0.9842997,0.999603,0.9938255,0.99767697,0.9963347,0.9944527
bernadettefilm,0.992419,0.977441,0.9915642,0.99625677,0.9996539,0.9809145,0.99239117,0.9928482,0.9943413,0.9979676,0.9957672,0.97470313,0.9901971,0.9971993,0.98746246,0.9758659,0.99766475,0.99764264,0.9896141,0.9938414,1.0,0.9933404,0.9930468,0.99509764,0.9594084,0.975104,0.99746025,0.9882789,0.9895042,0.9786761,0.98560643,0.993949,0.980485,0.9705737,0.99165785,0.9873284,0.9964011,0.99391836,0.99371856,0.9862449,0.997419,0.9948133,0.9879542,0.9962991,0.9877129,0.9981624,0.9944473,0.9943655,0.9822113,0.9972838,0.98671657,0.9895962,0.9814291,0.98790354,0.99516505,0.99820673,0.9956242,0.9909494,0.9967692,0.99825245,0.9883077,0.98970395,0.988769,0.9912014,0.98868144,0.9889023,0.98544735,0.9924769,0.9926132,0.9950185,0.9966689,0.98055804,0.98630166,0.9954201,0.98993963,0.98679465,0.9727907,0.988481,0.9965421,0.9846442,0.9978455,0.9918552,0.9941275,0.9791896,0.98550844,0.9883965,0.9855842,0.99278533,0.9983256,0.99285656,0.99096775,0.9966689,0.986725,0.99522644,0.9959306,0.995165,0.9923882,0.9979533,0.9952835,0.9894092,0.99748886,0.9914717,0.9798718,0.9951384,0.98068476,0.98688275,0.99553776,0.99284905,0.9732041,0.97257525,0.9937254,0.99548244,0.97898024,0.9915415,0.990086,0.99002635,0.9936544,0.9946253,0.9938404,0.99464625,0.9919522,0.9782778,0.9976019,0.9898582,0.99337536,0.9940172,0.98921704,0.99087626,0.9951291,0.98080236,0.9992666,0.9915246,0.9926148,0.96687394,0.98524946,0.979531,0.9879081,0.98734474,0.99282897,0.9931365,0.9943413,0.9944492,0.9913709,0.9966897,0.99602884,0.9913249,0.977228,0.9958714,0.9906351,0.99167967,0.9865419,0.99472535,0.99741745,0.975379,0.9972712,0.9976629,0.9961486,0.9931362,0.9764625,0.9763442,0.9943413,0.98527473,0.9976269,0.9949233,0.9839665
