movie,21bridgesmovie,47metersdown,abeautifuldaymovie,abominablemovie,adastramovie,adogsjourneymovie,aftermathmovie,aftermovie,ahiddenlifefilm,alitamovie,angelhasfallen,angrybirdsmovie,annabellemovie,annamovie,apollo11movie,arcticdogsmovie,arcticmovie,artofracingmovie,avengers,beachbummovie,bernadettefilm,blackandbluemovie,blackchristmas,blindedbythelightmovie,bombshellmovie,booksmart,breakthroughmovie,brianbanksmovie,brightburnmovie,brittanyrunsmov,captainmarvelofficial,captivestatemovie,catsmovie,charliesangels,childsplaymovie,clarathefilm,coldpursuitmovie,countdown,currentwarmovie,darkwatersmovie,detectivepikachumovie,disneyaladdin,disneyfrozen,disneymaleficent,doctorsleepmovie,dolemiteismyname,dontletgomovie,doramovie,downtonabbey_official,dumbo,escaperoom,everybodyknowsmovie,fastandfuriousmovie,fightingwmyfam,fivefeetapartfilm,fordvferrari,freaksthefilm,geminimanmovie,glassmovie,gloriabellmovie,godzillamovie,goldfinchmovie,goodboysmovie,goodliarmovie,gretafilm,halathemovie,happydeathdaymovie,harrietfilm,hellboymovie,hersmellmovie,highlifemovie,highstrungmovie,honeyboymovie,hotelmumbaifilm,httydragon,hustlemovie,hustlersmovie,isntitromantic,itmovieofficial,jayandsilentbob,johnwickmovie,jojorabbitmovie,jokermovie,judythefilm,jumanjimovie,justmercyfilm,knivesout,lalloronamovie,lastblackmansf,lastchristmasthemovie,latenightmovie,lighthousemovie,lionking,littlethemovie,littlewomenmovie,littlewoodsfilm,longshotmovie,lordsofchaosmovie,lucyintheskyfilm,mamovie2019,marriagestory,meettheaddams,meninblack,midsommarmovie,midwaymovie,missbalamovie,missinglinkfilm,motherlessbklyn,onceinhollywood,onthebasisofsex,overcomermovie,peanutbutterfalcon,petsematarymovie,piercingmovie,playingwithfire,playmobilthemovie,pomsmovie,queenandslim,rambomovie,readyornotfilm,richardjewellfilm,rocketmanmovie,scarystoriesmovie,secretlifeofpets,serenityfilm,shaftmovie,shazammovie,spidermanmovie,spiesindisguise,starwars,stormboymovie,stubermovie,taosdfilm,teenspiritmov,terminator,theaeronautsmov,thebestofenemies,thedeaddontdie,thefarewell,thehighwaymen,thehummingbirdprojectfilm,theintrudermovie,theirishmanfilm,thekitchenmovie,thelegomovie,themustangfilm,thenightingalefilm,theprodigymovie,thesunisalsoastar,theupsidefilm,tolkienmovie,toystory,triplefrontier,uglydolls,uncutgems,underthesilverlake,usmovie,wavesmovie,whatmenwant,wonderparkmovie,wrinklestheclown,xmenmovies,yardiefilm,yesterdaymovie,zombieland
21bridgesmovie,1.0000001,0.9815635,0.987203,0.9872861,0.98370004,0.98372644,0.98294264,0.99169016,0.9947039,0.98596203,0.9708325,0.9802717,0.9897894,0.98924476,0.99429417,0.9877949,0.9924335,0.98740894,0.9791421,0.9918362,0.9936365,0.98987114,0.98846793,0.9873202,0.9892089,0.9802522,0.97332907,0.98691225,0.99143,0.98683846,0.9786013,0.9837631,0.97849995,0.99042934,0.98151505,0.9842298,0.9932418,0.98852885,0.98713565,0.9862205,0.9869059,0.99086624,0.9797935,0.98963076,0.992788,0.9949497,0.99032813,0.9858822,0.9908868,0.99169374,0.989177,0.98900586,0.9821084,0.9824826,0.9862222,0.9879344,0.9806922,0.9903186,0.9845671,0.98695457,0.982996,0.99318266,0.98560107,0.9873627,0.9885653,0.98599046,0.9744966,0.9883838,0.98603505,0.9871194,0.99020034,0.99103945,0.99034685,0.9860859,0.98200375,0.98923254,0.97976965,0.98737407,0.9751632,0.9869256,0.97680277,0.98525834,0.9934525,0.99189746,0.9865219,0.9879225,0.9905497,0.9893749,0.99059343,0.99095273,0.99046403,0.99020034,0.98802835,0.9604805,0.98988867,0.9895319,0.9904585,0.9877773,0.98699677,0.98616666,0.99212193,0.9913538,0.9832228,0.9819073,0.98782,0.99038875,0.99052817,0.9896785,0.98173076,0.9785932,0.9871586,0.9874347,0.9859708,0.98684853,0.99363005,0.9892981,0.9973097,0.987651,0.98770374,0.9837952,0.98140967,0.9947631,0.9875898,0.9847536,0.9772318,0.9866818,0.98001194,0.97497326,0.9874051,0.973581,0.9857053,0.9808536,0.9899098,0.9748362,0.98545855,0.9911177,0.9937043,0.9774464,0.99157923,0.99305874,0.9947039,0.9879543,0.9890969,0.9957877,0.9900426,0.9850539,0.98949504,0.9750409,0.98807716,0.98874855,0.9823105,0.9864069,0.98937917,0.98873544,0.9833069,0.97548705,0.9813899,0.9822262,0.99233156,0.98696345,0.9947039,0.98670465,0.9901084,0.98535717,0.9850277
47metersdown,0.9815635,1.0,0.9878815,0.9818849,0.9801995,0.97280365,0.9743555,0.9874581,0.98903793,0.98083,0.9813484,0.9884724,0.98480946,0.9722433,0.9852479,0.9875443,0.97793514,0.9853548,0.9560286,0.9806506,0.9872793,0.9804599,0.9823259,0.98261964,0.979429,0.97516483,0.9775268,0.9583973,0.9815437,0.9809598,0.9777632,0.98609746,0.98316586,0.982101,0.9765104,0.9623128,0.99266446,0.9743206,0.98382187,0.98600954,0.97828674,0.97858465,0.97638845,0.9735162,0.9836461,0.9818948,0.98230106,0.9657238,0.9859812,0.97867006,0.98782015,0.98476464,0.9837483,0.98315114,0.9748152,0.98682743,0.95342606,0.9738062,0.9843502,0.9891782,0.9848173,0.98162746,0.9718316,0.98079026,0.9796434,0.98144364,0.9605053,0.97883606,0.983832,0.9814609,0.9936829,0.9817116,0.9809962,0.97402924,0.97577953,0.9738001,0.9655479,0.96524805,0.97628844,0.9694808,0.9795524,0.9828353,0.9748437,0.9766902,0.9921952,0.98275495,0.97942805,0.9867365,0.98807013,0.9799434,0.96288335,0.9936829,0.97360146,0.96296567,0.99539447,0.98785996,0.992105,0.9742541,0.97219,0.9811628,0.97893673,0.97949696,0.97285146,0.9867564,0.9775108,0.9871832,0.9868426,0.9908953,0.9696029,0.9903889,0.98943394,0.98346716,0.97415936,0.9679647,0.98647577,0.9871523,0.98384035,0.97448754,0.99201065,0.97939306,0.97742635,0.9701287,0.98181784,0.97104377,0.97097695,0.98496807,0.98365307,0.9839842,0.98711574,0.96957594,0.9894048,0.9735246,0.9663556,0.94813854,0.97632116,0.982773,0.9835474,0.9538096,0.9924385,0.9800265,0.98903793,0.98140186,0.9848965,0.986365,0.9724429,0.9708876,0.9727291,0.9643054,0.9888039,0.9682828,0.9701915,0.97856957,0.9775809,0.96017057,0.9927946,0.98744035,0.9850051,0.99143034,0.98583984,0.98100686,0.98903793,0.99005353,0.97765374,0.9858417,0.98173666
abeautifuldaymovie,0.987203,0.9878815,0.99999994,0.9870638,0.9888421,0.98636633,0.9855539,0.9876997,0.9928996,0.9885384,0.9720313,0.9805895,0.9854454,0.9727713,0.9915657,0.98625886,0.98525697,0.9883628,0.9720645,0.98866814,0.988572,0.9905473,0.9869002,0.980873,0.98967975,0.9735081,0.98469335,0.97775507,0.9893449,0.9848757,0.97988415,0.98801166,0.9817335,0.9869801,0.9768949,0.96988934,0.99302405,0.9755144,0.9835089,0.98649,0.9740229,0.99002594,0.9849586,0.98712474,0.9872515,0.98422056,0.9842751,0.9859439,0.9892636,0.9903872,0.99251825,0.9887942,0.9909354,0.9753142,0.96993107,0.98764175,0.97395146,0.9838575,0.98406535,0.9900419,0.97401416,0.98769504,0.98060423,0.9744812,0.98786974,0.9877834,0.9801063,0.9849308,0.9732706,0.9803864,0.99420375,0.97467214,0.9861636,0.97383106,0.98056126,0.9796365,0.96122706,0.9804354,0.9730415,0.9821901,0.97561216,0.98717934,0.9780969,0.99061584,0.9929746,0.9847774,0.98257715,0.9889859,0.98468226,0.9866598,0.97364634,0.99420375,0.9804763,0.9611843,0.9919424,0.99022657,0.9882809,0.9858084,0.9790425,0.99211174,0.9812101,0.98460484,0.98142886,0.9816022,0.98363346,0.98891914,0.99278516,0.9885351,0.9861309,0.98154587,0.9880482,0.98532933,0.9759654,0.97480375,0.9868775,0.98233485,0.98640025,0.98105204,0.9957778,0.98973656,0.9773077,0.98318875,0.9814787,0.9894449,0.97456414,0.98307246,0.98162884,0.97949314,0.987934,0.974533,0.98957324,0.98537326,0.9831497,0.9710894,0.9839117,0.9874775,0.98686504,0.9663155,0.99197567,0.9832865,0.9928996,0.9907247,0.98152685,0.9873862,0.97466713,0.9750237,0.9797976,0.9655926,0.98224515,0.97942626,0.97923774,0.9905002,0.977287,0.9655185,0.9841012,0.98692846,0.99192536,0.98975605,0.9850948,0.977903,0.9928996,0.99213684,0.9805349,0.9926553,0.99164903
abominablemovie,0.9872861,0.9818849,0.9870638,0.99999994,0.9839806,0.9898221,0.98427296,0.98364234,0.9925891,0.98523283,0.9831389,0.98914915,0.9867285,0.98010826,0.98513263,0.9876014,0.97967106,0.987807,0.9804983,0.9855505,0.9905356,0.97749525,0.99079114,0.9894445,0.98979956,0.9750283,0.97983617,0.9734033,0.9881374,0.9898225,0.9865718,0.98802525,0.9852127,0.98728585,0.9861849,0.9853022,0.9923511,0.98872256,0.9899089,0.98925155,0.9760627,0.98308,0.9824352,0.97998136,0.9959097,0.9930226,0.9896013,0.9794575,0.9922151,0.9809733,0.98882055,0.9919641,0.9802646,0.98335063,0.9769704,0.98506147,0.97674483,0.9854412,0.9935979,0.98232603,0.9769163,0.99386597,0.99107224,0.98319805,0.9932833,0.984734,0.9739822,0.98522884,0.9875865,0.98726785,0.9900501,0.97859764,0.9925973,0.97706103,0.9938566,0.9905022,0.9785283,0.98609936,0.97012496,0.9824686,0.9820268,0.996705,0.9841917,0.98778105,0.99399966,0.9861493,0.9918537,0.9763621,0.98731005,0.98898685,0.98662835,0.9900501,0.9839551,0.9493198,0.9880792,0.98902404,0.9905731,0.98719233,0.9879467,0.98998404,0.99048406,0.9888199,0.9818589,0.97586954,0.98289907,0.9918482,0.9838711,0.9913123,0.982645,0.98855054,0.98594195,0.9934477,0.9911909,0.9856565,0.98993766,0.9828763,0.9832335,0.9883244,0.9903241,0.9833922,0.98460174,0.9874759,0.98101175,0.98268664,0.9805936,0.99158794,0.9867861,0.9848259,0.99232197,0.9818029,0.98091185,0.9857999,0.98319036,0.95669883,0.9856405,0.9888427,0.98382425,0.9732929,0.99087256,0.9945743,0.9925891,0.9866428,0.9902763,0.9916917,0.98717993,0.98351043,0.9885423,0.9810505,0.9894617,0.975288,0.98301584,0.98275083,0.9866148,0.96335036,0.98273104,0.9824932,0.97950214,0.98853904,0.9831491,0.98563427,0.9925891,0.9887766,0.9833294,0.98990834,0.9870452
adastramovie,0.98370004,0.9801995,0.9888421,0.9839806,0.9999999,0.9914884,0.9918257,0.98716825,0.99083143,0.9868191,0.9782036,0.98009557,0.98358893,0.9789853,0.9846685,0.9875976,0.97398245,0.9854405,0.9748211,0.97692007,0.97972894,0.9809533,0.9877505,0.97977287,0.984843,0.9769558,0.9902332,0.9773697,0.98686004,0.9762715,0.9740123,0.9821907,0.9796235,0.982607,0.9705073,0.96603745,0.98918766,0.97129625,0.98067653,0.9798903,0.9722952,0.9867108,0.98154324,0.9876839,0.9847437,0.97646743,0.98642117,0.98501307,0.9801027,0.98575497,0.98825854,0.98319066,0.9852608,0.9675739,0.9690702,0.99396354,0.97635365,0.9868087,0.9845092,0.9809534,0.9724823,0.98711467,0.97082,0.9820479,0.9888274,0.985122,0.9697969,0.97765553,0.9766762,0.9715506,0.9853815,0.96474046,0.9840196,0.978043,0.9827881,0.98606074,0.9557923,0.9870566,0.96963936,0.98237824,0.98332417,0.98913676,0.98623455,0.9883838,0.984814,0.97925866,0.9793653,0.9877971,0.97282255,0.9902023,0.97013164,0.9853815,0.97649723,0.937856,0.9840808,0.9905867,0.98547083,0.9800049,0.989218,0.99079967,0.9766034,0.9834571,0.9819899,0.965326,0.9791052,0.9876532,0.98530334,0.9857706,0.9888597,0.98251975,0.9916183,0.98233527,0.97748166,0.9728353,0.983334,0.9814555,0.9843264,0.97810537,0.99045646,0.9943362,0.9797612,0.9842652,0.98243946,0.9845077,0.9741795,0.9750275,0.9800269,0.9744772,0.9895417,0.97813714,0.9770031,0.9908884,0.980484,0.9791805,0.97945464,0.98136675,0.9838511,0.9639591,0.9844921,0.9782601,0.99083143,0.9904406,0.9750435,0.9868544,0.9811659,0.96720535,0.97231686,0.96147805,0.97891355,0.977454,0.9843329,0.9875075,0.9800055,0.95316905,0.97467816,0.9761705,0.9925042,0.980704,0.9764106,0.97445005,0.99083143,0.9921976,0.9801495,0.9938898,0.9901968
adogsjourneymovie,0.98372644,0.97280365,0.98636633,0.9898221,0.9914884,1.0000001,0.98716724,0.9852995,0.9894205,0.9907325,0.9781608,0.97592986,0.9853909,0.9802078,0.98400956,0.9817836,0.9784671,0.9833254,0.9854239,0.9824248,0.9819451,0.979365,0.9922378,0.98300517,0.9839967,0.98091733,0.9849519,0.9788601,0.9880913,0.97921365,0.9768422,0.9859773,0.9790813,0.9807355,0.97876453,0.9785966,0.98522663,0.97915775,0.9844843,0.98335105,0.9787229,0.98942053,0.9880826,0.9895636,0.98824865,0.97950965,0.99024236,0.9871129,0.9862821,0.98723674,0.9861259,0.98630506,0.9802799,0.9691856,0.9718345,0.98794377,0.97858554,0.9868104,0.98317665,0.97108567,0.97546595,0.98954076,0.9814094,0.97859037,0.9922146,0.98382413,0.9698813,0.9787524,0.9751281,0.9757606,0.9800999,0.9673681,0.98944324,0.9728747,0.98991543,0.9868043,0.9662514,0.98714155,0.96823496,0.98841083,0.98550093,0.9897105,0.9823566,0.98890686,0.9839867,0.9778226,0.98391074,0.9800697,0.9739454,0.9909599,0.98150855,0.9800999,0.98330635,0.9359653,0.97672904,0.9902478,0.98415685,0.9867776,0.98607033,0.9948892,0.9795221,0.98263276,0.99047184,0.95840067,0.9824656,0.9869677,0.9813268,0.9847565,0.99238276,0.9815072,0.9847816,0.9887555,0.9837309,0.9837261,0.9792535,0.9786347,0.98156655,0.9868664,0.9864176,0.9895623,0.9816622,0.98985755,0.9824819,0.9882658,0.97531456,0.97921115,0.97779423,0.977092,0.9885488,0.98546404,0.9744706,0.9908753,0.98365515,0.9786527,0.98386973,0.98663706,0.9823362,0.9790316,0.9793722,0.9848835,0.9894205,0.9937556,0.97876716,0.9883922,0.9814954,0.9773372,0.98080516,0.9715644,0.9805489,0.9699441,0.9840197,0.98607004,0.9841987,0.95406455,0.97103995,0.97034776,0.9897245,0.9776655,0.9745058,0.9799721,0.9894205,0.9890215,0.97765964,0.9918415,0.9894411
aftermathmovie,0.98294264,0.9743555,0.9855539,0.98427296,0.9918257,0.98716724,1.0000001,0.9807814,0.9913137,0.97611845,0.98126084,0.9788301,0.97676075,0.97123903,0.98701715,0.9877279,0.96906835,0.9829164,0.97748166,0.9768946,0.9838971,0.97140193,0.9852362,0.98660123,0.9835067,0.9630888,0.9913382,0.9812281,0.9830297,0.97915316,0.9759377,0.9738022,0.9699272,0.9772372,0.9726862,0.9738946,0.9892387,0.97458446,0.9846898,0.97076744,0.9616795,0.9804716,0.97800463,0.9808647,0.98669463,0.97936344,0.98541975,0.98710775,0.9776435,0.9806873,0.9874668,0.97670436,0.9748367,0.9760769,0.96680075,0.98673445,0.988175,0.97772795,0.978712,0.975588,0.9718689,0.9828454,0.9758575,0.97765344,0.9880138,0.98846513,0.97509617,0.9703712,0.9782553,0.97149646,0.9858262,0.9636628,0.9817174,0.9752991,0.98966444,0.9869036,0.95260924,0.98449624,0.9614196,0.9847807,0.9826834,0.9902748,0.9857774,0.98664665,0.98424745,0.98377514,0.9764639,0.97945815,0.9773953,0.99217105,0.97565305,0.9858262,0.9787933,0.9444012,0.98238796,0.98847324,0.9850558,0.986159,0.99526274,0.98583114,0.9846851,0.9815259,0.9736206,0.96423084,0.9720058,0.99122757,0.98496634,0.9870176,0.9821351,0.97455835,0.9906183,0.9833307,0.9758273,0.97784466,0.9785684,0.97692436,0.98406595,0.98454934,0.98829395,0.9950872,0.98255754,0.98258656,0.9804636,0.9856682,0.98409694,0.97562116,0.9792278,0.9750215,0.98086053,0.973355,0.9759742,0.98523366,0.9802064,0.9654387,0.97727966,0.9803945,0.9874844,0.96446973,0.9816736,0.9800948,0.9913137,0.9845471,0.97622263,0.98085696,0.9780735,0.9609763,0.97900444,0.9656039,0.9808206,0.98028946,0.99533796,0.9905421,0.98318255,0.95080453,0.96645063,0.9799533,0.9867627,0.98605174,0.97662884,0.9640507,0.9913137,0.9827148,0.97930694,0.99304074,0.99143434
aftermovie,0.99169016,0.9874581,0.9876997,0.98364234,0.98716825,0.9852995,0.9807814,0.9999997,0.9947382,0.9855694,0.98009104,0.97426254,0.99147487,0.9930558,0.9918992,0.9870341,0.98770887,0.98095715,0.9690291,0.9916017,0.9900256,0.9933578,0.9911488,0.98402643,0.9857672,0.9894287,0.9719104,0.9785272,0.98787147,0.97900605,0.9793626,0.9827381,0.9811825,0.984665,0.9820439,0.9765875,0.98858094,0.98607063,0.9826494,0.98770624,0.9894544,0.9891901,0.9874993,0.9911539,0.98595876,0.98627156,0.9919092,0.9766384,0.9825324,0.9936542,0.9863298,0.98784125,0.9912221,0.982161,0.99178916,0.99266326,0.9661803,0.9792481,0.98928744,0.98088557,0.9821302,0.9915354,0.97638214,0.99397665,0.98840433,0.9810141,0.9690581,0.9889043,0.984715,0.97719413,0.98696756,0.9886169,0.9826957,0.9829485,0.97862643,0.98415476,0.97471035,0.9834279,0.9921461,0.98403704,0.98419076,0.98126394,0.9883343,0.9877241,0.9868495,0.9761769,0.9902137,0.9954021,0.98170763,0.99091005,0.97779864,0.98696756,0.9907575,0.96017826,0.986563,0.99195075,0.9942157,0.9852143,0.9837146,0.98998535,0.9788566,0.992157,0.9829439,0.9784545,0.99120086,0.98740727,0.9915848,0.98928344,0.97452086,0.9880752,0.9899977,0.9857638,0.9766199,0.9780285,0.9872644,0.9928509,0.9961334,0.98851496,0.9904009,0.98720276,0.98271596,0.9894766,0.99519396,0.978571,0.9818887,0.98178333,0.9859883,0.9783883,0.98300153,0.97723705,0.98831916,0.9795042,0.9841104,0.97105193,0.97431785,0.989092,0.9889598,0.9770554,0.98543745,0.98730963,0.9947382,0.9907465,0.98008686,0.9919799,0.97778356,0.9823292,0.98237795,0.9743592,0.99098724,0.9813937,0.980731,0.99101156,0.9893062,0.9744811,0.98334867,0.9716649,0.99220866,0.97945225,0.98734397,0.9836842,0.9947382,0.9915771,0.98811376,0.9890046,0.9845675
ahiddenlifefilm,0.9947039,0.98903793,0.9928996,0.9925891,0.99083143,0.9894205,0.9913137,0.9947382,1.0,0.98637235,0.9832519,0.98637176,0.9938451,0.9868613,0.9948264,0.99564606,0.9889059,0.9908751,0.9820362,0.990714,0.99443036,0.9895657,0.99414176,0.9925943,0.99018145,0.98282135,0.9832871,0.9864004,0.9941364,0.9908492,0.9890662,0.98632276,0.9873573,0.99213,0.9824556,0.9813163,0.9961653,0.98840743,0.9908796,0.98845035,0.98420507,0.99233794,0.99021894,0.9914119,0.9958679,0.99344236,0.99486953,0.9840273,0.9893231,0.99384403,0.9954677,0.99107903,0.99048597,0.98769206,0.9860522,0.9925404,0.97930115,0.9868687,0.9895462,0.98896986,0.9813188,0.99354774,0.98848844,0.9900422,0.9933469,0.9915686,0.9823696,0.98771745,0.9886891,0.9820847,0.99483603,0.98516077,0.9907215,0.98957247,0.98767436,0.9934133,0.9717478,0.9897588,0.97994125,0.98804814,0.9839219,0.99290216,0.9917371,0.9917938,0.99561954,0.9889902,0.992444,0.99360585,0.990146,0.9950967,0.9868604,0.99483603,0.99138784,0.9663215,0.9932262,0.9934616,0.99638474,0.9899262,0.9910314,0.9940814,0.99128866,0.99307376,0.9854079,0.98250026,0.98648715,0.9967772,0.9951661,0.9967281,0.98499364,0.9886698,0.9962498,0.9894932,0.9864388,0.9837015,0.99271005,0.9898607,0.99517024,0.99019957,0.99523026,0.99176526,0.9894965,0.9918727,0.99309766,0.9880831,0.9904965,0.9885311,0.9929703,0.98463553,0.9901465,0.98263514,0.9923621,0.9834741,0.99048,0.97048074,0.9834883,0.9941765,0.9936734,0.97456276,0.9938141,0.993353,1.0,0.9924756,0.9898545,0.9931994,0.98765296,0.98001915,0.9911424,0.9746823,0.9924924,0.9860223,0.9896233,0.99496496,0.9930462,0.97350025,0.98542917,0.9836615,0.9903668,0.99148136,0.9916675,0.98543763,1.0,0.9911238,0.9936654,0.99467486,0.9934668
alitamovie,0.98596203,0.98083,0.9885384,0.98523283,0.9868191,0.9907325,0.97611845,0.9855694,0.98637235,0.9999999,0.9688786,0.9790138,0.9889468,0.98032194,0.9813508,0.97787124,0.9863798,0.98251283,0.9747511,0.9832974,0.983672,0.98644334,0.98762685,0.97471786,0.9901662,0.98150915,0.9771732,0.97043836,0.9893725,0.97444296,0.97580683,0.9939666,0.9751961,0.9829252,0.9850523,0.97998023,0.9889903,0.981749,0.98661405,0.9928993,0.98107815,0.98621964,0.9776453,0.98304915,0.987726,0.9818958,0.98346305,0.9875085,0.99074215,0.9839851,0.98766917,0.990978,0.9855173,0.97078454,0.973522,0.9885711,0.9697247,0.98668516,0.98294044,0.9785347,0.98333216,0.9894834,0.9770222,0.97328013,0.983655,0.9786776,0.9651498,0.9814196,0.97761357,0.982579,0.9826536,0.9744814,0.9925802,0.969737,0.98262465,0.97909486,0.9776343,0.9769307,0.9657771,0.98435414,0.9812212,0.98453176,0.9774814,0.99217206,0.98178893,0.98154044,0.97869456,0.9820043,0.9815109,0.9845294,0.977179,0.9826536,0.98089194,0.9431791,0.9845386,0.98774576,0.98627824,0.9822432,0.9761582,0.99093384,0.9795843,0.9832487,0.98926175,0.9698379,0.98896706,0.98706704,0.9803998,0.9832186,0.98913294,0.98109305,0.9790409,0.9910236,0.97937834,0.9871915,0.98684496,0.9811562,0.981581,0.97991794,0.98763293,0.9857797,0.9733525,0.98656905,0.97799325,0.9809562,0.96348464,0.9865444,0.97317195,0.9841804,0.99176776,0.98101306,0.9742887,0.9876991,0.9803205,0.97433555,0.9862075,0.9803514,0.98332715,0.9762956,0.98610735,0.9859238,0.98637235,0.9900851,0.9818321,0.9907488,0.9800145,0.9847743,0.9799666,0.9769372,0.98140776,0.9670823,0.97450715,0.97736335,0.97886,0.961163,0.9799365,0.97395265,0.9844738,0.97748685,0.97786343,0.98692745,0.98637235,0.99329746,0.96973705,0.98630077,0.9871218
angelhasfallen,0.9708325,0.9813484,0.9720313,0.9831389,0.9782036,0.9781608,0.98126084,0.98009104,0.9832519,0.9688786,1.0,0.9796898,0.9776629,0.9693995,0.9771259,0.9788904,0.96245414,0.969054,0.96655107,0.97149014,0.9786736,0.95803547,0.9870725,0.98336154,0.97226775,0.97615147,0.97886807,0.95817435,0.9698032,0.97133344,0.9771104,0.9739341,0.9725355,0.96413845,0.97998106,0.9666671,0.9825922,0.9762946,0.97982126,0.9753512,0.9709687,0.9696419,0.9786275,0.96938866,0.980007,0.9725032,0.9881717,0.96170014,0.97596854,0.9686381,0.97420293,0.9761497,0.9643112,0.9843013,0.97426736,0.97799337,0.95421976,0.9642013,0.98134834,0.96664065,0.9828609,0.9776816,0.9668627,0.9812455,0.98639804,0.982844,0.9484524,0.9690366,0.98108375,0.9723879,0.98015714,0.9690002,0.97061694,0.96942604,0.98786354,0.97482485,0.96121544,0.9689237,0.9752096,0.97969496,0.9941036,0.9833948,0.97774166,0.9674611,0.9829042,0.9678479,0.9783764,0.9702817,0.9777282,0.9843345,0.963386,0.98015714,0.97809327,0.95011157,0.9780046,0.9904424,0.98515034,0.97327375,0.9853052,0.98080975,0.97752625,0.97510904,0.9690044,0.9674302,0.97111785,0.9822542,0.96766543,0.9886778,0.9619525,0.99099183,0.98709977,0.98699826,0.9738514,0.9728054,0.9696099,0.98602164,0.9740479,0.9855922,0.9796546,0.9796195,0.9870036,0.970233,0.9792012,0.9684072,0.9786304,0.98244596,0.9802399,0.9852481,0.9771969,0.98214585,0.9721064,0.96807253,0.9561936,0.93582886,0.9726099,0.9757797,0.98036015,0.96534604,0.9733787,0.9768929,0.9832519,0.9761691,0.9790421,0.9811538,0.9676402,0.963373,0.9704541,0.97483796,0.99138856,0.95207113,0.978825,0.97785103,0.98652464,0.9394474,0.9758653,0.9780624,0.9808204,0.9832991,0.9767643,0.9719762,0.9832519,0.97948104,0.9687164,0.9884347,0.9795853
angrybirdsmovie,0.9802717,0.9884724,0.9805895,0.98914915,0.98009557,0.97592986,0.9788301,0.97426254,0.98637176,0.9790138,0.9796898,1.0000001,0.98092145,0.96305364,0.9796489,0.9895314,0.97300774,0.98714954,0.9698948,0.9730877,0.9850679,0.967661,0.97999775,0.9844675,0.97910464,0.96597743,0.98428977,0.96311355,0.9844075,0.98953277,0.97965956,0.98861295,0.97979057,0.98695594,0.97453403,0.9685729,0.9938327,0.9736615,0.98685193,0.9860027,0.97099966,0.9767955,0.96890754,0.967593,0.9896335,0.9847104,0.9802593,0.9728366,0.9882938,0.96964425,0.98982,0.9874392,0.9717489,0.97653204,0.96769357,0.9796914,0.9662773,0.98385936,0.9830275,0.98521566,0.9802087,0.9813759,0.9750712,0.9738452,0.9836346,0.98238176,0.9633362,0.97662497,0.98666155,0.98073554,0.98933154,0.97143185,0.99022037,0.97608006,0.9850209,0.98421276,0.9677782,0.9728068,0.95480484,0.9712769,0.9786871,0.99071413,0.97949857,0.9778383,0.98959523,0.98622704,0.9771706,0.9745853,0.987302,0.97970206,0.9751699,0.98933154,0.96951354,0.9528228,0.992519,0.9846266,0.9868773,0.96909624,0.9791941,0.9786035,0.98835284,0.9768764,0.9752787,0.9770384,0.9693244,0.9908134,0.97897345,0.99159503,0.9792415,0.9883596,0.98665386,0.98590696,0.988564,0.9744239,0.9899559,0.98028135,0.9750528,0.97062236,0.9849691,0.9765411,0.9829334,0.97453475,0.972634,0.972606,0.9705105,0.98884225,0.9794768,0.98363286,0.9948151,0.97227484,0.981684,0.97558475,0.96935046,0.946848,0.9844759,0.98287773,0.98160803,0.95283544,0.9927666,0.9825586,0.98637176,0.9795273,0.99023026,0.98597735,0.98732483,0.9692907,0.97879183,0.964792,0.98461485,0.9637228,0.9757751,0.96987844,0.97747743,0.9525299,0.9840513,0.98419404,0.972079,0.991699,0.9828987,0.9825421,0.98637176,0.98208624,0.97701895,0.98274094,0.98315865
annabellemovie,0.9897894,0.98480946,0.9854454,0.9867285,0.98358893,0.9853909,0.97676075,0.99147487,0.9938451,0.9889468,0.9776629,0.98092145,1.0,0.9852135,0.9870709,0.987646,0.9929807,0.9832991,0.9836296,0.98535806,0.9875255,0.98723036,0.99269116,0.9823878,0.9837971,0.9908107,0.9707977,0.9817386,0.9924009,0.9844929,0.98811984,0.9885608,0.98622334,0.98833853,0.9806569,0.9779334,0.9897381,0.9884127,0.98826844,0.99213517,0.9910057,0.99208057,0.9893631,0.9901121,0.99200124,0.98841333,0.99254143,0.9767181,0.98783004,0.99196553,0.99024385,0.99174166,0.989246,0.98396975,0.9883319,0.98686916,0.96304214,0.98530036,0.98216337,0.9823877,0.981255,0.9884615,0.98593646,0.9835554,0.9877341,0.987659,0.97340274,0.9854632,0.9815999,0.9775087,0.9858879,0.98308074,0.9880541,0.9903107,0.9789941,0.98642594,0.9730434,0.9819425,0.97579235,0.98648155,0.9794824,0.984543,0.9863495,0.9865602,0.98975086,0.979183,0.98925865,0.9909734,0.9876447,0.9876287,0.98518187,0.9858879,0.9917731,0.9686568,0.9866252,0.9879999,0.9910603,0.98025805,0.9794433,0.9935975,0.98601794,0.98745465,0.9902557,0.97865415,0.9859595,0.99099386,0.9845715,0.99412537,0.98378855,0.9893398,0.9896287,0.986749,0.9819553,0.98425215,0.988967,0.9873716,0.9874794,0.9839802,0.9858832,0.98289186,0.9888433,0.98872274,0.9911055,0.9827103,0.98345435,0.9893829,0.99034494,0.9872255,0.98855895,0.9906429,0.98722684,0.97262216,0.9845852,0.9694481,0.98056436,0.99076045,0.988203,0.9789896,0.9876926,0.99234384,0.9938451,0.9893997,0.9885564,0.9912372,0.9841842,0.9840434,0.9900621,0.97392863,0.9911896,0.96890473,0.9773809,0.9878154,0.9931856,0.97084814,0.9838013,0.9735496,0.9820913,0.9814831,0.98896813,0.99132955,0.9938451,0.98694843,0.9861293,0.98761296,0.98898876
annamovie,0.98924476,0.9722433,0.9727713,0.98010826,0.9789853,0.9802078,0.97123903,0.9930558,0.9868613,0.98032194,0.9693995,0.96305364,0.9852135,0.99999994,0.9793145,0.9778565,0.9800133,0.974157,0.96465236,0.9818096,0.9819668,0.9845316,0.98548746,0.9795326,0.983039,0.98432744,0.9558062,0.9718607,0.98056823,0.9669198,0.97297406,0.9707518,0.97529876,0.97713757,0.9791303,0.98033243,0.9789408,0.9887539,0.9765933,0.9793644,0.9828777,0.9772628,0.9759976,0.98242825,0.9836541,0.9848966,0.98674,0.96863765,0.97467464,0.98355645,0.9751732,0.9784254,0.9804268,0.9779213,0.9876551,0.9880217,0.96288073,0.9748573,0.9862301,0.970934,0.97371256,0.99102455,0.97547066,0.9937979,0.97961074,0.9677709,0.9580493,0.9794835,0.9851852,0.9748383,0.97600317,0.98575544,0.97793365,0.978588,0.9735728,0.9836909,0.9794498,0.9825461,0.9834128,0.9775123,0.9759885,0.97755265,0.98602027,0.98268557,0.97548175,0.9729449,0.98913693,0.9831641,0.97443897,0.9849767,0.97808427,0.97600317,0.98521596,0.93792117,0.97509676,0.9815044,0.9867748,0.9821481,0.9815443,0.980708,0.97451633,0.9900805,0.9746078,0.9668461,0.98725307,0.98000425,0.98024994,0.9777917,0.96514195,0.9760054,0.97838366,0.980235,0.9747719,0.978514,0.98265076,0.9840402,0.9921304,0.9852403,0.98111117,0.9775601,0.9704935,0.9881634,0.98604727,0.9672315,0.9740303,0.9756879,0.97904104,0.96881604,0.9749738,0.96934587,0.9700069,0.9759333,0.98304033,0.9652649,0.966609,0.97826236,0.9809843,0.9733428,0.9769489,0.9872293,0.9868613,0.9803499,0.97483146,0.9886184,0.97899634,0.9805697,0.9778274,0.9761575,0.98310024,0.9820876,0.97344327,0.9789328,0.9856537,0.9753805,0.9751109,0.95811045,0.97777075,0.96503216,0.9772237,0.98070997,0.9868613,0.9853281,0.98325974,0.9784958,0.97185314
apollo11movie,0.99429417,0.9852479,0.9915657,0.98513263,0.9846685,0.98400956,0.98701715,0.9918992,0.9948264,0.9813508,0.9771259,0.9796489,0.9870709,0.9793145,0.99999994,0.9869518,0.986997,0.9872496,0.975934,0.9935274,0.9953533,0.98749536,0.9856535,0.98738337,0.98204625,0.97592044,0.9791613,0.9845229,0.9897562,0.98992735,0.973821,0.985354,0.97637707,0.98700225,0.97660476,0.9773689,0.99229527,0.982362,0.98831135,0.98251045,0.98528296,0.9929227,0.9827419,0.9901036,0.98681945,0.98815644,0.9878372,0.98537105,0.989291,0.99307346,0.98984057,0.9877844,0.98253864,0.98012626,0.9844963,0.98735154,0.97933984,0.9840599,0.98230284,0.98231685,0.98182505,0.9859436,0.981785,0.98513246,0.98980373,0.9891575,0.973002,0.98701704,0.97753495,0.98298794,0.9900451,0.98526794,0.98644114,0.9804622,0.9833517,0.98214674,0.96730214,0.9804722,0.97765476,0.9847879,0.97822464,0.9825341,0.988836,0.9897406,0.9888002,0.9818743,0.9860873,0.9905896,0.98748475,0.9894104,0.98469955,0.9900451,0.98556054,0.96396285,0.98857194,0.99195915,0.98856884,0.9869732,0.98459667,0.9868163,0.98697346,0.98475933,0.98466146,0.9785196,0.9827402,0.98877865,0.9936944,0.9910884,0.9810953,0.98188823,0.98979336,0.98676836,0.97705364,0.98064786,0.9864236,0.98754793,0.9944464,0.98658323,0.98822093,0.9884293,0.9876283,0.98825634,0.9920922,0.98747784,0.97907066,0.982514,0.97963077,0.9741433,0.98499066,0.97325754,0.9916749,0.9811308,0.9822895,0.974451,0.9798528,0.9944875,0.9915097,0.97673315,0.9878174,0.98813534,0.9948264,0.9916284,0.9821672,0.9904536,0.9787843,0.9809251,0.9856227,0.96762055,0.99036926,0.98252916,0.98638046,0.992973,0.9870267,0.97798264,0.97925717,0.97632426,0.9877549,0.9849876,0.98941153,0.97696674,0.9948264,0.986627,0.98688126,0.9874134,0.9882861
arcticdogsmovie,0.9877949,0.9875443,0.98625886,0.9876014,0.9875976,0.9817836,0.9877279,0.9870341,0.99564606,0.97787124,0.9788904,0.9895314,0.987646,0.9778565,0.9869518,0.9999998,0.98184514,0.99120706,0.973584,0.97795886,0.98553264,0.9810809,0.9878867,0.9914068,0.98187405,0.9763549,0.9858474,0.9829888,0.98806804,0.99059904,0.9852942,0.97901696,0.98829615,0.98954475,0.9708166,0.9684543,0.99269956,0.97639036,0.9836245,0.9821835,0.9747023,0.98524755,0.98360366,0.9824838,0.9918783,0.98868585,0.9897739,0.9778075,0.98186505,0.98460203,0.9924601,0.98311794,0.98389065,0.9837905,0.97658396,0.9892404,0.9732998,0.98479235,0.98327416,0.98932445,0.97337407,0.98787576,0.9800903,0.986463,0.98880255,0.9873402,0.9748969,0.97827417,0.9871204,0.97449976,0.99236614,0.978156,0.9867906,0.9917757,0.9800539,0.9936393,0.9603594,0.9848789,0.9705368,0.977908,0.9787763,0.99214274,0.9902452,0.9810975,0.9935192,0.98698694,0.98900187,0.9890048,0.9861869,0.9873573,0.9799056,0.99236614,0.9813424,0.9608604,0.99265194,0.9866835,0.9923304,0.97638,0.98666155,0.985847,0.9875635,0.98734146,0.97549874,0.9819655,0.97229344,0.993784,0.9920079,0.99473846,0.98117286,0.98622125,0.9944227,0.9801117,0.9879038,0.97162104,0.9914311,0.9847883,0.9889662,0.9798954,0.9921193,0.9836884,0.98637944,0.9840934,0.9838012,0.98474187,0.9884742,0.9815158,0.9894541,0.9775099,0.9880317,0.97334266,0.9915629,0.9759311,0.98772895,0.9628758,0.9808115,0.99076307,0.99069995,0.9569365,0.9922468,0.98480684,0.99564606,0.98482853,0.98855174,0.9877525,0.9899808,0.9652502,0.98470885,0.9598999,0.98525983,0.98251104,0.9822001,0.9873961,0.98484343,0.9655358,0.9849499,0.9825551,0.9844423,0.9902741,0.9895819,0.98166394,0.99564606,0.9849354,0.99317735,0.9903046,0.98531336
arcticmovie,0.9924335,0.97793514,0.98525697,0.97967106,0.97398245,0.9784671,0.96906835,0.98770887,0.9889059,0.9863798,0.96245414,0.97300774,0.9929807,0.9800133,0.986997,0.98184514,1.0000001,0.97655165,0.9783807,0.9893374,0.9847012,0.9918651,0.9881872,0.9747735,0.9844316,0.98690474,0.9648678,0.9863007,0.98784864,0.98208827,0.9811072,0.98394984,0.97571623,0.986025,0.97955,0.97593117,0.98645383,0.98213446,0.978231,0.9907185,0.98865646,0.99204344,0.984198,0.9895808,0.986999,0.9888514,0.9879051,0.98041797,0.98748386,0.99213237,0.98471516,0.98961663,0.98431647,0.9780395,0.98497146,0.97767794,0.96436,0.9856174,0.97445685,0.98349124,0.9787434,0.9877811,0.9803388,0.9744791,0.98509175,0.9838131,0.9743701,0.9886219,0.9750069,0.9773682,0.98392624,0.9877795,0.9850123,0.985176,0.9700244,0.9809339,0.97592956,0.9800862,0.97409815,0.9868219,0.9710288,0.9750514,0.9846993,0.9848623,0.9829723,0.9758709,0.9867108,0.9885852,0.98728895,0.98372245,0.9853737,0.98392624,0.9910431,0.97544557,0.9853577,0.98384374,0.9863086,0.97739303,0.97261053,0.98761106,0.9854891,0.9875032,0.98340553,0.9842006,0.9871249,0.98418534,0.9832706,0.9879534,0.9800672,0.97813296,0.9801105,0.9815325,0.98173195,0.98214036,0.98939383,0.9876674,0.98853153,0.9824093,0.98090976,0.9729928,0.97854745,0.99152327,0.9824972,0.9842548,0.9740369,0.98582226,0.9767851,0.97696686,0.9823125,0.97916716,0.987957,0.9649131,0.98779756,0.9698149,0.98510045,0.98882556,0.99016017,0.9797812,0.9860796,0.98709345,0.9889059,0.9839755,0.98806936,0.9908642,0.9825353,0.98375773,0.98977596,0.97118515,0.98301613,0.9712838,0.96785575,0.9823988,0.98580956,0.9848144,0.982162,0.9704251,0.9775307,0.9763703,0.99335194,0.9917618,0.9889059,0.9790183,0.9832043,0.9809706,0.98168695
artofracingmovie,0.98740894,0.9853548,0.9883628,0.987807,0.9854405,0.9833254,0.9829164,0.98095715,0.9908751,0.98251283,0.969054,0.98714954,0.9832991,0.974157,0.9872496,0.99120706,0.97655165,0.9999999,0.9715682,0.9750027,0.9874415,0.9782116,0.9793345,0.99166626,0.97851855,0.96650225,0.98265165,0.9746986,0.99002665,0.99054015,0.9743532,0.9839016,0.9894447,0.989719,0.9646478,0.96801317,0.99096876,0.97518355,0.98865384,0.97811395,0.9728707,0.984018,0.97461194,0.9776298,0.9900483,0.9851718,0.98083466,0.980911,0.9876925,0.98078716,0.99276906,0.9801114,0.9782853,0.97568846,0.964664,0.98934543,0.97350687,0.9881369,0.979601,0.9873264,0.97079974,0.9830041,0.9834998,0.9800046,0.98105127,0.98204625,0.96501213,0.9707508,0.97768164,0.98227286,0.99056745,0.9717545,0.99024725,0.9803218,0.9798673,0.98592985,0.95670736,0.97636443,0.95675963,0.97134626,0.970484,0.99202126,0.98092276,0.98335975,0.99089384,0.9927245,0.98399365,0.98151916,0.9863091,0.97847044,0.9798884,0.99056745,0.9681615,0.94158167,0.98915046,0.98383886,0.9832113,0.9775114,0.97760254,0.9818869,0.98336625,0.9755481,0.9811512,0.9729331,0.96687907,0.9898818,0.99086815,0.9867528,0.9857667,0.97780067,0.9870622,0.98120326,0.98166174,0.97205997,0.9865841,0.97332937,0.98464334,0.9722927,0.991787,0.9841716,0.9793769,0.9784232,0.9771587,0.98474145,0.9723945,0.979544,0.9805675,0.97190833,0.99016166,0.9655196,0.98363996,0.9856778,0.9817251,0.97182715,0.98015493,0.98956186,0.98437756,0.9509336,0.9912427,0.98515934,0.9908751,0.98806864,0.9833221,0.98637795,0.9858586,0.9672857,0.9766558,0.95292205,0.9806331,0.9824917,0.97828794,0.9810718,0.9747486,0.9639045,0.98449904,0.9800724,0.98027796,0.98694015,0.98043734,0.9757926,0.9908751,0.9897971,0.9849676,0.984202,0.9825866
avengers,0.9791421,0.9560286,0.9720645,0.9804983,0.9748211,0.9854239,0.97748166,0.9690291,0.9820362,0.9747511,0.96655107,0.9698948,0.9836296,0.96465236,0.975934,0.973584,0.9783807,0.9715682,1.0,0.9719794,0.97471255,0.9656707,0.9851151,0.9758246,0.97205865,0.9734584,0.9695224,0.984928,0.98602504,0.9793636,0.98144287,0.9751574,0.97158515,0.9795426,0.9654733,0.9712533,0.97751355,0.9754139,0.9772575,0.9738622,0.9752778,0.9871257,0.98375076,0.98475707,0.9862829,0.9749763,0.98568296,0.9767375,0.97893363,0.9819584,0.9817298,0.9795303,0.9644613,0.96352386,0.9659256,0.9645345,0.96914876,0.98471946,0.9624863,0.9653257,0.9644401,0.97526985,0.9814324,0.96117383,0.9835143,0.9853675,0.975327,0.9710744,0.96415234,0.96102005,0.9710176,0.95669734,0.9803587,0.9794032,0.9788745,0.9848787,0.95409137,0.98580533,0.94631785,0.98954636,0.9705021,0.9790812,0.97750276,0.9782027,0.97513956,0.97190946,0.9745802,0.97079384,0.9727571,0.98349446,0.9874293,0.9710176,0.9817683,0.9543901,0.9662037,0.97950345,0.9712829,0.97429085,0.9782623,0.98788446,0.98331606,0.97061133,0.98744744,0.9509364,0.9694394,0.9827201,0.96598643,0.98269725,0.9871897,0.96933365,0.9801648,0.977112,0.9815652,0.9803629,0.97094595,0.9685735,0.9698814,0.97648627,0.9682454,0.9753346,0.98378843,0.98631376,0.9739287,0.98177385,0.97601336,0.9785964,0.975831,0.9736304,0.97898275,0.98905265,0.96786314,0.964631,0.9778365,0.9681555,0.98039645,0.9821334,0.97807205,0.97420853,0.97128403,0.98087966,0.9820362,0.98291004,0.98004246,0.9784259,0.9818715,0.96662694,0.9833273,0.9618297,0.9729659,0.9558263,0.97773415,0.97733104,0.98659414,0.9530914,0.9591131,0.96048373,0.96755564,0.97245353,0.9751056,0.97733736,0.9820362,0.96547896,0.9766904,0.97973216,0.98719686
beachbummovie,0.9918362,0.9806506,0.98866814,0.9855505,0.97692007,0.9824248,0.9768946,0.9916017,0.990714,0.9832974,0.97149014,0.9730877,0.98535806,0.9818096,0.9935274,0.97795886,0.9893374,0.9750027,0.9719794,0.99999994,0.99325174,0.9908142,0.9868574,0.97706646,0.98700863,0.9773853,0.9668101,0.9759904,0.9856783,0.98227495,0.9752569,0.98547906,0.9683789,0.9836712,0.9866449,0.98433673,0.98827076,0.9860069,0.9827315,0.98801076,0.9858622,0.9891674,0.9824369,0.98864764,0.98500067,0.9900366,0.98609763,0.978719,0.9890696,0.9919578,0.98362243,0.99279106,0.98546135,0.9767075,0.9883534,0.98104715,0.97496015,0.9777257,0.9868579,0.9771425,0.9814339,0.9900936,0.98265755,0.98075855,0.9886422,0.98114777,0.9778961,0.9952061,0.9793617,0.9825815,0.9854578,0.98962474,0.9852548,0.97025245,0.981924,0.9777237,0.9818086,0.9802761,0.9834998,0.9834146,0.97489256,0.97687083,0.98193514,0.990798,0.9852215,0.97456384,0.9850429,0.98657674,0.9825212,0.9903031,0.98263645,0.9854578,0.9907254,0.9643585,0.98456234,0.98740745,0.9902099,0.9908328,0.97950286,0.9872432,0.9839335,0.99069595,0.981146,0.97770745,0.9940265,0.98398274,0.98840296,0.985942,0.9749063,0.98064077,0.9810566,0.98763454,0.97679156,0.98399115,0.98709697,0.98791736,0.9912865,0.98942393,0.98414093,0.9805409,0.9773451,0.9900311,0.9901979,0.9787327,0.9740552,0.98373526,0.9773017,0.9751491,0.98188806,0.9740958,0.9868946,0.97781,0.9816872,0.963452,0.9775306,0.98857147,0.984183,0.9863016,0.9857551,0.98945296,0.990714,0.98636705,0.98114604,0.9897681,0.9734694,0.9915447,0.98852235,0.98041594,0.9873938,0.97675854,0.97907025,0.9871767,0.98614514,0.9797741,0.9752991,0.97116965,0.9833959,0.9791104,0.98579305,0.9818846,0.990714,0.9831744,0.98137814,0.98315454,0.9849368
bernadettefilm,0.9936365,0.9872793,0.988572,0.9905356,0.97972894,0.9819451,0.9838971,0.9900256,0.99443036,0.983672,0.9786736,0.9850679,0.9875255,0.9819668,0.9953533,0.98553264,0.9847012,0.9874415,0.97471255,0.99325174,0.99999994,0.9853503,0.98460776,0.99042493,0.9871998,0.97234714,0.9728745,0.9755806,0.992119,0.99023384,0.9809691,0.989009,0.9767002,0.98984927,0.9851817,0.9873551,0.9943499,0.992178,0.9945665,0.987481,0.98361576,0.9860635,0.9775302,0.9813556,0.99225134,0.9929507,0.9858059,0.9814836,0.99124205,0.9865971,0.9923466,0.9909161,0.9822894,0.98531204,0.98656875,0.9855884,0.97732216,0.98048776,0.9882765,0.9817811,0.9847594,0.9877721,0.98642844,0.9856817,0.9859756,0.98300105,0.9738338,0.9869542,0.9872598,0.98672944,0.9907931,0.98702186,0.991229,0.97693396,0.98866844,0.98457295,0.97938967,0.97881377,0.9740804,0.98236245,0.97938246,0.9864825,0.98421186,0.9919437,0.9897136,0.98798853,0.9855788,0.9851469,0.991753,0.98833156,0.9882556,0.9907931,0.98602927,0.96256864,0.9903618,0.99018687,0.9923935,0.9896446,0.9841024,0.98511565,0.9903962,0.9865318,0.9841509,0.9780246,0.9860417,0.99341846,0.9916624,0.9911683,0.9763689,0.9840345,0.9872638,0.9925473,0.9799905,0.98705053,0.9896964,0.98550534,0.99213827,0.98697567,0.98953253,0.98743767,0.9858164,0.9870897,0.9905179,0.97765374,0.9804182,0.99086756,0.9841394,0.98354334,0.9870801,0.9730558,0.98733765,0.9816466,0.980846,0.96140283,0.9782127,0.9908385,0.98870265,0.9751605,0.99104524,0.99440366,0.99443036,0.98959666,0.9859174,0.9902,0.9806854,0.98620987,0.9893824,0.9790745,0.9940215,0.9815242,0.9887592,0.98638964,0.9882023,0.9734401,0.98124784,0.97802114,0.9808508,0.9884585,0.9868668,0.9799671,0.99443036,0.9877864,0.9849523,0.9844479,0.9886288
