movie,21bridgesmovie,47metersdown,abeautifuldaymovie,abominablemovie,adastramovie,adogsjourneymovie,aftermathmovie,aftermovie,ahiddenlifefilm,alitamovie,angelhasfallen,angrybirdsmovie,annabellemovie,annamovie,apollo11movie,arcticdogsmovie,arcticmovie,artofracingmovie,avengers,beachbummovie,bernadettefilm,blackandbluemovie,blackchristmas,blindedbythelightmovie,bombshellmovie,booksmart,breakthroughmovie,brianbanksmovie,brightburnmovie,brittanyrunsmov,captainmarvelofficial,captivestatemovie,catsmovie,charliesangels,childsplaymovie,clarathefilm,coldpursuitmovie,countdown,currentwarmovie,darkwatersmovie,detectivepikachumovie,disneyaladdin,disneyfrozen,disneymaleficent,doctorsleepmovie,dolemiteismyname,dontletgomovie,doramovie,downtonabbey_official,dumbo,escaperoom,everybodyknowsmovie,fastandfuriousmovie,fightingwmyfam,fivefeetapartfilm,fordvferrari,freaksthefilm,geminimanmovie,glassmovie,gloriabellmovie,godzillamovie,goldfinchmovie,goodboysmovie,goodliarmovie,gretafilm,halathemovie,happydeathdaymovie,harrietfilm,hellboymovie,hersmellmovie,highlifemovie,highstrungmovie,honeyboymovie,hotelmumbaifilm,httydragon,hustlemovie,hustlersmovie,isntitromantic,itmovieofficial,jayandsilentbob,johnwickmovie,jojorabbitmovie,jokermovie,judythefilm,jumanjimovie,justmercyfilm,knivesout,lalloronamovie,lastblackmansf,lastchristmasthemovie,latenightmovie,lighthousemovie,lionking,littlethemovie,littlewomenmovie,littlewoodsfilm,longshotmovie,lordsofchaosmovie,lucyintheskyfilm,mamovie2019,marriagestory,meettheaddams,meninblack,midsommarmovie,midwaymovie,missbalamovie,missinglinkfilm,motherlessbklyn,onceinhollywood,onthebasisofsex,overcomermovie,peanutbutterfalcon,petsematarymovie,piercingmovie,playingwithfire,playmobilthemovie,pomsmovie,queenandslim,rambomovie,readyornotfilm,richardjewellfilm,rocketmanmovie,scarystoriesmovie,secretlifeofpets,serenityfilm,shaftmovie,shazammovie,spidermanmovie,spiesindisguise,starwars,stormboymovie,stubermovie,taosdfilm,teenspiritmov,terminator,theaeronautsmov,thebestofenemies,thedeaddontdie,thefarewell,thehighwaymen,thehummingbirdprojectfilm,theintrudermovie,theirishmanfilm,thekitchenmovie,thelegomovie,themustangfilm,thenightingalefilm,theprodigymovie,thesunisalsoastar,theupsidefilm,tolkienmovie,toystory,triplefrontier,uglydolls,uncutgems,underthesilverlake,usmovie,wavesmovie,whatmenwant,wonderparkmovie,wrinklestheclown,xmenmovies,yardiefilm,yesterdaymovie,zombieland
21bridgesmovie,1.0,0.97852623,0.96244276,0.9691243,0.9797757,0.9870699,0.98073125,0.98973876,0.9896568,0.9639233,0.96425235,0.96563697,0.976324,0.98252195,0.9831493,0.97471344,0.9839303,0.95682096,0.9900093,0.9728137,0.9807843,0.975364,0.96574897,0.97599983,0.9827976,0.9652024,0.9789769,0.9597658,0.96811694,0.97875994,0.9763894,0.9595767,0.96541625,0.9732731,0.9508291,0.9878304,0.98146474,0.98996013,0.98104006,0.9644262,0.98482096,0.98610914,0.9825161,0.97915876,0.98595935,0.9838986,0.9618429,0.9846679,0.9729605,0.9801973,0.97791296,0.9772638,0.9838751,0.98049515,0.9789239,0.9683516,0.97843874,0.98840284,0.9665072,0.98891026,0.9709914,0.9834769,0.9791558,0.979541,0.9732444,0.971296,0.9703266,0.97998154,0.9637273,0.9756874,0.99042106,0.9723186,0.97451264,0.9795776,0.97246826,0.9752565,0.9627112,0.97748226,0.98008853,0.97799253,0.9354854,0.9861483,0.9886569,0.9721208,0.9656266,0.9669081,0.9788958,0.98424596,0.9870859,0.9742365,0.98744977,0.99042106,0.98205954,0.9595876,0.9812886,0.9740565,0.97131234,0.98041785,0.9740118,0.9692073,0.9843611,0.9888882,0.95917124,0.99223465,0.9779199,0.97891843,0.96679556,0.9790158,0.9882746,0.9741034,0.98691934,0.97054344,0.98409635,0.9730898,0.97500557,0.9751664,0.99663734,0.9732047,0.98364586,0.97925955,0.97949606,0.9808269,0.9814648,0.9726326,0.9751111,0.9680068,0.98983425,0.97971994,0.9728143,0.9795263,0.97581595,0.9651162,0.9788265,0.9527113,0.9804995,0.98015064,0.9799536,0.96897084,0.9854257,0.9803748,0.9896568,0.97742105,0.97278106,0.9832366,0.9729885,0.9756863,0.9813019,0.95581764,0.9800028,0.97560495,0.97747266,0.9682362,0.98236614,0.9787572,0.9805524,0.98788613,0.97577304,0.98040503,0.97207624,0.96954787,0.9896568,0.9750539,0.9876624,0.9707929,0.97440726
47metersdown,0.97852623,1.0,0.9731545,0.9578117,0.9791375,0.97737557,0.9807416,0.9834747,0.9861757,0.96449244,0.96102786,0.950788,0.9622813,0.96455175,0.98117346,0.99083656,0.98988146,0.9590135,0.97700566,0.9764862,0.9720181,0.9799449,0.9828668,0.98661566,0.97381896,0.96252966,0.9747719,0.9784768,0.9773419,0.98179626,0.96695954,0.9559762,0.9724939,0.9661591,0.95051014,0.9716925,0.97833973,0.9663343,0.98687863,0.9553887,0.98240185,0.9675161,0.97313213,0.96442825,0.98181343,0.97334707,0.97972405,0.9805799,0.9732958,0.9608377,0.97739995,0.97129786,0.9786741,0.9548829,0.9710979,0.9821447,0.9885567,0.97082824,0.9575374,0.98160326,0.96936285,0.98069113,0.9795598,0.9537738,0.9573914,0.9416814,0.984458,0.9763115,0.958428,0.9761458,0.98057616,0.97203183,0.97821516,0.98678887,0.9725275,0.9689427,0.95661676,0.97450584,0.967592,0.97523576,0.9213957,0.978803,0.9685662,0.9787548,0.95353585,0.9439436,0.9734954,0.97601163,0.980186,0.9874187,0.9790584,0.98057616,0.9650937,0.94391686,0.9734199,0.96792907,0.97118425,0.9909452,0.97045267,0.9738191,0.9695399,0.97301996,0.9568787,0.9769002,0.9587643,0.9750348,0.9691835,0.96139586,0.9902486,0.9621611,0.9770735,0.96462554,0.9656724,0.9655286,0.9528375,0.9613667,0.97930145,0.96130925,0.9826681,0.97646546,0.9532487,0.9666504,0.9840562,0.96872926,0.9642851,0.9654021,0.9735482,0.9832532,0.96281266,0.9857925,0.96384996,0.9675577,0.99068373,0.9799065,0.96273226,0.977846,0.96762425,0.9504173,0.97358197,0.9730835,0.9861757,0.9856389,0.9650687,0.9591767,0.9667475,0.9743046,0.9772612,0.95055723,0.96761924,0.9622745,0.97674364,0.9548446,0.9650458,0.9689868,0.98106235,0.9810457,0.9878431,0.9647027,0.96347153,0.9676885,0.9861757,0.97708964,0.9799327,0.9831659,0.97756094
abeautifuldaymovie,0.96244276,0.9731545,1.0,0.9698805,0.9814962,0.9819686,0.9794134,0.9702689,0.9863389,0.94363135,0.987279,0.97848094,0.9792109,0.974513,0.984201,0.9645742,0.95788497,0.98007476,0.96638286,0.98220456,0.9795227,0.99322724,0.983557,0.97493285,0.9620188,0.98574317,0.97076535,0.96154726,0.99501574,0.9845881,0.9863376,0.9782572,0.9835747,0.98594505,0.98722,0.9732331,0.98219764,0.97512263,0.98553693,0.9703515,0.98356026,0.9784453,0.96378076,0.98117375,0.9741009,0.9856971,0.9834035,0.9851145,0.98087096,0.97703063,0.99200654,0.9762799,0.96759534,0.96956885,0.9673399,0.9905581,0.982442,0.96671486,0.98082906,0.9735213,0.987254,0.98064554,0.99124455,0.97210634,0.9705282,0.96918106,0.983537,0.97850245,0.9787774,0.9799729,0.9806344,0.98322946,0.97936815,0.9784296,0.9781955,0.9887612,0.98019713,0.9718167,0.97374916,0.9826103,0.96721065,0.98511726,0.9751521,0.98861307,0.9830909,0.9689946,0.99036807,0.9722169,0.9795835,0.9842239,0.98654115,0.9806344,0.97483695,0.97145694,0.984765,0.9817577,0.99038136,0.9867961,0.9900247,0.98682827,0.9857093,0.973265,0.9845754,0.9760481,0.96647114,0.9915425,0.9915234,0.97726756,0.96253014,0.97660714,0.9806612,0.98867697,0.97250885,0.9858579,0.9632037,0.9853358,0.9775715,0.98715293,0.98372054,0.9783713,0.97696686,0.96261686,0.97954005,0.9848632,0.98552597,0.97558856,0.97589517,0.98496705,0.9739623,0.98114145,0.9836177,0.98644036,0.96874976,0.9667781,0.9746516,0.9841941,0.97110766,0.9644125,0.9762141,0.98661923,0.9863389,0.9874952,0.9866899,0.9671347,0.9879238,0.97218907,0.97806776,0.9866989,0.97890747,0.9755562,0.98376936,0.97133505,0.967012,0.9743179,0.9926862,0.9812623,0.980817,0.9824445,0.97468823,0.9883858,0.9863389,0.98845494,0.9867308,0.97549206,0.9912856
abominablemovie,0.9691243,0.9578117,0.9698805,1.0000001,0.9631841,0.97102827,0.9613724,0.96650535,0.9757339,0.926024,0.9709255,0.9532302,0.9757266,0.97644377,0.97745913,0.95351446,0.9461513,0.97703916,0.9547336,0.9792865,0.96779114,0.9792094,0.97348446,0.946412,0.95151865,0.9580284,0.955359,0.95156884,0.9778743,0.9706732,0.96624666,0.9603745,0.96248156,0.97978,0.9642813,0.9738132,0.9649014,0.97830176,0.9675057,0.95960903,0.96603805,0.9730106,0.9524899,0.9682015,0.9682606,0.97770363,0.97636753,0.9623605,0.9539195,0.9639464,0.9777907,0.96131533,0.95206875,0.9672116,0.95980155,0.9593521,0.9549617,0.9661592,0.97029996,0.9588881,0.95853305,0.97834504,0.9782294,0.9656104,0.9646381,0.9718161,0.9629302,0.9599264,0.96659267,0.9694901,0.96502274,0.97413915,0.96128595,0.96561867,0.9779091,0.9682499,0.97736734,0.97520244,0.9619517,0.9751286,0.964364,0.97687113,0.9641725,0.97984874,0.9703848,0.9640173,0.96972805,0.96649593,0.9731362,0.96387357,0.9658209,0.96502274,0.9683428,0.95490044,0.9737936,0.9813988,0.9665717,0.9722491,0.9673842,0.97119033,0.9741004,0.9781622,0.9683343,0.9736558,0.9587519,0.97818935,0.95978373,0.9658623,0.9559097,0.95354694,0.9655076,0.96680087,0.96654624,0.9580413,0.96606827,0.97727525,0.9758041,0.97980845,0.97134155,0.95703185,0.9593533,0.96099174,0.9791772,0.9563599,0.97053635,0.9636168,0.97041786,0.9697483,0.9795951,0.9545763,0.97238296,0.98564744,0.95018685,0.95031786,0.97221106,0.97150296,0.9664901,0.9608056,0.9578735,0.9843026,0.9757339,0.9774031,0.9656569,0.9620441,0.9655787,0.9543834,0.9526986,0.9742927,0.9688895,0.9822334,0.96355724,0.9454759,0.954596,0.95949364,0.96773237,0.9574045,0.95537835,0.96811914,0.96461916,0.9682816,0.9757339,0.9766924,0.97194016,0.9544766,0.9743129
adastramovie,0.9797757,0.9791375,0.9814962,0.9631841,0.99999994,0.9824781,0.9906796,0.9831026,0.98962957,0.965295,0.9713269,0.97369933,0.97800744,0.9837094,0.9761323,0.9614481,0.9780108,0.9804499,0.98094213,0.9711923,0.9886509,0.97665286,0.96396625,0.9793264,0.9651904,0.9843607,0.9720368,0.9657301,0.98001367,0.9790593,0.9798833,0.9829209,0.96489304,0.9802526,0.9633149,0.9774888,0.9744321,0.9752378,0.98492235,0.9765507,0.9829166,0.9843109,0.9820541,0.9808711,0.9825041,0.98267716,0.9619704,0.9770429,0.9812372,0.98121434,0.982556,0.9881505,0.981237,0.9760124,0.98220986,0.9879305,0.9821151,0.97649103,0.97778654,0.9868295,0.97423905,0.98132396,0.98187363,0.9762311,0.9802275,0.97177577,0.9760296,0.99277407,0.9713382,0.9755006,0.98677856,0.9690665,0.96776545,0.9767495,0.97003865,0.9882747,0.97231054,0.97166675,0.9816045,0.97506833,0.9461901,0.98758435,0.9825009,0.98038954,0.97452277,0.97074145,0.98565286,0.9818454,0.98306245,0.98028094,0.98884106,0.98677856,0.98137474,0.98111856,0.9751627,0.9691956,0.97983044,0.982257,0.9902931,0.97238106,0.982815,0.97636,0.9593667,0.9825596,0.98338103,0.98452646,0.9715147,0.979478,0.9743756,0.9857168,0.98410416,0.97553575,0.9896955,0.981676,0.9735085,0.97597843,0.9853672,0.9806103,0.98511887,0.9898955,0.97428256,0.97891307,0.9775449,0.97610664,0.97617376,0.97640896,0.9845503,0.9861565,0.97322094,0.98620695,0.98707134,0.9762866,0.9825751,0.962707,0.97379357,0.9776184,0.97409225,0.98007494,0.9824643,0.9826966,0.98962957,0.9724379,0.9878452,0.97546476,0.97768545,0.982929,0.99021864,0.97376966,0.9770784,0.9628207,0.9893789,0.98253787,0.9825453,0.96579283,0.98792034,0.99173677,0.977252,0.9789713,0.98437804,0.98420054,0.98962957,0.9911385,0.98733324,0.96925807,0.9775151
adogsjourneymovie,0.9870699,0.97737557,0.9819686,0.97102827,0.9824781,1.0,0.9813417,0.98194754,0.98883116,0.9494924,0.97622514,0.97963166,0.97779673,0.97905886,0.98747903,0.97082746,0.978622,0.96663874,0.980883,0.9850086,0.98296225,0.98806405,0.97753394,0.9793808,0.98058045,0.98442173,0.98283976,0.9638514,0.98126096,0.9836997,0.9852972,0.96145403,0.97288275,0.9888368,0.9753467,0.9872724,0.98551935,0.9833948,0.98869336,0.95936716,0.99258465,0.98700666,0.9776886,0.9853033,0.98547256,0.9876875,0.97423,0.99031126,0.9772892,0.9830965,0.9850728,0.9746436,0.98668873,0.98507655,0.9745821,0.98336095,0.9819809,0.9805847,0.9740177,0.9828831,0.98410064,0.9864847,0.9903405,0.98097813,0.97565675,0.97092026,0.97655445,0.9807125,0.97564805,0.9793209,0.9906752,0.97935116,0.9840347,0.9800209,0.9869358,0.9832701,0.9825592,0.98019934,0.97124755,0.9936718,0.94992423,0.99128,0.9876799,0.9783546,0.9734561,0.96876633,0.9882367,0.9823794,0.9835156,0.98398936,0.99191946,0.9906752,0.9828402,0.9688109,0.9900901,0.97906184,0.98693794,0.9865975,0.98288184,0.9900048,0.99020433,0.98929733,0.98049,0.99146855,0.9729892,0.98474044,0.9885633,0.98276126,0.97760344,0.97274476,0.98835725,0.98849523,0.98289233,0.9911278,0.9666919,0.9841492,0.992988,0.98871344,0.9805768,0.9826168,0.9839447,0.97439986,0.98214346,0.99280375,0.9808287,0.96896625,0.99325055,0.9851895,0.97941166,0.98741007,0.981048,0.981665,0.9798408,0.9639086,0.9784413,0.9842158,0.98015416,0.96767676,0.9807926,0.9848856,0.98883116,0.9832772,0.9843963,0.9809398,0.9881476,0.9720953,0.9825785,0.97651356,0.9844346,0.98051417,0.9881139,0.9717321,0.97907186,0.9782919,0.9901684,0.99072534,0.98261005,0.98598117,0.9699088,0.9744897,0.98883116,0.98282635,0.99002105,0.97451776,0.9842278
aftermathmovie,0.98073125,0.9807416,0.9794134,0.9613724,0.9906796,0.9813417,0.9999999,0.98713964,0.9947614,0.9647478,0.9769737,0.97268987,0.98472023,0.9841894,0.98738474,0.9643968,0.9792973,0.9690473,0.992508,0.9718747,0.98480725,0.9786217,0.96870345,0.9878811,0.9744974,0.9767465,0.96509063,0.96665597,0.98049,0.9853745,0.99019134,0.9784482,0.9782038,0.97348756,0.95866096,0.97940993,0.98340464,0.97332454,0.9869056,0.9750151,0.98809636,0.98907715,0.9919453,0.98981076,0.9798909,0.98275757,0.9667602,0.97833943,0.9818297,0.98794615,0.986799,0.9899218,0.98329824,0.97664684,0.98865354,0.9807771,0.9839581,0.988873,0.9808877,0.9842827,0.98241985,0.98093086,0.9789903,0.98101825,0.98242915,0.9773583,0.9784078,0.98797065,0.981949,0.9766766,0.98557377,0.9739439,0.97343236,0.9852144,0.9678664,0.989064,0.96192133,0.9828783,0.98833555,0.9728245,0.9521619,0.99222034,0.9860623,0.9782203,0.9797776,0.983283,0.98873156,0.9875272,0.98087806,0.9827119,0.98444796,0.98557377,0.98163456,0.98113173,0.98086834,0.979353,0.9792761,0.98371667,0.98863596,0.9640467,0.986247,0.9807093,0.9551956,0.98003423,0.9818438,0.98534876,0.97717947,0.97755265,0.98316234,0.98091966,0.99101776,0.97116476,0.98654354,0.97643685,0.9681432,0.96794176,0.98289,0.97560436,0.9892146,0.9981586,0.9784902,0.9877188,0.9834577,0.9754858,0.9830436,0.9872508,0.9858422,0.9897939,0.9741817,0.98902863,0.99070686,0.96742034,0.9873422,0.96043783,0.9841397,0.9849076,0.9818046,0.9793234,0.9857739,0.9829193,0.9947614,0.9778586,0.9798906,0.9783793,0.978897,0.98822725,0.9923075,0.96248084,0.97768146,0.96635705,0.99617046,0.9881764,0.98982334,0.9739919,0.9835432,0.9874628,0.98760235,0.9823726,0.9845045,0.9779416,0.9947614,0.9860408,0.98908526,0.98166525,0.9798856
aftermovie,0.98973876,0.9834747,0.9702689,0.96650535,0.9831026,0.98194754,0.98713964,0.99999994,0.99323535,0.9760544,0.97252005,0.9755882,0.977475,0.988313,0.9886039,0.97187155,0.9840623,0.95739144,0.9905577,0.982765,0.9856237,0.9803072,0.9730896,0.98254037,0.9870156,0.9635065,0.9704326,0.9642578,0.9768094,0.9810277,0.9785823,0.96434754,0.9681848,0.9716288,0.95150506,0.98889,0.98953086,0.980653,0.9929547,0.97531545,0.9907158,0.98112947,0.9826465,0.9771341,0.98738056,0.978111,0.9706029,0.9794288,0.98798317,0.97644824,0.9811486,0.98282963,0.9919647,0.9750889,0.9866209,0.9712463,0.98234856,0.988383,0.9728661,0.9847786,0.9781078,0.98855704,0.97607327,0.9785392,0.9800023,0.9652217,0.97086155,0.9852397,0.976472,0.98865,0.9841808,0.9780294,0.98091596,0.9859285,0.9643305,0.97729707,0.95845443,0.97956693,0.986883,0.97173625,0.9539994,0.9913903,0.98438174,0.9766729,0.969899,0.9691573,0.9833197,0.99250185,0.9798277,0.9891583,0.98593414,0.9841808,0.97185576,0.95894164,0.9832606,0.98338276,0.97854877,0.9845812,0.97906613,0.9690639,0.9874865,0.98941535,0.95617974,0.98202044,0.9799776,0.9794196,0.9703478,0.97053605,0.98291117,0.9829613,0.9891265,0.965373,0.9857686,0.97258556,0.96630275,0.97430575,0.98781693,0.97096056,0.9929036,0.98254246,0.9751141,0.98003787,0.98152256,0.9702696,0.97828805,0.97968,0.9807518,0.98432344,0.97390264,0.9868099,0.9803905,0.96360236,0.98404527,0.9484113,0.98250705,0.98085904,0.98995906,0.96659946,0.98381,0.98394,0.99323535,0.9800318,0.97320443,0.97687167,0.97978014,0.9808213,0.98665726,0.95715505,0.9809794,0.97403264,0.9849047,0.97160304,0.98688364,0.9771823,0.9825569,0.98238987,0.9800816,0.9754818,0.9809585,0.9755033,0.99323535,0.97637534,0.98820764,0.9800966,0.97437996
ahiddenlifefilm,0.9896568,0.9861757,0.9863389,0.9757339,0.98962957,0.98883116,0.9947614,0.99323535,0.99999994,0.9684807,0.9843238,0.9770768,0.9903373,0.99004954,0.9939642,0.9779304,0.98311085,0.97386265,0.99258274,0.98438245,0.9919559,0.98995876,0.9823507,0.98890305,0.9835693,0.97851497,0.9749402,0.9721072,0.98942924,0.98994094,0.9925373,0.9788437,0.984351,0.98329806,0.9710246,0.9902212,0.99181896,0.9882639,0.9935327,0.9809244,0.9939347,0.99164045,0.9877886,0.99101007,0.98886317,0.9922349,0.9807845,0.9892233,0.9889136,0.98836744,0.9923022,0.9901771,0.9878391,0.981256,0.9894271,0.98449606,0.9900071,0.99213636,0.98603195,0.9903516,0.98606503,0.9917219,0.9896656,0.9856128,0.9829427,0.98017067,0.9876399,0.990408,0.98401684,0.9863944,0.99262357,0.98625433,0.98448646,0.9910295,0.9778036,0.99023694,0.9725151,0.9846007,0.9920649,0.9832815,0.9620951,0.99556035,0.992176,0.98808604,0.98194677,0.9806277,0.9934705,0.9931591,0.9913428,0.9900598,0.9929531,0.99262357,0.9859041,0.9772048,0.9887516,0.98984283,0.9871036,0.9931419,0.99145347,0.97903717,0.9932398,0.9905559,0.9705574,0.98921686,0.9848284,0.9912019,0.98461086,0.9837463,0.9866842,0.98430395,0.99409115,0.98096335,0.9885719,0.98344547,0.9768024,0.98191124,0.9931899,0.9842991,0.99689883,0.99234045,0.98549175,0.98661715,0.9923058,0.9811329,0.9904226,0.98999953,0.98898864,0.9917042,0.9792812,0.9918209,0.99225473,0.9776434,0.9866904,0.9680944,0.989992,0.99152565,0.98783964,0.9801329,0.99021435,0.9920774,0.99999994,0.9896896,0.98611224,0.98305905,0.9873759,0.98927826,0.9930783,0.9731357,0.98774016,0.9812787,0.99247456,0.9811295,0.9895992,0.9852717,0.9920616,0.99040824,0.98990387,0.9877534,0.9881565,0.9847345,0.99999994,0.98968077,0.99612707,0.98849034,0.9900255
alitamovie,0.9639233,0.96449244,0.94363135,0.926024,0.965295,0.9494924,0.9647478,0.9760544,0.9684807,0.99999994,0.9409017,0.9568393,0.9563946,0.9680211,0.9580886,0.9479468,0.95130944,0.93792087,0.9668738,0.95005125,0.9664909,0.9500419,0.94406164,0.9565514,0.9585357,0.9413489,0.95220375,0.9188006,0.9456237,0.96843016,0.95234776,0.94708264,0.941454,0.94173956,0.9068319,0.95270216,0.96737677,0.9570795,0.9658415,0.94961727,0.9573115,0.9564841,0.9612141,0.94332814,0.95454043,0.9457681,0.9385517,0.9494354,0.9766248,0.9522343,0.95039463,0.9700203,0.9673244,0.95556885,0.9662769,0.94209594,0.9564945,0.9703892,0.94167364,0.9714137,0.9473598,0.9667332,0.9374647,0.9588122,0.96839786,0.92987394,0.949752,0.9769775,0.9405314,0.96761024,0.9600922,0.9510181,0.9453767,0.9627588,0.9140499,0.9499588,0.9078261,0.95222044,0.9748244,0.94113374,0.91680306,0.9608305,0.9638198,0.9511921,0.9468069,0.9408492,0.9575962,0.97308016,0.947403,0.96661097,0.96697164,0.9600922,0.9566684,0.9379866,0.9535344,0.9506049,0.9479382,0.9529221,0.9648587,0.93495494,0.9593474,0.96394295,0.9165429,0.9547311,0.97651905,0.9503234,0.9312409,0.9441154,0.9644216,0.9727709,0.9660637,0.9322498,0.9661922,0.9319262,0.9522834,0.94798803,0.9629284,0.9335619,0.9724481,0.9546356,0.9490301,0.9695699,0.9424058,0.9393875,0.94458866,0.95371467,0.94558764,0.96858966,0.9452276,0.9629608,0.9519762,0.9307175,0.9493057,0.91347045,0.96403444,0.96683854,0.96764207,0.95111114,0.9680695,0.9533295,0.9684807,0.9527028,0.9391541,0.9677443,0.9522547,0.9709959,0.9663712,0.91925204,0.9587514,0.9331142,0.9555489,0.9580489,0.9587787,0.94638216,0.9578086,0.9607887,0.9583126,0.9568836,0.9707835,0.9532212,0.9684807,0.95884377,0.9732938,0.95685124,0.94615674
angelhasfallen,0.96425235,0.96102786,0.987279,0.9709255,0.9713269,0.97622514,0.9769737,0.97252005,0.9843238,0.9409017,1.0,0.9732696,0.986928,0.9783199,0.9890109,0.9474283,0.95127815,0.9637768,0.9653375,0.98697114,0.98035955,0.9891218,0.9723493,0.96473503,0.96787685,0.97290576,0.96922964,0.9529715,0.98315775,0.97908956,0.982953,0.96519995,0.9781059,0.97597003,0.98316044,0.9781149,0.9825975,0.9796008,0.97616607,0.9686372,0.9849938,0.98016024,0.960595,0.9823323,0.97237605,0.9824391,0.97334766,0.9758232,0.97534806,0.9790527,0.9858762,0.9715536,0.97088474,0.98136276,0.9678413,0.9707915,0.97974354,0.9776817,0.9757398,0.96279293,0.9821208,0.9749354,0.9821602,0.98093027,0.96838766,0.9784332,0.9760561,0.972773,0.99286425,0.987461,0.97455645,0.98476124,0.9775246,0.9778014,0.9727597,0.98138535,0.9740486,0.9707827,0.97520685,0.9788597,0.98385525,0.9881352,0.9788117,0.9737589,0.97925293,0.97556996,0.9925178,0.979579,0.9720988,0.98118865,0.97979593,0.97455645,0.9768393,0.9758406,0.9851186,0.9864542,0.9930485,0.98132265,0.9828661,0.97234344,0.9873654,0.98126453,0.97994965,0.9752712,0.9662085,0.9869301,0.98605084,0.96929544,0.95646447,0.97024953,0.9845434,0.98275405,0.97301733,0.9800876,0.95640105,0.98614335,0.9751267,0.98485804,0.9820092,0.97698414,0.98455006,0.96648765,0.97483265,0.97994,0.98336923,0.9735447,0.9767864,0.97491217,0.972662,0.9690011,0.9847693,0.9758146,0.9627845,0.95069104,0.9853593,0.97871643,0.974166,0.9672034,0.96722454,0.98439425,0.9843238,0.9790728,0.97515416,0.969983,0.98838246,0.9723277,0.97832406,0.9827234,0.97486,0.9794227,0.98179245,0.9695057,0.964992,0.97576904,0.9805649,0.9710826,0.9713453,0.9802214,0.9739741,0.9784014,0.9843238,0.979458,0.9803453,0.96471125,0.9870655
angrybirdsmovie,0.96563697,0.950788,0.97848094,0.9532302,0.97369933,0.97963166,0.97268987,0.9755882,0.9770768,0.9568393,0.9732696,1.0,0.96886784,0.9784165,0.97774345,0.9358547,0.9428229,0.95666516,0.969432,0.971972,0.97195697,0.97823244,0.9573142,0.9595287,0.9698622,0.9766754,0.9650266,0.9286111,0.9747699,0.9780918,0.9804918,0.9669819,0.96244216,0.9743685,0.9652972,0.97444576,0.98458946,0.97130096,0.98059857,0.96568763,0.97908324,0.97552836,0.9629219,0.9740581,0.9664793,0.9695276,0.9545067,0.9737708,0.9807064,0.9757278,0.9808951,0.9721895,0.9741572,0.97958636,0.97068715,0.9666967,0.96013564,0.97203404,0.9664308,0.967153,0.9807346,0.974108,0.9683404,0.9802858,0.98112863,0.9643436,0.9501062,0.97494066,0.97335106,0.97862107,0.9716325,0.97293425,0.97149867,0.96805304,0.95200044,0.9776269,0.95720625,0.97116816,0.97648257,0.9690723,0.9663607,0.9824994,0.9753638,0.9671802,0.9836128,0.9716896,0.9843556,0.9709938,0.95845634,0.97553843,0.986132,0.9716325,0.96607995,0.9623467,0.98648137,0.9769865,0.9784817,0.9637095,0.98056847,0.9674268,0.98779494,0.9757278,0.9695634,0.9708472,0.97349274,0.9806793,0.9760571,0.9698067,0.9505809,0.9885554,0.9810393,0.9754621,0.982894,0.9764668,0.95989406,0.983494,0.97574675,0.97500056,0.9763925,0.9695323,0.9839679,0.96528155,0.95684445,0.98109764,0.974579,0.9642054,0.9712673,0.97703403,0.97223574,0.9717578,0.97667164,0.962958,0.95038337,0.9143175,0.97719264,0.9766391,0.9779251,0.9580424,0.9754902,0.9775808,0.9770768,0.9707998,0.97390854,0.9806337,0.98595166,0.9652295,0.97211576,0.9721794,0.9769448,0.9714657,0.97853583,0.9732589,0.9734667,0.96787596,0.9796393,0.9742891,0.96066684,0.9806867,0.97303635,0.9817798,0.9770768,0.9721006,0.9839514,0.9553072,0.9697327
annabellemovie,0.976324,0.9622813,0.9792109,0.9757266,0.97800744,0.97779673,0.98472023,0.977475,0.9903373,0.9563946,0.986928,0.96886784,0.9999998,0.9875745,0.9853896,0.95518386,0.95826983,0.9749214,0.97812045,0.97636634,0.98911256,0.98099464,0.971825,0.9681806,0.96783805,0.97634935,0.9562407,0.9551659,0.9794848,0.9823587,0.9906843,0.9798018,0.97968787,0.9809789,0.96895623,0.9805033,0.98011035,0.9859685,0.9751495,0.979969,0.9794379,0.99329406,0.977482,0.9921189,0.9674358,0.9880522,0.9718275,0.97289586,0.98009294,0.99179304,0.9825401,0.9886628,0.97207886,0.98379725,0.9783086,0.9695222,0.97789323,0.9897181,0.983554,0.9784028,0.97637886,0.98037106,0.97798234,0.98887974,0.9858746,0.98908716,0.9793549,0.98593706,0.9836689,0.97815025,0.9837725,0.9823995,0.97023124,0.98052883,0.968674,0.98848456,0.97031444,0.97933984,0.98785824,0.9803167,0.9758089,0.98855895,0.9917003,0.9831312,0.9829682,0.98940074,0.9881811,0.9893019,0.9813811,0.9728335,0.98032105,0.9837725,0.98912084,0.988485,0.97908556,0.9873891,0.98082674,0.98127174,0.99158204,0.96855724,0.989261,0.98534536,0.9666735,0.979967,0.9861997,0.9835653,0.97699684,0.98187566,0.96848077,0.9767283,0.98260146,0.9775278,0.9817233,0.9748708,0.9795594,0.98092157,0.98393995,0.9874006,0.9887194,0.98312384,0.9851748,0.9860965,0.97793776,0.9704692,0.9894344,0.98326296,0.9826972,0.981412,0.97353446,0.97534806,0.9913519,0.97448725,0.96394044,0.94924307,0.9947477,0.988229,0.98224074,0.9897204,0.98232377,0.98972017,0.9903373,0.9747706,0.979198,0.98181945,0.98090637,0.9861947,0.9811155,0.9732263,0.9837584,0.976058,0.9840632,0.98058534,0.9780557,0.98143315,0.9785397,0.9777436,0.97880226,0.99004775,0.9888671,0.9768428,0.9903373,0.98735934,0.98755616,0.9771611,0.9853146
annamovie,0.98252195,0.96455175,0.974513,0.97644377,0.9837094,0.97905886,0.9841894,0.988313,0.99004954,0.9680211,0.9783199,0.9784165,0.9875745,1.0000001,0.98166305,0.95055044,0.9633258,0.9734363,0.9846028,0.9769034,0.99219286,0.979678,0.96271527,0.9646488,0.9692601,0.96915615,0.9675805,0.9396885,0.9767867,0.9757712,0.98386973,0.9722861,0.961373,0.98111933,0.95559853,0.9846957,0.9805611,0.98438585,0.9823436,0.9740521,0.98375213,0.9880112,0.9757591,0.9801129,0.9794744,0.9816468,0.9622618,0.97327745,0.98444325,0.9816577,0.98099166,0.9831175,0.9811324,0.9830608,0.9853255,0.96511596,0.9695167,0.98850393,0.98969644,0.9815398,0.9750883,0.99078834,0.9741728,0.9874327,0.9854649,0.9842946,0.9652583,0.9842028,0.97979796,0.9798866,0.9804023,0.97443146,0.96370643,0.96988153,0.9599822,0.9817568,0.96362317,0.9723799,0.990119,0.9692465,0.96633756,0.9881115,0.9852728,0.9763411,0.98147124,0.9808481,0.98511577,0.99235386,0.9758604,0.978719,0.9828032,0.9804023,0.9787362,0.9739278,0.9804626,0.9815947,0.9780342,0.9733949,0.98655623,0.9664664,0.9883694,0.9903335,0.9544848,0.9796161,0.9935531,0.9821567,0.9672319,0.97490907,0.9669587,0.98357654,0.98625505,0.96705747,0.98828834,0.9703843,0.97903603,0.98037386,0.9846148,0.97806597,0.9856666,0.9791809,0.9800152,0.9824983,0.9770473,0.9643106,0.9794911,0.9836339,0.97735685,0.9839792,0.98358214,0.9749745,0.99090236,0.9714442,0.96490395,0.9385907,0.9850667,0.9776157,0.98788345,0.980358,0.9821182,0.9878005,0.99004954,0.97370946,0.97666276,0.98055416,0.9792469,0.97772014,0.98520887,0.9658339,0.9804549,0.97233087,0.98169434,0.9790843,0.9883754,0.96789026,0.97999364,0.9790434,0.96786165,0.9820771,0.98604506,0.9757384,0.99004954,0.9838608,0.98809373,0.9669509,0.9750332
apollo11movie,0.9831493,0.98117346,0.984201,0.97745913,0.9761323,0.98747903,0.98738474,0.9886039,0.9939642,0.9580886,0.9890109,0.97774345,0.9853896,0.98166305,1.0,0.97328925,0.97230655,0.9634945,0.983278,0.99212456,0.9793892,0.99364316,0.98492134,0.98224396,0.98750216,0.9735051,0.9759434,0.9675393,0.98738045,0.99238956,0.98777986,0.96663606,0.9859785,0.97681713,0.97455835,0.9880252,0.99513227,0.98541063,0.9908258,0.97089255,0.9930527,0.98472446,0.97694635,0.9858419,0.9833715,0.98647255,0.9839313,0.9866309,0.98209226,0.982475,0.99233556,0.9793941,0.9821728,0.9816837,0.9793567,0.97665316,0.9849744,0.98846567,0.97409743,0.9770029,0.9893194,0.9865384,0.9872491,0.98162895,0.97795796,0.9727384,0.979347,0.9786992,0.9885711,0.99228424,0.98459953,0.99044037,0.99138635,0.9923719,0.98091567,0.9829489,0.97228503,0.98870564,0.98274744,0.9854189,0.970154,0.9960947,0.9848556,0.98254097,0.9808107,0.9776527,0.992256,0.98599863,0.98181313,0.99011534,0.9870404,0.98459953,0.9814012,0.96737945,0.99352396,0.9940578,0.9890456,0.989581,0.98248345,0.97830683,0.9927551,0.9917872,0.9783155,0.9850093,0.9698449,0.9903646,0.98726875,0.9747238,0.9806219,0.9758624,0.99246943,0.9822177,0.97923696,0.97916037,0.96419805,0.98354816,0.9878312,0.9829534,0.99079555,0.98514116,0.9833887,0.97981256,0.9870859,0.984659,0.9867214,0.97980225,0.98576015,0.98732257,0.9776299,0.98324835,0.9828956,0.9752794,0.97893566,0.95909375,0.9907665,0.9921017,0.98822886,0.9650407,0.9803779,0.9889223,0.9939642,0.99189836,0.97496057,0.9799405,0.9887362,0.97901213,0.9814473,0.9735963,0.9830733,0.9880431,0.9886338,0.97167313,0.9767342,0.9850231,0.98654395,0.98009056,0.98636603,0.98507804,0.97709274,0.98034835,0.9939642,0.9811997,0.9903802,0.9828342,0.98892194
arcticdogsmovie,0.97471344,0.99083656,0.9645742,0.95351446,0.9614481,0.97082746,0.9643968,0.97187155,0.9779304,0.9479468,0.9474283,0.9358547,0.95518386,0.95055044,0.97328925,1.0000001,0.98270386,0.9514232,0.96723527,0.96656007,0.9609426,0.9738176,0.9862469,0.98272145,0.96756417,0.94978976,0.9619946,0.97692615,0.96912074,0.9744655,0.9587036,0.94482696,0.9690078,0.9580965,0.9462174,0.96264106,0.97097963,0.9681869,0.9788722,0.94549996,0.9705535,0.9601459,0.96203804,0.95822746,0.96945155,0.96892184,0.9826416,0.9821087,0.9636058,0.9536803,0.96683455,0.95899117,0.96117514,0.937939,0.95149773,0.9768545,0.981149,0.95835954,0.94799674,0.97575307,0.96473706,0.9742144,0.97707105,0.9404085,0.94434625,0.9343617,0.9801235,0.9623414,0.9383614,0.9647887,0.976708,0.96440864,0.9765944,0.9784184,0.97071755,0.96021366,0.9543408,0.9637032,0.9563196,0.9709832,0.909088,0.9672894,0.96237516,0.9771618,0.939711,0.93344223,0.961191,0.9635453,0.9815983,0.97368574,0.9704488,0.976708,0.95907784,0.9277072,0.9638593,0.962929,0.9594479,0.98553526,0.9617555,0.97574365,0.9613375,0.9643525,0.9536561,0.97025925,0.9435768,0.9637486,0.96642125,0.95722014,0.98390526,0.9479275,0.96373534,0.95917445,0.9461333,0.9584915,0.94773215,0.9538131,0.9774814,0.9561764,0.9761574,0.96242124,0.94467443,0.9509744,0.979659,0.9590836,0.96351886,0.95439637,0.9667297,0.9690727,0.9497522,0.97772384,0.950793,0.9601803,0.97825587,0.9769365,0.95457435,0.97557366,0.96064687,0.9353735,0.96895677,0.9643131,0.9779304,0.9815258,0.9571286,0.9463459,0.955095,0.95826626,0.9606096,0.93996906,0.96144396,0.96152526,0.96038187,0.94015217,0.9515886,0.96898574,0.9777976,0.9725748,0.98568743,0.9578102,0.948581,0.95661926,0.9779304,0.96227765,0.97448003,0.9854071,0.97133577
arcticmovie,0.9839303,0.98988146,0.95788497,0.9461513,0.9780108,0.978622,0.9792973,0.9840623,0.98311085,0.95130944,0.95127815,0.9428229,0.95826983,0.9633258,0.97230655,0.98270386,1.0,0.9454881,0.98229194,0.9660397,0.9749977,0.966729,0.96695995,0.9877019,0.9752034,0.9555184,0.9660223,0.9796185,0.9629015,0.965117,0.96317655,0.945598,0.95647275,0.9601371,0.94245857,0.97495717,0.96952844,0.9637634,0.9825781,0.95211595,0.9833151,0.9683139,0.9778635,0.9668869,0.9832185,0.9708437,0.9629808,0.9776926,0.96763796,0.9619933,0.96498805,0.9669705,0.9848219,0.95275277,0.9712508,0.97631425,0.9856348,0.9704571,0.95765877,0.9807327,0.9631221,0.9753623,0.9744637,0.95302117,0.95146453,0.94609696,0.97504956,0.97281975,0.95421016,0.96511286,0.9815824,0.9582888,0.97237664,0.97651684,0.9700412,0.96507996,0.9569622,0.96269757,0.9631596,0.96873343,0.91077197,0.97650814,0.97213453,0.96513975,0.93958354,0.94276226,0.968381,0.97839826,0.9807723,0.97865254,0.97498167,0.9815824,0.96158373,0.94591516,0.96411353,0.9585398,0.9655002,0.985138,0.9640773,0.9673504,0.9665931,0.97163033,0.9430071,0.97611994,0.9580151,0.96318513,0.965231,0.9601689,0.98556775,0.9558451,0.9747937,0.9575146,0.96635395,0.9707504,0.94790566,0.95128435,0.98003256,0.9590617,0.97676325,0.9798987,0.9544597,0.96351284,0.98151755,0.964218,0.96184236,0.96374875,0.9784255,0.97099054,0.9545102,0.9862282,0.96471006,0.9543499,0.99564916,0.97414964,0.95637715,0.9645914,0.965773,0.9521446,0.9705941,0.9655984,0.98311085,0.96920425,0.9667851,0.95277196,0.9607581,0.96893126,0.9816941,0.94125074,0.96281844,0.9550186,0.97670084,0.9549986,0.9745705,0.9651983,0.97588354,0.9826632,0.9820499,0.95738095,0.95750725,0.954128,0.98311085,0.96588117,0.97338986,0.9783726,0.9658988
artofracingmovie,0.95682096,0.9590135,0.98007476,0.97703916,0.9804499,0.96663874,0.9690473,0.95739144,0.97386265,0.93792087,0.9637768,0.95666516,0.9749214,0.9734363,0.9634945,0.9514232,0.9454881,1.0000001,0.95082843,0.9615349,0.97517014,0.9730054,0.96885645,0.95331025,0.9353649,0.9748016,0.95070136,0.94831586,0.97540617,0.9747594,0.9660948,0.98055106,0.9564897,0.97680575,0.96332395,0.9565115,0.9525208,0.967572,0.96664166,0.96112764,0.95693135,0.97619903,0.9559311,0.97017515,0.95261776,0.97126323,0.96843505,0.9643634,0.96289676,0.970555,0.97140324,0.9734496,0.9447296,0.9580143,0.9514847,0.9799473,0.9613223,0.95446736,0.9723529,0.9619834,0.96154207,0.9740022,0.97361904,0.9570715,0.9703414,0.97173744,0.96773666,0.97389174,0.95382136,0.96067697,0.9644261,0.9608973,0.9508009,0.9573407,0.9687847,0.98108286,0.9763501,0.9630483,0.965447,0.9686095,0.94976056,0.97117686,0.96160895,0.9858197,0.9670469,0.96749747,0.97351545,0.9630547,0.96788746,0.96083045,0.96751463,0.9644261,0.9746905,0.9713545,0.95833063,0.9634601,0.96590436,0.96863544,0.98580164,0.9718657,0.96628284,0.9641205,0.95509195,0.96022666,0.96776944,0.9750471,0.96238536,0.9659557,0.9480918,0.9661638,0.9589443,0.9673366,0.9644208,0.9622534,0.97198224,0.97347486,0.97103,0.9795855,0.97008806,0.96725386,0.95292556,0.96003264,0.9663362,0.95362777,0.9648804,0.9593774,0.9671096,0.9713129,0.9726851,0.9586076,0.97465324,0.983368,0.95033455,0.95455337,0.9645018,0.97325724,0.9607666,0.9706745,0.96087044,0.9743,0.97386265,0.96538305,0.97149247,0.9563482,0.95782816,0.9583453,0.9591585,0.9753926,0.96018964,0.95910996,0.9679394,0.9659223,0.9531236,0.9481566,0.9751775,0.9669347,0.9645476,0.9687899,0.97076875,0.97612816,0.97386265,0.98682445,0.9735155,0.95750445,0.96863145
avengers,0.9900093,0.97700566,0.96638286,0.9547336,0.98094213,0.980883,0.992508,0.9905577,0.99258274,0.9668738,0.9653375,0.969432,0.97812045,0.9846028,0.983278,0.96723527,0.98229194,0.95082843,1.0,0.9652259,0.9809562,0.9719926,0.9609571,0.9843452,0.9802211,0.9653374,0.9664738,0.95467275,0.971984,0.97697055,0.98769563,0.9655455,0.9727392,0.9692682,0.94453037,0.9837774,0.98455244,0.9771193,0.9843011,0.96927714,0.98779005,0.98631513,0.99185735,0.98443073,0.98288774,0.98181045,0.95742106,0.9803901,0.980645,0.983949,0.9814673,0.9840082,0.9862885,0.9749453,0.98922265,0.96763575,0.9791726,0.9916375,0.9780492,0.98973924,0.9788011,0.9806426,0.9742969,0.9826886,0.9778952,0.97223693,0.9705543,0.98231274,0.9721838,0.9703952,0.98847973,0.96995944,0.9702765,0.97964716,0.95978165,0.9808463,0.94967437,0.9766167,0.9880359,0.9663936,0.93790406,0.98689,0.98898685,0.9700278,0.9741577,0.9764137,0.9806424,0.9872939,0.9821543,0.97621864,0.984021,0.98847973,0.97638184,0.9655686,0.9798807,0.97447616,0.97109354,0.9777926,0.97806877,0.9586348,0.9857014,0.98286384,0.94829434,0.98356104,0.9826953,0.97925,0.9697591,0.9789061,0.98867667,0.9780107,0.9911061,0.96421486,0.9850869,0.9716228,0.9701622,0.9628905,0.9861224,0.9663061,0.9861641,0.98948383,0.9801212,0.9863088,0.98083866,0.97002417,0.9811612,0.9839607,0.98374075,0.98649937,0.96885306,0.98759234,0.98350936,0.9555234,0.98396236,0.94927883,0.98092717,0.9798229,0.983392,0.97246784,0.9913512,0.97945774,0.99258274,0.9749993,0.97488356,0.9810232,0.9755291,0.9839084,0.990173,0.94616747,0.98080397,0.96377975,0.9870291,0.98117244,0.9954237,0.9775128,0.9795844,0.98788005,0.9822407,0.981333,0.9782017,0.9689611,0.99258274,0.9749599,0.9882598,0.97978735,0.9738654
beachbummovie,0.9728137,0.9764862,0.98220456,0.9792865,0.9711923,0.9850086,0.9718747,0.982765,0.98438245,0.95005125,0.98697114,0.971972,0.97636634,0.9769034,0.99212456,0.96656007,0.9660397,0.9615349,0.9652259,1.0000001,0.97754526,0.9932616,0.98406494,0.96948725,0.9800423,0.9707374,0.9758626,0.9642179,0.9852146,0.98088473,0.9741004,0.9547991,0.97177684,0.9793837,0.9768687,0.9847971,0.9880954,0.97931385,0.9883391,0.96312857,0.98955977,0.97147626,0.9580269,0.9704944,0.9828002,0.98027855,0.9847666,0.9777323,0.9789657,0.96653736,0.9839242,0.9673748,0.98032916,0.9762034,0.9687834,0.9730815,0.9796834,0.9741032,0.9684835,0.96857125,0.9810957,0.98616576,0.985733,0.9722598,0.96939963,0.9582031,0.97276497,0.973198,0.98496526,0.9942562,0.9774325,0.9879254,0.98866564,0.9833873,0.9818135,0.97240484,0.9793458,0.97655207,0.9676302,0.98679256,0.9720104,0.9904318,0.9746344,0.97873574,0.9699794,0.9590512,0.9847839,0.9813925,0.97510386,0.9912601,0.98119086,0.9774325,0.971007,0.9571473,0.98800474,0.98835176,0.9905119,0.98718876,0.97505486,0.98571044,0.9869095,0.9891507,0.98189634,0.9802736,0.9613384,0.98272914,0.9823427,0.9649328,0.9656802,0.9670385,0.98220026,0.9809424,0.9714534,0.9785184,0.9541749,0.9855333,0.9802821,0.98381823,0.98234606,0.9696403,0.97182226,0.96472424,0.9798533,0.98194075,0.97717404,0.96822727,0.97631913,0.9797828,0.97347856,0.97708505,0.9735628,0.98013455,0.97126454,0.9583805,0.97821355,0.98059547,0.98274016,0.9543341,0.9668133,0.98678905,0.98438245,0.98626786,0.97262144,0.96706057,0.9882033,0.96691465,0.9728182,0.9783583,0.97873265,0.9852984,0.97908974,0.9545702,0.96281826,0.9741408,0.98336244,0.97206223,0.9745623,0.9747521,0.9687585,0.9742121,0.98438245,0.9775681,0.9812982,0.97205806,0.9849769
bernadettefilm,0.9807843,0.9720181,0.9795227,0.96779114,0.9886509,0.98296225,0.98480725,0.9856237,0.9919559,0.9664909,0.98035955,0.97195697,0.98911256,0.99219286,0.9793892,0.9609426,0.9749977,0.97517014,0.9809562,0.97754526,1.0,0.9814804,0.9700162,0.97554153,0.9710034,0.97409254,0.96750754,0.95821655,0.97787493,0.9754937,0.98324335,0.9724712,0.9629393,0.982112,0.9663078,0.9834631,0.9791261,0.9836621,0.9848618,0.9750035,0.9869152,0.98747313,0.97609305,0.98298806,0.9809118,0.9841833,0.9690056,0.97916174,0.98676026,0.9815687,0.9768391,0.9840601,0.98623824,0.97803736,0.9834276,0.9781506,0.98161083,0.9852984,0.9877692,0.9841154,0.9726063,0.99085945,0.9794176,0.9812145,0.9774758,0.9805694,0.98039466,0.9890624,0.9775241,0.9792116,0.9849257,0.9745251,0.97010463,0.97506654,0.96597314,0.98264736,0.9706395,0.96639293,0.98716396,0.97713846,0.96109164,0.98660547,0.98792946,0.9788111,0.9699105,0.9721561,0.9886775,0.9953788,0.9821844,0.98468065,0.9873857,0.9849257,0.98041886,0.98002356,0.9762959,0.9796123,0.98272955,0.9842345,0.9917099,0.97593427,0.9851482,0.9863821,0.9583513,0.98024017,0.99087954,0.9783885,0.97630936,0.9739349,0.96726686,0.9802977,0.98373884,0.9730647,0.9851535,0.98065144,0.9738513,0.97975034,0.9865096,0.981997,0.9891844,0.98347515,0.9798729,0.9780489,0.9820047,0.970515,0.9800837,0.9841612,0.9799538,0.97923476,0.9753459,0.9831316,0.99221545,0.97269106,0.974353,0.9581377,0.98172706,0.9781485,0.98083794,0.9833561,0.9794193,0.9853926,0.9919559,0.97421277,0.98291457,0.9737404,0.98060477,0.98276013,0.99225414,0.97197664,0.9786553,0.9711727,0.9839305,0.97611403,0.9850745,0.9718163,0.9858035,0.98412067,0.9765524,0.97910404,0.98660964,0.97466207,0.9919559,0.98631483,0.989093,0.9766717,0.9805755
