movie,21bridgesmovie,47metersdown,abeautifuldaymovie,abominablemovie,adastramovie,adogsjourneymovie,aftermathmovie,aftermovie,ahiddenlifefilm,alitamovie,angelhasfallen,angrybirdsmovie,annabellemovie,annamovie,apollo11movie,arcticdogsmovie,arcticmovie,artofracingmovie,avengers,beachbummovie,bernadettefilm,blackandbluemovie,blackchristmas,blindedbythelightmovie,bombshellmovie,booksmart,breakthroughmovie,brianbanksmovie,brightburnmovie,brittanyrunsmov,captainmarvelofficial,captivestatemovie,catsmovie,charliesangels,childsplaymovie,clarathefilm,coldpursuitmovie,countdown,currentwarmovie,darkwatersmovie,detectivepikachumovie,disneyaladdin,disneyfrozen,disneymaleficent,doctorsleepmovie,dolemiteismyname,dontletgomovie,doramovie,downtonabbey_official,dumbo,escaperoom,everybodyknowsmovie,fastandfuriousmovie,fightingwmyfam,fivefeetapartfilm,fordvferrari,freaksthefilm,geminimanmovie,glassmovie,gloriabellmovie,godzillamovie,goldfinchmovie,goodboysmovie,goodliarmovie,gretafilm,halathemovie,happydeathdaymovie,harrietfilm,hellboymovie,hersmellmovie,highlifemovie,highstrungmovie,honeyboymovie,hotelmumbaifilm,httydragon,hustlemovie,hustlersmovie,isntitromantic,itmovieofficial,jayandsilentbob,johnwickmovie,jojorabbitmovie,jokermovie,judythefilm,jumanjimovie,justmercyfilm,knivesout,lalloronamovie,lastblackmansf,lastchristmasthemovie,latenightmovie,lighthousemovie,lionking,littlethemovie,littlewomenmovie,littlewoodsfilm,longshotmovie,lordsofchaosmovie,lucyintheskyfilm,mamovie2019,marriagestory,meettheaddams,meninblack,midsommarmovie,midwaymovie,missbalamovie,missinglinkfilm,motherlessbklyn,onceinhollywood,onthebasisofsex,overcomermovie,peanutbutterfalcon,petsematarymovie,piercingmovie,playingwithfire,playmobilthemovie,pomsmovie,queenandslim,rambomovie,readyornotfilm,richardjewellfilm,rocketmanmovie,scarystoriesmovie,secretlifeofpets,serenityfilm,shaftmovie,shazammovie,spidermanmovie,spiesindisguise,starwars,stormboymovie,stubermovie,taosdfilm,teenspiritmov,terminator,theaeronautsmov,thebestofenemies,thedeaddontdie,thefarewell,thehighwaymen,thehummingbirdprojectfilm,theintrudermovie,theirishmanfilm,thekitchenmovie,thelegomovie,themustangfilm,thenightingalefilm,theprodigymovie,thesunisalsoastar,theupsidefilm,tolkienmovie,toystory,triplefrontier,uglydolls,uncutgems,underthesilverlake,usmovie,wavesmovie,whatmenwant,wonderparkmovie,wrinklestheclown,xmenmovies,yardiefilm,yesterdaymovie,zombieland
21bridgesmovie,1.0,0.9772553,0.98017764,0.9715722,0.9786362,0.9848122,0.97596234,0.97221625,0.9868375,0.96385497,0.97322935,0.97632325,0.97660553,0.98503315,0.98142374,0.98130697,0.99054056,0.9581816,0.9861882,0.96762395,0.97480613,0.9689888,0.9756208,0.97554404,0.9851357,0.9748753,0.9635443,0.97612906,0.97577393,0.96564406,0.967765,0.98142976,0.96849024,0.9566865,0.9680355,0.9808167,0.98065853,0.982649,0.9659967,0.9836304,0.9742491,0.9744931,0.98336273,0.9841782,0.98109335,0.95984685,0.96651655,0.9646894,0.9811838,0.98450696,0.9752467,0.9854273,0.9818031,0.9697277,0.98415864,0.9728522,0.9599037,0.9661452,0.9579712,0.9750464,0.9720759,0.97366345,0.9839871,0.9800946,0.9817592,0.9579036,0.9683043,0.9745788,0.98980945,0.9768191,0.9787939,0.9820478,0.9747972,0.97496974,0.9835826,0.9811459,0.97737616,0.96956736,0.96993333,0.97654074,0.9885993,0.9785887,0.9743143,0.9727284,0.9820833,0.96000713,0.97068286,0.9822143,0.97128665,0.9748478,0.97015166,0.9787939,0.9802004,0.97497517,0.97625077,0.98065454,0.98154026,0.98880345,0.98416716,0.9759429,0.9765039,0.9740512,0.96787375,0.97718006,0.9898658,0.97296476,0.9766194,0.9863502,0.97102183,0.9783164,0.9765871,0.9855352,0.97547936,0.9780871,0.9716054,0.98642325,0.9964185,0.9861622,0.98530006,0.9735683,0.97553563,0.9807834,0.9760796,0.9732375,0.9484158,0.96513796,0.9841055,0.96938676,0.95397455,0.9823943,0.9730494,0.96608233,0.9789541,0.956591,0.9700864,0.96057695,0.98665005,0.9820796,0.9779622,0.9804328,0.9868375,0.9689487,0.9779529,0.97796,0.9594606,0.98446316,0.9807358,0.9744325,0.978815,0.9679362,0.97362024,0.982069,0.98606634,0.97645915,0.97702235,0.9682914,0.9856135,0.98808885,0.9779931,0.9690836,0.9868375,0.9779754,0.98277384,0.9814505,0.9722116
47metersdown,0.9772553,1.0,0.9726866,0.9824293,0.97646564,0.9634196,0.9718361,0.9522391,0.97670877,0.95533335,0.97146773,0.964734,0.9724664,0.963081,0.97252333,0.9799038,0.96987665,0.95389265,0.96617955,0.9465963,0.97593164,0.9690062,0.96954066,0.97008395,0.968484,0.9515775,0.9629657,0.95971304,0.9748951,0.9590219,0.9594997,0.9722065,0.96395296,0.9553296,0.98062587,0.97228986,0.982313,0.9806667,0.9716183,0.97179514,0.9662294,0.97248596,0.98030686,0.9815292,0.9725232,0.9443651,0.96206737,0.9598867,0.97460973,0.9790928,0.97171795,0.98150265,0.96095455,0.9622825,0.9742632,0.96639144,0.9670488,0.97136205,0.95687187,0.97853446,0.9638312,0.9676401,0.97314733,0.9728007,0.9614038,0.94985574,0.959953,0.96420395,0.97085065,0.96845245,0.98087996,0.96884936,0.9740383,0.9770323,0.9839039,0.9515158,0.96827286,0.9490035,0.95875865,0.9608625,0.9756428,0.9812299,0.9713943,0.9809878,0.9724625,0.95093673,0.970615,0.96857816,0.96898746,0.96341234,0.96507734,0.98087996,0.97015035,0.9740346,0.97790176,0.98136276,0.9792737,0.97118115,0.9740644,0.9659161,0.96381193,0.94734204,0.96843433,0.97808015,0.9666629,0.9730337,0.96428156,0.97431725,0.9598789,0.9664386,0.96041024,0.97767335,0.9743952,0.9696569,0.96938264,0.9638288,0.9752432,0.97590524,0.96063286,0.96743,0.9740727,0.96068734,0.9740605,0.9518339,0.9532746,0.9697581,0.96734726,0.97245437,0.9612815,0.96825296,0.9762504,0.9748236,0.97167027,0.9587691,0.96862066,0.95524794,0.9729729,0.9717206,0.9779073,0.9573107,0.97670877,0.96949744,0.96371037,0.9650722,0.95952314,0.9668454,0.955358,0.97944516,0.9716495,0.94974554,0.9729597,0.9661989,0.95934343,0.962903,0.97229284,0.97161114,0.98064524,0.97845817,0.97727484,0.9588674,0.97670877,0.97809106,0.97323483,0.97567004,0.96411484
abeautifuldaymovie,0.98017764,0.9726866,1.0,0.9719453,0.9754378,0.9712317,0.9805442,0.9715527,0.99231577,0.9786509,0.9902765,0.97592485,0.97317183,0.9831995,0.98043644,0.98102283,0.9831602,0.95848835,0.9833222,0.9719637,0.9904054,0.9764482,0.9758522,0.9767698,0.98558795,0.97345245,0.9754255,0.98782426,0.9823662,0.9704161,0.9849732,0.97717017,0.9689436,0.9791145,0.9747271,0.98965037,0.98934484,0.97417384,0.98322034,0.9796386,0.9809011,0.9871277,0.97211206,0.9879458,0.9833755,0.9657817,0.9695962,0.9675056,0.981526,0.9857881,0.98704565,0.9872035,0.9825535,0.9805917,0.9782422,0.98511124,0.97553045,0.9891708,0.9792901,0.98852897,0.97357064,0.9807729,0.9783443,0.9863704,0.98094386,0.984696,0.97920597,0.9744301,0.9907126,0.9829642,0.9870494,0.97786677,0.98670256,0.9858416,0.98068935,0.97613895,0.96959454,0.97336,0.97625697,0.96736336,0.9898418,0.9781685,0.9851623,0.98450166,0.9821728,0.9681119,0.972887,0.99056876,0.98491436,0.9796362,0.98189366,0.9870494,0.97926176,0.9852558,0.98732257,0.98633534,0.98774976,0.9877248,0.9800523,0.9884706,0.98424155,0.978541,0.9755997,0.98843455,0.9774537,0.98374563,0.9893438,0.98497176,0.9788463,0.97185445,0.9848988,0.9868413,0.9807324,0.9837379,0.98186666,0.9884521,0.9847253,0.98289627,0.97757417,0.97910774,0.9832076,0.98249376,0.9775164,0.9733951,0.9598905,0.9788134,0.9798118,0.9859294,0.9780534,0.9744796,0.98564816,0.96594,0.98430854,0.97525996,0.98257697,0.972979,0.98323846,0.98922753,0.9786091,0.97218436,0.99231577,0.97859496,0.98238474,0.9778321,0.971511,0.9800908,0.9730152,0.97172153,0.983417,0.96801496,0.9779985,0.98727214,0.98014736,0.9715418,0.97529274,0.98459566,0.9850413,0.98294264,0.9829048,0.97343373,0.99231577,0.9889783,0.9880277,0.98309356,0.9758744
abominablemovie,0.9715722,0.9824293,0.9719453,1.0000001,0.97379017,0.97559786,0.97351235,0.9653374,0.9784398,0.9683054,0.97738403,0.9624458,0.97393316,0.96642953,0.9779811,0.97358257,0.9706611,0.95886797,0.9651628,0.9548937,0.97987,0.97311395,0.9688348,0.9714749,0.9721626,0.9526603,0.973712,0.96515936,0.98048687,0.9619264,0.9637602,0.97405416,0.961615,0.95658296,0.9754383,0.9760896,0.97890854,0.979695,0.9744383,0.96972084,0.975316,0.9809277,0.973742,0.9802109,0.97499365,0.9583011,0.96031624,0.9594472,0.97457284,0.9835772,0.9746707,0.9768296,0.9672537,0.96222353,0.9774916,0.97186536,0.9672299,0.9759668,0.9729724,0.97659063,0.9629325,0.9776568,0.9682254,0.9714162,0.9705108,0.9587382,0.96825904,0.96139663,0.97499925,0.9702079,0.97849894,0.9659402,0.9771745,0.9819077,0.9889316,0.9509758,0.966618,0.96508354,0.9713722,0.9665074,0.97868,0.98141575,0.9730564,0.98146856,0.9707564,0.9588714,0.96229917,0.9690886,0.97273743,0.96400964,0.95850486,0.97849894,0.97542095,0.968157,0.9716129,0.97917885,0.98409253,0.9743367,0.9716099,0.9627244,0.9670515,0.9623103,0.965597,0.9740069,0.97699064,0.9726264,0.97385573,0.97558063,0.95624506,0.9608008,0.9645922,0.9793633,0.9770479,0.9703156,0.98256546,0.9701234,0.97440785,0.97561675,0.95958793,0.9670261,0.9694268,0.9592667,0.9698293,0.96719265,0.94461584,0.97084427,0.9734495,0.98049843,0.9741343,0.97009885,0.9839085,0.97238404,0.97499883,0.95430785,0.9773538,0.9591144,0.9661533,0.9694921,0.9721423,0.96086365,0.9784398,0.97657,0.9669088,0.9731163,0.9613304,0.96389383,0.95749015,0.9777092,0.9776689,0.94638944,0.974708,0.97219706,0.9565698,0.962138,0.9644787,0.9806515,0.97520554,0.9806612,0.9800313,0.9685542,0.9784398,0.9854768,0.9719957,0.9769128,0.9661032
adastramovie,0.9786362,0.97646564,0.9754378,0.97379017,1.0,0.96991843,0.97141534,0.9581252,0.98758984,0.9647828,0.96480894,0.97026175,0.9754977,0.9706723,0.9795489,0.9810462,0.9756661,0.97735506,0.96126765,0.95572245,0.9685192,0.97032946,0.98051125,0.98145974,0.9681041,0.9519193,0.97530985,0.9736914,0.9751542,0.96590865,0.96090746,0.9800453,0.9731287,0.95994294,0.96966815,0.97321355,0.9831501,0.9817718,0.976765,0.98664933,0.9712886,0.9742962,0.9808453,0.9821131,0.979233,0.9574297,0.97343695,0.960437,0.9816679,0.9839584,0.9821239,0.98364276,0.95849425,0.9725985,0.9801692,0.9899458,0.97524625,0.9683342,0.9510779,0.97962075,0.98360324,0.96877456,0.9881342,0.97247505,0.9686155,0.9628457,0.9685122,0.9615088,0.9778871,0.9720842,0.98388785,0.9691427,0.9739465,0.97880423,0.9813416,0.96806824,0.95575106,0.96314675,0.9643366,0.97796464,0.9731109,0.98187697,0.9823114,0.97315735,0.9857861,0.9716745,0.9741728,0.9708299,0.9757861,0.979909,0.971173,0.98388785,0.9769878,0.97209376,0.97700155,0.97930473,0.9804999,0.97635174,0.97239596,0.97622293,0.97000194,0.96285284,0.9686341,0.98108983,0.9730481,0.980642,0.97182834,0.9776838,0.97640264,0.9709885,0.9805993,0.9775816,0.9718795,0.9645559,0.9640395,0.9668119,0.985903,0.9768654,0.9714826,0.97583526,0.97836506,0.97031546,0.9886705,0.9619322,0.9635023,0.96664906,0.97372776,0.97945035,0.9594004,0.9657487,0.9721974,0.9640145,0.97932196,0.96436393,0.9704681,0.96866703,0.97984004,0.97761405,0.97971034,0.97732896,0.98758984,0.9745024,0.9708242,0.9770081,0.96126324,0.9733506,0.9626065,0.967301,0.97851384,0.97020876,0.97932804,0.9653706,0.97185326,0.9547601,0.982579,0.9800399,0.9842044,0.978155,0.9748925,0.96909875,0.98758984,0.9784349,0.9810701,0.97915655,0.9799439
adogsjourneymovie,0.9848122,0.9634196,0.9712317,0.97559786,0.96991843,0.9999999,0.9688365,0.96430975,0.9761151,0.9637368,0.969065,0.95891106,0.97257984,0.9750578,0.9805606,0.9672373,0.977879,0.96620023,0.9711956,0.960825,0.9675963,0.9591282,0.9674092,0.97023106,0.9817769,0.9730416,0.9624673,0.9652615,0.9734768,0.9585225,0.9540609,0.9711082,0.9655901,0.9515936,0.9671954,0.9787657,0.9673033,0.9804079,0.96621644,0.97804624,0.9697867,0.97022754,0.9691883,0.9746591,0.971024,0.9511648,0.9564217,0.94358593,0.98346907,0.9782212,0.97069657,0.9812802,0.9722905,0.9574072,0.98175246,0.9682674,0.95356536,0.9562003,0.963098,0.9628742,0.96142876,0.9707807,0.97027975,0.97665,0.98223466,0.9555048,0.9623388,0.9732546,0.9822278,0.9691294,0.9662088,0.9672065,0.96855885,0.97750825,0.97967786,0.96917886,0.97355974,0.96488446,0.9709866,0.96961045,0.9798209,0.9725302,0.9619804,0.96574473,0.9691878,0.9505455,0.96516365,0.9718286,0.95929646,0.9626772,0.9497769,0.9662088,0.97630656,0.96620625,0.96187377,0.9748067,0.98015344,0.9797524,0.97418296,0.9655235,0.9629304,0.9750817,0.9607021,0.96653336,0.98274887,0.96532446,0.97041315,0.9791079,0.9538238,0.9659846,0.9674751,0.98161125,0.96265596,0.98124534,0.96649015,0.98061925,0.98539203,0.97557884,0.97181165,0.96406865,0.95644164,0.96467036,0.97154003,0.97413886,0.93518335,0.96221995,0.9832659,0.9741129,0.9633004,0.9750698,0.967375,0.9675357,0.9644579,0.936168,0.95989573,0.95377624,0.96894896,0.97667855,0.957233,0.972832,0.9761151,0.96132153,0.9652076,0.9755925,0.9476394,0.9765189,0.9749773,0.9745201,0.98347723,0.9432571,0.96703225,0.9725213,0.9695953,0.9569566,0.9559359,0.9651462,0.97432613,0.97613907,0.96013147,0.9547694,0.9761151,0.97864157,0.97707903,0.97137076,0.96819067
aftermathmovie,0.97596234,0.9718361,0.9805442,0.97351235,0.97141534,0.9688365,1.0000002,0.97235185,0.9872077,0.95756286,0.97460085,0.96098006,0.9686651,0.978492,0.97856396,0.97568077,0.9806347,0.94947284,0.9808351,0.95224565,0.9777621,0.9519409,0.9722281,0.9833185,0.97805154,0.9586434,0.95240337,0.97265077,0.97148,0.9607352,0.9760295,0.96361506,0.9693038,0.95180243,0.9594179,0.9669687,0.9814936,0.9763862,0.9761611,0.9658416,0.9811443,0.97909355,0.97084415,0.9841322,0.9667566,0.9402131,0.9605432,0.9665722,0.96530145,0.983636,0.9663425,0.97718835,0.9698022,0.953844,0.98387355,0.9663726,0.95923156,0.9838145,0.98291904,0.97814256,0.95968306,0.98653585,0.9692775,0.98978746,0.95702314,0.95607686,0.9827256,0.9632285,0.9845737,0.9533564,0.9811922,0.95919734,0.9689503,0.9805616,0.97640204,0.9711894,0.9567762,0.9689816,0.970661,0.97128075,0.9766971,0.988213,0.9835675,0.9668286,0.9659445,0.9523391,0.9669739,0.9777905,0.96536607,0.96310556,0.9704285,0.9811922,0.985224,0.97925884,0.9644556,0.96613646,0.97059274,0.9708005,0.9890112,0.96611726,0.9556846,0.9541665,0.9508212,0.9721062,0.97067666,0.9632282,0.9793769,0.97978187,0.95427656,0.9691593,0.97051257,0.9691142,0.9809038,0.9609368,0.97872263,0.9816179,0.97916806,0.96856004,0.97531325,0.9921118,0.979322,0.9760777,0.97715485,0.96762234,0.9368022,0.9865446,0.97302663,0.9759,0.96145105,0.9837972,0.9780693,0.9544871,0.9738388,0.95082575,0.9825096,0.9619495,0.9658263,0.9715371,0.9783636,0.9562643,0.9872077,0.9653493,0.9575178,0.96617097,0.9599337,0.96795535,0.95442504,0.96207345,0.9770315,0.95990396,0.9923401,0.97701454,0.9701035,0.96866316,0.96687514,0.9736814,0.9793065,0.9791235,0.9827238,0.9788985,0.9872077,0.9818196,0.98402387,0.9722319,0.96154034
aftermovie,0.97221625,0.9522391,0.9715527,0.9653374,0.9581252,0.96430975,0.97235185,1.0000002,0.9770682,0.95724267,0.9747331,0.97103405,0.9602571,0.9653251,0.96834815,0.97576827,0.9706402,0.93188083,0.9803723,0.97189355,0.97742134,0.959566,0.9634789,0.95843166,0.96986747,0.95554113,0.9562634,0.95949215,0.9654291,0.9826395,0.9701393,0.9622017,0.94504535,0.9372036,0.9283871,0.95835114,0.97003603,0.9578153,0.9601439,0.96711534,0.9763134,0.97896695,0.95246905,0.9748195,0.9569929,0.9621187,0.94950134,0.97722375,0.9512851,0.97630024,0.96457535,0.95829165,0.97322434,0.9405842,0.9712342,0.96210235,0.9478648,0.97175664,0.97000384,0.96923137,0.9603421,0.9793297,0.9629892,0.9643224,0.9670472,0.96230394,0.9628926,0.96421015,0.974726,0.9582345,0.96772057,0.9549707,0.9716238,0.9726068,0.970052,0.968024,0.9379569,0.96800506,0.9612276,0.97512835,0.97578335,0.9637833,0.9718639,0.9604884,0.96155655,0.94881505,0.93360245,0.9718975,0.95650184,0.9568487,0.9730181,0.96772057,0.97138435,0.9529514,0.9554675,0.95865107,0.9580874,0.97648907,0.9712049,0.9583772,0.96715766,0.96599,0.94791436,0.9596709,0.9686505,0.95563686,0.9796701,0.9746603,0.9643459,0.97446585,0.9638282,0.9635352,0.95432377,0.9451756,0.97584414,0.9708646,0.97266036,0.9590744,0.9691322,0.9679019,0.97273344,0.9623022,0.94957554,0.96837664,0.9292086,0.9558625,0.95043486,0.95285326,0.9512012,0.96423465,0.97866,0.9468169,0.97297317,0.94987303,0.9663689,0.98090655,0.95034313,0.9584307,0.9753524,0.9591784,0.9770682,0.9602505,0.9678547,0.97243184,0.95660925,0.9609959,0.9544096,0.9358696,0.9661457,0.9432521,0.97667176,0.97359264,0.976497,0.97336614,0.96103704,0.9639067,0.9649679,0.97769284,0.9647787,0.96374655,0.9770682,0.9612532,0.9653923,0.9706435,0.9511932
ahiddenlifefilm,0.9868375,0.97670877,0.99231577,0.9784398,0.98758984,0.9761151,0.9872077,0.9770682,1.0000001,0.97769576,0.9825174,0.97856885,0.9775596,0.98874986,0.98729134,0.98718846,0.98895943,0.9633574,0.984833,0.97139907,0.986673,0.97715956,0.9899737,0.98817825,0.9814986,0.96276206,0.97421324,0.98603386,0.9836652,0.9748191,0.98441654,0.98273194,0.9804343,0.96963817,0.9737399,0.9823713,0.9919609,0.9812378,0.9860954,0.98837405,0.9853344,0.9857912,0.9811212,0.9939964,0.985575,0.96950614,0.98416793,0.97690916,0.97917026,0.9923045,0.9876474,0.9909006,0.9818805,0.97738874,0.987661,0.9888551,0.98035306,0.9880033,0.97691953,0.98970944,0.9787447,0.9854978,0.9872919,0.9852535,0.9786221,0.97633356,0.9828183,0.9782943,0.99376833,0.9771598,0.9924304,0.9765563,0.98517734,0.99016404,0.9880645,0.97917515,0.96405786,0.9803144,0.97982824,0.9835889,0.9890579,0.9863864,0.9903462,0.9855745,0.98884743,0.972636,0.97610515,0.98639864,0.9853297,0.98861456,0.9800123,0.9924304,0.98452914,0.98543143,0.9864028,0.9828838,0.98488677,0.9896957,0.98245823,0.9874942,0.98053813,0.97598594,0.97471374,0.9890582,0.9827486,0.98418677,0.99258584,0.9878998,0.97722006,0.9756221,0.98997146,0.98203826,0.98278373,0.9755794,0.982491,0.98372656,0.99051523,0.98717105,0.9862006,0.9881157,0.98685783,0.98782897,0.9868454,0.9759922,0.9715272,0.98231924,0.98193896,0.98535633,0.97065264,0.97538644,0.9865434,0.9708889,0.990144,0.97455764,0.988334,0.977943,0.98308456,0.98547226,0.98841214,0.9772675,1.0000001,0.97880375,0.98239213,0.9812544,0.9679767,0.98410517,0.9754411,0.97354186,0.9829201,0.9749437,0.9867968,0.98203754,0.98534536,0.9749708,0.98421323,0.9865189,0.99238676,0.98934853,0.98589253,0.985322,1.0000001,0.98876965,0.9923588,0.9903184,0.9823302
alitamovie,0.96385497,0.95533335,0.9786509,0.9683054,0.9647828,0.9637368,0.95756286,0.95724267,0.97769576,1.0000001,0.97169554,0.9633955,0.9551413,0.96331674,0.95932096,0.9645054,0.9722321,0.9544029,0.95909464,0.9617705,0.97676164,0.9719934,0.9589198,0.95283,0.9672608,0.9528466,0.9728174,0.9681531,0.97974473,0.95604783,0.9602816,0.9641667,0.94396573,0.9685557,0.9720742,0.9783047,0.96637523,0.9537459,0.96928406,0.9677445,0.9728832,0.9732686,0.9531439,0.9696739,0.96435636,0.9774833,0.95155007,0.94929683,0.9712333,0.96877277,0.97607523,0.97286785,0.9738404,0.9796406,0.95709217,0.979153,0.9737748,0.9741138,0.95638883,0.97508967,0.9712335,0.96166855,0.95668435,0.95913,0.9745319,0.9831608,0.9503155,0.95133734,0.9708636,0.9781733,0.9727362,0.96095854,0.9834408,0.96923715,0.97682595,0.9546519,0.9633839,0.9566682,0.9596702,0.9454262,0.97188234,0.9556864,0.9682417,0.97996885,0.97105545,0.9582861,0.9499842,0.9681312,0.9741549,0.96120703,0.9606834,0.9727362,0.9526823,0.9649371,0.9690135,0.9769586,0.9760417,0.9721766,0.9571697,0.97422934,0.97961223,0.96399593,0.97371423,0.9767077,0.9739833,0.97648937,0.97259176,0.9730097,0.96313614,0.95480174,0.97817534,0.9758215,0.9546571,0.97389495,0.97595185,0.9707493,0.9690951,0.96404517,0.94883007,0.9556341,0.9754585,0.9577013,0.9513039,0.97635883,0.952161,0.95117146,0.96380085,0.9700928,0.9819021,0.946575,0.9766382,0.9605988,0.9816926,0.9759324,0.9686591,0.95518434,0.9688524,0.9674855,0.9603371,0.9678884,0.97769576,0.9731552,0.981832,0.9751333,0.97367096,0.9677212,0.9530095,0.96892965,0.97031605,0.9541914,0.9515605,0.96496046,0.96721864,0.94929415,0.9568612,0.9685411,0.9713088,0.9709411,0.9609689,0.95246506,0.97769576,0.97555375,0.970309,0.9738343,0.96785474
angelhasfallen,0.97322935,0.97146773,0.9902765,0.97738403,0.96480894,0.969065,0.97460085,0.9747331,0.9825174,0.97169554,0.99999994,0.9792348,0.9640015,0.9722529,0.9775807,0.97866577,0.9772665,0.9397761,0.97658426,0.9706108,0.9906671,0.9720144,0.9645176,0.9668808,0.9845913,0.9671471,0.9772628,0.97761637,0.9780311,0.97323847,0.97591496,0.96521217,0.96012384,0.97146994,0.96992886,0.9861503,0.9832948,0.96767193,0.980144,0.9698296,0.9833639,0.99060816,0.9705654,0.98399127,0.9731167,0.95673615,0.9593593,0.9754972,0.9735489,0.9822209,0.97742814,0.97782683,0.97440076,0.9640853,0.9698056,0.9733282,0.96337396,0.98870623,0.98367894,0.98919994,0.9647176,0.98093474,0.96626663,0.9814321,0.9774675,0.98039997,0.9639448,0.9721235,0.98245627,0.9790419,0.9824093,0.97195107,0.98503673,0.98679537,0.98361814,0.9624519,0.9712268,0.9668443,0.9626697,0.96041363,0.99233806,0.97539294,0.9753614,0.9875951,0.9660881,0.9557657,0.962627,0.98724276,0.9770522,0.9686669,0.9818945,0.9824093,0.9758999,0.96901566,0.9745416,0.983962,0.9811643,0.9860174,0.9758683,0.9771289,0.97237736,0.9669686,0.96499383,0.977939,0.96675724,0.9727919,0.9820762,0.9816442,0.96574086,0.9745532,0.97345763,0.98463666,0.9814041,0.9795019,0.98964214,0.9840853,0.97400147,0.97757614,0.9738824,0.96742815,0.980378,0.9744278,0.9640398,0.97598064,0.9453845,0.97012925,0.9672663,0.9767199,0.98291343,0.97480476,0.9850235,0.9619166,0.9741165,0.96860284,0.9818371,0.97268176,0.968934,0.98089665,0.97640705,0.95497996,0.9825174,0.9738222,0.9780218,0.97509575,0.9700491,0.9677585,0.9694677,0.9680689,0.98137003,0.9571518,0.9715924,0.98821527,0.9682725,0.97575396,0.97548676,0.9831741,0.9688837,0.98592186,0.97736514,0.9728021,0.9825174,0.9835325,0.97732705,0.9791005,0.9592369
angrybirdsmovie,0.97632325,0.964734,0.97592485,0.9624458,0.97026175,0.95891106,0.96098006,0.97103405,0.97856885,0.9633955,0.9792348,1.0000001,0.94530934,0.95928967,0.9693505,0.98398113,0.967568,0.93288755,0.96934646,0.9813715,0.9734163,0.98146576,0.9573191,0.9560631,0.9703657,0.9444589,0.96771395,0.963675,0.97843635,0.9776223,0.96171576,0.96604574,0.94407517,0.9558695,0.95063233,0.968048,0.971615,0.95608485,0.96186805,0.97179765,0.98103774,0.9798468,0.9739342,0.977105,0.97426975,0.9719983,0.9555363,0.9779511,0.964507,0.97498405,0.97663367,0.96433216,0.9636243,0.96733475,0.9581766,0.9700014,0.96019703,0.9713067,0.9485393,0.97736096,0.9743295,0.9622613,0.9675401,0.95827264,0.9670078,0.96517825,0.94917786,0.9523848,0.9755748,0.9769499,0.9744954,0.9673552,0.97983533,0.97100854,0.97758764,0.95775646,0.9501488,0.96864897,0.9391607,0.95970434,0.98453605,0.9628983,0.96739596,0.98073035,0.9743616,0.9522333,0.94198895,0.9658879,0.9681072,0.9679924,0.97551155,0.9744954,0.96797144,0.9520928,0.9693937,0.9801568,0.9667235,0.9814269,0.9675901,0.96170944,0.97688407,0.95995873,0.9638195,0.9682182,0.9631414,0.9754652,0.9732971,0.9785589,0.9703144,0.9804129,0.9668855,0.9717381,0.97002965,0.95868057,0.97649884,0.96831775,0.9778279,0.9725062,0.9757069,0.95360374,0.978357,0.9667741,0.9576596,0.9786907,0.95654327,0.94926476,0.9500379,0.9601528,0.9568845,0.95636415,0.9765486,0.9583512,0.9764897,0.96376544,0.973593,0.9741148,0.97383976,0.9663411,0.98497367,0.9651309,0.97856885,0.9755114,0.9818801,0.98110545,0.9701636,0.9528408,0.95474243,0.9523342,0.96511215,0.9549298,0.9657529,0.97212744,0.971813,0.96866673,0.9780523,0.9727503,0.9623281,0.982515,0.96868396,0.96038955,0.97856885,0.96364635,0.9716699,0.97932523,0.9645717
annabellemovie,0.97660553,0.9724664,0.97317183,0.97393316,0.9754977,0.97257984,0.9686651,0.9602571,0.9775596,0.9551413,0.9640015,0.94530934,1.0,0.96413213,0.9829246,0.9663869,0.97431916,0.9667957,0.96736616,0.95154244,0.9744914,0.9563177,0.96827066,0.9744693,0.96403134,0.97230005,0.9618028,0.97419953,0.96223366,0.9534267,0.9593927,0.98268443,0.9697964,0.9392298,0.9627525,0.97355485,0.98522913,0.98724914,0.96821886,0.97579324,0.9570101,0.96756107,0.95986027,0.97922003,0.9781646,0.9428916,0.9546421,0.9449719,0.97146994,0.9834824,0.9665676,0.9752174,0.96900547,0.9549596,0.9874664,0.9722227,0.9551329,0.96486264,0.9594502,0.9684076,0.96465826,0.96471393,0.9872116,0.9765919,0.9682069,0.95310223,0.9698303,0.96696717,0.97540283,0.9657401,0.9740301,0.96970713,0.9612654,0.9759636,0.9715151,0.9633271,0.9685367,0.9529795,0.9842948,0.96541697,0.97220576,0.9818997,0.9794051,0.9614024,0.97454923,0.9608821,0.97289395,0.9818191,0.9683027,0.96640146,0.956894,0.9740301,0.9790262,0.97947496,0.9720528,0.97257036,0.97804224,0.9730315,0.97896093,0.9708258,0.9639209,0.962945,0.95651567,0.9787785,0.97652227,0.9612514,0.9695009,0.9763471,0.9686851,0.95964175,0.96593475,0.9831169,0.96218663,0.9705897,0.95917994,0.97205913,0.9816388,0.9743576,0.95934826,0.9729962,0.96702665,0.9685931,0.98154396,0.9484986,0.9368311,0.96980315,0.98197,0.9698336,0.95058554,0.97594655,0.9713477,0.95710236,0.96972233,0.9450884,0.9593487,0.95409703,0.97226465,0.96876514,0.96342844,0.9704537,0.9775596,0.9656165,0.9594838,0.9694998,0.95754397,0.97566634,0.9729244,0.9644472,0.9805352,0.94698113,0.97211653,0.97590154,0.96728104,0.95889515,0.96021736,0.96881866,0.9792446,0.973218,0.96971434,0.9606746,0.9775596,0.9761124,0.97672236,0.9635014,0.96263766
annamovie,0.98503315,0.963081,0.9831995,0.96642953,0.9706723,0.9750578,0.978492,0.9653251,0.98874986,0.96331674,0.9722529,0.95928967,0.96413213,1.0,0.97255343,0.970078,0.99113095,0.95839703,0.9869037,0.95486313,0.97277206,0.957266,0.9865806,0.9832063,0.9821661,0.96936494,0.9604371,0.9823847,0.9669226,0.9588565,0.9820863,0.9700778,0.9786797,0.970531,0.9681845,0.9822717,0.9784927,0.9701253,0.9674462,0.9781371,0.9710824,0.97269696,0.97635686,0.982844,0.97034943,0.95433146,0.9814537,0.9653576,0.9743432,0.98096836,0.97095937,0.98684156,0.9826781,0.9694141,0.98214495,0.9743912,0.96498495,0.9723156,0.971258,0.9770404,0.95926124,0.9847899,0.9713624,0.98234594,0.97888577,0.9643582,0.9788062,0.9800294,0.99021107,0.96647763,0.9785245,0.9787513,0.97390896,0.9757039,0.9778151,0.9804354,0.963094,0.9685544,0.9748647,0.98114353,0.98308337,0.9751345,0.9748499,0.97157097,0.9767503,0.9687826,0.9758629,0.9819051,0.9751573,0.97553456,0.9716364,0.9785245,0.972399,0.98111886,0.9758872,0.96918076,0.9780834,0.9838464,0.97155064,0.98579484,0.9693067,0.97751784,0.96460164,0.9760759,0.9790822,0.96745205,0.9829034,0.971669,0.9638489,0.95987415,0.9857204,0.97641456,0.9733988,0.9747486,0.96927416,0.984717,0.98279554,0.98309374,0.98592377,0.98227096,0.9681237,0.9853004,0.9729878,0.96671957,0.9530818,0.9697728,0.9832316,0.97466743,0.9556709,0.9768814,0.97028315,0.9647936,0.97712564,0.9643595,0.9715918,0.9590192,0.97512424,0.98866075,0.96955884,0.9704114,0.98874986,0.9540427,0.9702137,0.9581044,0.9405486,0.984935,0.9793175,0.9690364,0.96674424,0.9806458,0.96853524,0.9716948,0.9824274,0.97601813,0.96989423,0.9702773,0.98945034,0.97908664,0.97988856,0.9778024,0.98874986,0.98186296,0.9828084,0.98347354,0.9679707
apollo11movie,0.98142374,0.97252333,0.98043644,0.9779811,0.9795489,0.9805606,0.97856396,0.96834815,0.98729134,0.95932096,0.9775807,0.9693505,0.9829246,0.97255343,0.99999994,0.981569,0.98048216,0.9607478,0.97574013,0.9738509,0.97363216,0.96958333,0.9766458,0.9881427,0.9768213,0.96268123,0.96369344,0.9754348,0.9764819,0.97143674,0.9640694,0.97651917,0.9722181,0.9481604,0.962376,0.97302854,0.98495346,0.9840781,0.9818348,0.9803811,0.97198325,0.9778339,0.9689985,0.9854895,0.9897917,0.95192796,0.9695035,0.96219206,0.97549796,0.9870368,0.9780963,0.97735083,0.9679653,0.9581689,0.98595023,0.97966063,0.9645638,0.9719951,0.9692055,0.9790595,0.9650351,0.96877253,0.9902382,0.9794643,0.96789014,0.9543658,0.9771607,0.969585,0.98506767,0.9636431,0.982094,0.96331286,0.96813935,0.9876848,0.97973675,0.9721843,0.9647436,0.9794957,0.9718485,0.9760365,0.9834318,0.9870348,0.9763931,0.97413135,0.97979516,0.95822734,0.9718644,0.979148,0.97162694,0.9817498,0.9576189,0.982094,0.9842421,0.9691994,0.97436,0.98217374,0.9811678,0.9840493,0.9787361,0.9705017,0.9674098,0.96900195,0.9547003,0.9822939,0.9742734,0.97143936,0.9803174,0.98393095,0.96694607,0.96582645,0.96892047,0.9797924,0.9809884,0.9709058,0.9722901,0.9782242,0.98667604,0.9825373,0.97665614,0.9805047,0.9651394,0.9770387,0.9864197,0.96860284,0.95369774,0.97176015,0.9759912,0.97520083,0.9647485,0.9762585,0.9729519,0.9647867,0.97152144,0.94504786,0.9796398,0.9712475,0.97149664,0.9709695,0.9762217,0.97109544,0.98729134,0.9738265,0.97208595,0.9755104,0.9563472,0.96807563,0.96985346,0.96391326,0.9820694,0.9483518,0.9837164,0.9779464,0.9743224,0.9619041,0.9743991,0.9809217,0.9779287,0.9825495,0.9717041,0.9773449,0.98729134,0.97977734,0.9817707,0.97843987,0.97389656
arcticdogsmovie,0.98130697,0.9799038,0.98102283,0.97358257,0.9810462,0.9672373,0.97568077,0.97576827,0.98718846,0.9645054,0.97866577,0.98398113,0.9663869,0.970078,0.981569,0.9999999,0.97388715,0.95050454,0.9771029,0.9737779,0.9775391,0.97554266,0.9732562,0.9768619,0.98130006,0.9584159,0.9577715,0.97169864,0.9812057,0.9835426,0.9619873,0.9728535,0.9564468,0.95847553,0.961659,0.96817267,0.9809448,0.97677857,0.97535765,0.9780806,0.9735173,0.9879963,0.97645974,0.98758656,0.9799565,0.96114445,0.9634522,0.97876686,0.968392,0.9857561,0.97869503,0.97746116,0.9735828,0.9624454,0.9777172,0.97968626,0.96817094,0.97971624,0.95916116,0.9819506,0.96799666,0.973455,0.97923815,0.97458774,0.9614234,0.96432745,0.9657289,0.9679171,0.97889197,0.969546,0.98580325,0.9623345,0.97862345,0.9824411,0.9836639,0.9689146,0.9587876,0.97555774,0.95462716,0.9784778,0.9829136,0.97632986,0.9783526,0.980846,0.98025393,0.9467275,0.95538026,0.97171396,0.971151,0.9714191,0.97270256,0.98580325,0.97715384,0.9628447,0.9738175,0.9804265,0.9717618,0.98181957,0.9754066,0.9682755,0.97464967,0.9586553,0.9581845,0.9768331,0.9722535,0.9769658,0.9795903,0.9899932,0.9807416,0.98209417,0.9635607,0.97636116,0.97786194,0.9648031,0.9742399,0.974103,0.9839664,0.98027396,0.97033405,0.9708559,0.9791809,0.9722518,0.9730884,0.9660954,0.95335025,0.96019465,0.96048373,0.9721487,0.9678258,0.969909,0.9811336,0.96331346,0.97667164,0.958203,0.9765036,0.98174083,0.97559935,0.97472656,0.98973244,0.9677064,0.98718846,0.97527856,0.9781129,0.98318624,0.97209924,0.9680419,0.95541924,0.9641037,0.97947586,0.9556341,0.9806998,0.97674435,0.9816112,0.968097,0.9778143,0.9746582,0.97945905,0.98170173,0.9740475,0.969782,0.98718846,0.97183293,0.97634274,0.9788062,0.9677928
arcticmovie,0.99054056,0.96987665,0.9831602,0.9706611,0.9756661,0.977879,0.9806347,0.9706402,0.98895943,0.9722321,0.9772665,0.967568,0.97431916,0.99113095,0.98048216,0.97388715,1.0,0.9619737,0.9887835,0.9661622,0.97371846,0.9628456,0.98091,0.982145,0.98258394,0.975578,0.96897215,0.9813316,0.9721346,0.9635483,0.97479516,0.9716232,0.97404146,0.96424425,0.9715401,0.98353904,0.98161554,0.971427,0.97176945,0.9802122,0.9758989,0.9755652,0.97698003,0.9847756,0.97593904,0.95927167,0.97356683,0.9693712,0.9787375,0.984049,0.97290784,0.9839564,0.9819566,0.972551,0.9817078,0.9781989,0.96376556,0.9738824,0.96757233,0.983604,0.97135496,0.9804721,0.98125935,0.98441947,0.9805756,0.96502423,0.9786153,0.97627884,0.989106,0.96990234,0.9825761,0.9803692,0.9769638,0.9776556,0.9843981,0.98336214,0.97600603,0.96754307,0.97334164,0.9739514,0.9865942,0.98222774,0.9792738,0.9748456,0.9796073,0.97067547,0.9798644,0.98892105,0.9765603,0.9759131,0.9752151,0.9825761,0.97420275,0.97764707,0.97464335,0.9776642,0.9799229,0.98769593,0.9806653,0.9860569,0.9719634,0.9723949,0.96640927,0.983438,0.98284715,0.9701324,0.97949356,0.9776162,0.9684443,0.97096235,0.9864699,0.9835657,0.97639316,0.9778271,0.97539717,0.98999447,0.98768306,0.9837576,0.9844873,0.9842639,0.9784918,0.9863515,0.9744245,0.977514,0.94976956,0.96949196,0.982324,0.9697499,0.9640963,0.9834934,0.9705056,0.9678512,0.9801374,0.96851146,0.9757984,0.958062,0.97783685,0.98029894,0.97418517,0.9786633,0.98895943,0.9626243,0.97919774,0.9660742,0.9550039,0.9847015,0.9808206,0.97327507,0.97415066,0.9788733,0.9714521,0.9773164,0.9888308,0.977214,0.9788855,0.97261685,0.9867177,0.98574877,0.9798172,0.97777027,0.98895943,0.9824135,0.9837166,0.9865054,0.9709527
artofracingmovie,0.9581816,0.95389265,0.95848835,0.95886797,0.97735506,0.96620023,0.94947284,0.93188083,0.9633574,0.9544029,0.9397761,0.93288755,0.9667957,0.95839703,0.9607478,0.95050454,0.9619737,0.99999994,0.94572866,0.9392451,0.94276565,0.9562443,0.9622794,0.96808076,0.9518383,0.95927536,0.9647477,0.9592042,0.9654536,0.9323894,0.9383693,0.97196054,0.9643689,0.9635025,0.9595483,0.96876264,0.9650858,0.96643186,0.9505761,0.97555435,0.94410837,0.95494807,0.95413446,0.9603497,0.963629,0.9473338,0.9513909,0.9170284,0.9815452,0.96617025,0.96882105,0.9681529,0.9486165,0.96953976,0.96694016,0.97784877,0.9541005,0.93954223,0.9329663,0.954103,0.96983755,0.9488949,0.97041404,0.9595928,0.9556824,0.94349676,0.9591145,0.94090635,0.96349466,0.959675,0.96127415,0.9596388,0.95291036,0.95542157,0.95964426,0.9612354,0.9445543,0.942373,0.9617254,0.95426106,0.95130837,0.9623991,0.9668397,0.9485569,0.97539866,0.9711798,0.9685918,0.9503506,0.960171,0.9494563,0.94320774,0.96127415,0.9561687,0.96506417,0.9654935,0.9693632,0.97502095,0.95501286,0.9564126,0.96686643,0.96115726,0.9633815,0.9661049,0.9742047,0.9605282,0.96869516,0.94682926,0.951442,0.963381,0.940381,0.96714014,0.96835256,0.9441416,0.96089125,0.93327487,0.952686,0.9683986,0.95955086,0.9407329,0.95750904,0.9465075,0.9475834,0.97047305,0.94853675,0.9360282,0.944014,0.9679969,0.97090054,0.9470111,0.9521823,0.9470849,0.9704149,0.95671237,0.9455788,0.93481535,0.93455684,0.9672095,0.96777695,0.9434181,0.9807706,0.9633574,0.95856065,0.95359606,0.9476401,0.9388987,0.956648,0.9453598,0.95807296,0.95945305,0.94712645,0.95485187,0.939255,0.955023,0.93095607,0.94233745,0.9630655,0.97671324,0.94353735,0.95797503,0.92847514,0.9633574,0.9716903,0.9684893,0.95933396,0.97230756
avengers,0.9861882,0.96617955,0.9833222,0.9651628,0.96126765,0.9711956,0.9808351,0.9803723,0.984833,0.95909464,0.97658426,0.96934646,0.96736616,0.9869037,0.97574013,0.9771029,0.9887835,0.94572866,1.0000001,0.971234,0.9768711,0.964203,0.9768826,0.97440904,0.98101175,0.97138655,0.95604134,0.9747228,0.97237206,0.9655441,0.9826901,0.9674313,0.96556604,0.95759606,0.95310515,0.97329867,0.9803993,0.96532375,0.96099,0.9745931,0.975193,0.97667456,0.96519965,0.983405,0.97136194,0.95825255,0.9686791,0.96927977,0.9652926,0.9814672,0.9705594,0.97531617,0.98675436,0.9618543,0.98067445,0.96632755,0.9581764,0.97480595,0.97282284,0.9754651,0.9625487,0.9820395,0.97329605,0.98206836,0.9733454,0.956616,0.97751224,0.9734252,0.9881422,0.96390885,0.97637266,0.9716073,0.9759502,0.97399104,0.97554225,0.98271257,0.9614607,0.9751425,0.9732531,0.9741878,0.98601484,0.9716399,0.9769053,0.9679441,0.9768715,0.95643413,0.9597425,0.9829697,0.96556354,0.9682362,0.9695107,0.97637266,0.9767157,0.97463596,0.9731443,0.9694482,0.9733873,0.9841385,0.9786905,0.97679543,0.97367823,0.97570217,0.95962477,0.9761604,0.98007417,0.9662835,0.98203546,0.97838855,0.96804965,0.9686431,0.97205937,0.973951,0.9704515,0.9668799,0.97310317,0.98674613,0.9836943,0.9785536,0.9816974,0.97885585,0.971283,0.98037034,0.96792215,0.9733182,0.94533825,0.96794546,0.9709693,0.96590996,0.95233095,0.98030096,0.9752536,0.96242845,0.9744793,0.95777744,0.97342145,0.96156466,0.9722145,0.9759765,0.97635484,0.97114843,0.984833,0.96288675,0.9745111,0.96505606,0.95289963,0.97407556,0.97118765,0.957809,0.96595967,0.9614651,0.9725601,0.9764761,0.9888222,0.97854924,0.96499324,0.9688137,0.983342,0.9807151,0.97909,0.97186285,0.984833,0.97573787,0.9787816,0.98127216,0.96702445
beachbummovie,0.96762395,0.9465963,0.9719637,0.9548937,0.95572245,0.960825,0.95224565,0.97189355,0.97139907,0.9617705,0.9706108,0.9813715,0.95154244,0.95486313,0.9738509,0.9737779,0.9661622,0.9392451,0.971234,0.99999994,0.96749425,0.9820796,0.95272225,0.9588176,0.9666312,0.954811,0.95542336,0.9582707,0.9784314,0.9702969,0.95465213,0.9657104,0.9364361,0.9513299,0.93767864,0.96537775,0.9680846,0.94401854,0.9557215,0.97381866,0.9721604,0.97632825,0.9504637,0.9710719,0.9737238,0.9823896,0.9461616,0.96306735,0.9599967,0.97046316,0.976793,0.95040256,0.973612,0.9637983,0.95537144,0.969882,0.9581216,0.963883,0.94342184,0.96410954,0.9704908,0.9534482,0.9677245,0.951138,0.9595663,0.95619905,0.95129657,0.947753,0.9750537,0.9688642,0.9593118,0.9571555,0.97300345,0.96365225,0.972123,0.9666004,0.94135994,0.9779896,0.9443741,0.956408,0.9785966,0.9587877,0.9671242,0.9703305,0.97692376,0.946377,0.93431336,0.9645518,0.9544683,0.96328634,0.9572124,0.9593118,0.96323234,0.9428951,0.9693681,0.9726813,0.96463984,0.9793546,0.9596852,0.9635129,0.9830402,0.97143567,0.96114576,0.9706306,0.9647102,0.97287506,0.9732661,0.9724289,0.9750046,0.96071297,0.9579365,0.9674821,0.9531924,0.9550633,0.9680854,0.9712089,0.969876,0.9664614,0.9623324,0.95183253,0.96289814,0.9628092,0.9495871,0.9806493,0.9486025,0.93711567,0.9442986,0.95249254,0.95433086,0.9541811,0.96863437,0.9581536,0.971884,0.95603395,0.96097904,0.9682091,0.96394163,0.9520474,0.9634387,0.9767052,0.97139907,0.9744176,0.98808634,0.9774899,0.964769,0.94293875,0.94681805,0.940962,0.95857793,0.9418732,0.9591768,0.96603936,0.97819865,0.9611072,0.9564712,0.9638125,0.95981663,0.9645749,0.95303446,0.9474222,0.97139907,0.95512074,0.96459985,0.9730217,0.96930164
bernadettefilm,0.97480613,0.97593164,0.9904054,0.97987,0.9685192,0.9675963,0.9777621,0.97742134,0.986673,0.97676164,0.9906671,0.9734163,0.9744914,0.97277206,0.97363216,0.9775391,0.97371846,0.94276565,0.9768711,0.96749425,1.0,0.97532934,0.97028196,0.96613294,0.9769562,0.9619657,0.9734505,0.9782355,0.980456,0.9692757,0.9845065,0.97551686,0.96189255,0.9660899,0.97024304,0.98447317,0.9890977,0.9727453,0.9798567,0.9739663,0.9848319,0.98709565,0.9663379,0.98525065,0.9717636,0.9673219,0.96242595,0.9723581,0.9700417,0.9834517,0.9805909,0.98039556,0.9822323,0.96844524,0.9748357,0.97319067,0.97564065,0.9930359,0.98329747,0.98398304,0.9708175,0.98369396,0.96798605,0.9788718,0.97847396,0.9832195,0.9644347,0.97098076,0.9834098,0.9825708,0.9810362,0.9725347,0.9883313,0.98577964,0.98401356,0.9613122,0.963913,0.9674398,0.97504914,0.964793,0.9877972,0.9748948,0.983575,0.9870785,0.9727933,0.95787024,0.95688987,0.98646486,0.97614443,0.9708882,0.98020506,0.9810362,0.97812885,0.9813893,0.98288107,0.9787002,0.9823951,0.982547,0.97657543,0.97904825,0.9807313,0.9705392,0.9737672,0.98013103,0.97567344,0.9770221,0.98769057,0.98422873,0.9699139,0.96772116,0.9766056,0.9826568,0.9720615,0.9745604,0.989631,0.98123723,0.97652733,0.97463983,0.9698047,0.97230285,0.9862808,0.970575,0.9674929,0.971038,0.95593643,0.9773327,0.97225404,0.9797135,0.97446275,0.9707146,0.9957745,0.96108234,0.9877039,0.97523946,0.98164845,0.9735545,0.9743706,0.9800623,0.97708654,0.9613095,0.986673,0.97942185,0.9771902,0.9824718,0.97730416,0.972683,0.9661036,0.96713763,0.98008347,0.9590436,0.9756453,0.9864516,0.9703784,0.9745858,0.9687009,0.98047537,0.9780907,0.9851877,0.97919303,0.9723375,0.986673,0.9824577,0.98109674,0.9779579,0.9661839
