movie,21bridgesmovie,47metersdown,abeautifuldaymovie,abominablemovie,adastramovie,adogsjourneymovie,aftermathmovie,aftermovie,ahiddenlifefilm,alitamovie,angelhasfallen,angrybirdsmovie,annabellemovie,annamovie,apollo11movie,arcticdogsmovie,arcticmovie,artofracingmovie,avengers,beachbummovie,bernadettefilm,blackandbluemovie,blackchristmas,blindedbythelightmovie,bombshellmovie,booksmart,breakthroughmovie,brianbanksmovie,brightburnmovie,brittanyrunsmov,captainmarvelofficial,captivestatemovie,catsmovie,charliesangels,childsplaymovie,clarathefilm,coldpursuitmovie,countdown,currentwarmovie,darkwatersmovie,detectivepikachumovie,disneyaladdin,disneyfrozen,disneymaleficent,doctorsleepmovie,dolemiteismyname,dontletgomovie,doramovie,downtonabbey_official,dumbo,escaperoom,everybodyknowsmovie,fastandfuriousmovie,fightingwmyfam,fivefeetapartfilm,fordvferrari,freaksthefilm,geminimanmovie,glassmovie,gloriabellmovie,godzillamovie,goldfinchmovie,goodboysmovie,goodliarmovie,gretafilm,halathemovie,happydeathdaymovie,harrietfilm,hellboymovie,hersmellmovie,highlifemovie,highstrungmovie,honeyboymovie,hotelmumbaifilm,httydragon,hustlemovie,hustlersmovie,isntitromantic,itmovieofficial,jayandsilentbob,johnwickmovie,jojorabbitmovie,jokermovie,judythefilm,jumanjimovie,justmercyfilm,knivesout,lalloronamovie,lastblackmansf,lastchristmasthemovie,latenightmovie,lighthousemovie,lionking,littlethemovie,littlewomenmovie,littlewoodsfilm,longshotmovie,lordsofchaosmovie,lucyintheskyfilm,mamovie2019,marriagestory,meettheaddams,meninblack,midsommarmovie,midwaymovie,missbalamovie,missinglinkfilm,motherlessbklyn,onceinhollywood,onthebasisofsex,overcomermovie,peanutbutterfalcon,petsematarymovie,piercingmovie,playingwithfire,playmobilthemovie,pomsmovie,queenandslim,rambomovie,readyornotfilm,richardjewellfilm,rocketmanmovie,scarystoriesmovie,secretlifeofpets,serenityfilm,shaftmovie,shazammovie,spidermanmovie,spiesindisguise,starwars,stormboymovie,stubermovie,taosdfilm,teenspiritmov,terminator,theaeronautsmov,thebestofenemies,thedeaddontdie,thefarewell,thehighwaymen,thehummingbirdprojectfilm,theintrudermovie,theirishmanfilm,thekitchenmovie,thelegomovie,themustangfilm,thenightingalefilm,theprodigymovie,thesunisalsoastar,theupsidefilm,tolkienmovie,toystory,triplefrontier,uglydolls,uncutgems,underthesilverlake,usmovie,wavesmovie,whatmenwant,wonderparkmovie,wrinklestheclown,xmenmovies,yardiefilm,yesterdaymovie,zombieland
21bridgesmovie,1.0000001,0.96445197,0.9770748,0.96317685,0.9810031,0.9823984,0.9822687,0.98453134,0.9894105,0.9557925,0.9695448,0.9610218,0.97387457,0.9641866,0.9766021,0.96266055,0.9557848,0.97989887,0.9839706,0.969225,0.9671768,0.9709183,0.97228223,0.97803974,0.9723258,0.94424075,0.9750305,0.96199954,0.9749462,0.9819298,0.97023267,0.9729062,0.9619594,0.96782184,0.9544108,0.95729,0.9802523,0.97930974,0.9775597,0.9740562,0.9736013,0.9743683,0.97900337,0.9744333,0.9846734,0.9691733,0.9683792,0.96985114,0.96522045,0.98121554,0.9752303,0.980327,0.9771654,0.9688764,0.97059643,0.9739569,0.9652615,0.97013384,0.96320856,0.97581345,0.97306615,0.97460407,0.976401,0.9690708,0.9668306,0.967543,0.94436115,0.97685224,0.9735896,0.9609539,0.97845525,0.9542262,0.9574244,0.9646793,0.9678415,0.96488756,0.9635148,0.9744132,0.9687811,0.9752412,0.968956,0.97211546,0.9748664,0.959963,0.96987706,0.961647,0.95681095,0.98223084,0.9615697,0.9793082,0.9705721,0.97845525,0.9578473,0.9627619,0.97705334,0.9641878,0.9727273,0.977128,0.9838007,0.9678673,0.961001,0.9758929,0.9598027,0.9866055,0.95767045,0.9766833,0.9839108,0.96395546,0.95300984,0.96496385,0.97603965,0.97512424,0.9799559,0.9645661,0.9734158,0.9735896,0.9912269,0.9690491,0.97024816,0.9774935,0.96833664,0.9719817,0.97862566,0.9776821,0.9758424,0.9701778,0.9700868,0.94885874,0.9655201,0.96665627,0.9565582,0.96437347,0.9698752,0.9274266,0.9581139,0.9760083,0.9778912,0.98336583,0.9712243,0.9675915,0.9894105,0.96090925,0.95579565,0.96271676,0.97224545,0.97966766,0.9694568,0.9636044,0.9766668,0.974587,0.9852983,0.98473126,0.96631896,0.966001,0.97323906,0.97544444,0.9526282,0.968508,0.9781283,0.9738557,0.9894105,0.9770659,0.97926724,0.9730069,0.9704511
47metersdown,0.96445197,1.0,0.97339565,0.9790744,0.9656359,0.9665424,0.97797906,0.96672386,0.981584,0.938118,0.9595129,0.9694642,0.96205986,0.9688333,0.9804885,0.97255915,0.9625295,0.9756133,0.9696259,0.9715221,0.9761432,0.97938335,0.9794867,0.9694345,0.9648792,0.96545863,0.9740609,0.9570107,0.9810804,0.96786404,0.97368646,0.97108364,0.96198905,0.9772932,0.9600773,0.9682924,0.9762627,0.96874744,0.96734875,0.97438425,0.96244496,0.975895,0.9633427,0.9772201,0.96489674,0.9769721,0.96826524,0.9792686,0.96932274,0.97864205,0.971286,0.98191893,0.96217126,0.93942547,0.95988774,0.9663442,0.95504045,0.9617844,0.9704105,0.95872515,0.9551753,0.9590869,0.9591928,0.97340643,0.9745884,0.96039075,0.9704793,0.97280574,0.9788633,0.96713406,0.9634786,0.9741494,0.94845814,0.95604247,0.9715923,0.96408635,0.95779747,0.9678102,0.9628023,0.9699636,0.95793754,0.9752182,0.97042704,0.96612567,0.9656518,0.9682767,0.9660329,0.9647615,0.9572257,0.97229606,0.9574518,0.9634786,0.95776856,0.96217495,0.971267,0.9664978,0.9677821,0.96862084,0.96640563,0.9810959,0.9777185,0.9751478,0.9674315,0.9691231,0.9627757,0.974016,0.96100104,0.96518457,0.95541126,0.9720512,0.9688692,0.97758436,0.97123784,0.9600191,0.96070135,0.96921587,0.97187227,0.97300035,0.95938456,0.9762162,0.9743742,0.9737358,0.9747062,0.9628528,0.96599174,0.97693694,0.95397085,0.9649417,0.97273505,0.96819556,0.951472,0.96969056,0.94492596,0.961849,0.9563411,0.96670043,0.94427526,0.96877825,0.96868914,0.97530675,0.981584,0.9750733,0.96990883,0.95781463,0.9712922,0.96236277,0.9649694,0.9619806,0.9659475,0.9450912,0.9806643,0.96924436,0.96214277,0.9333403,0.9560574,0.9589343,0.9656395,0.9588767,0.95958406,0.9726741,0.981584,0.98080075,0.9747331,0.97485507,0.96282506
abeautifuldaymovie,0.9770748,0.97339565,0.99999994,0.96243256,0.9637955,0.9721119,0.98084,0.96698815,0.98286986,0.94440275,0.9521314,0.9798329,0.9797725,0.9625647,0.977864,0.962697,0.95827067,0.97003734,0.9831715,0.9724468,0.96703696,0.98593897,0.9720712,0.97496444,0.9636545,0.9307606,0.969414,0.94847214,0.98843443,0.97395164,0.97594315,0.972651,0.95526713,0.98044735,0.95390683,0.9491107,0.97862947,0.9800232,0.9767098,0.97088706,0.9750875,0.9778733,0.97617567,0.9743205,0.9741128,0.9758511,0.96780735,0.96160287,0.95720184,0.9811416,0.99150556,0.9769495,0.97444224,0.9398618,0.95018727,0.9686739,0.9605839,0.9672861,0.9651267,0.9610229,0.9667814,0.9519121,0.96356875,0.97874653,0.9726064,0.95249146,0.96278155,0.9665767,0.96860504,0.9567504,0.96293265,0.9452309,0.95679575,0.94858783,0.9607441,0.95092094,0.94692373,0.97223175,0.9572845,0.9551899,0.95200115,0.97088903,0.979319,0.95747256,0.98182225,0.9585584,0.9485345,0.97224134,0.9469703,0.97117776,0.962486,0.96293265,0.9653839,0.9628528,0.98939854,0.96072465,0.9621532,0.96870166,0.97075695,0.9733701,0.9746104,0.9648423,0.98001754,0.96963257,0.9699901,0.99082726,0.96026003,0.9792551,0.95313585,0.9682889,0.9564563,0.97820383,0.9742454,0.9500938,0.9782129,0.95841295,0.97254795,0.9620098,0.9560014,0.9723742,0.9793681,0.96911407,0.9660606,0.9569894,0.9662925,0.9794765,0.9629791,0.9786374,0.97038937,0.9660724,0.9591442,0.96839833,0.95133615,0.92654604,0.954798,0.9645907,0.9502712,0.979981,0.9663679,0.9767818,0.98286986,0.98477036,0.97374505,0.9742792,0.98389983,0.9693513,0.95902973,0.9613811,0.9737539,0.9472646,0.9787407,0.9850852,0.959735,0.930632,0.96912676,0.9660847,0.94960016,0.9554165,0.9646404,0.9759128,0.98286986,0.9737472,0.97737783,0.9675173,0.9853995
abominablemovie,0.96317685,0.9790744,0.96243256,1.0,0.969628,0.9715032,0.972914,0.9677414,0.9830236,0.9429971,0.9689559,0.9569812,0.96854186,0.96915984,0.97443336,0.97488964,0.96150124,0.9757285,0.96354276,0.9696248,0.98122984,0.9782345,0.98460734,0.97227764,0.9606549,0.96631515,0.96950305,0.96740687,0.9711607,0.96789706,0.9792473,0.96434295,0.95341367,0.95874506,0.9758997,0.97934765,0.98270124,0.97315645,0.9576475,0.9632369,0.96077746,0.97154397,0.9541704,0.96870047,0.95813006,0.9726827,0.98189676,0.96484476,0.9555661,0.9708314,0.96619886,0.9764372,0.96112645,0.94290453,0.9713388,0.96787035,0.95893306,0.9629125,0.99002427,0.966789,0.9547567,0.9682746,0.9475612,0.9687408,0.9770542,0.97135377,0.96017355,0.97084385,0.98155147,0.96239376,0.97435606,0.9722773,0.95396334,0.96893054,0.98912936,0.9626145,0.9601849,0.9678402,0.9820045,0.9691339,0.9666402,0.97934914,0.9680998,0.97669303,0.9723271,0.9706843,0.9843695,0.96738815,0.96510136,0.9803555,0.95789194,0.97435606,0.95660806,0.97017664,0.9711016,0.9736163,0.96765167,0.96940804,0.96837014,0.98532164,0.9712185,0.97415787,0.9643317,0.9658187,0.96560585,0.9696209,0.9650134,0.95882195,0.9599787,0.9581695,0.9681241,0.9808292,0.9745632,0.97393054,0.95837283,0.9693812,0.97405267,0.98138416,0.97059315,0.97314274,0.9746009,0.97624594,0.9754519,0.9674784,0.97166336,0.9842751,0.96076286,0.95492643,0.97468793,0.9837741,0.97065574,0.9696823,0.95436186,0.9640366,0.9647213,0.9649667,0.94888145,0.96835,0.9755422,0.96950114,0.9830236,0.9685371,0.95506746,0.96467143,0.97358507,0.96790874,0.9701545,0.97947484,0.9638723,0.95586014,0.9694423,0.9614265,0.9735194,0.9460003,0.96374494,0.971154,0.9732955,0.96147454,0.96707326,0.9689156,0.9830236,0.9748516,0.9659446,0.97902465,0.9525941
adastramovie,0.9810031,0.9656359,0.9637955,0.969628,1.0000001,0.96994966,0.9737214,0.97945225,0.9833765,0.96522635,0.96795905,0.9635657,0.9719789,0.96355534,0.96809006,0.96865684,0.9564893,0.9818833,0.9671195,0.96754694,0.9608414,0.9736672,0.96650964,0.97749424,0.9468923,0.9554226,0.98171145,0.96017826,0.9751487,0.9688692,0.9756598,0.97030586,0.9590343,0.9631554,0.95535177,0.96056145,0.9786295,0.97433144,0.97814643,0.9714039,0.9698225,0.9674927,0.97169596,0.9635359,0.9667234,0.965045,0.9618566,0.96108013,0.96185446,0.96972907,0.970945,0.97905195,0.9629331,0.9710066,0.9621517,0.9792534,0.95937306,0.94154,0.96746963,0.97540414,0.95802474,0.964966,0.9721531,0.9650476,0.9699151,0.96700007,0.9475757,0.9687328,0.9735748,0.96782064,0.97997326,0.96053946,0.9453467,0.96360505,0.96906596,0.95293885,0.9650205,0.9602316,0.9736752,0.97047645,0.96940243,0.96998435,0.9735391,0.96019244,0.9765435,0.9545252,0.9611236,0.97279763,0.96907324,0.9768934,0.96186566,0.97997326,0.95077235,0.95580906,0.96788555,0.9624209,0.9653319,0.98158526,0.9816973,0.97054565,0.954705,0.9755258,0.95878047,0.98248196,0.9601124,0.97430694,0.9741666,0.95818883,0.9620109,0.956473,0.9794286,0.9758079,0.9666251,0.9730542,0.9611997,0.9756361,0.9841939,0.9693649,0.9532606,0.9636303,0.97478724,0.95796484,0.97667354,0.9603107,0.97699076,0.9740945,0.9624263,0.94919056,0.9835716,0.9648121,0.9441589,0.9819912,0.9652504,0.92484015,0.93652916,0.96557343,0.98288655,0.9766914,0.9791697,0.9560024,0.9833765,0.9617456,0.94078106,0.9521569,0.9732672,0.96857816,0.9638371,0.9635247,0.9683051,0.96214306,0.9809939,0.9661408,0.95184237,0.9481696,0.97008103,0.9771598,0.93851256,0.9705883,0.965944,0.96736014,0.9833765,0.98293906,0.9836379,0.9602747,0.9578114
adogsjourneymovie,0.9823984,0.9665424,0.9721119,0.9715032,0.96994966,1.0,0.9708479,0.9769083,0.9854378,0.9308489,0.9645849,0.9670106,0.96744686,0.9639953,0.9795714,0.95959836,0.95063436,0.9755968,0.97697586,0.9748983,0.97619563,0.9659682,0.97833747,0.96721065,0.98122203,0.9569906,0.973492,0.95781755,0.966431,0.9834517,0.97118413,0.9645194,0.9704238,0.9676504,0.9616095,0.95992714,0.9863424,0.9775851,0.9695437,0.968487,0.96181434,0.9728222,0.9719606,0.9725822,0.9780321,0.96556187,0.9764516,0.96365213,0.9658375,0.97583425,0.9661277,0.975501,0.97702706,0.9530956,0.9719011,0.97078913,0.95227504,0.9793958,0.96776026,0.9731177,0.95487213,0.9732695,0.9594764,0.9634896,0.9641905,0.9688912,0.9440833,0.97106385,0.9725917,0.9505424,0.9738592,0.96055543,0.95699805,0.9580591,0.97918916,0.9755262,0.9654548,0.9790177,0.9746041,0.97417253,0.96056885,0.9684002,0.9644882,0.9629199,0.968021,0.9577492,0.9576065,0.9815451,0.96027005,0.9725481,0.97514546,0.9738592,0.95611864,0.968746,0.9840859,0.9708555,0.9631671,0.9686617,0.9739554,0.97234446,0.9613519,0.98233765,0.9628404,0.97754323,0.9487717,0.9686418,0.9785731,0.95432013,0.9508003,0.96424806,0.96481776,0.97458035,0.98039514,0.9640893,0.97370267,0.97085845,0.9818118,0.977564,0.9705959,0.9678947,0.9675965,0.97970057,0.9729836,0.98849946,0.9659145,0.9747393,0.9817951,0.9491012,0.9622979,0.97669584,0.955221,0.95226,0.95557225,0.9447286,0.96085644,0.9740955,0.96599674,0.9769408,0.96667933,0.96546555,0.9854378,0.95950156,0.9557216,0.96164733,0.9640902,0.965358,0.96050376,0.96788776,0.9690285,0.9751701,0.9745816,0.9758336,0.97108793,0.9587785,0.95994085,0.9707195,0.9726403,0.9683472,0.9745517,0.9680727,0.9854378,0.97931063,0.96774,0.98129475,0.9576454
aftermathmovie,0.9822687,0.97797906,0.98084,0.972914,0.9737214,0.9708479,1.0000001,0.973323,0.9904835,0.95848507,0.9643649,0.9683989,0.9771372,0.9727506,0.9806147,0.9702797,0.9661323,0.9812288,0.97778314,0.9728615,0.978385,0.982991,0.9752862,0.978896,0.96569014,0.940704,0.98030317,0.9632786,0.98205864,0.9804452,0.9683128,0.9722645,0.95559365,0.96783406,0.95926905,0.96136683,0.98053366,0.979848,0.9784054,0.96999925,0.97379905,0.97443515,0.9665705,0.97652906,0.9738375,0.9805054,0.96802104,0.97797406,0.955376,0.9834188,0.98223263,0.98043835,0.97090095,0.9570211,0.95884395,0.9765545,0.97572863,0.96976346,0.9718011,0.9735808,0.9746154,0.96314687,0.97044826,0.9802327,0.9711098,0.9697004,0.9625785,0.97214955,0.97402614,0.9682138,0.9773733,0.94556874,0.958204,0.96018577,0.9719773,0.95823425,0.95500016,0.9798946,0.963893,0.97195613,0.96933204,0.9879217,0.98472697,0.9678508,0.9688073,0.95561284,0.96648085,0.97418666,0.9512977,0.9876656,0.96867913,0.9773733,0.9683557,0.96656084,0.9801731,0.96628696,0.9780348,0.98062617,0.98950636,0.9810532,0.9779699,0.96750575,0.96335506,0.97785765,0.9688337,0.98217654,0.9712432,0.9765932,0.95482653,0.96127117,0.97326577,0.9788435,0.9813099,0.9663854,0.9729695,0.9725673,0.9826202,0.9663791,0.97016615,0.99297863,0.98444176,0.97576505,0.9785831,0.96236086,0.96760184,0.97990465,0.95901763,0.9659054,0.97777784,0.9669762,0.9640347,0.9764182,0.966933,0.93229336,0.96564144,0.9776403,0.96208745,0.9786174,0.9725157,0.9802198,0.9904835,0.9806072,0.96986353,0.9739422,0.98167557,0.9800042,0.9730439,0.96314144,0.9782003,0.9541298,0.9918449,0.9782529,0.96370786,0.94551337,0.9725651,0.9726679,0.952174,0.95896304,0.97505414,0.97795683,0.9904835,0.9764494,0.9800381,0.97365427,0.9753856
aftermovie,0.98453134,0.96672386,0.96698815,0.9677414,0.97945225,0.9769083,0.973323,1.0000002,0.985874,0.9514486,0.95964324,0.9551135,0.96562266,0.954246,0.97595966,0.96751887,0.9542014,0.9725431,0.96656775,0.9683857,0.96497715,0.9708278,0.97341007,0.97981536,0.9659022,0.9561919,0.9739887,0.9526594,0.96797705,0.9753484,0.97201276,0.9577666,0.9558533,0.9605298,0.96109235,0.964965,0.9786796,0.96322167,0.96582496,0.9641072,0.9607007,0.9636301,0.96557957,0.9705085,0.97737235,0.96194834,0.97347647,0.96340984,0.97173744,0.9728163,0.96551895,0.9764699,0.9728708,0.9636818,0.97844005,0.97531235,0.9607049,0.95925635,0.9676902,0.9653505,0.9528927,0.97683364,0.96461654,0.9554173,0.9624827,0.96037465,0.9425198,0.975089,0.96866643,0.95095915,0.9708462,0.95899516,0.9562322,0.96185315,0.97165966,0.9525081,0.9593302,0.9562969,0.9713965,0.97186035,0.96467227,0.9710113,0.9726607,0.97169626,0.9709256,0.9658504,0.95504504,0.97652096,0.9565046,0.9780458,0.96012664,0.9708462,0.9507326,0.96600354,0.9717302,0.96610534,0.9634729,0.97679,0.9801795,0.9616783,0.9520572,0.9767635,0.94906145,0.9752581,0.9533368,0.9668331,0.975654,0.95298666,0.9509991,0.95422405,0.97811913,0.97034323,0.9730199,0.97071415,0.96538943,0.9587298,0.9824051,0.977106,0.9696625,0.96650505,0.96821904,0.9682006,0.9802208,0.9789245,0.97611874,0.96804816,0.9638983,0.93897647,0.9646951,0.96108705,0.9515256,0.9676851,0.96228784,0.94019127,0.9611962,0.9690295,0.9650473,0.9752995,0.9685751,0.95571864,0.985874,0.9539417,0.9512661,0.9498452,0.9700005,0.96765363,0.9713874,0.9611413,0.9605411,0.97357655,0.97409517,0.9672999,0.9636413,0.95359546,0.96245354,0.9737971,0.96167344,0.95978636,0.9758559,0.9664595,0.985874,0.97260064,0.97215956,0.97493553,0.9540374
ahiddenlifefilm,0.9894105,0.981584,0.98286986,0.9830236,0.9833765,0.9854378,0.9904835,0.985874,0.9999999,0.966327,0.9791214,0.9746993,0.97973394,0.98326385,0.9897544,0.98030835,0.9755505,0.9865908,0.98379916,0.9845665,0.9841898,0.9838405,0.9883847,0.990055,0.9786812,0.96487176,0.97937727,0.9734884,0.9837707,0.98956287,0.9829065,0.9797606,0.97031814,0.97492856,0.9718354,0.97018945,0.99147415,0.98424935,0.98311836,0.98055214,0.9748489,0.984698,0.97809654,0.9851366,0.9867686,0.98363024,0.9847019,0.9792704,0.96983236,0.98998636,0.9832043,0.9903354,0.98199326,0.9702388,0.97581625,0.98454213,0.9777734,0.9748371,0.9846264,0.98626375,0.9686987,0.98080826,0.97899175,0.97964907,0.9810883,0.9794914,0.9675236,0.98552376,0.9841017,0.9765531,0.98803955,0.9648482,0.96639276,0.97430986,0.982537,0.9743938,0.96735066,0.98487705,0.9815091,0.9808424,0.9775292,0.9861819,0.98592615,0.9769195,0.9827855,0.97340477,0.97639364,0.98482156,0.97362643,0.98693764,0.97831,0.98803955,0.9715185,0.97984594,0.986228,0.98005784,0.9814102,0.989627,0.98920447,0.98466825,0.97863686,0.98352903,0.9770672,0.9868307,0.9782871,0.9841392,0.9863869,0.97283727,0.97264516,0.97398204,0.98549205,0.98682815,0.98651844,0.9755736,0.9777183,0.9804789,0.9906523,0.9803366,0.9808154,0.986605,0.9869267,0.98580605,0.9856461,0.9788637,0.98316264,0.9885785,0.9757294,0.9647046,0.98258364,0.97879225,0.9741538,0.98350215,0.97996473,0.9478024,0.9710737,0.98683417,0.9742137,0.9854442,0.9849469,0.9794701,0.9999999,0.9758659,0.9703368,0.9740998,0.9855037,0.98556376,0.9809826,0.97872514,0.98115087,0.97392404,0.98856914,0.98572433,0.9756629,0.9601604,0.98153955,0.9852687,0.9698331,0.9769874,0.9827904,0.9811079,0.9999999,0.986574,0.9861182,0.9849357,0.9719761
alitamovie,0.9557925,0.938118,0.94440275,0.9429971,0.96522635,0.9308489,0.95848507,0.9514486,0.966327,1.0000001,0.9540261,0.9411004,0.9514564,0.9580025,0.94497824,0.9596352,0.9609295,0.95350033,0.9463768,0.9415187,0.9335074,0.9504928,0.950185,0.9736206,0.92341405,0.92771965,0.93593055,0.9365671,0.96219707,0.94536805,0.95449597,0.94768876,0.92776215,0.9396462,0.9218854,0.91420233,0.94850796,0.94862866,0.9561059,0.95096844,0.94638705,0.9460397,0.9473252,0.9358482,0.938513,0.945407,0.94730216,0.93829113,0.9187759,0.9489155,0.9584644,0.9525763,0.95631176,0.96208864,0.9365192,0.9541176,0.9624834,0.9168269,0.95327485,0.95736104,0.9380381,0.9500709,0.9549147,0.94356936,0.9457314,0.9606294,0.92275035,0.94319904,0.9514788,0.94961196,0.95287806,0.91501385,0.9206868,0.94637203,0.92809004,0.9344232,0.92690784,0.93940896,0.9474721,0.9351334,0.9513695,0.95827836,0.9615024,0.92575556,0.9656371,0.92737997,0.94409835,0.9499532,0.95130575,0.9505064,0.9486428,0.95287806,0.9277265,0.9415287,0.94152117,0.93039787,0.9560145,0.96850127,0.96607304,0.94352525,0.93706334,0.9464602,0.9462556,0.9509387,0.9667413,0.95813143,0.9564263,0.9449541,0.9718333,0.93520015,0.9636497,0.9501337,0.94634897,0.93837816,0.9262951,0.94851875,0.9568597,0.9301126,0.9435725,0.94689304,0.9633978,0.9372213,0.94996446,0.91609424,0.9700564,0.9577183,0.9333144,0.9276794,0.96261376,0.94172657,0.9382324,0.9697105,0.9658851,0.88219804,0.9341184,0.9485669,0.94819665,0.9476195,0.95771384,0.9337147,0.966327,0.9423598,0.9331253,0.92993724,0.9646019,0.95610476,0.9497285,0.93578464,0.94522583,0.9326845,0.95359135,0.95385176,0.9314343,0.93232656,0.9543671,0.9482352,0.91399455,0.9458547,0.9449133,0.9477827,0.966327,0.9405004,0.9624252,0.93493825,0.9423951
angelhasfallen,0.9695448,0.9595129,0.9521314,0.9689559,0.96795905,0.9645849,0.9643649,0.95964324,0.9791214,0.9540261,1.0,0.9551734,0.9550055,0.96994805,0.9703117,0.97079706,0.96083367,0.97032696,0.95954686,0.96752566,0.95809126,0.95559174,0.9597568,0.96482503,0.9557065,0.9599684,0.9641115,0.96712816,0.9513588,0.9690968,0.96616507,0.95595694,0.948785,0.95203054,0.9577332,0.96022844,0.9704455,0.969913,0.9667717,0.95571935,0.9612861,0.9660242,0.9604323,0.9605964,0.96415263,0.9603657,0.95690227,0.96519816,0.94402605,0.96233165,0.9547697,0.96601987,0.95852494,0.96104914,0.9568387,0.97104955,0.9652167,0.9605367,0.9664858,0.96938115,0.9540907,0.9704635,0.9693628,0.9580982,0.95722234,0.9793979,0.9437254,0.9642941,0.98213404,0.9728607,0.9686806,0.9596144,0.9509303,0.970453,0.9657564,0.95691156,0.9556518,0.9647408,0.9730815,0.96535504,0.9803306,0.9588781,0.9671937,0.95637625,0.9587507,0.9601575,0.96987015,0.96657765,0.96595186,0.9659468,0.9635522,0.9686806,0.9377843,0.96602917,0.95600975,0.9702268,0.9814515,0.97517496,0.97655195,0.9670539,0.95424163,0.9697255,0.9546247,0.96191037,0.96834767,0.96316946,0.97021735,0.9438929,0.95679516,0.953765,0.974877,0.97418046,0.96660453,0.9709287,0.95104176,0.9825897,0.97942,0.95891064,0.97003514,0.9658496,0.96869266,0.9589272,0.9672668,0.9546962,0.9677725,0.97005564,0.9649879,0.9368128,0.9619897,0.966097,0.9529059,0.9673474,0.9783595,0.9474009,0.94501954,0.9731215,0.9650282,0.95489854,0.9656105,0.95507675,0.9791214,0.95104575,0.9325502,0.95430195,0.9629514,0.9628157,0.9715442,0.96809447,0.96569765,0.96156085,0.9629008,0.9616349,0.9590653,0.95782906,0.95765543,0.96375245,0.95596164,0.95944333,0.97296554,0.96438706,0.9791214,0.9734684,0.9678756,0.9617156,0.9373789
angrybirdsmovie,0.9610218,0.9694642,0.9798329,0.9569812,0.9635657,0.9670106,0.9683989,0.9551135,0.9746993,0.9411004,0.9551734,1.0000002,0.96354955,0.9585664,0.97435105,0.9685084,0.9528179,0.9732514,0.96909875,0.97358024,0.96362627,0.97156996,0.96100336,0.9640315,0.95944047,0.9437841,0.962999,0.9482922,0.9782681,0.9735169,0.96499074,0.9693753,0.9381354,0.98306817,0.94754964,0.9463189,0.9695274,0.9619168,0.97324437,0.9722154,0.9691587,0.9736557,0.97093457,0.9675543,0.9594042,0.96997786,0.952285,0.9673163,0.94988227,0.9675111,0.97984624,0.9741715,0.95842296,0.9418886,0.9370629,0.97227186,0.95669574,0.9567567,0.95862764,0.96537393,0.95268273,0.95187646,0.95523787,0.96864915,0.9716534,0.95462793,0.95534194,0.9593886,0.9656358,0.965125,0.96396464,0.9467749,0.9597298,0.93763185,0.9591178,0.9494665,0.95577824,0.961697,0.9552982,0.9557916,0.9585777,0.96406335,0.9823479,0.95296705,0.97483486,0.9378583,0.9504057,0.96592396,0.95192003,0.96066433,0.9730438,0.96396464,0.95426476,0.9528677,0.98055977,0.96651274,0.962821,0.9723795,0.9682168,0.96848583,0.9672457,0.96261114,0.96914274,0.9677357,0.9607145,0.98314935,0.95600355,0.9739593,0.9603638,0.9757276,0.9494709,0.97966266,0.9690315,0.95497787,0.9737343,0.9604229,0.96058065,0.9540482,0.949406,0.9547082,0.986237,0.96508104,0.96494806,0.94332725,0.96040016,0.96952933,0.96654344,0.96861464,0.9730741,0.9590394,0.94218355,0.96641845,0.94452703,0.9259519,0.93693596,0.95991224,0.94915265,0.96531254,0.9755888,0.97042716,0.9746993,0.97837865,0.96923786,0.9643426,0.97434634,0.9568837,0.9540189,0.95420074,0.9725412,0.9348545,0.9736167,0.9666867,0.9494337,0.926416,0.9607456,0.9567501,0.9387218,0.967436,0.9600545,0.9707347,0.9746993,0.97632426,0.96573424,0.9524056,0.97037685
annabellemovie,0.97387457,0.96205986,0.9797725,0.96854186,0.9719789,0.96744686,0.9771372,0.96562266,0.97973394,0.9514564,0.9550055,0.96354955,0.99999994,0.9613135,0.96244776,0.9525968,0.9554102,0.9700761,0.9751974,0.9603482,0.9618812,0.98195463,0.97378534,0.97282284,0.95630074,0.9316603,0.96373737,0.93844146,0.97776234,0.96399105,0.9720343,0.9732899,0.9622203,0.9695934,0.94760954,0.9499697,0.97714925,0.9845053,0.97654974,0.96500516,0.9800978,0.96732944,0.9626827,0.9624913,0.9572084,0.9710785,0.97014886,0.95184475,0.9528046,0.97078806,0.97969157,0.9718341,0.9796992,0.95577544,0.95342344,0.96234506,0.95628613,0.9521688,0.9690175,0.9680296,0.9693546,0.95455104,0.9602835,0.9807815,0.96827674,0.9524219,0.9509246,0.96213055,0.9625615,0.9520164,0.9672989,0.94679636,0.93567014,0.9379441,0.96813905,0.9471996,0.9566862,0.9698304,0.9663874,0.9497375,0.95364445,0.9770655,0.97617877,0.9530624,0.9849737,0.95174146,0.9546689,0.986098,0.95021117,0.97429043,0.95341134,0.9672989,0.96165466,0.95584095,0.98169297,0.95426023,0.9585017,0.9669429,0.9724135,0.9783572,0.96639776,0.9649586,0.96876246,0.9682019,0.96755767,0.9798803,0.9561809,0.9754903,0.95026296,0.9561059,0.96162945,0.97529256,0.9621791,0.9528598,0.95957184,0.95647305,0.97117996,0.96163356,0.94234353,0.9674629,0.97961587,0.9650953,0.9626725,0.9537412,0.9648748,0.9770007,0.97384024,0.9608783,0.97534037,0.9695038,0.9613466,0.9737138,0.95324254,0.91403013,0.9461842,0.95551205,0.9574039,0.9768882,0.9677491,0.9750199,0.97973394,0.97039163,0.96034074,0.97048336,0.98047507,0.9677785,0.95448375,0.95788467,0.9763429,0.944311,0.97577333,0.97405535,0.95554924,0.9411222,0.9721422,0.969376,0.94118357,0.9543095,0.9582415,0.9636014,0.97973394,0.9701417,0.9791088,0.9704628,0.9721435
annamovie,0.9641866,0.9688333,0.9625647,0.96915984,0.96355534,0.9639953,0.9727506,0.954246,0.98326385,0.9580025,0.96994805,0.9585664,0.9613135,1.0000001,0.97093135,0.97512937,0.97783834,0.9723615,0.9705721,0.9744815,0.9758222,0.9707095,0.9726521,0.9660418,0.961493,0.9589505,0.96673983,0.9667544,0.96609133,0.97045225,0.9682369,0.9559152,0.9620474,0.964407,0.9664421,0.9591112,0.97717273,0.9732361,0.9750535,0.9654253,0.95061255,0.9678151,0.9509928,0.95915616,0.95771074,0.97380984,0.9666863,0.96006066,0.9455449,0.9668484,0.9656319,0.9725096,0.9628532,0.9449444,0.9566835,0.97225213,0.96900016,0.9536498,0.9689689,0.97664535,0.9473744,0.95771825,0.961002,0.97708845,0.9745925,0.96167177,0.95898145,0.9680028,0.96619666,0.97130257,0.96859676,0.949324,0.95721936,0.9636957,0.9664907,0.96975577,0.94422686,0.9738707,0.9615283,0.95928454,0.96088254,0.97048724,0.9689852,0.9617527,0.9673771,0.95428616,0.9723032,0.95842814,0.95450425,0.96352756,0.9612414,0.96859676,0.9585846,0.97143286,0.96635944,0.9687154,0.96427685,0.97055745,0.9693197,0.975954,0.9756494,0.97333086,0.96883345,0.96230954,0.97651035,0.96607506,0.9643564,0.96231014,0.97670746,0.9604098,0.9805764,0.97529274,0.9642999,0.9652555,0.9570026,0.974934,0.9696828,0.9674676,0.96369886,0.97215545,0.97485083,0.97574383,0.9702161,0.95186454,0.9629103,0.98035985,0.95691264,0.9607103,0.9706589,0.96241105,0.9615622,0.97551453,0.97131366,0.9321316,0.9566035,0.9767369,0.9612991,0.96246845,0.9654464,0.96878314,0.98326385,0.96550226,0.9600415,0.95684487,0.97582763,0.96564996,0.9631908,0.97303224,0.9672248,0.9499231,0.96778387,0.9679564,0.9588853,0.93300825,0.9747707,0.95941675,0.95158976,0.9638052,0.9604465,0.96673626,0.98326385,0.97074574,0.97381985,0.9706355,0.9444014
apollo11movie,0.9766021,0.9804885,0.977864,0.97443336,0.96809006,0.9795714,0.9806147,0.97595966,0.9897544,0.94497824,0.9703117,0.97435105,0.96244776,0.97093135,1.0,0.9737458,0.9656702,0.97667205,0.973741,0.98875976,0.9796775,0.97651976,0.98213375,0.97618306,0.9769567,0.9611075,0.97822285,0.9681277,0.9742458,0.97975224,0.97454876,0.9718628,0.95735174,0.97240955,0.9741048,0.9712038,0.9841134,0.9716409,0.96857905,0.97054964,0.96685505,0.97931784,0.97569764,0.9831665,0.9795418,0.9802602,0.9765273,0.97545063,0.96610373,0.9840329,0.9729935,0.9831671,0.9719621,0.9488972,0.96464765,0.97482693,0.97145265,0.97933894,0.97853035,0.9693674,0.95925266,0.97622466,0.9627188,0.97424865,0.9794387,0.9704595,0.9611601,0.9742891,0.9815143,0.96813804,0.9746168,0.9639934,0.96589774,0.96966285,0.9794162,0.97218865,0.9641703,0.98151606,0.96977496,0.97846293,0.97253025,0.9813338,0.98214465,0.97991824,0.9688253,0.9667943,0.9709903,0.9694316,0.9586873,0.97654045,0.967049,0.9746168,0.9634617,0.9739332,0.98164725,0.98616785,0.9765398,0.98052275,0.97856385,0.976661,0.97483265,0.9776185,0.96857315,0.97493,0.96582437,0.97535414,0.97775406,0.9672948,0.96331006,0.97642726,0.971641,0.9831455,0.9837629,0.9729755,0.9769526,0.9765706,0.9815915,0.97715855,0.97513306,0.97879744,0.9801604,0.98070645,0.97958714,0.9726488,0.9714883,0.98181903,0.96653426,0.9639316,0.9720783,0.9767053,0.9618974,0.9680387,0.9670941,0.9542848,0.97350496,0.97311056,0.96408826,0.97275865,0.9733503,0.9744065,0.9897544,0.9760068,0.9679493,0.9759223,0.9765559,0.9710827,0.97689307,0.97811186,0.9776591,0.96319807,0.980612,0.9740233,0.97157526,0.9532494,0.96784765,0.9692886,0.96937966,0.96404433,0.978148,0.9798014,0.9897544,0.9837592,0.97332436,0.98194396,0.9644533
arcticdogsmovie,0.96266055,0.97255915,0.962697,0.97488964,0.96865684,0.95959836,0.9702797,0.96751887,0.98030835,0.9596352,0.97079706,0.9685084,0.9525968,0.97512937,0.9737458,1.0000001,0.96607244,0.97450376,0.9586552,0.9644064,0.9660357,0.9697872,0.9692157,0.97024906,0.9571738,0.960626,0.9688306,0.9560208,0.9730509,0.9717026,0.9673594,0.9554037,0.93880445,0.9696504,0.9604712,0.9671063,0.96958214,0.95763963,0.96851265,0.9630909,0.9550125,0.9615288,0.95268404,0.9601073,0.9565533,0.9649922,0.96226484,0.9647237,0.95791197,0.9605229,0.96916485,0.97520685,0.9523549,0.9474622,0.95328397,0.9775983,0.9740391,0.9482296,0.97013843,0.9706546,0.955821,0.95854145,0.9624355,0.96757144,0.9770294,0.9601963,0.9620039,0.96672976,0.9753844,0.9657406,0.97057843,0.9537999,0.97278965,0.9607044,0.9662968,0.9568749,0.95314074,0.95523244,0.9618045,0.9683078,0.9668365,0.96605563,0.9785563,0.96636915,0.9735603,0.95140487,0.9736097,0.9520956,0.9631317,0.96632814,0.96339655,0.97057843,0.95327866,0.96510243,0.96474725,0.9707549,0.973973,0.97305477,0.9738403,0.97407836,0.9637745,0.971486,0.9490855,0.9661508,0.97039855,0.9727186,0.9610975,0.96784204,0.9716321,0.9587478,0.9730456,0.9823106,0.965755,0.97120994,0.96822536,0.9698516,0.96990216,0.96154416,0.9628472,0.96085185,0.9790557,0.9706856,0.9786685,0.9513283,0.9693877,0.97225744,0.9456285,0.9561315,0.9691476,0.9567135,0.9450834,0.9771455,0.9659968,0.9445691,0.9496494,0.97194904,0.95817864,0.96503764,0.9803187,0.96107066,0.98030835,0.9685989,0.95651454,0.9527304,0.97888356,0.96326554,0.9699975,0.9661246,0.96611065,0.9547356,0.9677173,0.95726115,0.95213866,0.9418269,0.96596897,0.96354336,0.95349234,0.9645998,0.9665224,0.9735026,0.98030835,0.9730722,0.9681789,0.96127796,0.9567211
arcticmovie,0.9557848,0.9625295,0.95827067,0.96150124,0.9564893,0.95063436,0.9661323,0.9542014,0.9755505,0.9609295,0.96083367,0.9528179,0.9554102,0.97783834,0.9656702,0.96607244,0.9999999,0.9578905,0.95526785,0.9677445,0.95919025,0.96940875,0.9699495,0.97070575,0.9549368,0.9471017,0.9518255,0.9718069,0.96346337,0.95451194,0.96210414,0.95462024,0.95101327,0.9522445,0.95454895,0.93944114,0.95745546,0.9672477,0.9585268,0.9653639,0.935186,0.96468246,0.95342493,0.96636057,0.95689696,0.96880543,0.9658861,0.9639544,0.9376725,0.9682701,0.9609087,0.9662581,0.96258354,0.9441227,0.94617933,0.95595586,0.9597623,0.9392099,0.96956915,0.97111183,0.93304163,0.9542785,0.9637986,0.96262676,0.9666773,0.9539058,0.9562113,0.9601257,0.963596,0.9680068,0.96276283,0.9404682,0.93910384,0.95263696,0.95747465,0.95916975,0.93342376,0.959454,0.9510587,0.96512645,0.9523731,0.9682027,0.9635332,0.94829184,0.96683896,0.9522049,0.9596065,0.95426357,0.95965993,0.95474446,0.9423261,0.96276283,0.9550551,0.966792,0.95065325,0.9548382,0.962363,0.96675676,0.95632005,0.9692437,0.96348476,0.9671771,0.95975584,0.95438445,0.972123,0.96234465,0.956884,0.9493239,0.961591,0.9507739,0.9764834,0.9670815,0.957106,0.94358724,0.9444006,0.96383387,0.9687333,0.9572493,0.95241517,0.96665007,0.9707678,0.9653772,0.95553595,0.9468843,0.9631442,0.9742679,0.94580233,0.95006543,0.9670882,0.96832824,0.94688076,0.96812224,0.9769002,0.9291343,0.9437207,0.95753264,0.95139825,0.9467779,0.9626656,0.9597014,0.9755505,0.9536174,0.9561698,0.937976,0.96656305,0.9515227,0.94243133,0.96652013,0.9558153,0.95393425,0.96142834,0.9679003,0.9544999,0.9315132,0.96949583,0.96121144,0.95123446,0.9522875,0.95590436,0.9599084,0.9755505,0.96809775,0.9596882,0.97104436,0.9472426
artofracingmovie,0.97989887,0.9756133,0.97003734,0.9757285,0.9818833,0.9755968,0.9812288,0.9725431,0.9865908,0.95350033,0.97032696,0.9732514,0.9700761,0.9723615,0.97667205,0.97450376,0.9578905,0.9999999,0.9729372,0.9764892,0.9764722,0.9773686,0.9743966,0.9695978,0.96482104,0.96940297,0.9802236,0.96347994,0.98011523,0.97678745,0.97322184,0.97163135,0.95658696,0.9761348,0.96889746,0.9729734,0.9781255,0.9758107,0.9742569,0.9756529,0.9637201,0.9752596,0.967184,0.97184527,0.97301257,0.9813193,0.96393144,0.97080696,0.9653399,0.97388047,0.97164184,0.9828847,0.95947504,0.9605659,0.9688744,0.9860478,0.96700233,0.9589639,0.97529364,0.9779801,0.9577215,0.9698759,0.9714313,0.9666227,0.9703771,0.96999896,0.95115113,0.9776605,0.97978616,0.9728531,0.977996,0.9625302,0.9700341,0.9625868,0.97806907,0.9659187,0.97939295,0.9695757,0.9697201,0.9758921,0.9768926,0.976645,0.98052555,0.9688429,0.97038484,0.95821923,0.9721369,0.97741985,0.9665869,0.9734184,0.978849,0.977996,0.9671639,0.9665013,0.97842157,0.9752313,0.9700457,0.97591585,0.98122704,0.981281,0.9678943,0.9793514,0.96868515,0.97967464,0.96911806,0.9767274,0.9716902,0.96284646,0.9661062,0.9640556,0.9786671,0.9815084,0.98105824,0.97316563,0.970079,0.97477597,0.977983,0.97264874,0.9698022,0.9707862,0.98065966,0.97597146,0.98975503,0.96408314,0.97296774,0.9776196,0.97247195,0.9535107,0.9741673,0.9675645,0.96198165,0.9788611,0.95788056,0.9318051,0.9543604,0.97428566,0.9718842,0.9738604,0.9737317,0.9789716,0.9865908,0.96660495,0.9642775,0.9626679,0.97882456,0.9718363,0.9723281,0.9742844,0.97193205,0.96369606,0.9843682,0.9729394,0.9762486,0.9471905,0.97189826,0.9717219,0.94471824,0.9738714,0.97234964,0.97369736,0.9865908,0.98199385,0.9752021,0.96845835,0.96442777
avengers,0.9839706,0.9696259,0.9831715,0.96354276,0.9671195,0.97697586,0.97778314,0.96656775,0.98379916,0.9463768,0.95954686,0.96909875,0.9751974,0.9705721,0.973741,0.9586552,0.95526785,0.9729372,1.0,0.9670744,0.97428983,0.97340596,0.96864843,0.9672131,0.96764785,0.94595325,0.96454,0.9570982,0.97921944,0.976691,0.9768331,0.9727961,0.9619978,0.97781926,0.95189315,0.95475394,0.97832566,0.9798822,0.97878665,0.9769842,0.9705063,0.9783274,0.97095615,0.9737671,0.97417355,0.9657525,0.96172667,0.9711814,0.9583797,0.9799406,0.97765654,0.97776586,0.9732353,0.949038,0.96362096,0.9735251,0.9604494,0.9663387,0.96188754,0.96890825,0.9588709,0.96042204,0.9642465,0.9758141,0.97202444,0.96220297,0.9509183,0.9744963,0.9701298,0.9580671,0.96774924,0.953777,0.9577011,0.9510641,0.95952004,0.9661002,0.94618237,0.9736747,0.95868313,0.96503675,0.95367664,0.97215885,0.97105354,0.95672643,0.9715487,0.9515642,0.954839,0.977454,0.9532601,0.9747879,0.9660989,0.96774924,0.9559924,0.97198474,0.979316,0.9607975,0.96331304,0.9636357,0.9727656,0.9653993,0.9658865,0.9686136,0.97145736,0.9740833,0.9615312,0.97712094,0.9662734,0.96727604,0.9623559,0.9714609,0.9623128,0.9761437,0.9762162,0.95451814,0.96762246,0.96805936,0.97213656,0.9664068,0.9564577,0.97201043,0.9702125,0.9706924,0.9718777,0.9636428,0.968364,0.97612226,0.9628046,0.96675473,0.9628115,0.96635187,0.96144944,0.95869416,0.9575713,0.9299597,0.95282257,0.9735108,0.95799065,0.986731,0.9667888,0.96727824,0.98379916,0.9693769,0.96244055,0.9641257,0.97142375,0.97480845,0.9705429,0.9608095,0.97473633,0.9487987,0.9811577,0.9860334,0.9650736,0.93480587,0.9718536,0.96454316,0.9559793,0.96737075,0.97016305,0.97397316,0.98379916,0.97065467,0.97777325,0.96739507,0.9654187
beachbummovie,0.969225,0.9715221,0.9724468,0.9696248,0.96754694,0.9748983,0.9728615,0.9683857,0.9845665,0.9415187,0.96752566,0.97358024,0.9603482,0.9744815,0.98875976,0.9644064,0.9677445,0.9764892,0.9670744,1.0,0.9723255,0.979449,0.979906,0.9698791,0.96834785,0.95811224,0.97297704,0.96794623,0.9672227,0.97570765,0.97875476,0.9644143,0.95930386,0.96824723,0.97899604,0.96851563,0.9783096,0.96956193,0.96851605,0.97259897,0.95791,0.97566867,0.9721534,0.9780097,0.97025514,0.9843726,0.9766153,0.9648669,0.9549053,0.97613996,0.9699714,0.9756376,0.96602196,0.94474864,0.9594602,0.9706234,0.9706844,0.96984124,0.97921664,0.97053146,0.94334066,0.9766393,0.9557296,0.9723526,0.9725769,0.9684244,0.95177555,0.9630625,0.9732681,0.9730153,0.9718703,0.9592484,0.96006614,0.96113116,0.9793603,0.96743935,0.96253884,0.97551036,0.9639231,0.96861404,0.97422147,0.97636825,0.97978675,0.97592396,0.9695477,0.9658534,0.9595431,0.96616405,0.9513821,0.9655034,0.9676085,0.9718703,0.9693322,0.96504074,0.97476906,0.9767102,0.969278,0.9801135,0.97017896,0.9761992,0.97520417,0.97750556,0.97476876,0.9654525,0.9682858,0.97525835,0.9690739,0.9669248,0.9611917,0.9666268,0.96850985,0.9790526,0.9795689,0.97643334,0.97099304,0.9702908,0.9749847,0.9759035,0.97402185,0.9688458,0.97990566,0.97973955,0.9760352,0.9617332,0.97361344,0.97860366,0.970893,0.96348894,0.97763145,0.9730185,0.9583061,0.97096753,0.95982164,0.9397797,0.9647862,0.97144055,0.96254975,0.96277964,0.9664894,0.9765898,0.9845665,0.9718834,0.9710433,0.9671724,0.9743686,0.96098757,0.96381956,0.9803848,0.974128,0.95981467,0.97175807,0.9691719,0.970583,0.9331312,0.97093236,0.96680284,0.9541372,0.9668544,0.97035164,0.9788951,0.9845665,0.98232496,0.9701378,0.9773111,0.95267516
bernadettefilm,0.9671768,0.9761432,0.96703696,0.98122984,0.9608414,0.97619563,0.978385,0.96497715,0.9841898,0.9335074,0.95809126,0.96362627,0.9618812,0.9758222,0.9796775,0.9660357,0.95919025,0.9764722,0.97428983,0.9723255,1.0000001,0.97178185,0.97972286,0.96406794,0.97352904,0.96431136,0.97268224,0.97068894,0.9692095,0.97345304,0.9671399,0.9633406,0.95572746,0.95873237,0.97728795,0.97287506,0.98433715,0.9703054,0.9652437,0.96415836,0.95296365,0.97344,0.9561895,0.9697833,0.9702119,0.97567755,0.9746268,0.97303164,0.95252055,0.97613853,0.96421844,0.9783595,0.9627489,0.93936354,0.9700432,0.97595394,0.95395094,0.9730544,0.9748414,0.96880764,0.949995,0.9603478,0.9495875,0.9690428,0.9775848,0.96547604,0.9578013,0.9735054,0.97418267,0.9579466,0.97020775,0.95932823,0.96389323,0.9681979,0.9807442,0.96538335,0.9528948,0.97870743,0.9681854,0.967143,0.9607674,0.981093,0.9673649,0.9754141,0.96081096,0.95635617,0.9811848,0.9633423,0.9525594,0.9744096,0.9654389,0.97020775,0.95593065,0.9810848,0.9772313,0.9807574,0.9607733,0.96538687,0.97204757,0.9773748,0.9791499,0.9726225,0.9671195,0.96709,0.9531922,0.9641289,0.97040814,0.95864856,0.96203095,0.9720532,0.9661237,0.9774801,0.9809844,0.9665098,0.96967554,0.9694697,0.9678174,0.9810112,0.96821034,0.98032236,0.9735718,0.9829866,0.97549546,0.9736702,0.9564591,0.9845088,0.9592777,0.9600367,0.96991843,0.97121125,0.9784097,0.96375746,0.9531173,0.94908065,0.97142524,0.9709437,0.9486135,0.9680309,0.9661951,0.97045755,0.9841898,0.9673103,0.9649178,0.97106194,0.9723931,0.97273743,0.97215074,0.97724414,0.9652913,0.9476893,0.97854805,0.96724117,0.9713708,0.93592674,0.96746016,0.9621926,0.97138906,0.96237403,0.97081757,0.96800566,0.9841898,0.97062117,0.9654677,0.9778151,0.9495985
