movie,21bridgesmovie,47metersdown,abeautifuldaymovie,abominablemovie,adastramovie,adogsjourneymovie,aftermathmovie,aftermovie,ahiddenlifefilm,alitamovie,angelhasfallen,angrybirdsmovie,annabellemovie,annamovie,apollo11movie,arcticdogsmovie,arcticmovie,artofracingmovie,avengers,beachbummovie,bernadettefilm,blackandbluemovie,blackchristmas,blindedbythelightmovie,bombshellmovie,booksmart,breakthroughmovie,brianbanksmovie,brightburnmovie,brittanyrunsmov,captainmarvelofficial,captivestatemovie,catsmovie,charliesangels,childsplaymovie,clarathefilm,coldpursuitmovie,countdown,currentwarmovie,darkwatersmovie,detectivepikachumovie,disneyaladdin,disneyfrozen,disneymaleficent,doctorsleepmovie,dolemiteismyname,dontletgomovie,doramovie,downtonabbey_official,dumbo,escaperoom,everybodyknowsmovie,fastandfuriousmovie,fightingwmyfam,fivefeetapartfilm,fordvferrari,freaksthefilm,geminimanmovie,glassmovie,gloriabellmovie,godzillamovie,goldfinchmovie,goodboysmovie,goodliarmovie,gretafilm,halathemovie,happydeathdaymovie,harrietfilm,hellboymovie,hersmellmovie,highlifemovie,highstrungmovie,honeyboymovie,hotelmumbaifilm,httydragon,hustlemovie,hustlersmovie,isntitromantic,itmovieofficial,jayandsilentbob,johnwickmovie,jojorabbitmovie,jokermovie,judythefilm,jumanjimovie,justmercyfilm,knivesout,lalloronamovie,lastblackmansf,lastchristmasthemovie,latenightmovie,lighthousemovie,lionking,littlethemovie,littlewomenmovie,littlewoodsfilm,longshotmovie,lordsofchaosmovie,lucyintheskyfilm,mamovie2019,marriagestory,meettheaddams,meninblack,midsommarmovie,midwaymovie,missbalamovie,missinglinkfilm,motherlessbklyn,onceinhollywood,onthebasisofsex,overcomermovie,peanutbutterfalcon,petsematarymovie,piercingmovie,playingwithfire,playmobilthemovie,pomsmovie,queenandslim,rambomovie,readyornotfilm,richardjewellfilm,rocketmanmovie,scarystoriesmovie,secretlifeofpets,serenityfilm,shaftmovie,shazammovie,spidermanmovie,spiesindisguise,starwars,stormboymovie,stubermovie,taosdfilm,teenspiritmov,terminator,theaeronautsmov,thebestofenemies,thedeaddontdie,thefarewell,thehighwaymen,thehummingbirdprojectfilm,theintrudermovie,theirishmanfilm,thekitchenmovie,thelegomovie,themustangfilm,thenightingalefilm,theprodigymovie,thesunisalsoastar,theupsidefilm,tolkienmovie,toystory,triplefrontier,uglydolls,uncutgems,underthesilverlake,usmovie,wavesmovie,whatmenwant,wonderparkmovie,wrinklestheclown,xmenmovies,yardiefilm,yesterdaymovie,zombieland
21bridgesmovie,1.0,0.98163605,0.9855499,0.981139,0.9863933,0.9800789,0.99165297,0.97708505,0.9970116,0.97410697,0.99102855,0.97263634,0.98452604,0.9883142,0.9885461,0.99111205,0.9952014,0.98988634,0.9861021,0.9834076,0.9796865,0.9831509,0.9864066,0.98866475,0.9886874,0.980068,0.97970897,0.9921763,0.9881917,0.9811354,0.9790037,0.9840412,0.9773275,0.9848123,0.9739451,0.9881916,0.98998165,0.9806674,0.9878931,0.9812447,0.97702706,0.9918811,0.9850442,0.9932334,0.9927802,0.97997004,0.98337233,0.97480214,0.98533314,0.9953523,0.98625994,0.99243355,0.98650724,0.9836677,0.96317524,0.9823578,0.98655194,0.9838882,0.9901429,0.98694843,0.99056745,0.9912512,0.98098856,0.9848852,0.98337096,0.9839148,0.98951226,0.98832893,0.9875914,0.98395085,0.9847547,0.98483074,0.9762199,0.9935864,0.9868611,0.98623496,0.98079944,0.9864454,0.98847735,0.97175455,0.982483,0.9870567,0.98961544,0.982462,0.9822616,0.96719253,0.98444587,0.98630494,0.9774294,0.9914716,0.98647183,0.9847547,0.98761636,0.9819396,0.9909747,0.98655146,0.97252136,0.9866773,0.9853523,0.98685837,0.9889901,0.9752854,0.9807579,0.98261374,0.98149794,0.9823453,0.9909818,0.98580325,0.9904178,0.98263204,0.9875115,0.98513776,0.9893656,0.9866405,0.9821887,0.99250644,0.99775004,0.97809595,0.9940013,0.9883408,0.98559844,0.9869875,0.98433703,0.9804875,0.98933583,0.9872844,0.988641,0.97829145,0.9814542,0.98392105,0.98425925,0.990009,0.98470974,0.97849774,0.9883847,0.9870137,0.9836107,0.9865754,0.9802273,0.9958508,0.9970116,0.98002666,0.9910371,0.98320645,0.9826735,0.99385464,0.98958105,0.9654654,0.9896012,0.9908636,0.99296063,0.98806334,0.9882314,0.9867989,0.98446953,0.97550863,0.98550594,0.984543,0.98808295,0.98736304,0.9970116,0.98356986,0.99225384,0.9851737,0.9836741
47metersdown,0.98163605,0.99999994,0.96844614,0.97540534,0.9750384,0.97316575,0.98666734,0.9854443,0.9844241,0.97648734,0.975862,0.9459161,0.9906912,0.96906483,0.9783028,0.98042816,0.9813663,0.9874042,0.9756607,0.9780142,0.9749459,0.97660124,0.98726946,0.98160404,0.9903875,0.98263735,0.9824464,0.96956277,0.97956455,0.95670044,0.9772645,0.9742142,0.96975374,0.9755998,0.9843549,0.98059887,0.9844317,0.970514,0.9814142,0.9692656,0.9581224,0.980602,0.98786265,0.9887509,0.97502285,0.94461644,0.98481834,0.9593187,0.98549235,0.9879459,0.9735652,0.9740472,0.98923314,0.99209476,0.9618008,0.97599715,0.97363037,0.96277344,0.9812574,0.9807077,0.97816944,0.9787673,0.9536119,0.9740657,0.96644515,0.9652471,0.97532624,0.96575606,0.97609055,0.9888799,0.98142195,0.9775403,0.9810702,0.9820253,0.9877247,0.98094815,0.9803736,0.97860706,0.9825797,0.98876387,0.9714042,0.9832065,0.9816327,0.9896869,0.96667033,0.97244936,0.9819299,0.9964324,0.97426885,0.9773639,0.97601527,0.98142195,0.9745203,0.97916913,0.98466414,0.9825452,0.95537937,0.9893665,0.9887834,0.97449285,0.97156173,0.95310056,0.9773502,0.98920304,0.96987456,0.97485703,0.9755517,0.967305,0.9754329,0.9754117,0.9854767,0.98647785,0.97792226,0.9807888,0.963933,0.98442465,0.98401433,0.9797769,0.98762405,0.9867909,0.988322,0.9746252,0.9832668,0.9667513,0.9786025,0.9821258,0.98462266,0.9717067,0.9731161,0.98457235,0.9827178,0.98349357,0.9754449,0.97532856,0.98449975,0.96238154,0.97270525,0.9712939,0.9725276,0.9848208,0.9844241,0.9754874,0.96895266,0.9750805,0.9738689,0.9750675,0.9707392,0.9761913,0.98409784,0.9780355,0.9915344,0.98479724,0.9854431,0.9648079,0.9840252,0.9657135,0.98476905,0.97164947,0.9873212,0.9761353,0.9844241,0.97591496,0.9764319,0.97951025,0.97672206
abeautifuldaymovie,0.9855499,0.96844614,1.0,0.97389174,0.98564374,0.9895628,0.9854057,0.9716391,0.9917319,0.97384006,0.99053967,0.98224205,0.97771317,0.9877355,0.9880787,0.97565305,0.982091,0.97831315,0.9893573,0.9901722,0.9877986,0.98340994,0.9808475,0.9825591,0.9836148,0.9787332,0.98520154,0.9878718,0.9929021,0.98586386,0.9898199,0.98721534,0.9772838,0.99044883,0.9798434,0.9883214,0.9765375,0.98435956,0.9830445,0.98492396,0.97845584,0.985191,0.9652956,0.98254657,0.98966426,0.9769712,0.97791016,0.9633163,0.9804749,0.9847162,0.9913605,0.9915175,0.98539704,0.978662,0.9748556,0.98502904,0.97652316,0.977644,0.9859981,0.9914838,0.989987,0.98249805,0.9818794,0.9820808,0.99154705,0.98125184,0.97977155,0.98098624,0.99110377,0.9827045,0.9884629,0.98568696,0.9789583,0.9939278,0.9898302,0.9876612,0.98296034,0.98118687,0.97855395,0.95453805,0.9969131,0.99043757,0.9880742,0.98366416,0.99423647,0.9659022,0.987623,0.97237825,0.99016166,0.984597,0.96541554,0.9884629,0.97634935,0.95427674,0.98647004,0.9870949,0.98389155,0.9847231,0.9759835,0.99123,0.97348255,0.9938723,0.9909389,0.9801981,0.992927,0.98620707,0.9861325,0.9794508,0.9760063,0.98557156,0.98965925,0.9912387,0.98091835,0.9929324,0.99115855,0.98905444,0.9873209,0.9865846,0.98665583,0.9814644,0.9762385,0.9806683,0.9819538,0.9900129,0.9927874,0.98859817,0.98373055,0.98654455,0.983172,0.9727435,0.98742837,0.9900239,0.9819691,0.97785175,0.98088944,0.9928074,0.98482305,0.9926455,0.9851944,0.98509574,0.9917319,0.9849767,0.9852368,0.97908777,0.9871599,0.9890342,0.9751693,0.97665334,0.9779373,0.98957545,0.986399,0.98665696,0.9809569,0.9849035,0.9798504,0.9875418,0.9785922,0.9894437,0.97353226,0.9873637,0.9917319,0.9888317,0.9822256,0.98730063,0.98695964
abominablemovie,0.981139,0.97540534,0.97389174,0.9999999,0.9882496,0.96057796,0.9866337,0.96867675,0.98623574,0.9650581,0.9768097,0.9597165,0.9875402,0.974506,0.9779792,0.9837811,0.9786033,0.972748,0.9662872,0.97348005,0.9628651,0.97690034,0.97866845,0.9799844,0.98306334,0.96348804,0.98820883,0.9724276,0.9820814,0.9644775,0.9652037,0.9855487,0.9608255,0.97473073,0.9656614,0.9792989,0.98275745,0.98823744,0.9634253,0.9837546,0.9620709,0.97422105,0.96338135,0.97727615,0.9783821,0.96662086,0.9760854,0.9513962,0.9676557,0.9756744,0.98025465,0.982626,0.9711219,0.9714452,0.95656186,0.96691275,0.9790087,0.9718456,0.9736717,0.9731649,0.9796702,0.9791529,0.960439,0.9776334,0.98111993,0.9598953,0.9746693,0.9709284,0.9800842,0.96991366,0.9767621,0.9639919,0.94886357,0.9771883,0.98524374,0.9704982,0.962724,0.9833869,0.9782552,0.95977867,0.9793487,0.9774384,0.9820843,0.97690666,0.9790679,0.96569407,0.9863205,0.9755183,0.9773028,0.98977417,0.95378274,0.9767621,0.97052544,0.9724344,0.986163,0.9892021,0.9598701,0.9743723,0.9787834,0.98346156,0.9768713,0.96357465,0.9664327,0.9762532,0.9706526,0.97829986,0.9772252,0.9726967,0.9818951,0.9777127,0.97942084,0.9814297,0.97619426,0.9809214,0.968614,0.98917997,0.9861597,0.9646894,0.9806066,0.9779991,0.96850306,0.97303396,0.97211355,0.96913975,0.98128533,0.9731412,0.9791313,0.9643483,0.96907943,0.96319824,0.9773084,0.9766006,0.98459744,0.9642565,0.98279786,0.9662349,0.9847837,0.9774261,0.97545654,0.9783015,0.98623574,0.9857572,0.97423774,0.98517287,0.9776536,0.9781309,0.9812327,0.95875806,0.97553706,0.97888386,0.9848409,0.96373403,0.97940606,0.9588477,0.98092407,0.9730707,0.981998,0.9690204,0.9783202,0.97702795,0.98623574,0.9738612,0.97619975,0.97987735,0.9688273
adastramovie,0.9863933,0.9750384,0.98564374,0.9882496,1.0,0.97973543,0.9882293,0.9768311,0.99268484,0.9814764,0.9821875,0.97657615,0.9850412,0.9853709,0.982361,0.98326087,0.97966045,0.9777082,0.9821763,0.98375446,0.97666556,0.98600507,0.98626786,0.9828301,0.98385227,0.98269904,0.9916616,0.98256433,0.9870422,0.9794641,0.9785836,0.9856669,0.97837704,0.98483676,0.9778762,0.9858359,0.97806203,0.9901717,0.9785741,0.9782646,0.9716193,0.98425275,0.9689735,0.9798912,0.9854499,0.9695788,0.9850011,0.97067994,0.9788612,0.98154306,0.98700655,0.9903012,0.98496497,0.98133963,0.95953447,0.9811556,0.992833,0.9787479,0.9801223,0.98692703,0.9841204,0.9778574,0.9753015,0.9850477,0.9924924,0.97716016,0.98072,0.98484194,0.9819207,0.97787315,0.99088335,0.9828759,0.96787345,0.9882777,0.99296725,0.98159075,0.9802757,0.9857114,0.9763529,0.9659799,0.98553956,0.98201025,0.98479915,0.9875681,0.98649484,0.97673327,0.98114467,0.9797411,0.99170345,0.9875533,0.9620848,0.99088335,0.97462696,0.9686675,0.9854101,0.98915434,0.9745395,0.985797,0.98051125,0.9945236,0.9711772,0.9808929,0.9831577,0.9855486,0.98251,0.9851122,0.98596215,0.9882514,0.9838691,0.98331326,0.984563,0.98614216,0.974084,0.9872875,0.97558695,0.9901338,0.9920033,0.9829729,0.98914814,0.97968847,0.97793305,0.9701267,0.97405314,0.9856038,0.98193586,0.9808444,0.983681,0.97970146,0.9884047,0.97019356,0.97568935,0.9893519,0.98233515,0.9832845,0.98376435,0.9813057,0.99256384,0.98704886,0.98728424,0.98385113,0.99268484,0.98936176,0.97725475,0.9843543,0.9837713,0.9859269,0.9820776,0.97372764,0.98840487,0.98285615,0.9868264,0.97870785,0.9813421,0.97775537,0.985192,0.98435533,0.9908791,0.9879273,0.97845197,0.9762416,0.99268484,0.9908105,0.9843185,0.98914886,0.98149145
adogsjourneymovie,0.9800789,0.97316575,0.9895628,0.96057796,0.97973543,1.0000001,0.97644067,0.9690572,0.9871636,0.9743537,0.98889905,0.9786442,0.9759048,0.976539,0.9847917,0.9694871,0.9768301,0.97931904,0.9887737,0.9846007,0.98473686,0.97727036,0.9762747,0.9782366,0.9764253,0.979097,0.9765187,0.98449606,0.979942,0.976939,0.98996687,0.976823,0.98136246,0.9812722,0.9804761,0.9873549,0.9702477,0.96676064,0.9920989,0.96795195,0.96048975,0.98864585,0.97583824,0.9841895,0.9837505,0.9684748,0.97249764,0.9623688,0.9828429,0.98751706,0.9793174,0.98309296,0.98622936,0.9841583,0.9585801,0.9775226,0.97288185,0.9747875,0.98760635,0.98983324,0.97910625,0.97089684,0.97967345,0.974328,0.9817255,0.9909198,0.979623,0.97639006,0.97956437,0.9884365,0.98838174,0.98531514,0.984479,0.9936353,0.9868709,0.9825857,0.9796196,0.9760325,0.97685844,0.96629256,0.98357534,0.9821597,0.9764865,0.9885182,0.9799072,0.96928877,0.97644573,0.97855055,0.98482424,0.9754156,0.96894443,0.98838174,0.98109776,0.9506539,0.9769244,0.98328465,0.9776838,0.9818117,0.966811,0.98175985,0.9693047,0.9880819,0.98706096,0.9819198,0.9856403,0.97396743,0.98843294,0.979489,0.9648,0.9733155,0.985578,0.98463386,0.97167146,0.9914035,0.98688996,0.98076683,0.98076874,0.9862565,0.9809191,0.9755947,0.976065,0.9793531,0.9769253,0.9842005,0.9846692,0.9891596,0.98880726,0.9861579,0.9864191,0.9798148,0.98352844,0.9883052,0.9757377,0.9800402,0.97861224,0.98436034,0.9683221,0.9891916,0.9851221,0.98591244,0.9871636,0.97097915,0.9765652,0.9733117,0.977475,0.98319936,0.9754936,0.98014337,0.98433423,0.97336227,0.9865273,0.99278194,0.9857741,0.9843181,0.97085327,0.98879355,0.974617,0.9925508,0.96334785,0.9775694,0.9871636,0.9890203,0.9822479,0.9856147,0.98043686
aftermathmovie,0.99165297,0.98666734,0.9854057,0.9866337,0.9882293,0.97644067,0.99999994,0.9814247,0.99441785,0.9741067,0.98886395,0.9658268,0.9868897,0.98541427,0.9876314,0.98861116,0.9899509,0.9901274,0.9796384,0.9912383,0.9828725,0.98407006,0.986273,0.9870532,0.9926947,0.98498887,0.9877126,0.9865666,0.99062276,0.977494,0.98068136,0.9825067,0.9686529,0.98722446,0.98007464,0.9831567,0.9876468,0.98590314,0.9763133,0.9816829,0.97012883,0.9890206,0.9786535,0.9914814,0.98582375,0.9716067,0.9840164,0.9642045,0.9761678,0.9910462,0.9878421,0.98492306,0.98886037,0.98781735,0.9689474,0.987781,0.9805261,0.97709703,0.9825996,0.9872634,0.98705316,0.9883549,0.9672532,0.98300725,0.981508,0.9753721,0.9821314,0.97658414,0.98712486,0.983282,0.9878458,0.980147,0.9764713,0.9924344,0.98927593,0.9878006,0.9783241,0.9843131,0.9829396,0.9673094,0.9859479,0.99325424,0.98465604,0.9852909,0.98389655,0.97801435,0.9903239,0.98717076,0.98251206,0.99105227,0.97666,0.9878458,0.97735476,0.98112684,0.9947038,0.9893993,0.972595,0.9909305,0.98824066,0.9866756,0.98141754,0.9747573,0.9834793,0.9864802,0.9772878,0.98618996,0.9826295,0.97783667,0.9877657,0.98460567,0.9879579,0.9883389,0.9886154,0.98794454,0.9763783,0.99490327,0.9946489,0.9776014,0.99170333,0.9973184,0.98258173,0.97829574,0.98464054,0.97553056,0.98913056,0.98477435,0.98464096,0.97754216,0.9831248,0.9789102,0.98890215,0.9923741,0.9801114,0.9823419,0.9872873,0.9808546,0.98619086,0.98211145,0.98219174,0.99116004,0.99441785,0.98707813,0.98400617,0.97811985,0.97614133,0.9833545,0.98067325,0.97291106,0.98413,0.99381244,0.9948433,0.98242486,0.9858977,0.9718437,0.98910946,0.972177,0.98631823,0.98473495,0.9884755,0.9883488,0.99441785,0.9841992,0.98392236,0.980611,0.9819794
aftermovie,0.97708505,0.9854443,0.9716391,0.96867675,0.9768311,0.9690572,0.9814247,1.0000001,0.9829545,0.96739376,0.9683435,0.95053816,0.991219,0.9694793,0.9774965,0.96381354,0.97267,0.97547895,0.9785147,0.9800099,0.97169024,0.9777058,0.9859053,0.98187494,0.98061806,0.9781136,0.9860504,0.96311396,0.98301095,0.95783836,0.98096913,0.97230273,0.97584647,0.97226757,0.9857836,0.970565,0.97796804,0.97172606,0.9762127,0.9617374,0.9770399,0.9754907,0.97785264,0.9768936,0.97135067,0.9442507,0.9853597,0.96144545,0.9760601,0.9790274,0.9849852,0.9737614,0.9876329,0.9880236,0.9726151,0.97603786,0.97573525,0.95750666,0.9849893,0.9773412,0.97564644,0.96418464,0.96142733,0.9857622,0.96932185,0.95947695,0.9728999,0.9734783,0.9690912,0.97943246,0.9831689,0.9852408,0.97924346,0.9769472,0.9887374,0.98827094,0.9808669,0.973136,0.97330797,0.9724692,0.97563607,0.9779562,0.98401684,0.98912185,0.97240067,0.9540543,0.9676576,0.99010676,0.9733966,0.97238433,0.9604903,0.9831689,0.9713098,0.96576995,0.9873438,0.9814471,0.94657505,0.9849968,0.98127484,0.98053753,0.96199745,0.96284264,0.98751384,0.9811587,0.9669931,0.9887475,0.97764087,0.9758933,0.9679343,0.9730653,0.9902597,0.9850751,0.96529,0.97431844,0.9677798,0.9789885,0.9800872,0.98927206,0.9849449,0.9831672,0.98836344,0.96250784,0.9726701,0.9756019,0.9755818,0.9856997,0.9764452,0.98465824,0.9726355,0.9779611,0.9807736,0.98023516,0.9701451,0.9726015,0.97513086,0.9637549,0.98082083,0.9680612,0.97277963,0.9835438,0.9829545,0.9752597,0.9672609,0.97636175,0.97772056,0.9710922,0.9580762,0.98260534,0.9837732,0.9763026,0.9814087,0.9794873,0.97796875,0.9685947,0.9776541,0.9667323,0.9863398,0.97076166,0.9860107,0.9729274,0.9829545,0.9836406,0.98279566,0.9828188,0.98463297
ahiddenlifefilm,0.9970116,0.9844241,0.9917319,0.98623574,0.99268484,0.9871636,0.99441785,0.9829545,0.99999994,0.97912514,0.99426043,0.97835493,0.98935074,0.98891306,0.9914523,0.9905495,0.99425787,0.98912627,0.9908631,0.9899689,0.9863938,0.98731,0.9908226,0.9929449,0.991795,0.98624575,0.98801905,0.99127465,0.99293566,0.983564,0.98770213,0.9913536,0.9819274,0.9896191,0.98065674,0.99092907,0.9899792,0.98711765,0.9896312,0.986645,0.9791717,0.9950477,0.9836159,0.9938009,0.9951769,0.9783677,0.9876084,0.9762529,0.98724616,0.9959565,0.9916952,0.99593544,0.99122936,0.9882589,0.9699161,0.98433405,0.98863447,0.9864405,0.99256456,0.9934018,0.9921114,0.9889183,0.98565984,0.9874851,0.990422,0.9846083,0.9908965,0.99071777,0.99135566,0.98669124,0.99347806,0.98691314,0.9793893,0.99640846,0.9934816,0.99004346,0.9832854,0.98894614,0.9901872,0.9746642,0.9910006,0.9897204,0.9911711,0.99018496,0.9890258,0.9765996,0.98867685,0.9882641,0.9880451,0.9939567,0.97951126,0.99347806,0.987413,0.9795082,0.99418694,0.9934166,0.9808128,0.9923254,0.98597795,0.9933345,0.9849564,0.9846319,0.98912454,0.9906667,0.9861473,0.98773485,0.99483997,0.98750997,0.9887762,0.98803204,0.99466187,0.99046254,0.9898697,0.99272573,0.9876546,0.9961534,0.9983149,0.9855228,0.9960324,0.9911018,0.9856859,0.98859066,0.98716605,0.988505,0.9941996,0.99157834,0.99238133,0.9855361,0.98816353,0.9845353,0.9901653,0.9948491,0.99041927,0.9807675,0.99249697,0.9892695,0.98941946,0.99298674,0.98841363,0.9959969,0.99999994,0.9867412,0.98878086,0.98595464,0.98731345,0.99519986,0.99035966,0.97577703,0.99142,0.9903747,0.9951693,0.9918409,0.99077624,0.9849755,0.98798275,0.9853657,0.99109393,0.9904713,0.9890298,0.9910139,0.99999994,0.99037653,0.99362665,0.99259764,0.987039
alitamovie,0.97410697,0.97648734,0.97384006,0.9650581,0.9814764,0.9743537,0.9741067,0.96739376,0.97912514,0.99999976,0.96409714,0.9565564,0.9748676,0.97013986,0.97320485,0.97716707,0.97357875,0.97961575,0.98390025,0.97596943,0.9686099,0.9720448,0.9729482,0.97076553,0.9776225,0.98407847,0.97494507,0.9662287,0.9774195,0.9573217,0.9758371,0.9764216,0.9748572,0.9898099,0.97940904,0.9782509,0.9752441,0.9756226,0.9811352,0.9745863,0.9693495,0.97797585,0.9684944,0.9785631,0.9715886,0.9450506,0.9702324,0.9464364,0.9904124,0.9769584,0.9723596,0.97799754,0.98332137,0.9843519,0.9587969,0.98242855,0.98306537,0.96297705,0.9655951,0.9748406,0.98245215,0.96416926,0.95390147,0.9671337,0.9692,0.95857316,0.9764761,0.96937454,0.98239213,0.97925127,0.9771899,0.9759262,0.9781276,0.9766912,0.9838426,0.97237766,0.979544,0.97971237,0.96470517,0.9753578,0.97139776,0.97828275,0.97627366,0.9815941,0.97546315,0.9668079,0.97542816,0.97837245,0.9861943,0.9708905,0.95658404,0.9771899,0.9498028,0.95292604,0.9740286,0.9722516,0.9636541,0.98380685,0.9825216,0.9747328,0.9646855,0.9588538,0.97717345,0.98570025,0.977884,0.9676966,0.9730553,0.97250247,0.9814476,0.9876468,0.9725406,0.9801743,0.9677996,0.97354776,0.9523308,0.98267365,0.9764964,0.9771058,0.98202515,0.9663415,0.9790204,0.9605307,0.9720246,0.9771955,0.9735154,0.9731955,0.9747191,0.96988875,0.9801587,0.97156966,0.9672079,0.9776767,0.963435,0.97538227,0.9796412,0.9662901,0.9761241,0.97856253,0.96674705,0.97464055,0.97912514,0.9765017,0.96679366,0.9760652,0.9755474,0.9714925,0.9605664,0.97087127,0.9787886,0.9707812,0.979222,0.98037297,0.97603375,0.97100896,0.97336733,0.96722484,0.97628057,0.9665327,0.9693479,0.96844375,0.97912514,0.97913164,0.9692356,0.9765206,0.98403245
angelhasfallen,0.99102855,0.975862,0.99053967,0.9768097,0.9821875,0.98889905,0.98886395,0.9683435,0.99426043,0.96409714,1.0,0.9707223,0.977716,0.97912246,0.9894955,0.98234487,0.99002945,0.9858397,0.9862897,0.983158,0.98860556,0.9731096,0.9799232,0.98788136,0.9887674,0.9793814,0.979085,0.991561,0.98336864,0.9778335,0.9855943,0.98441523,0.9656702,0.98091686,0.9737323,0.98997307,0.9840773,0.9774153,0.98259443,0.98034555,0.96462387,0.990291,0.97960943,0.992034,0.9934241,0.9749967,0.9749622,0.96854895,0.97742724,0.99369574,0.98029417,0.98829806,0.98104733,0.9771879,0.9641915,0.97456616,0.9739346,0.97832435,0.9889871,0.98935485,0.98603487,0.98790604,0.9849221,0.9733263,0.98359317,0.98610944,0.98690224,0.9798965,0.9862989,0.98240936,0.9856779,0.9757057,0.97557425,0.99553293,0.9852754,0.98161817,0.9730775,0.9779425,0.98987466,0.96545434,0.9878283,0.98390085,0.97989726,0.9821956,0.98040676,0.97761935,0.9872434,0.9773442,0.9820363,0.989925,0.97474575,0.9856779,0.9853127,0.9760693,0.9855254,0.9896092,0.9856502,0.9859136,0.97256476,0.9829344,0.979556,0.9867282,0.9799203,0.9808578,0.98284465,0.9743651,0.98971677,0.97366005,0.97540426,0.97583574,0.9880325,0.9844347,0.9884968,0.9942324,0.98862225,0.98795104,0.9915615,0.9763589,0.9889788,0.98711616,0.9738765,0.99090576,0.98734426,0.97700006,0.99367344,0.9877892,0.9922975,0.9751931,0.9776065,0.9825066,0.98804635,0.9906508,0.9898004,0.9736009,0.98366827,0.9866603,0.9727756,0.99299705,0.9810638,0.99108964,0.99426043,0.97272754,0.9837302,0.97215074,0.9741957,0.9902749,0.99093914,0.9718338,0.9797526,0.98607635,0.9905592,0.9874338,0.98628014,0.97966003,0.9748679,0.98476994,0.97879404,0.99040294,0.97828627,0.98937345,0.99426043,0.98296446,0.98391557,0.9834491,0.9737745
angrybirdsmovie,0.97263634,0.9459161,0.98224205,0.9597165,0.97657615,0.9786442,0.9658268,0.95053816,0.97835493,0.9565564,0.9707223,0.99999994,0.96166885,0.9833197,0.96801645,0.9681688,0.9649999,0.9542282,0.9673957,0.97579736,0.95690864,0.98478323,0.9677451,0.96529084,0.9517885,0.95729303,0.96538466,0.9751249,0.97965145,0.99150693,0.96624297,0.9726797,0.9858055,0.9750764,0.94694304,0.9659674,0.9498227,0.9594783,0.9765597,0.9664183,0.9517352,0.9756058,0.9463785,0.96020734,0.974324,0.9810892,0.96611917,0.95816,0.9630774,0.96761435,0.982526,0.98225856,0.97381514,0.96485835,0.93186826,0.9626416,0.9655993,0.9803914,0.97336704,0.9804649,0.9632588,0.96456075,0.9773134,0.97695434,0.98483217,0.98018265,0.95640403,0.9785436,0.97029865,0.9656509,0.9785193,0.9788102,0.9509769,0.97959876,0.9720354,0.9762705,0.9665693,0.97913766,0.9606821,0.92998254,0.9768634,0.97331786,0.9734953,0.96518373,0.98243695,0.94108814,0.9585891,0.9561783,0.96960604,0.96739674,0.9626085,0.9785193,0.9751545,0.930741,0.96933264,0.9705793,0.96193844,0.9592984,0.95288247,0.9817029,0.9611116,0.9819727,0.9796903,0.96599436,0.9711763,0.9740851,0.9781233,0.9823069,0.9678713,0.9701316,0.9729469,0.9682778,0.9573493,0.9719083,0.9858502,0.9761881,0.97338223,0.9665302,0.9639306,0.96133715,0.95574343,0.9644374,0.94622374,0.9815943,0.9710544,0.967443,0.9644253,0.9813621,0.9818245,0.94618094,0.96510243,0.9754418,0.9587899,0.959949,0.96890795,0.98837453,0.9769241,0.97579616,0.9844337,0.97149354,0.97835493,0.9771517,0.97164017,0.9746628,0.9766223,0.97817886,0.96584195,0.94344234,0.9727978,0.9621537,0.97022897,0.97421706,0.9650597,0.9786322,0.97283286,0.9735883,0.9663706,0.9828377,0.94757986,0.96803886,0.97835493,0.97574,0.98050076,0.9778388,0.97029716
annabellemovie,0.98452604,0.9906912,0.97771317,0.9875402,0.9850412,0.9759048,0.9868897,0.991219,0.98935074,0.9748676,0.977716,0.96166885,1.0,0.97548425,0.9857254,0.9778993,0.98107326,0.9838066,0.9792082,0.9819974,0.9719634,0.9843122,0.9863356,0.9877972,0.9860966,0.9741477,0.99184597,0.9735717,0.9884865,0.96413344,0.98105735,0.98503906,0.9805861,0.97935045,0.9842329,0.98257047,0.9875453,0.9808735,0.9822644,0.9780331,0.9728624,0.9814725,0.98117,0.98582554,0.98079944,0.96010053,0.98394436,0.95773625,0.9825207,0.98538697,0.98852855,0.9833253,0.9875311,0.99057347,0.96897745,0.97717726,0.98219603,0.97069085,0.98915774,0.9811334,0.98524064,0.9747069,0.96570104,0.98724324,0.97807676,0.9684974,0.979284,0.97674483,0.98087764,0.9877502,0.9850099,0.98325837,0.9734066,0.9838557,0.99421656,0.98590857,0.9811501,0.986827,0.98466504,0.97650605,0.9820522,0.9850766,0.98992825,0.9931373,0.98106563,0.9598444,0.98318946,0.99358606,0.9803034,0.9839831,0.96486354,0.9850099,0.9802604,0.96955323,0.9926941,0.9925739,0.9543068,0.98293674,0.9848202,0.9849166,0.9780773,0.9661883,0.98287076,0.9857468,0.9769071,0.98923427,0.9864351,0.9813418,0.9784877,0.97873783,0.9917681,0.991964,0.9754563,0.9834832,0.9766458,0.98967415,0.98627096,0.98483515,0.98692155,0.9851881,0.9858922,0.97663665,0.9792376,0.977898,0.98495895,0.9897866,0.9885784,0.9847523,0.97674376,0.9792036,0.9866285,0.98424596,0.9814924,0.9750096,0.98662657,0.968547,0.9832919,0.9787923,0.98071283,0.9890288,0.98935074,0.9853031,0.97630614,0.99204326,0.9857063,0.979817,0.9727005,0.97911674,0.9879153,0.97980607,0.99188095,0.9815009,0.98833966,0.97422147,0.98279154,0.9791975,0.98864377,0.97393477,0.98472,0.9806046,0.98935074,0.9875686,0.9868892,0.98871446,0.98496985
annamovie,0.9883142,0.96906483,0.9877355,0.974506,0.9853709,0.976539,0.98541427,0.9694793,0.98891306,0.97013986,0.97912246,0.9833197,0.97548425,0.99999994,0.9756551,0.97760135,0.98466706,0.97160375,0.973581,0.98644567,0.9758009,0.9906295,0.98745006,0.9774165,0.9789221,0.97055143,0.9808172,0.9905069,0.9884454,0.99036723,0.970338,0.97738093,0.98276407,0.9838232,0.9687612,0.9787081,0.9665796,0.9751195,0.9798846,0.97434926,0.9685004,0.9832991,0.959296,0.9778142,0.983009,0.981441,0.9875813,0.9712678,0.9760551,0.9823234,0.98823005,0.98923737,0.9883573,0.9756663,0.9517653,0.9847536,0.97630775,0.98531836,0.9763809,0.9878,0.9799056,0.98272955,0.9689083,0.9906807,0.9896116,0.9815562,0.9677725,0.98251194,0.985591,0.9776154,0.9872136,0.9868723,0.9690283,0.99010867,0.98414963,0.98075277,0.9817935,0.9794378,0.967648,0.94945043,0.983214,0.98664993,0.98953086,0.97758794,0.9845955,0.96080893,0.977988,0.9775548,0.9791024,0.97692144,0.9798218,0.9872136,0.98236746,0.9586968,0.98223263,0.9784361,0.96846694,0.9798317,0.9836154,0.9914004,0.97241014,0.9793843,0.9839767,0.97605014,0.9787273,0.9852033,0.9784378,0.98273224,0.9831343,0.97835654,0.9815179,0.98261786,0.9811124,0.9808662,0.98233753,0.9867073,0.9890657,0.977595,0.9810163,0.98270166,0.977273,0.97523093,0.9657947,0.98522544,0.97752017,0.9758243,0.9694074,0.98029834,0.9861813,0.9611583,0.98033863,0.9828474,0.9717413,0.97813505,0.98492604,0.98822016,0.9895612,0.9768342,0.98853916,0.9810867,0.98891306,0.9857556,0.9825848,0.98033124,0.98307407,0.98737687,0.9731957,0.96028495,0.9804086,0.9873254,0.9829018,0.9787531,0.9790755,0.98296905,0.9922417,0.9747409,0.9831605,0.9858262,0.97828346,0.9797853,0.98891306,0.9785588,0.9853208,0.9844378,0.9806906
apollo11movie,0.9885461,0.9783028,0.9880787,0.9779792,0.982361,0.9847917,0.9876314,0.9774965,0.9914523,0.97320485,0.9894955,0.96801645,0.9857254,0.9756551,1.0,0.9778989,0.98422426,0.99239194,0.9858276,0.9904802,0.973581,0.9795348,0.9730909,0.9880742,0.98616743,0.9795459,0.98503965,0.98243695,0.98990834,0.974814,0.9824706,0.9812706,0.97190154,0.9865743,0.9774368,0.9854166,0.9872784,0.97690105,0.9852711,0.97967976,0.9712576,0.9830149,0.98456246,0.9873949,0.98470163,0.97148144,0.9689966,0.95043284,0.9798863,0.9889472,0.9852283,0.98528814,0.9804974,0.9838812,0.96608937,0.9844322,0.9826724,0.9714511,0.9886188,0.9803474,0.9892393,0.9818604,0.9751647,0.97798294,0.97961426,0.97826,0.98920166,0.97809404,0.9851932,0.9907742,0.9798381,0.9844923,0.9816667,0.991141,0.98915195,0.99009067,0.98085314,0.98881376,0.98551005,0.9631004,0.98726314,0.9893605,0.9853403,0.98206,0.98004675,0.95870334,0.9833991,0.9805052,0.9798619,0.9938094,0.9693805,0.9798381,0.9792355,0.9669424,0.9891742,0.99406403,0.9695632,0.984741,0.98159546,0.98001844,0.9835833,0.9765139,0.98186886,0.9775847,0.9797763,0.9806455,0.98519015,0.97676384,0.98338586,0.98202485,0.9886703,0.99247545,0.9780757,0.98916113,0.9820779,0.9907908,0.98531365,0.97894275,0.9858073,0.9837965,0.98148155,0.9811976,0.9801768,0.975258,0.9946995,0.98742414,0.9914078,0.98305446,0.98073256,0.984032,0.9863658,0.98946387,0.9828738,0.98241854,0.97971827,0.9819943,0.97517675,0.98804253,0.97361976,0.9918929,0.9914523,0.9798338,0.98377836,0.9854634,0.9810371,0.9815957,0.98153627,0.96962786,0.9819833,0.9859551,0.9933669,0.98461473,0.98606366,0.98426974,0.97383845,0.97869796,0.9772129,0.9817927,0.97231,0.9905866,0.9914523,0.9851075,0.9892236,0.97872114,0.9823539
arcticdogsmovie,0.99111205,0.98042816,0.97565305,0.9837811,0.98326087,0.9694871,0.98861116,0.96381354,0.9905495,0.97716707,0.98234487,0.9681688,0.9778993,0.97760135,0.9778989,0.9999998,0.98875296,0.9837697,0.9786481,0.9751111,0.9696459,0.9770844,0.98053545,0.9793994,0.98328257,0.9796503,0.9729145,0.9794349,0.98221177,0.97241545,0.9727515,0.9841255,0.9681115,0.98504287,0.96365654,0.9811869,0.9877345,0.9813284,0.9784263,0.9848492,0.96440923,0.9875784,0.9774878,0.9881016,0.9850869,0.97064126,0.9767173,0.9633051,0.9815177,0.98747563,0.97787297,0.98599607,0.97949284,0.9806975,0.95564526,0.9714177,0.9806314,0.97909784,0.9778117,0.9803424,0.9825303,0.9885031,0.9707984,0.971356,0.975262,0.970667,0.9823595,0.9786329,0.9842008,0.9735337,0.97793186,0.97003275,0.96272373,0.9840506,0.9799427,0.97816664,0.9679486,0.9884228,0.9842969,0.9724018,0.97524214,0.9823774,0.9800774,0.9740099,0.9791628,0.973078,0.9842573,0.97895074,0.97426593,0.9888419,0.9780755,0.97793186,0.9724418,0.98148453,0.98662263,0.9796486,0.9698159,0.98213345,0.98059267,0.9792795,0.984787,0.96290606,0.97246844,0.98483443,0.9750446,0.9716908,0.982726,0.97754836,0.99157965,0.98728114,0.97816163,0.9762122,0.98429585,0.98068625,0.9687243,0.9927039,0.9927863,0.96534866,0.98912185,0.98154014,0.9763949,0.9782608,0.9799547,0.9707729,0.9843252,0.975461,0.9819195,0.9655372,0.97565645,0.9759304,0.9756442,0.98405266,0.9781806,0.9656307,0.98576224,0.9782282,0.98114985,0.98244756,0.9730648,0.98696005,0.9905495,0.980462,0.9834946,0.9763955,0.97485745,0.98599046,0.98705524,0.9543458,0.9826687,0.9812433,0.9887372,0.98114914,0.9805343,0.96937305,0.98306423,0.96428275,0.9791818,0.97472876,0.98151046,0.980918,0.9905495,0.9733263,0.97962016,0.9777029,0.9759965
arcticmovie,0.9952014,0.9813663,0.982091,0.9786033,0.97966045,0.9768301,0.9899509,0.97267,0.99425787,0.97357875,0.99002945,0.9649999,0.98107326,0.98466706,0.98422426,0.98875296,1.0,0.9882305,0.98319775,0.9815198,0.98141795,0.9744784,0.98460746,0.9920263,0.99084765,0.9789829,0.97544104,0.9902242,0.98483694,0.9718211,0.97697115,0.9870035,0.97178996,0.98632735,0.96872914,0.98215604,0.9883342,0.9746134,0.98403543,0.985394,0.97085935,0.99193186,0.979795,0.99573267,0.9925223,0.9712059,0.97998965,0.9675338,0.9841753,0.99661696,0.9815317,0.990759,0.9860333,0.97981983,0.9592223,0.97651,0.9763678,0.9840171,0.9824935,0.98455095,0.988394,0.9869431,0.9771576,0.9778244,0.97655034,0.9751111,0.98562163,0.9854657,0.9930213,0.98031557,0.9833985,0.9746365,0.97312176,0.99072427,0.98286843,0.97847116,0.9740922,0.9822206,0.9880413,0.9700279,0.9808941,0.9829666,0.98565525,0.9791678,0.976685,0.9722725,0.9844428,0.985529,0.97790205,0.9867129,0.9822475,0.9833985,0.9828462,0.98349005,0.9887929,0.9858014,0.9759899,0.98774064,0.9854272,0.98015976,0.98359805,0.9709956,0.97798765,0.9845189,0.97403294,0.9747017,0.9877779,0.97302043,0.9893453,0.98164195,0.98646384,0.9811752,0.9970349,0.9823605,0.9785876,0.99238527,0.9931527,0.97057927,0.98961675,0.9901748,0.97865325,0.9928045,0.9821401,0.9756014,0.9899456,0.98200244,0.9844553,0.97232056,0.9771691,0.9795553,0.987402,0.9842995,0.985934,0.9665145,0.9944549,0.97981477,0.9778549,0.98672146,0.9773532,0.99164665,0.99425787,0.9742299,0.9830053,0.97912276,0.97408205,0.9898191,0.9877657,0.9628354,0.97964174,0.98512137,0.98893696,0.9855661,0.9871877,0.9798002,0.9825228,0.9742648,0.9844859,0.9773167,0.9895276,0.9932693,0.99425787,0.9757323,0.9883739,0.9839887,0.9768081
artofracingmovie,0.98988634,0.9874042,0.97831315,0.972748,0.9777082,0.97931904,0.9901274,0.97547895,0.98912627,0.97961575,0.9858397,0.9542282,0.9838066,0.97160375,0.99239194,0.9837697,0.9882305,1.0000001,0.98241854,0.9849805,0.9765048,0.9742432,0.9736807,0.98724824,0.98944074,0.9854932,0.9765465,0.98209935,0.98423195,0.96489275,0.9784292,0.977154,0.9672486,0.9854665,0.9774011,0.98240024,0.990326,0.97318506,0.98412967,0.9770258,0.964714,0.9850692,0.9892946,0.99409175,0.98425364,0.9588872,0.9687673,0.95294595,0.98318446,0.9927787,0.9770803,0.9803465,0.98392767,0.9886139,0.9613824,0.9851317,0.9816683,0.96973485,0.9821866,0.97977364,0.99001783,0.9818205,0.96530783,0.9687259,0.9689269,0.97270024,0.98656636,0.9734334,0.9842927,0.9903615,0.97772837,0.9782027,0.98277766,0.9890593,0.9839063,0.98371255,0.98126364,0.98435485,0.98667705,0.9746689,0.97752,0.9879379,0.97870165,0.9826403,0.9723392,0.96702886,0.9840897,0.98680323,0.9768602,0.9871805,0.97615325,0.97772837,0.97293043,0.9758774,0.9871682,0.9865046,0.9676301,0.9876384,0.9844004,0.97256273,0.9817599,0.96152115,0.9749492,0.98359174,0.97515154,0.9733197,0.98206425,0.970595,0.9853857,0.9786464,0.9828184,0.98697543,0.9846596,0.98185486,0.96955234,0.98956585,0.98658645,0.9731057,0.9888251,0.98819554,0.9812991,0.9795742,0.9857596,0.9670385,0.9887769,0.98436016,0.9908948,0.97403795,0.9780664,0.9851971,0.98135674,0.99016774,0.97607505,0.9817312,0.9833718,0.9730567,0.9687818,0.9819691,0.9689667,0.9913669,0.98912627,0.9752434,0.9781564,0.9774804,0.9715195,0.97896826,0.9773772,0.9677428,0.9816392,0.9848634,0.9943367,0.98609203,0.9840438,0.9786147,0.9744533,0.9693474,0.9783208,0.9751245,0.97887254,0.9866338,0.98912627,0.98207945,0.9819616,0.9731827,0.97912043
avengers,0.9861021,0.9756607,0.9893573,0.9662872,0.9821763,0.9887737,0.9796384,0.9785147,0.9908631,0.98390025,0.9862897,0.9673957,0.9792082,0.973581,0.9858276,0.9786481,0.98319775,0.98241854,0.99999994,0.9803005,0.98547626,0.9711721,0.9796974,0.9820131,0.9837336,0.98588276,0.97862285,0.97838765,0.9835783,0.9681137,0.9947493,0.9847994,0.97600514,0.988365,0.9860225,0.9895045,0.98652035,0.98042053,0.989471,0.9791169,0.9860212,0.9892437,0.9812378,0.9880336,0.9868705,0.96289635,0.975721,0.9639028,0.9913698,0.98902476,0.9831409,0.98725283,0.98484826,0.9846472,0.98041695,0.9792529,0.9811172,0.9682826,0.9895683,0.9849843,0.9891204,0.9759791,0.98309946,0.97649926,0.97789794,0.9759853,0.9920264,0.9819908,0.9858486,0.9818426,0.98415726,0.98376936,0.9871983,0.9885834,0.9892959,0.98637646,0.97944784,0.9791056,0.9820858,0.9770129,0.98534983,0.98192596,0.98385066,0.9867383,0.98520887,0.9685368,0.9804762,0.9795761,0.98650616,0.9824843,0.96547246,0.98415726,0.9703688,0.9649252,0.9849728,0.98187214,0.9775107,0.9886442,0.97580314,0.9829941,0.97632354,0.98398274,0.9893595,0.98469234,0.9889249,0.97781855,0.9903051,0.98138714,0.97591054,0.9882296,0.988208,0.98550355,0.97648853,0.98930186,0.97769564,0.98548776,0.9870436,0.98942703,0.9924907,0.975716,0.9860468,0.97857195,0.9871553,0.9866118,0.989844,0.9921453,0.9887074,0.9819313,0.9777535,0.98927504,0.9830663,0.9860036,0.98117405,0.9732477,0.9794527,0.9834455,0.97762656,0.99314404,0.9729126,0.9900776,0.9908631,0.97153676,0.9837517,0.9754354,0.98230445,0.98631483,0.97696275,0.98434037,0.985424,0.98134804,0.9846572,0.99262774,0.9854001,0.9832839,0.96969444,0.9806144,0.97809464,0.9820091,0.9785567,0.9813777,0.9908631,0.9882139,0.982727,0.9870107,0.99072427
beachbummovie,0.9834076,0.9780142,0.9901722,0.97348005,0.98375446,0.9846007,0.9912383,0.9800099,0.9899689,0.97596943,0.983158,0.97579736,0.9819974,0.98644567,0.9904802,0.9751111,0.9815198,0.9849805,0.9803005,1.0,0.9792376,0.98970985,0.9803709,0.9825917,0.98314327,0.9831861,0.9852772,0.9837943,0.993123,0.9826882,0.98303026,0.97785723,0.9790513,0.99005604,0.9793665,0.9774644,0.9743192,0.9773304,0.9827131,0.97596294,0.9687222,0.98603046,0.9710604,0.98286086,0.97990376,0.9725692,0.9786002,0.9555485,0.97547024,0.98553073,0.9907601,0.98399293,0.9898476,0.9888131,0.9651025,0.99271524,0.97831416,0.9793057,0.98055226,0.9876289,0.9836178,0.9763331,0.9669663,0.98357236,0.983966,0.9787297,0.97710615,0.97712463,0.9857542,0.9873165,0.9898265,0.98771054,0.9823008,0.99253124,0.98811394,0.99126124,0.9826838,0.9836836,0.9714014,0.95543194,0.9895476,0.9937292,0.983824,0.9843709,0.98502684,0.96559757,0.9822094,0.98194367,0.9834903,0.9845933,0.9702088,0.9898265,0.97606933,0.9563533,0.98921615,0.9881096,0.97098774,0.9880575,0.985111,0.9869875,0.9736558,0.9794789,0.9904257,0.9834769,0.9786125,0.9881739,0.97995234,0.97815806,0.98135316,0.9840692,0.98930514,0.99052644,0.9787316,0.98611456,0.9816449,0.99144936,0.98464376,0.9828328,0.98250437,0.9898067,0.9803928,0.97254264,0.9738409,0.9831664,0.9880167,0.9838588,0.9789337,0.98946047,0.99259454,0.9726099,0.9898072,0.991667,0.9727671,0.9867083,0.98355246,0.98333645,0.98398226,0.98030347,0.98596966,0.98610586,0.9899689,0.9886204,0.98051167,0.97913116,0.9813859,0.9795182,0.9700494,0.9718793,0.9816885,0.98688966,0.9914693,0.9849738,0.98242885,0.97669935,0.98683244,0.9762647,0.9806296,0.9868516,0.9740062,0.98772347,0.9899689,0.98535293,0.9862827,0.9804735,0.9859337
bernadettefilm,0.9796865,0.9749459,0.9877986,0.9628651,0.97666556,0.98473686,0.9828725,0.97169024,0.9863938,0.9686099,0.98860556,0.95690864,0.9719634,0.9758009,0.973581,0.9696459,0.98141795,0.9765048,0.98547626,0.9792376,0.99999994,0.967604,0.98374796,0.9798373,0.9871812,0.98318064,0.9750568,0.9848756,0.9788859,0.96456146,0.99050206,0.97990704,0.9632225,0.9782877,0.98280466,0.98322165,0.97306263,0.9787785,0.97665286,0.97302645,0.96894705,0.9852285,0.9645609,0.98623663,0.9880256,0.9534098,0.9797976,0.97144735,0.9771019,0.9857731,0.97755605,0.9821933,0.98515344,0.9779583,0.97558916,0.97586185,0.9676181,0.971752,0.97881764,0.99119425,0.9846363,0.97375435,0.97415584,0.9674682,0.9790379,0.9740915,0.9746898,0.9737616,0.9833922,0.97442776,0.9892045,0.9717289,0.9777306,0.9896107,0.9824022,0.97430605,0.9754029,0.9610725,0.97610426,0.9667854,0.98684996,0.97817475,0.97465765,0.98628056,0.9801056,0.9828937,0.98451316,0.97606766,0.9871693,0.97100365,0.96041346,0.9892045,0.97023374,0.9624197,0.9794841,0.9776213,0.98595834,0.988501,0.97061133,0.9835279,0.95900345,0.98241746,0.98270917,0.9847659,0.9866266,0.97582173,0.98210746,0.9657139,0.96031284,0.97105193,0.98554176,0.98118603,0.98521227,0.9876155,0.9790998,0.9796194,0.9851973,0.98460495,0.98791325,0.98387384,0.97181505,0.9776542,0.98939216,0.9810507,0.9835122,0.9867637,0.98119193,0.97488755,0.97535,0.97327894,0.9847495,0.9872312,0.9806763,0.9706277,0.9812937,0.97516656,0.9725596,0.98469555,0.9816942,0.97929966,0.9863938,0.9705049,0.97161114,0.9577597,0.9717547,0.98499614,0.9697629,0.98460716,0.9729968,0.9826819,0.98120856,0.9853904,0.976272,0.96927875,0.97448516,0.98369616,0.9796583,0.9839575,0.9815318,0.97849727,0.9863938,0.9834329,0.96882963,0.98426825,0.9768986
