movie,21bridgesmovie,47metersdown,abeautifuldaymovie,abominablemovie,adastramovie,adogsjourneymovie,aftermathmovie,aftermovie,ahiddenlifefilm,alitamovie,angelhasfallen,angrybirdsmovie,annabellemovie,annamovie,apollo11movie,arcticdogsmovie,arcticmovie,artofracingmovie,avengers,beachbummovie,bernadettefilm,blackandbluemovie,blackchristmas,blindedbythelightmovie,bombshellmovie,booksmart,breakthroughmovie,brianbanksmovie,brightburnmovie,brittanyrunsmov,captainmarvelofficial,captivestatemovie,catsmovie,charliesangels,childsplaymovie,clarathefilm,coldpursuitmovie,countdown,currentwarmovie,darkwatersmovie,detectivepikachumovie,disneyaladdin,disneyfrozen,disneymaleficent,doctorsleepmovie,dolemiteismyname,dontletgomovie,doramovie,downtonabbey_official,dumbo,escaperoom,everybodyknowsmovie,fastandfuriousmovie,fightingwmyfam,fivefeetapartfilm,fordvferrari,freaksthefilm,geminimanmovie,glassmovie,gloriabellmovie,godzillamovie,goldfinchmovie,goodboysmovie,goodliarmovie,gretafilm,halathemovie,happydeathdaymovie,harrietfilm,hellboymovie,hersmellmovie,highlifemovie,highstrungmovie,honeyboymovie,hotelmumbaifilm,httydragon,hustlemovie,hustlersmovie,isntitromantic,itmovieofficial,jayandsilentbob,johnwickmovie,jojorabbitmovie,jokermovie,judythefilm,jumanjimovie,justmercyfilm,knivesout,lalloronamovie,lastblackmansf,lastchristmasthemovie,latenightmovie,lighthousemovie,lionking,littlethemovie,littlewomenmovie,littlewoodsfilm,longshotmovie,lordsofchaosmovie,lucyintheskyfilm,mamovie2019,marriagestory,meettheaddams,meninblack,midsommarmovie,midwaymovie,missbalamovie,missinglinkfilm,motherlessbklyn,onceinhollywood,onthebasisofsex,overcomermovie,peanutbutterfalcon,petsematarymovie,piercingmovie,playingwithfire,playmobilthemovie,pomsmovie,queenandslim,rambomovie,readyornotfilm,richardjewellfilm,rocketmanmovie,scarystoriesmovie,secretlifeofpets,serenityfilm,shaftmovie,shazammovie,spidermanmovie,spiesindisguise,starwars,stormboymovie,stubermovie,taosdfilm,teenspiritmov,terminator,theaeronautsmov,thebestofenemies,thedeaddontdie,thefarewell,thehighwaymen,thehummingbirdprojectfilm,theintrudermovie,theirishmanfilm,thekitchenmovie,thelegomovie,themustangfilm,thenightingalefilm,theprodigymovie,thesunisalsoastar,theupsidefilm,tolkienmovie,toystory,triplefrontier,uglydolls,uncutgems,underthesilverlake,usmovie,wavesmovie,whatmenwant,wonderparkmovie,wrinklestheclown,xmenmovies,yardiefilm,yesterdaymovie,zombieland
21bridgesmovie,0.99999994,0.9789566,0.9720298,0.9721993,0.98467815,0.9313338,0.98707753,0.9679422,0.98422116,0.9700853,0.97193414,0.9764242,0.9774334,0.9606553,0.97740006,0.9761293,0.96978235,0.97545147,0.98695797,0.97147334,0.9858687,0.9825262,0.966228,0.9759239,0.9617867,0.9537071,0.9781438,0.9762078,0.974105,0.98066133,0.95571697,0.97563374,0.96937144,0.9786449,0.98322827,0.97635514,0.97249705,0.98716843,0.9786877,0.9727156,0.976705,0.980867,0.97242975,0.9756683,0.9636851,0.96977127,0.9727318,0.9713881,0.9779457,0.9824859,0.97742814,0.9785385,0.97526467,0.9654908,0.9809741,0.9736998,0.97132355,0.9808281,0.95460653,0.9773516,0.96386486,0.95766115,0.9612429,0.9720704,0.9631134,0.9666751,0.96143794,0.97151464,0.9736747,0.9492075,0.98183256,0.96723115,0.9863578,0.9781759,0.97891796,0.96753037,0.9715673,0.9603123,0.97480804,0.95875925,0.96866953,0.9860024,0.97158206,0.97749984,0.9805795,0.9705727,0.9688602,0.9800167,0.9741435,0.96986324,0.978942,0.98183256,0.9826344,0.96396273,0.9722973,0.97593826,0.9726915,0.9633467,0.9807174,0.9661005,0.98185736,0.95831054,0.97111183,0.9777621,0.96657366,0.97343314,0.97300494,0.98027825,0.95804936,0.97305566,0.9723524,0.98140025,0.9704961,0.9691277,0.98576045,0.98248583,0.9944765,0.9771133,0.9750518,0.98187363,0.9722001,0.9803141,0.97909933,0.9635034,0.97235245,0.96420234,0.97073555,0.9706356,0.9704929,0.97515965,0.9745749,0.9684316,0.9631712,0.9314775,0.9805291,0.9766728,0.96423614,0.9594425,0.9785906,0.9827058,0.98422116,0.97148657,0.9830233,0.9775839,0.9740828,0.97747624,0.9729253,0.9777774,0.98081553,0.97580236,0.98228407,0.97634214,0.9722192,0.9715006,0.9776616,0.97889316,0.9719786,0.9766091,0.95733935,0.9755763,0.98422116,0.96473706,0.974818,0.9817966,0.97612077
47metersdown,0.9789566,1.0000001,0.9662474,0.96778363,0.9765261,0.9621515,0.98630524,0.97212183,0.9863317,0.9676267,0.97837085,0.96332276,0.9744773,0.9643845,0.9820701,0.98473144,0.97972465,0.97070974,0.9723476,0.9758128,0.97622633,0.9801372,0.97117645,0.9830615,0.9701023,0.9663569,0.9745341,0.965437,0.97785777,0.98171127,0.9703162,0.9771253,0.9792572,0.96281916,0.98283696,0.9739416,0.9859309,0.97565293,0.9743967,0.97278893,0.96298194,0.979516,0.9636147,0.9833678,0.97743845,0.971627,0.97598493,0.96934706,0.97542083,0.9830576,0.97237486,0.9814723,0.9677092,0.97658336,0.97249633,0.96981466,0.95874155,0.97858155,0.9721184,0.97691333,0.9639887,0.9596929,0.9684035,0.97517765,0.9745781,0.9748624,0.965921,0.9776199,0.97556657,0.950143,0.9815838,0.96734905,0.98632497,0.9705036,0.9780221,0.9678564,0.96553975,0.9469996,0.9801833,0.9690216,0.9759754,0.98225695,0.96810997,0.9793636,0.9786706,0.9734891,0.9644652,0.977604,0.9748036,0.981426,0.98444927,0.9815838,0.9681979,0.9778456,0.9801288,0.97784346,0.967493,0.96290404,0.97736907,0.9779428,0.9841726,0.9728544,0.9821133,0.9873785,0.97413737,0.97342867,0.98462254,0.9805635,0.96680135,0.97396624,0.9803518,0.987348,0.97790945,0.9718664,0.9676065,0.9716803,0.9827022,0.9706025,0.9787263,0.9847002,0.96303827,0.9757242,0.968088,0.9744348,0.9739114,0.98345673,0.9829555,0.97424656,0.9719225,0.9759616,0.97554845,0.9730653,0.9727548,0.95249194,0.97311026,0.984,0.97047555,0.9497013,0.9784299,0.9847663,0.9863317,0.96813005,0.97784007,0.97531,0.9773806,0.97561467,0.9755021,0.98020154,0.97615516,0.97729117,0.9759127,0.9680282,0.98608345,0.9582846,0.96931964,0.9699523,0.97421306,0.9706249,0.9715907,0.9753243,0.9863317,0.97183293,0.9877341,0.97584105,0.97359204
abeautifuldaymovie,0.9720298,0.9662474,0.99999994,0.96440923,0.9764984,0.94976074,0.9766668,0.96501476,0.981114,0.9581534,0.96619046,0.97375447,0.9534323,0.958564,0.9630172,0.9726809,0.9649282,0.9708274,0.97042835,0.9534474,0.977025,0.975283,0.9595984,0.9665426,0.97063184,0.95272946,0.96862704,0.9708329,0.98516256,0.9672614,0.96639997,0.96775764,0.9608981,0.97889185,0.96147084,0.9473037,0.97675073,0.96054995,0.97164637,0.9676333,0.95469445,0.9770939,0.95504856,0.96667117,0.9671,0.97015804,0.9609205,0.97550404,0.95015734,0.9718062,0.9885595,0.9756613,0.9596879,0.961139,0.97783446,0.97897965,0.9723179,0.97304296,0.95963347,0.96636105,0.93013203,0.9676074,0.97089916,0.95565,0.9515441,0.97319376,0.96072096,0.9743043,0.9655006,0.9206778,0.9737333,0.95534974,0.97110707,0.9791723,0.9536781,0.96504736,0.9703631,0.9542522,0.9605065,0.9789423,0.9571797,0.9755989,0.9597145,0.96680343,0.98133385,0.9705097,0.9662699,0.9603269,0.9645283,0.959386,0.9655287,0.9737333,0.9716113,0.97143257,0.9861939,0.94326514,0.9725381,0.9519542,0.9671726,0.9528933,0.9687437,0.95822686,0.9697315,0.9721204,0.9668195,0.9861608,0.96713877,0.9617406,0.9799927,0.96557075,0.9713702,0.96794325,0.9630795,0.95081395,0.9705363,0.9706255,0.97690946,0.96344566,0.9696326,0.9657847,0.9568765,0.9706483,0.9734026,0.974503,0.96713686,0.962853,0.9500193,0.97908634,0.97323173,0.96857864,0.96462923,0.96798414,0.95816606,0.9252596,0.97396946,0.96136343,0.9400295,0.9660988,0.96657705,0.9668942,0.981114,0.97824234,0.97366565,0.9492848,0.95540065,0.9754852,0.957289,0.96374464,0.9509824,0.9671686,0.9815661,0.9883869,0.9669322,0.97525036,0.9702817,0.96229273,0.96666944,0.96368665,0.96412665,0.96991074,0.981114,0.97139263,0.9717499,0.96742314,0.98181796
abominablemovie,0.9721993,0.96778363,0.96440923,1.0,0.97941065,0.9474667,0.9688961,0.97834915,0.9877747,0.97429264,0.9736724,0.9690814,0.97440284,0.9794426,0.9768725,0.97182393,0.9759172,0.9698652,0.9778359,0.97103447,0.9808636,0.97389925,0.9788411,0.9763862,0.9633379,0.95927936,0.98157555,0.9759971,0.97865504,0.97573566,0.9846796,0.97631574,0.9591925,0.97523266,0.9713579,0.97085726,0.9810049,0.9737682,0.9857234,0.9774428,0.9724815,0.9732261,0.9642212,0.9657603,0.9786422,0.9610656,0.98222655,0.95963454,0.9764801,0.9736938,0.97739166,0.97996354,0.9770805,0.9740039,0.9766624,0.9762002,0.97614664,0.97881323,0.9854205,0.9806632,0.9619033,0.987816,0.9793623,0.9809991,0.96545684,0.9737887,0.96952176,0.979554,0.9799746,0.958742,0.98381,0.97917503,0.9766987,0.97780114,0.9743182,0.97857165,0.965681,0.96357423,0.9813881,0.96306443,0.97307515,0.982361,0.97844374,0.9719,0.97921485,0.9752549,0.9804695,0.9745565,0.9680606,0.960299,0.97652525,0.98381,0.9678921,0.9687928,0.96877617,0.9741664,0.98456395,0.9699205,0.9831015,0.9757553,0.97558904,0.9733587,0.97549474,0.9815066,0.98171806,0.9795178,0.97909904,0.9813259,0.9617552,0.96848416,0.9768867,0.9760072,0.9731867,0.96893966,0.9687522,0.9846951,0.9821219,0.9789267,0.98171425,0.9640691,0.9665823,0.9718929,0.9773735,0.97006536,0.98954344,0.97619784,0.95665693,0.97773165,0.9788878,0.9771874,0.9722442,0.96957123,0.9780317,0.9495605,0.97675407,0.977525,0.9712275,0.95738035,0.97718817,0.9726691,0.9877747,0.98020524,0.97549015,0.97921884,0.9710953,0.9895273,0.97359705,0.97230107,0.97772324,0.975757,0.9756406,0.9633549,0.9747796,0.9760938,0.97979605,0.97949576,0.97975004,0.9835916,0.9752575,0.9788142,0.9877747,0.9806528,0.96800977,0.9859328,0.9772233
adastramovie,0.98467815,0.9765261,0.9764984,0.97941065,1.0000001,0.95464003,0.9822817,0.97089505,0.9901254,0.9756569,0.9738356,0.98233706,0.9752573,0.97896993,0.9771784,0.9740996,0.97133315,0.9915709,0.9857736,0.97216433,0.9863288,0.98068225,0.97275126,0.983382,0.9688483,0.96314394,0.9803349,0.9714055,0.98294306,0.9803666,0.97300005,0.97539634,0.95911515,0.982533,0.9822856,0.979009,0.9806245,0.9837842,0.9793055,0.9777819,0.9722325,0.9806419,0.9808476,0.97691137,0.96943635,0.96426904,0.9751737,0.9727781,0.97562027,0.98253894,0.98096067,0.9826852,0.9773836,0.9727222,0.97386605,0.9891876,0.97701776,0.9822559,0.971312,0.98287463,0.96220374,0.97315663,0.9680228,0.9805445,0.9690479,0.9713519,0.9619354,0.97313285,0.97537506,0.950199,0.9882795,0.9727801,0.98187286,0.97729915,0.977497,0.9722657,0.9704328,0.9631338,0.98351455,0.96101236,0.97505385,0.9825966,0.97437215,0.9816553,0.98461235,0.9704215,0.97546965,0.979305,0.96507305,0.97890735,0.97429657,0.9882795,0.9753122,0.9715333,0.9737224,0.97105443,0.97394127,0.9706642,0.97838736,0.9750289,0.9757636,0.9772605,0.97149783,0.98211086,0.9821538,0.98092055,0.9739081,0.9780611,0.96611506,0.9731811,0.9827499,0.98505354,0.9704499,0.97748226,0.9746554,0.97787976,0.9874068,0.97730094,0.9842439,0.97755796,0.97135967,0.97913855,0.9780808,0.9735575,0.979717,0.97088075,0.97368,0.9795787,0.9844004,0.97929573,0.98237306,0.9832847,0.96814966,0.9470491,0.98120695,0.9739776,0.9641902,0.95799214,0.99029505,0.9825484,0.9901254,0.97543865,0.9769197,0.98138046,0.9799241,0.98212713,0.9742995,0.9773059,0.9742011,0.9812054,0.97648853,0.9760191,0.9689214,0.96971583,0.98272026,0.9804113,0.97317123,0.97997355,0.9680725,0.9790564,0.9901254,0.98163396,0.97196686,0.97893727,0.9812907
adogsjourneymovie,0.9313338,0.9621515,0.94976074,0.9474667,0.95464003,1.0,0.9517912,0.95261085,0.9655239,0.94063276,0.9666303,0.9401475,0.94809604,0.94220763,0.955934,0.9682531,0.9564936,0.9414636,0.94188136,0.95557696,0.9559059,0.9473928,0.95558435,0.96323586,0.9653945,0.9633574,0.946974,0.9224446,0.9589144,0.96068037,0.9662766,0.9575559,0.96126974,0.94512343,0.948463,0.9456284,0.96374255,0.9364093,0.94860643,0.9535307,0.92042255,0.9610892,0.937618,0.9651252,0.96359116,0.9484459,0.95435774,0.94269913,0.9436728,0.9616447,0.95541537,0.95319897,0.9375692,0.9718333,0.93790334,0.95465255,0.9344882,0.94314384,0.9665993,0.9712979,0.9263958,0.9602708,0.95650893,0.9496424,0.96109915,0.96206635,0.93605065,0.96129066,0.9544014,0.93479353,0.9608589,0.9666556,0.9509271,0.9336787,0.9486206,0.95207375,0.9429916,0.9325473,0.9675975,0.95975494,0.96847457,0.9552512,0.94593936,0.9577672,0.9641945,0.954043,0.9595445,0.9463372,0.94403553,0.9536077,0.9589536,0.9608589,0.92567825,0.9576746,0.9657736,0.94074345,0.94535226,0.9592256,0.9553414,0.9495456,0.9540326,0.9696786,0.9601735,0.9668559,0.9575715,0.96674323,0.9531759,0.9519443,0.96214527,0.9532245,0.9644368,0.9677817,0.9626663,0.96474034,0.929745,0.9399952,0.9455315,0.9408281,0.9607759,0.9474922,0.92627126,0.9496788,0.9210781,0.97623515,0.9613529,0.96758366,0.9545406,0.9618533,0.95385265,0.96250755,0.95010513,0.9528401,0.9450708,0.9558724,0.94396895,0.96290064,0.9473939,0.90778124,0.96106297,0.9527783,0.9655239,0.9513651,0.95346653,0.94767725,0.94410825,0.9615848,0.9576577,0.9613083,0.9352537,0.9566269,0.9443978,0.95379704,0.96605974,0.93655777,0.95196927,0.9453164,0.9502118,0.93341404,0.9601213,0.95329404,0.9655239,0.9622915,0.9658638,0.9520557,0.956145
aftermathmovie,0.98707753,0.98630524,0.9766668,0.9688961,0.9822817,0.9517912,0.9999998,0.9743374,0.98898035,0.97615814,0.9770334,0.9697771,0.9768384,0.96482736,0.9830815,0.98132014,0.9761228,0.98106986,0.97836924,0.9735681,0.98315674,0.9919174,0.98010504,0.98046744,0.9710906,0.96423924,0.97905916,0.97606444,0.9874785,0.9754965,0.9666483,0.97599405,0.9748241,0.9772277,0.9846631,0.9782334,0.98445004,0.98197603,0.9810427,0.98003125,0.9714965,0.98441035,0.9714023,0.9858037,0.97610384,0.973896,0.9821036,0.97578806,0.9800693,0.98908585,0.98357433,0.9859862,0.9790556,0.96978223,0.9764468,0.97606546,0.9696536,0.98670137,0.9604656,0.9773088,0.96707505,0.9614313,0.9709885,0.9753525,0.9719547,0.9738887,0.9692741,0.98022735,0.9801069,0.951335,0.9861429,0.9697201,0.9877517,0.9795121,0.9818005,0.971857,0.9733992,0.9624268,0.9797139,0.97332615,0.9736496,0.9912078,0.97315663,0.9817462,0.9829323,0.9766113,0.97331816,0.98102593,0.9774743,0.9751734,0.9859514,0.9861429,0.98262656,0.97916156,0.9830358,0.979787,0.977421,0.9577134,0.9841692,0.97826326,0.98020685,0.9709749,0.97771084,0.9849052,0.9691632,0.98033726,0.9859302,0.98291194,0.9720985,0.9795497,0.9843631,0.98843586,0.9788607,0.9719729,0.9815855,0.97797704,0.9879813,0.9802615,0.98303825,0.99548566,0.9742958,0.9840385,0.97233826,0.9734344,0.97513115,0.9737289,0.9771128,0.97571033,0.9724393,0.97844535,0.97826076,0.9753808,0.9726948,0.95471936,0.985113,0.9773905,0.9678235,0.9695531,0.98210675,0.98694664,0.98898035,0.98216075,0.98098063,0.9755388,0.9754826,0.9843289,0.9781125,0.9826218,0.97762173,0.9761112,0.9890518,0.97834194,0.9807623,0.9686973,0.975683,0.97540855,0.9801321,0.9797992,0.9752959,0.9821515,0.98898035,0.9757993,0.98514616,0.9862641,0.9853664
aftermovie,0.9679422,0.97212183,0.96501476,0.97834915,0.97089505,0.95261085,0.9743374,1.0000002,0.9880611,0.97848505,0.9718646,0.96981114,0.98276573,0.97286177,0.98649603,0.98050374,0.97748655,0.968112,0.96863216,0.9758881,0.972697,0.97338396,0.976732,0.982123,0.9609137,0.94852567,0.9748449,0.97753096,0.9777951,0.9729078,0.97130644,0.97353417,0.9629609,0.9769524,0.96218544,0.95501924,0.9864571,0.9724588,0.9783323,0.9665897,0.959494,0.9776325,0.95655054,0.97274905,0.98163074,0.96456456,0.98219496,0.96307766,0.9696271,0.97637314,0.9797298,0.9843082,0.9686674,0.9729893,0.97374594,0.9754899,0.97168493,0.97925454,0.9764118,0.97830385,0.96523875,0.9724115,0.97574383,0.9796288,0.9735141,0.97347456,0.9614561,0.9844832,0.97258735,0.95498055,0.98539144,0.9622498,0.9719306,0.97996587,0.95737773,0.97610116,0.94969594,0.9738251,0.9816188,0.96418345,0.9639121,0.9793879,0.9831148,0.96204704,0.97973734,0.9798572,0.9613034,0.9841093,0.9834858,0.9619845,0.98092794,0.98539144,0.96680367,0.96888113,0.9795837,0.9810454,0.9682941,0.9687497,0.9787023,0.96811634,0.97605336,0.9717051,0.97045624,0.98285604,0.9768917,0.9801542,0.9804724,0.9843701,0.9734482,0.9710623,0.98579466,0.9762738,0.98279065,0.94940484,0.9660603,0.9794217,0.9771498,0.96505034,0.9803107,0.97585356,0.9802813,0.9822598,0.97287667,0.96881956,0.9746385,0.9711303,0.96585786,0.9768779,0.9747831,0.96449393,0.9701571,0.97318697,0.9731079,0.96473616,0.9802536,0.97752064,0.95635283,0.9598954,0.97788376,0.9758669,0.9880611,0.9731209,0.9722441,0.9739499,0.9645681,0.9830911,0.9568676,0.96396375,0.977475,0.9732468,0.97412735,0.9652019,0.9757735,0.96214336,0.9752966,0.98230183,0.97338444,0.9769987,0.98431134,0.9842508,0.9880611,0.9762944,0.97692084,0.9796339,0.97962767
ahiddenlifefilm,0.98422116,0.9863317,0.981114,0.9877747,0.9901254,0.9655239,0.98898035,0.9880611,0.9999999,0.9834778,0.98593736,0.9776755,0.9863384,0.9870151,0.99318475,0.9877256,0.9863982,0.98489094,0.9879905,0.98687035,0.9886142,0.9881824,0.98553884,0.9914956,0.9729126,0.962736,0.9858474,0.9849075,0.99085575,0.9862035,0.9826902,0.98458517,0.9734735,0.98530775,0.98323005,0.9780727,0.9941735,0.9834002,0.990698,0.9848692,0.9780239,0.98858774,0.97666997,0.9850908,0.98503524,0.9753797,0.9889592,0.978737,0.9831986,0.9908894,0.98767906,0.9920962,0.9849258,0.9841892,0.9799869,0.9890302,0.9796778,0.9898945,0.98147637,0.98660046,0.9733991,0.98303276,0.98385924,0.9903574,0.978509,0.982988,0.9807151,0.9876304,0.9871372,0.96565866,0.9932998,0.9765822,0.9893292,0.9875507,0.9804512,0.98215115,0.97216785,0.97659767,0.99001855,0.97551453,0.9835866,0.9916278,0.98791933,0.984773,0.9889731,0.9830105,0.9819566,0.98893905,0.9827795,0.98095685,0.9898052,0.9932998,0.98191684,0.9794094,0.9850399,0.98423535,0.9872052,0.9823254,0.9899315,0.9815841,0.9866588,0.98415023,0.9812127,0.99366754,0.98679465,0.98784435,0.9888683,0.9898845,0.9743327,0.9820998,0.99301463,0.9903582,0.9858312,0.9757053,0.98191416,0.98810613,0.9911109,0.9847264,0.99408287,0.98415655,0.98086214,0.9879441,0.97996026,0.98171854,0.98960394,0.9842883,0.9788281,0.98865473,0.9846487,0.98406184,0.9860158,0.98421466,0.9836862,0.95897996,0.99035364,0.9860858,0.9731509,0.9675539,0.9887044,0.98795223,0.9999999,0.9821562,0.98419386,0.9850225,0.9832079,0.9938541,0.9809213,0.9840338,0.98576975,0.98290855,0.9874817,0.98259,0.9851463,0.97637093,0.9845841,0.9842111,0.9830985,0.9861479,0.982023,0.9893431,0.9999999,0.9879341,0.98511475,0.9912291,0.9872899
alitamovie,0.9700853,0.9676267,0.9581534,0.97429264,0.9756569,0.94063276,0.97615814,0.97848505,0.9834778,0.9999999,0.9586901,0.9544982,0.9765021,0.9746541,0.9806147,0.95848125,0.96990174,0.97807187,0.9668822,0.97019416,0.974386,0.9733324,0.9719558,0.9766609,0.96146715,0.9371228,0.96169835,0.9750536,0.98178226,0.9637682,0.9627537,0.9577618,0.9577608,0.9642868,0.96620524,0.9535748,0.9771727,0.97448397,0.9759317,0.96922493,0.9524255,0.96408325,0.9552123,0.9656648,0.96814495,0.9568937,0.97442186,0.95124257,0.96946096,0.96920496,0.97097474,0.9748913,0.9750556,0.96382034,0.96734506,0.9740313,0.97083133,0.97739315,0.96840227,0.9700569,0.95878565,0.9714188,0.9630765,0.9730974,0.9513674,0.9565751,0.9614091,0.96724683,0.9682691,0.9375726,0.98337686,0.959922,0.9675984,0.9708255,0.9606263,0.96324486,0.9477046,0.9629015,0.9799806,0.94576496,0.9591487,0.97537893,0.9682167,0.97144324,0.96736705,0.97255796,0.95950925,0.978904,0.96643287,0.9607026,0.9715652,0.98337686,0.96945953,0.95640314,0.96401405,0.9727036,0.9679318,0.95665735,0.97282857,0.9660235,0.9632325,0.9688783,0.9662885,0.9801541,0.97975475,0.9693487,0.96924824,0.9668569,0.95557517,0.9561977,0.9720933,0.9710388,0.97078985,0.9554377,0.97297776,0.97039056,0.9777908,0.97371095,0.9808458,0.9749849,0.96281177,0.98073316,0.9635771,0.95880014,0.9697363,0.96455467,0.9587956,0.96813893,0.9607741,0.9621456,0.97144955,0.9649756,0.9811073,0.9523049,0.9807472,0.9671487,0.9554711,0.9585433,0.97525597,0.97612596,0.9834778,0.9620553,0.9612175,0.9702567,0.9612806,0.9762666,0.9613545,0.9613351,0.9675506,0.9776149,0.9675581,0.9587838,0.973117,0.9546395,0.9689885,0.9709999,0.96874654,0.97143483,0.96561205,0.9732236,0.9834778,0.9676379,0.97311753,0.9783464,0.97029597
angelhasfallen,0.97193414,0.97837085,0.96619046,0.9736724,0.9738356,0.9666303,0.9770334,0.9718646,0.98593736,0.9586901,1.0000001,0.9712451,0.97524554,0.9615783,0.97992206,0.98520315,0.97368604,0.9611034,0.97312325,0.9800785,0.97839135,0.9745812,0.97329634,0.9840476,0.9577319,0.96418154,0.97598803,0.96215934,0.96769905,0.9839733,0.9729617,0.983244,0.96564454,0.9762422,0.96978915,0.9745315,0.97964936,0.96965003,0.9789683,0.97349566,0.963379,0.97957855,0.95676863,0.9764958,0.97792876,0.96619976,0.9732374,0.9638596,0.9765453,0.98297626,0.9677631,0.97652006,0.9691193,0.9830103,0.96462166,0.9667973,0.956175,0.97007126,0.9696603,0.9856619,0.9660468,0.9643334,0.9690249,0.9780423,0.97611463,0.98530054,0.9641328,0.9781655,0.98265773,0.9671206,0.9788896,0.9724419,0.97725487,0.9758938,0.97905916,0.975345,0.9679845,0.96767807,0.9847369,0.9703751,0.98820966,0.9823137,0.9808054,0.9620494,0.9781982,0.9756331,0.97831464,0.97512275,0.97741085,0.9681395,0.9788971,0.9788896,0.9607244,0.9650202,0.9710874,0.973492,0.97849435,0.97432315,0.9851867,0.9669224,0.9804325,0.9704661,0.96754277,0.9759923,0.9684274,0.97506464,0.9776294,0.9844726,0.9649226,0.9796073,0.98132145,0.9866957,0.97669214,0.9728316,0.95581716,0.9823672,0.9781379,0.96623117,0.98179823,0.9717779,0.9733592,0.9643282,0.9633417,0.9699109,0.98095423,0.97886556,0.9763234,0.9694996,0.9744854,0.9726683,0.9641763,0.9694988,0.9660874,0.9437058,0.9704142,0.9824081,0.98083925,0.93918574,0.9761349,0.9748049,0.98593736,0.97322094,0.98122287,0.9752312,0.9742629,0.98381054,0.9756904,0.9756983,0.9805656,0.9677629,0.9747953,0.9741943,0.97485894,0.97334653,0.96893895,0.96995604,0.97090715,0.9709297,0.9671324,0.9794282,0.98593736,0.9734753,0.97222626,0.982581,0.9667257
angrybirdsmovie,0.9764242,0.96332276,0.97375447,0.9690814,0.98233706,0.9401475,0.9697771,0.96981114,0.9776755,0.9544982,0.9712451,1.0000001,0.9608476,0.95616597,0.96591735,0.9752415,0.9637055,0.9770755,0.97302884,0.9592322,0.9795827,0.9709947,0.9523629,0.9702945,0.9580712,0.9567324,0.97508186,0.9594976,0.9675222,0.9749698,0.9562209,0.9737856,0.95295936,0.9838859,0.9650146,0.9616383,0.968248,0.9752114,0.96922016,0.9644559,0.9547831,0.9824152,0.9710776,0.9730895,0.96056193,0.95302254,0.95541817,0.97104615,0.96101147,0.9775207,0.9777678,0.9754495,0.9553308,0.96732855,0.97050834,0.9724221,0.97000355,0.9720241,0.9571754,0.9763326,0.9458068,0.95321226,0.95821506,0.9659522,0.97094446,0.97249293,0.9426898,0.97682905,0.95870024,0.94091064,0.97287023,0.96490794,0.97014546,0.9776058,0.95970386,0.968244,0.9627714,0.9577959,0.97332853,0.9581397,0.95960575,0.97440505,0.9674326,0.9590523,0.9840023,0.9647552,0.9628563,0.9651724,0.962055,0.9654403,0.9587507,0.97287023,0.9671056,0.9571226,0.9732342,0.9631242,0.9574137,0.95954853,0.97065616,0.9527319,0.9674128,0.9621089,0.96293247,0.9663433,0.96107626,0.9786438,0.96467674,0.97582614,0.969637,0.96963483,0.97562057,0.97081816,0.95784825,0.95466983,0.9593158,0.9744993,0.9766857,0.9476374,0.963352,0.9629535,0.970415,0.9651429,0.9716722,0.9631992,0.9645747,0.95777935,0.9625269,0.9717147,0.9772241,0.96751744,0.96654403,0.9662142,0.9511992,0.9372493,0.9669458,0.96271914,0.94453806,0.9478197,0.97834486,0.97012293,0.9776755,0.975917,0.96965647,0.9676831,0.96150386,0.97310543,0.94662005,0.9615387,0.9720874,0.96760416,0.9652134,0.96631426,0.95230687,0.9731956,0.9719385,0.9685338,0.95396096,0.965629,0.9518876,0.9697799,0.9776755,0.968225,0.9589134,0.9678326,0.9701097
annabellemovie,0.9774334,0.9744773,0.9534323,0.97440284,0.9752573,0.94809604,0.9768384,0.98276573,0.9863384,0.9765021,0.97524554,0.9608476,1.0000001,0.9685143,0.98940146,0.97723436,0.97287375,0.9671707,0.97684807,0.9881986,0.9723312,0.97545964,0.9783088,0.98437023,0.9519352,0.94177586,0.9729291,0.96899396,0.9711579,0.9840639,0.96778345,0.9799621,0.96627235,0.9737831,0.96814704,0.96688694,0.9786486,0.9829226,0.9797452,0.9728207,0.9668729,0.9681796,0.9541814,0.9686534,0.9736715,0.96520275,0.98329043,0.9638691,0.9889435,0.973786,0.9689268,0.97817665,0.98520356,0.97224903,0.969631,0.96573925,0.9558281,0.97323173,0.9664133,0.9723042,0.9811274,0.9697188,0.96739787,0.98302,0.9735044,0.96650404,0.96415126,0.9698804,0.9842454,0.96446425,0.9792214,0.9678248,0.97620714,0.9706305,0.97179145,0.9602619,0.94390297,0.96593434,0.9811733,0.9510784,0.970153,0.980969,0.9887868,0.97116494,0.97339565,0.96936375,0.96260935,0.9952027,0.974086,0.9653315,0.98650026,0.9792214,0.9696959,0.9621696,0.96889514,0.9894792,0.97085524,0.9750657,0.9877874,0.970914,0.9776771,0.97234815,0.96253014,0.9816883,0.97336066,0.9697084,0.9780652,0.9864843,0.9491658,0.97683936,0.97686887,0.98233324,0.9793217,0.9614917,0.9755628,0.97727484,0.98471797,0.97521424,0.9800976,0.9791949,0.9798052,0.97702503,0.96434075,0.967292,0.9804406,0.96865034,0.9787102,0.9707675,0.9637395,0.9660141,0.9638168,0.96318793,0.9716741,0.9606296,0.97927177,0.9851863,0.9722004,0.946858,0.9703026,0.9810102,0.9863384,0.9652124,0.97608334,0.98299474,0.9766952,0.9803239,0.9707703,0.9687255,0.9814527,0.9737348,0.9719213,0.9616287,0.9810155,0.9517456,0.96525276,0.9758496,0.9778215,0.97394216,0.9718398,0.97791547,0.9863384,0.9625075,0.97672665,0.9898724,0.9735242
annamovie,0.9606553,0.9643845,0.958564,0.9794426,0.97896993,0.94220763,0.96482736,0.97286177,0.9870151,0.9746541,0.9615783,0.95616597,0.9685143,0.99999994,0.9790706,0.9666092,0.9687675,0.9769244,0.9740211,0.9698032,0.97009397,0.9693654,0.97038305,0.9757256,0.9467924,0.9348056,0.9699498,0.97350174,0.97606385,0.96392566,0.96940887,0.9641958,0.94589525,0.96427476,0.96506214,0.96100855,0.98192626,0.96434295,0.974494,0.97752035,0.9753458,0.96533394,0.9706093,0.96596164,0.96826607,0.95339507,0.9736209,0.9547841,0.961561,0.9716137,0.9665088,0.98005515,0.97423446,0.9664617,0.95714015,0.98298496,0.96558154,0.9754078,0.9710559,0.9652879,0.96509635,0.9718661,0.9704611,0.9906753,0.95613426,0.9607133,0.97481066,0.9686591,0.9674551,0.94861686,0.97887677,0.9536355,0.9708077,0.9719336,0.9607187,0.9688552,0.9459456,0.9652961,0.9731027,0.9465171,0.9706375,0.97117424,0.9776805,0.97132456,0.9657851,0.9629685,0.9636429,0.9723838,0.9581759,0.9707346,0.9719587,0.97887677,0.9695817,0.959793,0.95846283,0.9659276,0.9732051,0.97057414,0.9680793,0.971658,0.96911436,0.9722942,0.9619333,0.9823461,0.9840139,0.9657913,0.9689673,0.9741235,0.94984156,0.9597817,0.98007196,0.96850884,0.9705812,0.954516,0.96643454,0.969318,0.96988225,0.97481,0.98836887,0.95916075,0.9681014,0.9711808,0.9716369,0.9614638,0.979301,0.9673484,0.9589797,0.974672,0.97208303,0.9687764,0.981534,0.97417927,0.97379273,0.9439348,0.9780933,0.9625829,0.95562005,0.9608125,0.9764534,0.96878517,0.9870151,0.95956486,0.96072924,0.9729425,0.9722474,0.9770617,0.9588369,0.9641086,0.97424084,0.9622365,0.96659267,0.95874286,0.9599786,0.95129144,0.9693232,0.96807903,0.9656441,0.9756891,0.9679039,0.9773731,0.9870151,0.9783662,0.95995814,0.97179097,0.96564895
apollo11movie,0.97740006,0.9820701,0.9630172,0.9768725,0.9771784,0.955934,0.9830815,0.98649603,0.99318475,0.9806147,0.97992206,0.96591735,0.98940146,0.9790706,0.99999994,0.9842483,0.9793436,0.9748111,0.9814327,0.98926467,0.981575,0.97978526,0.98224986,0.9834748,0.95893365,0.940093,0.97378457,0.9763477,0.9807994,0.98186,0.9686025,0.9784855,0.9682945,0.97786593,0.972669,0.96642756,0.9841851,0.9836648,0.97987026,0.9777969,0.96753365,0.9801219,0.96502,0.97829723,0.9747316,0.96182024,0.98640424,0.96634847,0.98179716,0.9858242,0.9753023,0.9859492,0.9830217,0.9777332,0.96828943,0.9752324,0.9649289,0.98317766,0.97328335,0.9763333,0.9716974,0.96854216,0.97534,0.9891298,0.97690856,0.97022253,0.9708781,0.9828449,0.98283976,0.9681741,0.98286754,0.96323895,0.97985387,0.97531265,0.97019064,0.97222406,0.9531483,0.9771257,0.9855424,0.96269715,0.9765441,0.983837,0.9866373,0.97310704,0.97693455,0.9699608,0.97210777,0.9892543,0.9786894,0.97459656,0.9853662,0.98286754,0.9763338,0.9619443,0.97323906,0.9883515,0.9800674,0.98126346,0.9849616,0.96979743,0.97735643,0.97771865,0.96709,0.98610204,0.9744316,0.9743304,0.9835595,0.99011606,0.9593966,0.9759498,0.9866581,0.98038465,0.9832913,0.95917225,0.9780931,0.9826027,0.9832227,0.9767379,0.98620486,0.9783436,0.9755694,0.98536533,0.9677595,0.97387815,0.97987396,0.9762196,0.97567475,0.97821623,0.9679308,0.9711932,0.9820385,0.9688279,0.9763161,0.95245874,0.9888153,0.98211473,0.9671915,0.95538986,0.9779029,0.98105204,0.99318475,0.9681251,0.9715473,0.9839591,0.9752452,0.98594534,0.97084993,0.9768948,0.9866608,0.96936315,0.97669613,0.96834004,0.978787,0.958622,0.96964896,0.97616875,0.97117925,0.97450566,0.9741464,0.98809457,0.99318475,0.97304624,0.9815463,0.9880527,0.97316295
arcticdogsmovie,0.9761293,0.98473144,0.9726809,0.97182393,0.9740996,0.9682531,0.98132014,0.98050374,0.9877256,0.95848125,0.98520315,0.9752415,0.97723436,0.9666092,0.9842483,0.9999999,0.9819039,0.9623608,0.9763849,0.976937,0.9828291,0.98286796,0.9745642,0.97908247,0.9662009,0.9646794,0.97655743,0.96623045,0.9774985,0.98888785,0.97219735,0.9903525,0.9758695,0.97618765,0.9714115,0.9699934,0.9831326,0.9716149,0.97467583,0.97774667,0.9633043,0.9863794,0.9676226,0.9852656,0.97742045,0.9717761,0.977354,0.9687578,0.9746739,0.98720765,0.9796206,0.9873043,0.9697961,0.98510814,0.9742576,0.96933615,0.96274894,0.97559524,0.9744777,0.98259395,0.9660706,0.96117145,0.97341865,0.9820108,0.9850916,0.97953117,0.9669372,0.98703206,0.9774302,0.95757776,0.9831742,0.9756948,0.9825829,0.9737785,0.9721372,0.9710653,0.9597101,0.9574259,0.98065555,0.97701424,0.9789416,0.9808795,0.97946745,0.97098404,0.98429966,0.9788859,0.97333133,0.9781292,0.9785966,0.97278374,0.9865195,0.9831742,0.968877,0.9759113,0.98453087,0.9749684,0.9717381,0.9746747,0.9808382,0.97065794,0.98462546,0.9688096,0.9802505,0.9862935,0.9707364,0.9822796,0.9827822,0.99071205,0.980621,0.9830914,0.9854653,0.9832663,0.98255634,0.96497834,0.9665989,0.97392935,0.97995895,0.96692955,0.97854906,0.9755616,0.9747163,0.9722217,0.97450984,0.97943753,0.97540176,0.98347604,0.97663915,0.97965235,0.9755839,0.98260564,0.97839755,0.9705556,0.9685802,0.9601103,0.97271764,0.9867529,0.9666616,0.95614403,0.97903585,0.97561485,0.9877256,0.9814352,0.98023057,0.9728061,0.97359395,0.9822203,0.96877086,0.9790363,0.98095214,0.9664711,0.97666466,0.97488,0.97819215,0.9654891,0.97372234,0.9760224,0.97402364,0.9730429,0.9745703,0.980366,0.9877256,0.9743796,0.98233265,0.9799118,0.97673357
arcticmovie,0.96978235,0.97972465,0.9649282,0.9759172,0.97133315,0.9564936,0.9761228,0.97748655,0.9863982,0.96990174,0.97368604,0.9637055,0.97287375,0.9687675,0.9793436,0.9819039,1.0,0.96599394,0.97072595,0.9780372,0.9728223,0.9814709,0.97757745,0.9846376,0.97346836,0.9658289,0.9691064,0.9744005,0.97901446,0.98338157,0.9743707,0.9750673,0.9633769,0.9691795,0.97578454,0.9737317,0.9832422,0.9670839,0.9815929,0.9660408,0.9615388,0.98079526,0.9593417,0.9809372,0.9789503,0.96635824,0.9791401,0.96509385,0.9758648,0.98064935,0.97365755,0.9776658,0.9756817,0.98325044,0.9738336,0.9693924,0.96695703,0.9767384,0.9741852,0.9743762,0.96162695,0.97189385,0.97879106,0.9751552,0.9637813,0.9781108,0.9666884,0.9725798,0.9742106,0.95992774,0.9816696,0.9741767,0.9832972,0.9709046,0.97503376,0.9710589,0.96624863,0.9513492,0.9785008,0.9680359,0.97338665,0.97556645,0.9717624,0.9706844,0.9801204,0.9828106,0.9682055,0.97403014,0.9785649,0.969,0.98015267,0.9816696,0.96604633,0.97944224,0.9777021,0.9736643,0.9685583,0.9703869,0.9781588,0.97837085,0.9774129,0.9715449,0.9832413,0.9829734,0.96936053,0.9782431,0.989273,0.9760195,0.96905315,0.9648321,0.9778826,0.9816337,0.96724504,0.9706201,0.9627425,0.97241163,0.9793947,0.9727987,0.9818829,0.9732896,0.96732897,0.97150546,0.9676671,0.9662962,0.9767211,0.98823375,0.9710253,0.9768688,0.9765167,0.9728277,0.967201,0.97476226,0.9883902,0.96250397,0.96704155,0.98663616,0.969348,0.9477522,0.9759276,0.97718847,0.9863982,0.9754874,0.9741486,0.9683174,0.98060197,0.9844412,0.97676796,0.9781035,0.97805566,0.9758843,0.97471935,0.9657959,0.9788754,0.96132433,0.97361153,0.9680066,0.97802037,0.9765166,0.96877664,0.9682944,0.9863982,0.97690105,0.9786865,0.97742033,0.97382253
artofracingmovie,0.97545147,0.97070974,0.9708274,0.9698652,0.9915709,0.9414636,0.98106986,0.968112,0.98489094,0.97807187,0.9611034,0.9770755,0.9671707,0.9769244,0.9748111,0.9623608,0.96599394,0.99999976,0.9727312,0.96655613,0.97561985,0.9793087,0.96496373,0.9759449,0.9632945,0.9505054,0.9676371,0.9683839,0.9837913,0.9650598,0.9615526,0.958336,0.9520277,0.9766893,0.9757349,0.96925926,0.9767988,0.98265904,0.97155255,0.9755761,0.9642855,0.9732756,0.972222,0.97263736,0.96062404,0.95058227,0.96653897,0.96691656,0.96487516,0.9766349,0.9782186,0.97794414,0.9728204,0.9631294,0.9652222,0.9885068,0.97420114,0.9846271,0.9591855,0.9703225,0.950923,0.9615532,0.9630804,0.9757762,0.95813024,0.96423405,0.9602937,0.96597964,0.96229374,0.93500245,0.9809303,0.957255,0.97305167,0.9746023,0.9637881,0.9705866,0.9629776,0.96449375,0.9781849,0.9503943,0.96247894,0.9775919,0.96872795,0.9745625,0.9795799,0.9606717,0.9636458,0.97331965,0.955835,0.9782993,0.96273196,0.9809303,0.9723731,0.96521235,0.968252,0.9699733,0.96469,0.9569823,0.97080624,0.96795213,0.96126604,0.97895384,0.96519756,0.97743607,0.9730515,0.9760471,0.969188,0.96948856,0.96203923,0.9634388,0.97777426,0.9757381,0.96085733,0.96362257,0.9689016,0.9709413,0.9801016,0.969325,0.9780582,0.9754469,0.9661365,0.97860426,0.9712908,0.96915686,0.971075,0.95974696,0.96491,0.97330207,0.9777475,0.9661606,0.9778549,0.98228675,0.96635795,0.9446785,0.98124254,0.9588355,0.94710433,0.95674235,0.9848175,0.9788209,0.98489094,0.9695222,0.9621716,0.9737378,0.97285306,0.9751273,0.9623192,0.9683825,0.96716344,0.9774702,0.9699156,0.9670336,0.9610405,0.9613092,0.96954525,0.96892816,0.9598069,0.9723826,0.9612849,0.9747993,0.98489094,0.9791387,0.9688832,0.9702535,0.97519875
avengers,0.98695797,0.9723476,0.97042835,0.9778359,0.9857736,0.94188136,0.97836924,0.96863216,0.9879905,0.9668822,0.97312325,0.97302884,0.97684807,0.9740211,0.9814327,0.9763849,0.97072595,0.9727312,1.0000001,0.974597,0.9854387,0.97498137,0.9694968,0.9770167,0.95411664,0.94699776,0.9854582,0.97843426,0.9716406,0.98015594,0.969565,0.9836643,0.9586545,0.975204,0.9825322,0.9745525,0.9778207,0.9751149,0.9806647,0.9742183,0.9765511,0.98332876,0.9822299,0.97374517,0.97143006,0.9655852,0.9761227,0.97433096,0.974533,0.9848207,0.9726532,0.98093367,0.9752614,0.96827227,0.97313523,0.97642195,0.9742605,0.9783563,0.9647445,0.9745449,0.9664312,0.966639,0.9678581,0.97624975,0.9689971,0.9671462,0.9636833,0.97981083,0.9766361,0.9627065,0.9784129,0.9707972,0.98714286,0.9779417,0.97858167,0.96618164,0.96766347,0.96636134,0.9756715,0.9599768,0.96997225,0.98513967,0.97037494,0.98001647,0.9742049,0.96479505,0.9793383,0.9784139,0.9708428,0.965667,0.9815054,0.9784129,0.9799308,0.95899844,0.9689486,0.97197187,0.98127794,0.9771723,0.97980493,0.9666622,0.9841472,0.960499,0.9634578,0.9786723,0.9729809,0.9696689,0.9737891,0.9833412,0.9510826,0.9744199,0.9801029,0.9804898,0.9727908,0.9699122,0.9826355,0.97779506,0.9815997,0.9791559,0.9798044,0.9693147,0.9700534,0.976345,0.96995807,0.9617437,0.98029965,0.97126263,0.9719682,0.9763329,0.97039443,0.98464864,0.9777849,0.9653424,0.96225375,0.92936313,0.98238397,0.9747475,0.9608891,0.96657526,0.97393274,0.97908735,0.9879905,0.9669093,0.97994107,0.9755425,0.9711374,0.9846514,0.9726452,0.9816249,0.98169005,0.96060526,0.9789257,0.97328776,0.9701188,0.9697285,0.978711,0.9770139,0.97238624,0.97410023,0.959311,0.97430295,0.9879905,0.9688647,0.9667426,0.98331946,0.9738422
beachbummovie,0.97147334,0.9758128,0.9534474,0.97103447,0.97216433,0.95557696,0.9735681,0.9758881,0.98687035,0.97019416,0.9800785,0.9592322,0.9881986,0.9698032,0.98926467,0.976937,0.9780372,0.96655613,0.974597,0.99999994,0.97238165,0.9770484,0.9756186,0.9845373,0.9495538,0.9416809,0.9677803,0.96675456,0.9691426,0.98660403,0.960593,0.97082025,0.95826674,0.97454196,0.96938366,0.97317344,0.97813547,0.97181314,0.9836686,0.96816105,0.9631237,0.9698316,0.95276856,0.96600795,0.9716563,0.96163714,0.9806308,0.970182,0.98202294,0.9755457,0.96360105,0.9752312,0.98261607,0.9716896,0.95522237,0.96760124,0.9538228,0.9745936,0.9657568,0.9752745,0.9734268,0.9669457,0.96750385,0.9839868,0.9723615,0.96647054,0.9667304,0.9678816,0.98354197,0.9729583,0.9766224,0.95973057,0.97578275,0.9681572,0.974256,0.9601932,0.9480813,0.9669856,0.980338,0.95511323,0.97489107,0.9734968,0.986478,0.97001326,0.97054344,0.9661642,0.9623352,0.98935443,0.9704858,0.9687914,0.98197126,0.9766224,0.96539736,0.9606777,0.9666654,0.98877746,0.97030777,0.98612654,0.9861198,0.96818155,0.9763277,0.98017585,0.9607296,0.9809108,0.97054356,0.96490014,0.97976,0.98296195,0.94715333,0.97208875,0.9806,0.983867,0.9711561,0.96510816,0.9687926,0.97667146,0.9781595,0.9724868,0.9805336,0.9726733,0.97515714,0.9722136,0.954851,0.9680948,0.974355,0.9721818,0.98145056,0.9773283,0.96720856,0.9611696,0.96869504,0.9665045,0.9758559,0.9465549,0.97843075,0.98578244,0.9680758,0.93577045,0.97389895,0.98113066,0.98687035,0.95746326,0.97048503,0.9857969,0.9833695,0.97930926,0.9731373,0.97048146,0.98191977,0.9691127,0.9722562,0.9605641,0.9746777,0.95049465,0.959383,0.9668105,0.96552515,0.96780187,0.96308964,0.9749098,0.98687035,0.9715935,0.97537047,0.98139864,0.967633
bernadettefilm,0.9858687,0.97622633,0.977025,0.9808636,0.9863288,0.9559059,0.98315674,0.972697,0.9886142,0.974386,0.97839135,0.9795827,0.9723312,0.97009397,0.981575,0.9828291,0.9728223,0.97561985,0.9854387,0.97238165,1.0000001,0.9798063,0.9713989,0.97533613,0.96688354,0.9590133,0.9771018,0.96795064,0.98470044,0.9845328,0.9716146,0.9815546,0.96933156,0.9813234,0.9766388,0.9718575,0.9763695,0.9786877,0.9781788,0.9851264,0.96633416,0.9820377,0.97459257,0.97703904,0.965482,0.9603709,0.9758306,0.96975523,0.976115,0.98323447,0.98337936,0.9860461,0.97474164,0.9728011,0.97325695,0.9767437,0.97234946,0.97980255,0.9735257,0.9833208,0.95793045,0.9704997,0.96263915,0.97626406,0.9736436,0.9671,0.95865905,0.9859304,0.98152,0.9488832,0.98484874,0.9772295,0.97934055,0.9760109,0.97634995,0.9697187,0.96787155,0.9610857,0.9836018,0.96779084,0.97701705,0.9824635,0.9718706,0.97774,0.98310155,0.97263384,0.9785308,0.978605,0.96481496,0.96912533,0.9772002,0.98484874,0.9724289,0.966255,0.97771454,0.97244126,0.9764018,0.9698173,0.98143613,0.9657564,0.9758984,0.97026944,0.97525233,0.98364055,0.97327495,0.9820092,0.97616774,0.983514,0.96816915,0.97690934,0.9803116,0.9792538,0.97436535,0.9696181,0.980722,0.978362,0.98634654,0.9703711,0.97895795,0.973347,0.9657582,0.9809087,0.9755768,0.97824913,0.9784008,0.9755026,0.96884674,0.9786522,0.96930957,0.9804764,0.98768306,0.96277267,0.96565914,0.941283,0.9840228,0.97937506,0.96189994,0.9610157,0.98268825,0.97639143,0.9886142,0.9793177,0.971751,0.9782864,0.96854794,0.9835468,0.97034353,0.9767202,0.9769657,0.9762299,0.97538036,0.97023046,0.9693092,0.9741056,0.9752755,0.9792285,0.970668,0.9724097,0.9653704,0.9808189,0.9886142,0.97277117,0.9794938,0.9835713,0.9781882
