movie,21bridgesmovie,47metersdown,abeautifuldaymovie,abominablemovie,adastramovie,adogsjourneymovie,aftermathmovie,aftermovie,ahiddenlifefilm,alitamovie,angelhasfallen,angrybirdsmovie,annabellemovie,annamovie,apollo11movie,arcticdogsmovie,arcticmovie,artofracingmovie,avengers,beachbummovie,bernadettefilm,blackandbluemovie,blackchristmas,blindedbythelightmovie,bombshellmovie,booksmart,breakthroughmovie,brianbanksmovie,brightburnmovie,brittanyrunsmov,captainmarvelofficial,captivestatemovie,catsmovie,charliesangels,childsplaymovie,clarathefilm,coldpursuitmovie,countdown,currentwarmovie,darkwatersmovie,detectivepikachumovie,disneyaladdin,disneyfrozen,disneymaleficent,doctorsleepmovie,dolemiteismyname,dontletgomovie,doramovie,downtonabbey_official,dumbo,escaperoom,everybodyknowsmovie,fastandfuriousmovie,fightingwmyfam,fivefeetapartfilm,fordvferrari,freaksthefilm,geminimanmovie,glassmovie,gloriabellmovie,godzillamovie,goldfinchmovie,goodboysmovie,goodliarmovie,gretafilm,halathemovie,happydeathdaymovie,harrietfilm,hellboymovie,hersmellmovie,highlifemovie,highstrungmovie,honeyboymovie,hotelmumbaifilm,httydragon,hustlemovie,hustlersmovie,isntitromantic,itmovieofficial,jayandsilentbob,johnwickmovie,jojorabbitmovie,jokermovie,judythefilm,jumanjimovie,justmercyfilm,knivesout,lalloronamovie,lastblackmansf,lastchristmasthemovie,latenightmovie,lighthousemovie,lionking,littlethemovie,littlewomenmovie,littlewoodsfilm,longshotmovie,lordsofchaosmovie,lucyintheskyfilm,mamovie2019,marriagestory,meettheaddams,meninblack,midsommarmovie,midwaymovie,missbalamovie,missinglinkfilm,motherlessbklyn,onceinhollywood,onthebasisofsex,overcomermovie,peanutbutterfalcon,petsematarymovie,piercingmovie,playingwithfire,playmobilthemovie,pomsmovie,queenandslim,rambomovie,readyornotfilm,richardjewellfilm,rocketmanmovie,scarystoriesmovie,secretlifeofpets,serenityfilm,shaftmovie,shazammovie,spidermanmovie,spiesindisguise,starwars,stormboymovie,stubermovie,taosdfilm,teenspiritmov,terminator,theaeronautsmov,thebestofenemies,thedeaddontdie,thefarewell,thehighwaymen,thehummingbirdprojectfilm,theintrudermovie,theirishmanfilm,thekitchenmovie,thelegomovie,themustangfilm,thenightingalefilm,theprodigymovie,thesunisalsoastar,theupsidefilm,tolkienmovie,toystory,triplefrontier,uglydolls,uncutgems,underthesilverlake,usmovie,wavesmovie,whatmenwant,wonderparkmovie,wrinklestheclown,xmenmovies,yardiefilm,yesterdaymovie,zombieland
21bridgesmovie,1.0,0.95004755,0.9758057,0.9719757,0.97714895,0.9558765,0.9701718,0.9676191,0.9860819,0.9735008,0.96796983,0.9695555,0.97036,0.9790214,0.9725082,0.9579506,0.9740624,0.9692646,0.9843739,0.9691124,0.96590936,0.9668521,0.97496134,0.9742618,0.96741545,0.95414865,0.97588027,0.95077574,0.97568005,0.96802545,0.95343655,0.96629286,0.953972,0.96734816,0.9701515,0.9636937,0.9718163,0.98770416,0.97671777,0.9528204,0.9457,0.9767691,0.9692318,0.9711267,0.9785868,0.96669316,0.97680193,0.9575463,0.955744,0.9714232,0.96731997,0.9631999,0.9672817,0.96580195,0.9701636,0.973359,0.97085476,0.98210895,0.9688924,0.9779747,0.9702185,0.9743847,0.97085685,0.9724619,0.9688865,0.96504915,0.97472614,0.9606949,0.96129984,0.957445,0.97903,0.96053857,0.9743775,0.9708768,0.9677791,0.9611067,0.9641475,0.95901704,0.9598882,0.9534213,0.97076964,0.97125256,0.9684204,0.9613806,0.972081,0.96547353,0.9595431,0.9565848,0.95182294,0.9749273,0.97248906,0.97903,0.95699126,0.95989215,0.96543884,0.97374266,0.9787008,0.96946096,0.9601971,0.983391,0.97364277,0.96317124,0.961143,0.976225,0.97339016,0.9661095,0.9727319,0.9661383,0.96895224,0.9601481,0.97567403,0.9664408,0.97678167,0.9632094,0.972987,0.982273,0.99374956,0.95713794,0.9775328,0.9712833,0.96991634,0.9718087,0.9713684,0.9581424,0.97123784,0.96196693,0.9704072,0.965351,0.9735393,0.9405808,0.9618476,0.96871555,0.9754304,0.96388537,0.97057825,0.9756272,0.9857684,0.956044,0.97904366,0.9654453,0.9860819,0.97962,0.9705538,0.9750027,0.9622979,0.950582,0.9659049,0.96670675,0.9688586,0.987837,0.97466713,0.9751557,0.97611004,0.9816716,0.97296816,0.9775483,0.9702885,0.97581905,0.96435064,0.97136843,0.9860819,0.9739635,0.9725336,0.9683274,0.94963133
47metersdown,0.95004755,1.0000001,0.9668001,0.96685344,0.9608743,0.94622606,0.9677914,0.9552428,0.9735883,0.9582041,0.9556927,0.9493191,0.9301519,0.9547281,0.9479859,0.96587926,0.96619403,0.94927996,0.94825196,0.95153433,0.9492814,0.9690762,0.97301245,0.9621584,0.94588095,0.9282883,0.954696,0.9467703,0.9667464,0.95386416,0.9517635,0.94777745,0.9578397,0.96177024,0.9641749,0.9567319,0.9591645,0.9536333,0.96875966,0.972466,0.91226137,0.9570144,0.95765245,0.9502817,0.9592101,0.9561944,0.9688038,0.94038075,0.9721358,0.9507367,0.96464056,0.96638036,0.96425146,0.9581381,0.95422804,0.9514566,0.95622116,0.9561467,0.9699875,0.96800613,0.9465606,0.95677614,0.9592638,0.96286464,0.95980275,0.94871867,0.9503738,0.95249486,0.95863515,0.9517576,0.975974,0.9502522,0.970092,0.9703548,0.9634399,0.9432799,0.9292628,0.94235647,0.94454587,0.94456416,0.95796096,0.95917827,0.9515297,0.96984017,0.9456827,0.923772,0.96702445,0.9215621,0.9359481,0.9686052,0.97613645,0.975974,0.94301987,0.964644,0.95846784,0.9689177,0.9644064,0.95109695,0.9695429,0.96436447,0.97419024,0.9624685,0.9704322,0.97918034,0.9646427,0.9615597,0.958957,0.9606837,0.9568174,0.9494655,0.9682975,0.96431977,0.9518056,0.95866835,0.94282734,0.9601024,0.95850796,0.9666553,0.9553641,0.97453296,0.95680594,0.94385004,0.9582063,0.92961156,0.96354395,0.9597925,0.9295112,0.9642398,0.9496162,0.94993764,0.95041543,0.9465858,0.9483506,0.92937857,0.9433051,0.9570506,0.96605945,0.95983154,0.96392316,0.9589132,0.9735883,0.9662561,0.9628125,0.9390983,0.93922436,0.96666753,0.94444484,0.94979745,0.9490023,0.954392,0.9575184,0.9649469,0.9601926,0.9629192,0.9653762,0.968585,0.9700822,0.9790714,0.96189165,0.9297841,0.9735883,0.9535921,0.9622592,0.9776625,0.9588604
abeautifuldaymovie,0.9758057,0.9668001,0.9999999,0.97138214,0.975909,0.9675507,0.97628677,0.9713469,0.98866516,0.9738079,0.95873296,0.9689555,0.9587474,0.97633964,0.9772764,0.97196263,0.9794927,0.9743625,0.96500075,0.97345376,0.9734254,0.9871908,0.9791249,0.9817757,0.9587933,0.9535095,0.97989035,0.97373396,0.99260235,0.96159863,0.9524851,0.96596074,0.9683403,0.975289,0.9704632,0.9761952,0.9850574,0.97337997,0.9847362,0.970107,0.93668485,0.9799178,0.9710473,0.97365046,0.9831687,0.9678715,0.9791971,0.953958,0.97304225,0.9711381,0.9921038,0.9758489,0.9672101,0.9754029,0.9607407,0.96690404,0.96604156,0.9797858,0.96615034,0.9771403,0.9706342,0.9634031,0.9780576,0.97524977,0.97616374,0.9747216,0.96527606,0.9716626,0.97152257,0.9648467,0.9813655,0.97382843,0.9776429,0.9849354,0.9735226,0.968208,0.95335346,0.9613407,0.9626209,0.9599398,0.95914996,0.97243994,0.97414076,0.9742722,0.96876884,0.96047616,0.9769849,0.9559098,0.9494025,0.9810551,0.9687955,0.9813655,0.9524012,0.9636832,0.9857569,0.978578,0.969432,0.96970385,0.98081744,0.97557086,0.98527586,0.9721164,0.9833045,0.9813279,0.97391015,0.98770124,0.974312,0.9743897,0.9729782,0.97552615,0.9837405,0.9732192,0.9749921,0.96835315,0.9796116,0.975386,0.9834614,0.9756786,0.97550696,0.9811012,0.9697741,0.9634978,0.9702663,0.95606107,0.98011976,0.9556788,0.96882105,0.9867788,0.9681989,0.95333904,0.9764643,0.97242135,0.9787561,0.9648174,0.973114,0.9734449,0.9827766,0.9756843,0.97779804,0.97506285,0.98866516,0.9882542,0.97804683,0.9684302,0.958884,0.9688563,0.96417946,0.9626152,0.9772156,0.9727686,0.9750887,0.9879469,0.9701645,0.97690094,0.9822037,0.98455346,0.9840077,0.98093283,0.9720067,0.9737061,0.98866516,0.96888125,0.97970116,0.982305,0.97759765
abominablemovie,0.9719757,0.96685344,0.97138214,1.0000001,0.9766886,0.9671749,0.9772794,0.9666897,0.98321664,0.9738844,0.9732789,0.9705753,0.9636032,0.9737394,0.9718899,0.9724261,0.9754371,0.97060704,0.97301257,0.965813,0.9687321,0.95951366,0.976459,0.96642536,0.96584076,0.9618866,0.97204727,0.95659524,0.9692033,0.96492714,0.96152896,0.95569766,0.9606363,0.9765133,0.96859676,0.9685314,0.96638584,0.9735589,0.9776846,0.9552845,0.936435,0.98167986,0.9803852,0.97292244,0.9778676,0.96723056,0.98263043,0.9634899,0.964717,0.9709089,0.96062213,0.96460015,0.9757899,0.9672116,0.9645095,0.9673628,0.9619485,0.9789927,0.97657925,0.9778326,0.97212183,0.97246933,0.97420776,0.972082,0.9662897,0.9715351,0.9570033,0.9665253,0.96765256,0.955434,0.9841436,0.9726157,0.9736881,0.97886306,0.9760884,0.9679803,0.9592418,0.96360457,0.96784633,0.9610482,0.96771073,0.97491235,0.96334636,0.966644,0.9684884,0.9540491,0.9674367,0.954168,0.95057976,0.9756873,0.9772115,0.9841436,0.9582747,0.9651385,0.9643005,0.9806313,0.9788905,0.9598322,0.9692873,0.9775452,0.97238475,0.9653813,0.95586294,0.9786159,0.9799804,0.95684767,0.96911675,0.96639025,0.9677389,0.9657154,0.98353624,0.9706621,0.96561676,0.96463263,0.9576568,0.9747907,0.9764173,0.96744025,0.96700364,0.98154426,0.96162033,0.9585016,0.9694723,0.9577987,0.9729858,0.96145356,0.9672655,0.96363515,0.97276515,0.96032476,0.9662011,0.9609884,0.96683174,0.967977,0.96402293,0.97216105,0.9757567,0.9540999,0.9747869,0.96501696,0.98321664,0.9659903,0.9689534,0.9680248,0.9633825,0.95852846,0.96807164,0.9644885,0.96423113,0.97015387,0.9766559,0.97758293,0.98326975,0.98467016,0.9776566,0.9845108,0.97852373,0.9871026,0.9652421,0.9521548,0.98321664,0.9742033,0.9716948,0.97752917,0.95083696
adastramovie,0.97714895,0.9608743,0.975909,0.9766886,0.99999994,0.9636604,0.986293,0.97649,0.99078023,0.98602086,0.98364955,0.97385734,0.971856,0.9779901,0.9776399,0.9624706,0.9788538,0.9759188,0.98018724,0.9620601,0.97478175,0.96908295,0.9748717,0.9781445,0.97321427,0.96536446,0.97621554,0.96919394,0.98012155,0.9785066,0.9762565,0.97010744,0.97171324,0.96979475,0.97514975,0.97326803,0.9744023,0.98610777,0.9778975,0.96709394,0.9573024,0.98854834,0.9794771,0.98285663,0.9820671,0.9687767,0.97607625,0.97538865,0.96715415,0.98802406,0.9668611,0.97525483,0.98199165,0.9791644,0.97044253,0.98118955,0.974054,0.9806916,0.9772138,0.9776991,0.9768433,0.97991,0.9731917,0.979622,0.9715826,0.9722223,0.9647547,0.9766056,0.9740012,0.9620726,0.97649115,0.96266186,0.9820534,0.9824466,0.9815363,0.9740523,0.96528447,0.9797483,0.97164845,0.97668487,0.97600716,0.9864675,0.97740257,0.9716824,0.97196627,0.9706771,0.9744637,0.9601311,0.95275956,0.9819128,0.983592,0.97649115,0.9763018,0.9745189,0.9668963,0.98126143,0.9864588,0.969681,0.9786086,0.97903675,0.9718306,0.97389054,0.9628195,0.97564757,0.97390014,0.9645857,0.9655181,0.972338,0.96068555,0.96583414,0.98132205,0.98010004,0.9779149,0.96920574,0.966707,0.98814946,0.9844805,0.97310686,0.9750534,0.9848285,0.9779117,0.97000253,0.9797707,0.95315087,0.9831867,0.97637016,0.9668776,0.9745738,0.9719419,0.9729799,0.96864736,0.9812375,0.9708638,0.95732594,0.9736302,0.9853612,0.97647184,0.9675417,0.9747521,0.9650611,0.99078023,0.9752756,0.9730596,0.9746295,0.9771713,0.9706012,0.96799463,0.9681365,0.9763031,0.9767759,0.9848549,0.984204,0.9852071,0.96908444,0.9690444,0.9781359,0.973497,0.9861813,0.9649095,0.9616604,0.99078023,0.977575,0.98134565,0.97299343,0.95889485
adogsjourneymovie,0.9558765,0.94622606,0.9675507,0.9671749,0.9636604,0.9999999,0.9746831,0.9482101,0.96965206,0.9673847,0.9623678,0.96082854,0.970015,0.9443172,0.9681254,0.97036403,0.9573961,0.9634002,0.97049266,0.96710354,0.977302,0.9669822,0.9712165,0.9585281,0.95274323,0.9582795,0.9697508,0.93195754,0.9689034,0.9626747,0.95651454,0.9442023,0.95462006,0.95949346,0.97262675,0.97478825,0.9472344,0.964329,0.9600409,0.9496133,0.9414553,0.975133,0.97862005,0.9588399,0.9720752,0.96957284,0.9746411,0.9794941,0.9301697,0.9572329,0.95651513,0.9372994,0.9647077,0.9516521,0.959203,0.96379787,0.9650242,0.97409236,0.9614539,0.9645174,0.96045125,0.95093346,0.9667021,0.9521324,0.94028574,0.97637516,0.9418951,0.937513,0.9619587,0.95534754,0.97046536,0.97699916,0.97211045,0.95998174,0.9683558,0.9627358,0.9637917,0.9489146,0.9560342,0.9696099,0.96356267,0.9690505,0.96100146,0.963514,0.9552659,0.9397056,0.97872,0.97144675,0.9659141,0.9699068,0.9692544,0.97046536,0.9403943,0.9407341,0.9520001,0.97609264,0.96412957,0.9505832,0.9623691,0.96715957,0.9713906,0.97072226,0.956247,0.9594392,0.9602193,0.9499528,0.95384,0.96932495,0.9655133,0.9374104,0.96637326,0.97440434,0.9671448,0.97049993,0.94855875,0.95821404,0.9581771,0.9625751,0.9703852,0.9777723,0.95767367,0.93607485,0.9556791,0.9873442,0.9753084,0.9443942,0.96816957,0.9676494,0.96720064,0.97036505,0.967798,0.95720965,0.94945836,0.95324427,0.9773209,0.968324,0.9489527,0.9538481,0.9561282,0.96669537,0.96965206,0.96521723,0.9685211,0.95102984,0.9570062,0.9445164,0.9658126,0.9693721,0.960298,0.9571063,0.9713509,0.9648398,0.97493947,0.9610272,0.9650337,0.96827656,0.964815,0.96785563,0.9468893,0.95623446,0.96965206,0.9736284,0.9652527,0.9657052,0.945219
aftermathmovie,0.9701718,0.9677914,0.97628677,0.9772794,0.986293,0.9746831,0.99999994,0.97152096,0.9905544,0.97555035,0.9834802,0.97546357,0.9668384,0.9678985,0.97843826,0.9721275,0.9825471,0.966655,0.97548085,0.9736428,0.9776074,0.9733184,0.9779617,0.9788492,0.97681904,0.9607531,0.9748074,0.97018516,0.9828114,0.9736702,0.9739685,0.9676948,0.97360027,0.97771305,0.98138267,0.97161806,0.9700781,0.9823145,0.9839604,0.9639511,0.96316105,0.9843719,0.9839026,0.9799431,0.98183364,0.97901076,0.98138493,0.98043907,0.9632216,0.9789329,0.96880347,0.97050196,0.9807104,0.98047763,0.9699841,0.978437,0.9753819,0.9852467,0.9832971,0.98877895,0.97452587,0.97928536,0.9726452,0.98496866,0.9736702,0.9783394,0.9688963,0.96380097,0.97803557,0.96518785,0.9847861,0.9719942,0.97816736,0.9862756,0.98264974,0.9729686,0.96568286,0.9779719,0.9773289,0.97518367,0.977785,0.9933221,0.9844165,0.9832082,0.9725079,0.96497375,0.98076993,0.95482326,0.96239525,0.9871973,0.98527753,0.9847861,0.97129786,0.9767591,0.9653277,0.9864256,0.98433316,0.97884846,0.98514074,0.97397345,0.97693753,0.9820337,0.97387654,0.97951996,0.9690886,0.9672899,0.9740927,0.9786315,0.9714097,0.96567,0.9798931,0.9800797,0.9832445,0.9680049,0.9675033,0.9811461,0.9797785,0.9810016,0.97771573,0.993931,0.980613,0.96982545,0.9793269,0.96415675,0.9850872,0.97469246,0.964801,0.976822,0.9783626,0.97856617,0.9751164,0.9813976,0.9753064,0.96979725,0.9796177,0.97851366,0.97787887,0.9688494,0.979218,0.97185886,0.9905544,0.9760536,0.9807329,0.97499096,0.9701469,0.96768266,0.9606951,0.9742404,0.9786789,0.97666043,0.9924899,0.97660106,0.9808998,0.9665695,0.97461003,0.98182386,0.97443116,0.9836516,0.97752976,0.96257496,0.9905544,0.9850012,0.98510885,0.98002774,0.9617828
aftermovie,0.9676191,0.9552428,0.9713469,0.9666897,0.97649,0.9482101,0.97152096,0.9999998,0.9825202,0.96736,0.9614355,0.9667192,0.96284723,0.969183,0.9791293,0.9590411,0.97341996,0.9633048,0.9569521,0.9580002,0.96633667,0.9617293,0.9704242,0.9745472,0.9732812,0.95430624,0.9608159,0.9680317,0.9753552,0.96198636,0.95696986,0.9565007,0.9689834,0.95743227,0.9593179,0.9578086,0.9717744,0.9765073,0.9756012,0.95317507,0.9582949,0.9757281,0.9621088,0.96592534,0.9740862,0.95094466,0.9729754,0.95683515,0.95895755,0.9677192,0.96387166,0.976025,0.9677847,0.9753071,0.97439456,0.96711457,0.95962524,0.9786234,0.9727283,0.9714238,0.9753838,0.97336125,0.96774757,0.9725489,0.9686834,0.9633919,0.962798,0.9740015,0.9549586,0.9524308,0.96501625,0.9569537,0.964167,0.98135644,0.96527696,0.9705602,0.95245814,0.9701387,0.9769797,0.9567312,0.957437,0.974229,0.98315465,0.96210086,0.96542394,0.9572653,0.9691649,0.9514094,0.932598,0.97973037,0.9709791,0.96501625,0.96682787,0.9690562,0.9607583,0.9709831,0.9697953,0.97351307,0.9713693,0.96673054,0.9586967,0.96763605,0.96027994,0.9597017,0.9648107,0.9633564,0.97177815,0.9591439,0.95054346,0.96816003,0.97049147,0.9666153,0.9706811,0.95256513,0.9639197,0.9797332,0.9795128,0.96769506,0.9699337,0.97192705,0.97789675,0.9602124,0.97716254,0.94596404,0.97088456,0.9626827,0.9619841,0.96723837,0.96619266,0.94727385,0.9647155,0.97595996,0.9654106,0.9632838,0.96272546,0.97050446,0.97441304,0.9797051,0.9650405,0.95463127,0.9825202,0.9702804,0.96499825,0.9711491,0.9646834,0.9696903,0.96673775,0.94957644,0.97133523,0.97561705,0.96995306,0.9833971,0.96532965,0.9740717,0.96797866,0.96875465,0.9712092,0.97442174,0.97849405,0.96694523,0.9825202,0.9766263,0.97842324,0.9657197,0.95216316
ahiddenlifefilm,0.9860819,0.9735883,0.98866516,0.98321664,0.99078023,0.96965206,0.9905544,0.9825202,1.0000002,0.98483455,0.98144364,0.9792895,0.9747604,0.9840897,0.9856814,0.97764105,0.9895765,0.97808856,0.9824043,0.9766821,0.9821244,0.9841388,0.9858583,0.98664135,0.9783678,0.9662534,0.98492014,0.9757649,0.9928653,0.97924507,0.9756462,0.9782273,0.982507,0.9787571,0.9841289,0.97988445,0.98818815,0.9895164,0.98945266,0.9758882,0.9595239,0.9895151,0.98540956,0.9843836,0.9886486,0.97595626,0.9870648,0.97239155,0.97592497,0.98507375,0.9844948,0.9847889,0.98166484,0.9836508,0.97696006,0.9851196,0.9823434,0.9903648,0.9866726,0.9893416,0.98425585,0.98460937,0.98499155,0.9871953,0.9845722,0.9823366,0.9780637,0.98056436,0.9794042,0.97295624,0.9904837,0.975195,0.9865166,0.99058163,0.9870701,0.9782347,0.9695733,0.98180753,0.9788902,0.97542906,0.9770218,0.98921543,0.9866778,0.9834358,0.9822258,0.9755971,0.9816641,0.9647589,0.96357006,0.9915582,0.98633045,0.9904837,0.97631544,0.9814353,0.9821318,0.9881085,0.9881951,0.9800132,0.98472655,0.98581314,0.9854167,0.98437256,0.98055434,0.98791045,0.9834599,0.9815392,0.9841505,0.9818266,0.97868574,0.97496295,0.9872226,0.9832919,0.98416924,0.9767153,0.9778382,0.9893582,0.9934225,0.9812412,0.9833562,0.99149925,0.9851392,0.9765298,0.9844099,0.961677,0.9888526,0.9820377,0.97613066,0.9855545,0.9810117,0.9701429,0.98065364,0.98375434,0.985193,0.9729943,0.98155695,0.9861861,0.98972493,0.97669864,0.98813206,0.9789737,1.0000002,0.9903391,0.98347825,0.9795194,0.9743993,0.9752056,0.9754699,0.97507834,0.9819833,0.9847176,0.988374,0.988882,0.9863859,0.9839089,0.9837909,0.9889416,0.98744917,0.99200696,0.9819802,0.97499347,1.0000002,0.985729,0.9918864,0.9861242,0.97392666
alitamovie,0.9735008,0.9582041,0.9738079,0.9738844,0.98602086,0.9673847,0.97555035,0.96736,0.98483455,1.0,0.9787148,0.9789942,0.97571665,0.9680542,0.9702381,0.9624203,0.9705838,0.97414356,0.9829945,0.9671501,0.9635957,0.97185045,0.96618,0.96305287,0.9579957,0.9546524,0.9728789,0.94573903,0.9739317,0.9694444,0.9789937,0.9675675,0.96323216,0.9677028,0.9743038,0.97077113,0.9684126,0.9749051,0.97629327,0.9639765,0.94018847,0.9831459,0.9773156,0.9770531,0.98048985,0.9727186,0.96702975,0.970267,0.9545023,0.97940606,0.9722256,0.96260697,0.9741754,0.9687375,0.9700777,0.9829999,0.97783446,0.9754126,0.97525376,0.97510743,0.97891724,0.9638251,0.9764878,0.9676866,0.9615654,0.97199047,0.9501833,0.960741,0.9646069,0.967604,0.97969544,0.96581495,0.98522323,0.9730292,0.9765844,0.9620336,0.9605553,0.96560264,0.9652082,0.9735302,0.9746996,0.9692559,0.9628267,0.9703817,0.9736632,0.97197455,0.9717484,0.96493536,0.9626449,0.9733212,0.9731456,0.97969544,0.9702258,0.9691839,0.96998113,0.97761935,0.98391664,0.958752,0.9630501,0.9734854,0.9760702,0.96837735,0.95402384,0.979769,0.9859682,0.9697373,0.9577206,0.9707788,0.9624633,0.96194375,0.9696551,0.97414297,0.97057855,0.96573967,0.96614784,0.9727709,0.97436523,0.9601968,0.97175455,0.97672814,0.96760356,0.95389605,0.96476376,0.9613428,0.9834176,0.9695893,0.96615833,0.97793204,0.9661947,0.9656074,0.96060324,0.97202814,0.96371126,0.94767725,0.97507775,0.9766445,0.96987617,0.95150447,0.9790397,0.96766645,0.98483455,0.9758976,0.9666759,0.96894616,0.9680111,0.9585102,0.95734465,0.97204715,0.97198784,0.9722208,0.97958374,0.97845954,0.9803461,0.97462666,0.9658112,0.9745772,0.9660656,0.98514134,0.96058357,0.9635114,0.98483455,0.9760795,0.97093254,0.96568877,0.9651085
angelhasfallen,0.96796983,0.9556927,0.95873296,0.9732789,0.98364955,0.9623678,0.9834802,0.9614355,0.98144364,0.9787148,0.99999994,0.96942604,0.97666,0.9592013,0.9668043,0.95607066,0.97103554,0.9608194,0.98428184,0.9586724,0.9699478,0.95792294,0.964992,0.963104,0.9680717,0.9587274,0.9675609,0.95096135,0.96554136,0.9668936,0.98180056,0.96471703,0.9597321,0.9626551,0.9740309,0.9634696,0.95485544,0.9786948,0.96771634,0.96026254,0.94820815,0.976224,0.97705394,0.9663379,0.9793465,0.9698893,0.9623292,0.9758837,0.94714236,0.97133654,0.95260864,0.9573171,0.9754538,0.962155,0.9690971,0.97179884,0.97978115,0.97190994,0.97994536,0.9780298,0.9726786,0.9685126,0.96776223,0.9701036,0.9573501,0.9703839,0.9533711,0.9603235,0.9722548,0.9581375,0.9748633,0.96559024,0.98012614,0.97412467,0.9817664,0.9632641,0.9646161,0.97270083,0.95764923,0.97033554,0.98903817,0.9808447,0.9671121,0.9644163,0.97073865,0.956467,0.971164,0.9616252,0.9575238,0.9704579,0.98026013,0.9748633,0.970983,0.96899045,0.9505274,0.9755564,0.98692924,0.960183,0.9622675,0.971294,0.9636032,0.967872,0.9508872,0.97103816,0.96177506,0.9502471,0.9639616,0.9708492,0.9632619,0.95297647,0.9682455,0.9763709,0.97632855,0.96391606,0.96243465,0.98269147,0.96916014,0.96323043,0.9703735,0.9788238,0.97003406,0.95533603,0.9644769,0.95765626,0.97655314,0.97745806,0.96168077,0.9628795,0.96947855,0.9729514,0.94906,0.97158104,0.96262616,0.954805,0.96830857,0.97307736,0.9647069,0.9536905,0.9712611,0.95789766,0.98144364,0.96680534,0.9680511,0.9744171,0.9716118,0.9593731,0.95444316,0.9757362,0.9681397,0.9676722,0.9778245,0.97043073,0.9840483,0.9645601,0.9580906,0.9648851,0.96282226,0.9815948,0.9604826,0.9540354,0.98144364,0.97249246,0.9738412,0.9615901,0.9482987
angrybirdsmovie,0.9695555,0.9493191,0.9689555,0.9705753,0.97385734,0.96082854,0.97546357,0.9667192,0.9792895,0.9789942,0.96942604,0.99999994,0.9675813,0.96579516,0.9726617,0.9576935,0.9691098,0.96941286,0.9741953,0.9747668,0.9598502,0.9738282,0.9642359,0.9663183,0.9634181,0.9592026,0.9674477,0.9462173,0.9723261,0.9680087,0.9593678,0.9506613,0.9554025,0.97134364,0.9603557,0.96013486,0.9640986,0.97212094,0.97643626,0.94788164,0.9551718,0.9753731,0.96989715,0.96590525,0.9767276,0.9586532,0.96744317,0.9597621,0.9439463,0.9669268,0.97245073,0.95411986,0.9758536,0.97241604,0.96476036,0.9682754,0.9684618,0.97988594,0.97274274,0.97781825,0.9732167,0.96151036,0.9715121,0.96774703,0.96378165,0.9663768,0.9521353,0.95465976,0.96092504,0.96499103,0.97738487,0.9735193,0.9699528,0.9701767,0.96724784,0.96376795,0.96086466,0.9666086,0.9629936,0.96457773,0.96114373,0.9708731,0.9627807,0.96740496,0.9786737,0.9611407,0.96151257,0.95377785,0.96530575,0.97361183,0.9670343,0.97738487,0.9616487,0.9708881,0.96983576,0.97338533,0.97454727,0.9589634,0.9571227,0.96697325,0.96605045,0.9658741,0.957647,0.9772209,0.9741248,0.9726129,0.97449046,0.9671587,0.9748865,0.9637536,0.9706469,0.9688586,0.9725362,0.9539523,0.966621,0.9652387,0.97117096,0.95563155,0.9670476,0.96798337,0.95978904,0.95051247,0.9658733,0.9603512,0.9698725,0.9644481,0.9560273,0.9725467,0.9613979,0.9568091,0.9564138,0.973863,0.962607,0.9612985,0.97570765,0.97209823,0.9716774,0.9505679,0.9791539,0.9660247,0.9792895,0.97300684,0.9566407,0.9728985,0.97159845,0.94371855,0.94134027,0.9557942,0.97373444,0.9652107,0.98235446,0.9696996,0.9735532,0.97205895,0.9616772,0.9752116,0.96006674,0.9761814,0.97757035,0.96993184,0.9792895,0.97634995,0.96664834,0.96174955,0.96177506
annabellemovie,0.97036,0.9301519,0.9587474,0.9636032,0.971856,0.970015,0.9668384,0.96284723,0.9747604,0.97571665,0.97666,0.9675813,0.99999964,0.952921,0.977694,0.96043193,0.95070595,0.96549165,0.98215073,0.9675608,0.9677689,0.95312023,0.95460016,0.956571,0.9590476,0.9560231,0.9677241,0.93066984,0.9700763,0.9667903,0.96870166,0.9631713,0.9639113,0.95926344,0.96895236,0.96695614,0.951684,0.97683394,0.9549598,0.94864005,0.952066,0.9823577,0.9799994,0.9620821,0.97504485,0.957675,0.95922595,0.9645749,0.9219028,0.9699313,0.957228,0.9476411,0.9707558,0.9586636,0.9655434,0.9762051,0.9766853,0.9773837,0.9680896,0.9656787,0.98101723,0.95349616,0.9702242,0.95618314,0.94645154,0.9751987,0.94791883,0.9498877,0.9528926,0.96832967,0.96551365,0.97284955,0.9758569,0.96148616,0.9677018,0.9740602,0.9788757,0.97188663,0.96353275,0.96299607,0.97610176,0.9661553,0.9652929,0.94801444,0.9750189,0.95711005,0.96936566,0.98815393,0.95604235,0.96418345,0.9653862,0.96551365,0.9653698,0.9517352,0.95297045,0.97412574,0.97212595,0.9571947,0.9430656,0.9692837,0.9588851,0.96750295,0.94739825,0.96186125,0.9639937,0.95560694,0.9578205,0.9720364,0.9579345,0.95132726,0.9630443,0.96978384,0.9725257,0.96342033,0.9640094,0.97062075,0.9682514,0.9453076,0.98012465,0.9677817,0.96639544,0.948304,0.95320374,0.9711387,0.9769879,0.95951575,0.9797028,0.9601189,0.9706803,0.960699,0.95700437,0.9712614,0.951414,0.94408387,0.97951114,0.9735272,0.9571946,0.9548194,0.96536595,0.96129435,0.9747604,0.9689256,0.96053225,0.9767101,0.9660049,0.9469348,0.9611805,0.9742544,0.97385526,0.9660454,0.96676856,0.9722632,0.9757007,0.96885455,0.95273453,0.9587709,0.954062,0.9686571,0.95185626,0.9713988,0.9747604,0.97866297,0.9670731,0.94654644,0.95075625
annamovie,0.9790214,0.9547281,0.97633964,0.9737394,0.9779901,0.9443172,0.9678985,0.969183,0.9840897,0.9680542,0.9592013,0.96579516,0.952921,1.0000001,0.9705845,0.9629354,0.9711894,0.9798677,0.9661612,0.95775163,0.9625555,0.96783453,0.973935,0.98082614,0.9696826,0.9539632,0.96994245,0.9678981,0.9776802,0.9642519,0.9475045,0.9471602,0.9621247,0.9633187,0.95735866,0.9602805,0.9790254,0.9745269,0.9805373,0.9415225,0.94974095,0.9767881,0.9649292,0.9703675,0.9738281,0.95602196,0.97298795,0.94717914,0.9702881,0.97031784,0.96762085,0.96612006,0.9637505,0.96716094,0.9501015,0.96897435,0.95314074,0.9813639,0.9589745,0.97275686,0.9656825,0.9687845,0.96966654,0.9830443,0.97120047,0.95430726,0.9749799,0.970734,0.9672937,0.9426707,0.97529954,0.95780826,0.96793616,0.97932476,0.971324,0.96602786,0.9565618,0.9627828,0.9551758,0.95306325,0.95548326,0.9695762,0.9669028,0.96176726,0.9668777,0.95601135,0.951001,0.9422444,0.9412832,0.97231203,0.97083825,0.97529954,0.9570805,0.9570646,0.9722222,0.96620595,0.97288704,0.95440495,0.9687452,0.9804104,0.96466523,0.9614047,0.95948714,0.97190285,0.97496647,0.9651471,0.96959853,0.96822417,0.9665913,0.96310437,0.98678577,0.9619025,0.9684081,0.9493939,0.9666508,0.9781828,0.9860792,0.9644077,0.9635499,0.9699919,0.96192706,0.9752812,0.9664112,0.9419561,0.9634831,0.96003187,0.9608068,0.9628095,0.96267694,0.93795437,0.9634436,0.96757513,0.9680607,0.96224475,0.9641838,0.9719263,0.98121256,0.9569724,0.9754493,0.96496993,0.9840897,0.967703,0.96391493,0.9711124,0.968853,0.9539708,0.95625246,0.954408,0.9693262,0.9714998,0.96978384,0.97827375,0.9744039,0.9773361,0.971674,0.9784257,0.97622526,0.9788118,0.966449,0.9603336,0.9840897,0.96894556,0.9712651,0.97045636,0.95183235
apollo11movie,0.9725082,0.9479859,0.9772764,0.9718899,0.9776399,0.9681254,0.97843826,0.9791293,0.9856814,0.9702381,0.9668043,0.9726617,0.977694,0.9705845,1.0000001,0.974433,0.9708061,0.9780392,0.9719669,0.9827545,0.9758664,0.9722076,0.97304124,0.978321,0.9733143,0.96817887,0.9745639,0.96640307,0.9832,0.9783278,0.96248114,0.96401787,0.9805331,0.9708162,0.9728187,0.96907306,0.9726989,0.9782847,0.97079855,0.95431477,0.9621695,0.98602945,0.9774283,0.969589,0.9748735,0.95549893,0.97646016,0.96522456,0.9510544,0.97172123,0.96968657,0.9707257,0.97572947,0.9753228,0.96254236,0.9698353,0.96757156,0.9890834,0.9753053,0.9787243,0.97966814,0.96516395,0.9727001,0.9780709,0.971068,0.9850366,0.9630293,0.97099537,0.9646503,0.97025543,0.9789838,0.9756412,0.9675755,0.97681785,0.96889853,0.9808426,0.9753885,0.9767387,0.9797274,0.96579486,0.961661,0.9818034,0.9836052,0.9611582,0.9819206,0.95991623,0.9791082,0.9699456,0.9549144,0.9839371,0.9739345,0.9789838,0.96153456,0.9654391,0.96631444,0.9840288,0.9680536,0.9749142,0.96881324,0.97770286,0.96557903,0.9787602,0.9678554,0.9672849,0.97135407,0.9660266,0.9722939,0.9832599,0.96728194,0.96648,0.978475,0.975686,0.9769971,0.9646244,0.96395975,0.97210497,0.97941923,0.96493644,0.97887343,0.98050773,0.9777066,0.9678888,0.97266614,0.9645218,0.9822849,0.96239096,0.97798234,0.9666328,0.97902036,0.9560255,0.9841583,0.98052657,0.97120845,0.96810645,0.982372,0.98246473,0.97361124,0.97648007,0.97906345,0.9685275,0.9856814,0.9785054,0.9717515,0.97873145,0.96870565,0.9645852,0.97149324,0.96957433,0.98521507,0.9759981,0.9807819,0.98044425,0.9707149,0.9764049,0.97136325,0.9832011,0.97340554,0.9783382,0.97679687,0.9726217,0.9856814,0.9831594,0.9896102,0.9674989,0.9566489
arcticdogsmovie,0.9579506,0.96587926,0.97196263,0.9724261,0.9624706,0.97036403,0.9721275,0.9590411,0.97764105,0.9624203,0.95607066,0.9576935,0.96043193,0.9629354,0.974433,0.99999994,0.9574784,0.9722719,0.9614406,0.9766522,0.9666272,0.96859986,0.9694764,0.97003305,0.95032096,0.96091443,0.974997,0.9535694,0.97992384,0.96728724,0.9546744,0.9519735,0.9664539,0.9717311,0.9779361,0.97966963,0.9616404,0.9665068,0.97247475,0.95640844,0.93858445,0.9744584,0.9752211,0.96026224,0.9656686,0.96512496,0.9703461,0.9523554,0.9604478,0.95795155,0.96791965,0.96234196,0.96179354,0.95578754,0.96373725,0.9619456,0.9638555,0.97869015,0.9664526,0.97024935,0.9640481,0.95063764,0.9674264,0.96879506,0.95884377,0.97550195,0.96204746,0.95188344,0.95572644,0.9682891,0.97933763,0.974546,0.97252023,0.9700404,0.9715286,0.9654506,0.96714455,0.95515376,0.96037436,0.9544093,0.9574835,0.96677494,0.96556205,0.96207124,0.9694609,0.9393133,0.9704099,0.9520458,0.9581135,0.9811496,0.97504574,0.97933763,0.94629246,0.95295393,0.96929985,0.98029375,0.9640069,0.9580293,0.9681088,0.9781868,0.97612375,0.96731603,0.9741827,0.97252995,0.96996266,0.9602075,0.9548234,0.9812392,0.9750783,0.95580375,0.97504973,0.97530043,0.96637094,0.972414,0.9544439,0.95714206,0.9638462,0.9710568,0.96561027,0.9813881,0.9627465,0.9502124,0.96174765,0.96151996,0.97646016,0.9533004,0.9697592,0.9684472,0.97454697,0.95343035,0.97687286,0.9712389,0.95666516,0.9530511,0.97470737,0.9685962,0.9596646,0.96457225,0.97002566,0.97938436,0.97764105,0.9718416,0.9755212,0.95162815,0.9548715,0.96670216,0.9696365,0.9761863,0.96136695,0.96442115,0.9642674,0.9693982,0.9714065,0.97073275,0.9746709,0.9798694,0.97882617,0.9758126,0.96669644,0.9514695,0.97764105,0.97160465,0.9732136,0.9729205,0.95378774
arcticmovie,0.9740624,0.96619403,0.9794927,0.9754371,0.9788538,0.9573961,0.9825471,0.97341996,0.9895765,0.9705838,0.97103554,0.9691098,0.95070595,0.9711894,0.9708061,0.9574784,0.99999994,0.96316427,0.9653269,0.9611189,0.97645456,0.9732887,0.97853607,0.97072065,0.973532,0.947152,0.9639907,0.9744381,0.9756568,0.963425,0.96655226,0.9672912,0.9711394,0.95641834,0.96642435,0.95932084,0.9838036,0.97387403,0.9818857,0.9665996,0.93692833,0.9746443,0.97331035,0.9794195,0.9794679,0.96075124,0.9807176,0.96230656,0.967338,0.9753763,0.97316754,0.97863024,0.9671535,0.9767972,0.96483874,0.96903855,0.9708997,0.9754712,0.9816272,0.98290926,0.9664034,0.98399997,0.9784103,0.9729126,0.98198867,0.9690351,0.9610353,0.9773431,0.9768796,0.9517143,0.98475194,0.95663035,0.97161007,0.98430955,0.97496396,0.9608443,0.9412004,0.9653669,0.96704394,0.9712635,0.96585834,0.98269683,0.97189313,0.9792828,0.96529126,0.9649516,0.9716694,0.94234765,0.9447697,0.978697,0.976577,0.98475194,0.9710634,0.9788292,0.97065806,0.97404194,0.9806864,0.9743815,0.9791812,0.9674806,0.974707,0.9715895,0.96996653,0.9785555,0.9717131,0.9718959,0.97974044,0.95530325,0.9670613,0.9684074,0.9722253,0.96662414,0.96982676,0.96217215,0.96409565,0.9799665,0.9851419,0.97380275,0.97240263,0.9840149,0.96871674,0.9685603,0.9797835,0.94638777,0.97111624,0.9720838,0.95545423,0.97570175,0.96032816,0.9639022,0.96676517,0.96444815,0.9874031,0.9745753,0.96386766,0.9712619,0.98619926,0.964285,0.9795219,0.96402633,0.9895765,0.9765851,0.9668339,0.9615709,0.94874185,0.9614154,0.9629443,0.9534012,0.96239644,0.9805062,0.98558724,0.9772062,0.97390765,0.97651935,0.9744289,0.982931,0.9767036,0.9829023,0.9726621,0.95912373,0.9895765,0.9694636,0.9848468,0.9812474,0.9686588
artofracingmovie,0.9692646,0.94927996,0.9743625,0.97060704,0.9759188,0.9634002,0.966655,0.9633048,0.97808856,0.97414356,0.9608194,0.96941286,0.96549165,0.9798677,0.9780392,0.9722719,0.96316427,1.0000001,0.96289116,0.9679074,0.9727631,0.9689875,0.96511155,0.9654206,0.96565557,0.96482,0.9681425,0.95736295,0.9746202,0.9707779,0.9532324,0.9470908,0.9636614,0.9591628,0.95706755,0.96254396,0.97316986,0.9634365,0.96602565,0.94653726,0.94457304,0.97885996,0.97261643,0.9658629,0.9727394,0.9514055,0.9660273,0.9529351,0.94944286,0.96916056,0.9665959,0.95688313,0.96319985,0.9703268,0.95154214,0.9620902,0.9527556,0.9799221,0.95858073,0.9656672,0.97018915,0.95320857,0.97434646,0.96804196,0.95928675,0.9683684,0.9547312,0.96244776,0.9641559,0.9511124,0.9758966,0.96804506,0.9668435,0.9704873,0.96584207,0.9649644,0.9561845,0.9592096,0.95547897,0.9614458,0.9627353,0.964722,0.96308136,0.94822633,0.97179174,0.9494894,0.96101123,0.9592751,0.9512221,0.96971637,0.96786624,0.9758966,0.9519898,0.9459536,0.9720477,0.97133183,0.9706877,0.94681823,0.96266407,0.98073953,0.9661204,0.96436924,0.9562097,0.96997654,0.97700804,0.96440834,0.9588388,0.9723821,0.9722622,0.9535353,0.9795095,0.96693504,0.970955,0.95102614,0.9582412,0.9708705,0.9751381,0.9510851,0.9700685,0.9730243,0.960454,0.9570936,0.9640685,0.9581316,0.9688258,0.9552546,0.9713013,0.96008945,0.95859087,0.94776374,0.9678676,0.97395134,0.9513027,0.9509112,0.97794235,0.97538906,0.9692665,0.9554905,0.97626394,0.9815085,0.97808856,0.9675103,0.95986974,0.9623774,0.9653248,0.9549448,0.9559368,0.9587906,0.96825325,0.96718615,0.97164136,0.9773423,0.970778,0.97330135,0.96662503,0.97814757,0.9683396,0.9769715,0.95889825,0.96321374,0.97808856,0.97243655,0.9719639,0.9654909,0.95849234
avengers,0.9843739,0.94825196,0.96500075,0.97301257,0.98018724,0.97049266,0.97548085,0.9569521,0.9824043,0.9829945,0.98428184,0.9741953,0.98215073,0.9661612,0.9719669,0.9614406,0.9653269,0.96289116,1.0000001,0.96827865,0.963251,0.9622237,0.9665255,0.96673506,0.9616312,0.9586412,0.9736448,0.9380823,0.9697944,0.9692938,0.9758173,0.9670168,0.9532668,0.96689856,0.97636425,0.9675686,0.95454216,0.98330903,0.9718794,0.9561529,0.9500489,0.98062664,0.98021257,0.9714267,0.9759035,0.97105044,0.9682188,0.97128034,0.94175416,0.97429335,0.9589302,0.9523782,0.9761453,0.9574626,0.9679529,0.9797739,0.9829716,0.97998405,0.9729936,0.9770897,0.97602534,0.96699244,0.9719205,0.96688104,0.9578336,0.9699916,0.9648281,0.95407516,0.96520615,0.96285146,0.9776855,0.9679932,0.9793902,0.9634324,0.9744087,0.9638976,0.97545904,0.9634972,0.95444953,0.9645891,0.98035085,0.9715769,0.9617143,0.9641766,0.9753622,0.96171695,0.9669341,0.9671951,0.96335924,0.970719,0.9752596,0.9776855,0.96548206,0.9614828,0.95612097,0.97785497,0.98420167,0.96139866,0.9531464,0.97892225,0.96860653,0.9668397,0.9513214,0.975468,0.9703268,0.95490444,0.9613352,0.97313315,0.96647346,0.9494712,0.972612,0.97367626,0.9717784,0.9694956,0.9624908,0.97560066,0.97703236,0.9567116,0.9747319,0.9739698,0.96750635,0.9622386,0.9587585,0.9701672,0.9790468,0.9659972,0.96739423,0.9677062,0.9772027,0.9621233,0.95861644,0.9677501,0.9685804,0.95603305,0.97401434,0.974,0.96952623,0.9476986,0.9744036,0.9586013,0.9824043,0.9729473,0.96581846,0.973913,0.9699853,0.94960827,0.9629732,0.9789624,0.9686224,0.9749232,0.9779462,0.9714287,0.98447436,0.9739596,0.9628977,0.97099555,0.9651524,0.97710216,0.955456,0.9607973,0.9824043,0.9749374,0.97088647,0.95982045,0.9436654
beachbummovie,0.9691124,0.95153433,0.97345376,0.965813,0.9620601,0.96710354,0.9736428,0.9580002,0.9766821,0.9671501,0.9586724,0.9747668,0.9675608,0.95775163,0.9827545,0.9766522,0.9611189,0.9679074,0.96827865,0.99999994,0.95829314,0.9723489,0.96454066,0.96736974,0.95368594,0.95356435,0.9707331,0.9462357,0.97692823,0.9662701,0.94396824,0.9461365,0.96375406,0.97874725,0.9733311,0.96919745,0.9582975,0.9679932,0.9693672,0.9464488,0.9423533,0.97581667,0.97073394,0.96185726,0.9688516,0.96125704,0.9678015,0.95113784,0.9423369,0.9600109,0.9731091,0.94964194,0.9666268,0.96260124,0.9540203,0.9605732,0.9681744,0.97883874,0.9665372,0.97773135,0.96669275,0.94559276,0.96593374,0.9668892,0.95581764,0.97743493,0.9558314,0.93850297,0.9558214,0.98402756,0.9823183,0.98200077,0.9672111,0.9648269,0.9613661,0.9696986,0.9774012,0.9580984,0.96882844,0.95050097,0.958508,0.9696261,0.9622979,0.9634151,0.98065245,0.95135474,0.97513485,0.96072024,0.96705765,0.98166615,0.96410495,0.9823183,0.9472922,0.9572077,0.96537703,0.9786535,0.95961064,0.9772393,0.95761526,0.9723441,0.9729601,0.96736443,0.9689083,0.97540516,0.97539586,0.96832776,0.9631383,0.9820087,0.9691665,0.96054345,0.9710803,0.9708533,0.97105056,0.9654976,0.959592,0.9547464,0.9664052,0.95968705,0.97983783,0.97305936,0.9606399,0.95474017,0.9603202,0.9710385,0.9770655,0.9457601,0.97216773,0.96863383,0.9707437,0.94617015,0.9781649,0.97315687,0.96414214,0.9594755,0.97975963,0.9690873,0.9661776,0.95884895,0.98009616,0.9755126,0.9766821,0.97633797,0.970329,0.9667957,0.9528962,0.94115764,0.95552206,0.9729178,0.97670925,0.97309923,0.97523445,0.96838653,0.95969003,0.9770286,0.97098184,0.9773574,0.9646925,0.97203124,0.9732288,0.9641194,0.9766821,0.97577775,0.9728504,0.96177346,0.95877033
bernadettefilm,0.96590936,0.9492814,0.9734254,0.9687321,0.97478175,0.977302,0.9776074,0.96633667,0.9821244,0.9635957,0.9699478,0.9598502,0.9677689,0.9625555,0.9758664,0.9666272,0.97645456,0.9727631,0.963251,0.95829314,0.99999976,0.9699895,0.97392434,0.9685269,0.96930414,0.9686019,0.9745828,0.9612321,0.97800064,0.9736869,0.95824593,0.95902956,0.9696143,0.9559917,0.9734283,0.9730216,0.9745972,0.97393906,0.9646284,0.96052384,0.945799,0.97472024,0.9718332,0.9650117,0.9840537,0.96455,0.9752271,0.977653,0.94957066,0.96596396,0.9624381,0.96313816,0.9599403,0.9701474,0.9714587,0.96786726,0.9700508,0.97994447,0.971179,0.9726636,0.97190815,0.97180474,0.9778139,0.9634223,0.9578563,0.98089147,0.9519478,0.9673484,0.97111624,0.95293176,0.97335285,0.971791,0.97310174,0.9757457,0.97471106,0.9647772,0.95506835,0.96264213,0.9598871,0.9786353,0.96165156,0.980349,0.9778883,0.9665752,0.959815,0.95177895,0.9788468,0.96353793,0.9577288,0.9773082,0.976419,0.97335285,0.9598659,0.9533252,0.9624371,0.975003,0.9706466,0.959007,0.97931296,0.9701623,0.97415906,0.96835506,0.96817476,0.9603524,0.9618378,0.95992905,0.9754193,0.9663265,0.9706867,0.95015657,0.9714774,0.975873,0.9815431,0.9693613,0.96696335,0.97553307,0.97623944,0.96772546,0.9706466,0.98083615,0.9692618,0.9610793,0.97903365,0.9614431,0.97252065,0.95966905,0.9694126,0.9689049,0.9646234,0.96410894,0.97029203,0.96642876,0.96759355,0.96822065,0.9811093,0.9803219,0.9642596,0.9679608,0.96403134,0.9721245,0.9821244,0.9729488,0.97314423,0.95695007,0.9644632,0.9597545,0.97440535,0.9622822,0.9647818,0.96868896,0.9720172,0.9724741,0.97672004,0.9673196,0.97430444,0.9769959,0.9770993,0.97310567,0.9614433,0.9714636,0.9821244,0.9741787,0.9796894,0.9732692,0.9577337
